20MICRONS,20200513,27.65,27.65,25.65,26.2,81881
21STCENMGM,20200513,10.4,10.4,10.25,10.25,11
3IINFOTECH,20200513,1.55,1.55,1.55,1.55,288167
3MINDIA,20200513,18899,18899,18251.1,18316.3,2267
3PLAND,20200513,5.4,5.4,5.4,5.4,200
5PAISA,20200513,158,160,150.5,152,24774
63MOONS,20200513,56.1,56.1,53.5,55.7,15556
A2ZINFRA,20200513,3.8,3.95,3.65,3.85,222103
AARTIDRUGS,20200513,778,780.8,761.7,764.45,38310
AARTIIND,20200513,1070.5,1070.5,1025,1029.95,271164
AARVEEDEN,20200513,8.85,9.1,8.6,8.9,6179
AAVAS,20200513,1024,1030.75,940.8,977.5,72448
ABAN,20200513,19,19.4,18.6,18.9,23863
ABB,20200513,868.75,876.8,852,855.65,62961
ABBOTINDIA,20200513,18199.95,18298.65,17800,17876.45,9998
ABCAPITAL,20200513,45.3,45.7,43.4,44.15,2017803
ABFRL,20200513,108.2,111.7,105.6,107.3,1388772
ABSLBANETF,20200513,194,215,178.07,188.79,1311
ABSLNN50ET,20200513,250,250,235.25,240.02,180
ACC,20200513,1220,1257,1195.25,1207.95,3601199
ACCELYA,20200513,929.9,929.9,900.1,902.3,3160
ACE,20200513,44.9,45.75,43.4,44.6,288226
ADANIENT,20200513,145,145,140.75,141.15,3115040
ADANIGAS,20200513,108,109,105.4,106,1107531
ADANIGREEN,20200513,233,235.95,228,231,563566
ADANIPORTS,20200513,297,311.9,262.35,309.35,9560014
ADANIPOWER,20200513,31.75,32.75,29.9,31.85,16104643
ADANITRANS,20200513,199.85,201.25,193.8,200.2,128496
ADFFOODS,20200513,217.05,217.05,217.05,217.05,9117
ADHUNIKIND,20200513,18.6,18.6,18.6,18.6,20541
ADORWELD,20200513,252,252,244,246.35,4142
ADROITINFO,20200513,6,6.05,5.6,6,16004
ADSL,20200513,12.6,13.45,12.05,13.45,28405
ADVANIHOTR,20200513,39.5,39.5,37.3,38.15,9996
ADVENZYMES,20200513,145,153.65,140.5,144,262231
AEGISCHEM,20200513,174.5,175.95,166.3,170.1,151478
AFFLE,20200513,1370,1370,1314.95,1324.25,21147
AGARIND,20200513,62.25,63.95,58.05,60.5,8942
AGCNET,20200513,250,250,246,246.05,824
AGRITECH,20200513,32,32.1,31,32,8969
AGROPHOS,20200513,10.65,10.65,10.65,10.65,11555
AHLEAST,20200513,135.95,136,128.1,132.7,990
AHLUCONT,20200513,184.9,184.9,174.6,176.2,6447
AIAENG,20200513,1710,1710,1610.35,1672.4,189122
AIONJSW,20200513,11,11.55,10.85,11.05,18311
AIRAN,20200513,10.5,10.5,9.65,9.85,16286
AJANTPHARM,20200513,1461,1467,1419.7,1436.85,64804
AJMERA,20200513,83,84.8,80.6,83,125582
AKASH,20200513,84.55,88.75,84.55,85.15,146
AKSHARCHEM,20200513,189.1,222.4,189.1,216,231991
AKSHOPTFBR,20200513,4.6,4.75,4.4,4.75,164237
AKZOINDIA,20200513,1866,1887.55,1835,1858.15,7231
ALANKIT,20200513,17.1,17.1,16.25,16.75,95022
ALBERTDAVD,20200513,473.9,479.25,449.95,453.25,11427
ALCHEM,20200513,3,3,3,3,3205
ALEMBICLTD,20200513,48.6,49.1,47.55,48,95506
ALICON,20200513,229.8,229.85,216,226.7,2095
ALKALI,20200513,41,43,40.1,41.3,13753
ALKEM,20200513,2605,2610,2455.05,2487.05,247466
ALKYLAMINE,20200513,1799,1820,1750.05,1762.25,19256
ALLCARGO,20200513,68.7,69.5,68.05,69.5,92060
ALLSEC,20200513,157.7,169.7,157.7,167.9,320
ALMONDZ,20200513,11.5,11.5,10.45,11.05,1002
ALOKINDS,20200513,10.5,10.5,10.5,10.5,644858
ALPA,20200513,17.95,18.7,17.95,18.7,35507
ALPHAGEO,20200513,153,163.2,152.95,156.9,17314
ALPSINDUS,20200513,0.75,0.85,0.75,0.85,16420
AMARAJABAT,20200513,582,582,563.7,568.9,1570468
AMBER,20200513,1180,1180,1100,1114.7,105502
AMBIKCO,20200513,689,700,669.95,671.25,4107
AMBUJACEM,20200513,182.1,191,182,183,14928663
AMDIND,20200513,11.95,12.45,11.9,12,6755
AMJLAND,20200513,15.3,15.3,14.35,14.6,1692
AMRUTANJAN,20200513,349,355,339.05,341.25,45361
ANANTRAJ,20200513,15.65,15.65,14.9,15,333788
ANDHRACEMT,20200513,3.05,3.05,3.05,3.05,93343
ANDHRAPAP,20200513,182.6,182.6,172.25,173.95,4099
ANDHRSUGAR,20200513,226.8,226.8,207.6,211.55,61309
ANIKINDS,20200513,9.45,9.8,8.9,9.3,9573
ANKITMETAL,20200513,0.35,0.4,0.35,0.4,14602
ANSALAPI,20200513,5.4,5.7,5.25,5.4,34194
ANSALHSG,20200513,3.1,3.25,3,3.25,36887
ANUP,20200513,279.3,284,275.05,277.3,8545
APARINDS,20200513,292,307.5,285.1,303.4,39263
APCL,20200513,107,110.7,106,109.1,1817
APCOTEXIND,20200513,97.95,104.95,97.9,101.3,34754
APEX,20200513,194,195,186.15,190.1,331777
APLAPOLLO,20200513,1265,1269.95,1232.15,1247.05,48036
APLLTD,20200513,812,824,785,799.95,211613
APOLLO,20200513,75,75,70.65,71.3,50556
APOLLOHOSP,20200513,1334,1334,1258,1284.55,1508002
APOLLOPIPE,20200513,340,340.05,314,319,63254
APOLLOTYRE,20200513,96.5,96.5,92.15,94.4,7703437
APOLSINHOT,20200513,397,426,397,420.1,40
APTECHT,20200513,103.15,104.4,99.2,101.55,93519
ARCHIDPLY,20200513,18.8,19.65,18.05,18.95,28739
ARCHIES,20200513,11.3,11.55,11,11.1,26099
ARCOTECH,20200513,2,2,2,2,16011
ARENTERP,20200513,9.25,9.65,9.25,9.65,40
ARIES,20200513,55.9,56.9,55,55.95,35313
ARIHANT,20200513,15.9,15.9,14,14.5,4489
ARIHANTSUP,20200513,19.35,19.35,18.2,18.45,2364
ARMANFIN,20200513,345,345.15,325,344.35,27699
AROGRANITE,20200513,22.8,23.95,22.8,23.05,4132
ARROWGREEN,20200513,33,34,32.4,33.95,1526
ARSHIYA,20200513,11.5,11.6,10.85,10.85,12808
ARSSINFRA,20200513,12.4,12.4,11.8,11.85,9991
ARTEMISMED,20200513,159.9,159.9,151,151.3,1337
ARVIND,20200513,21.8,24,20.45,24,8543883
ARVINDFASN,20200513,136.9,136.9,132,133.1,26276
ARVSMART,20200513,65.9,66.5,62.4,65.7,36133
ASAHIINDIA,20200513,157.95,158.7,151.55,154.05,11913
ASAHISONG,20200513,102,105.65,100.4,104.2,6933
ASAL,20200513,13.9,14.45,13.55,14.15,15761
ASALCBR,20200513,192,199.5,187,189.55,77087
ASHAPURMIN,20200513,26.35,26.35,25.1,26,33653
ASHIANA,20200513,45.95,45.95,40.05,43.05,132158
ASHIMASYN,20200513,4,4.35,4,4.35,21708
ASHOKA,20200513,61,61.4,58,59.9,765753
ASHOKLEY,20200513,52,52,48.15,48.75,48002442
ASIANHOTNR,20200513,65,68.8,58.15,59.15,341254
ASIANPAINT,20200513,1579.8,1579.8,1533.35,1563.3,2940518
ASIANTILES,20200513,144,145,139,140.6,78329
ASPINWALL,20200513,111.95,111.95,105.75,105.95,462
ASTEC,20200513,589,589.9,565.6,570.2,72172
ASTERDM,20200513,96.9,97.3,94.95,95.2,611552
ASTRAL,20200513,915,920.65,867,894.25,114517
ASTRAMICRO,20200513,63.2,64.4,61.5,62,62345
ASTRAZEN,20200513,3100,3100,3022.3,3050.7,15345
ASTRON,20200513,28.5,28.95,27.85,28.75,12520
ATFL,20200513,554,554,491.7,519.2,63511
ATLANTA,20200513,6.9,6.9,6.9,6.9,37660
ATLASCYCLE,20200513,37.5,37.8,35.75,37.7,8968
ATUL,20200513,4690,4700,4550.5,4699.15,49520
ATULAUTO,20200513,169.8,169.8,157,161.45,76601
AUBANK,20200513,399.15,399.15,399.15,399.15,488294
AURIONPRO,20200513,42,44.95,39.25,43.3,13746
AUROPHARMA,20200513,700,701,668.45,675.9,6084261
AUSOMENT,20200513,26.5,26.5,25.6,25.65,104
AUTOAXLES,20200513,483.85,488.05,467.4,470.05,7019
AUTOIND,20200513,15.2,15.6,14.9,15.45,11471
AUTOLITIND,20200513,16,16.05,15.4,16.05,5336
AVADHSUGAR,20200513,132,133,128.5,132.45,15292
AVANTIFEED,20200513,415,415,394,401.3,445649
AVTNPL,20200513,33,34.55,32.2,34,215486
AXISBANK,20200513,411,416.45,399.6,414,48206377
AXISCADES,20200513,32.5,32.5,29.8,31.25,14814
AXISGOLD,20200513,4098.9,4098.9,4051,4085.6,725
AXISNIFTY,20200513,1132,1132,1132,1132,76
AYMSYNTEX,20200513,15.5,15.5,14.55,14.7,40428
BAGFILMS,20200513,1.6,1.6,1.5,1.6,46155
BAJAJ-AUTO,20200513,2774,2774,2671.35,2696,1257856
BAJAJCON,20200513,139.35,141.15,134,134.9,298560
BAJAJELEC,20200513,370,383.6,360.4,380.2,324475
BAJAJFINSV,20200513,4948,5050,4778.1,4816.4,698755
BAJAJHIND,20200513,3.9,4.25,3.9,4.25,2209693
BAJAJHLDNG,20200513,1985.1,2020,1920,1930.55,44225
BAJFINANCE,20200513,2220,2239.95,2145,2161.05,9441305
BALAJITELE,20200513,65.3,67.65,60.2,61.05,235111
BALAMINES,20200513,390,398.2,380,393.95,85243
BALAXI,20200513,74.95,75.1,68.6,75.1,1583
BALKRISHNA,20200513,11.75,12.35,11.3,11.85,6812
BALKRISIND,20200513,945,951.2,930.1,938.7,439083
BALLARPUR,20200513,0.5,0.5,0.45,0.5,1163014
BALMLAWRIE,20200513,95,103.45,94,101.65,687142
BALPHARMA,20200513,36.9,36.9,35.25,36.45,14063
BALRAMCHIN,20200513,96,96,92.7,93.75,873731
BANARBEADS,20200513,32.05,33.3,32,33.3,218
BANARISUG,20200513,884,905,831.25,845.2,271
BANCOINDIA,20200513,67,67.05,64.1,65.5,82640
BANDHANBNK,20200513,251,257.25,243.35,252.2,20769565
BANG,20200513,14.75,16,14.7,15.35,490
BANKBARODA,20200513,44,45.15,42.2,44.15,57646491
BANKBEES,20200513,194.5,202.8,194.5,197.78,716377
BANKINDIA,20200513,34.55,34.8,33.15,34.15,3917355
BANSWRAS,20200513,70.1,73.9,70,70.65,10017
BASF,20200513,1016.8,1025,988,991,8719
BASML,20200513,83.5,83.5,75.65,77,1076
BATAINDIA,20200513,1350,1392,1328.2,1384.6,1343211
BAYERCROP,20200513,4590,4600.2,4422.25,4471.65,5774
BBL,20200513,674,674,649,662.5,6940
BBTC,20200513,864.95,875,848,853.4,59510
BCG,20200513,4.3,4.6,4.2,4.6,1328910
BCP,20200513,9.85,9.85,9.4,9.6,166957
BDL,20200513,226,245,220,240,941962
BEARDSELL,20200513,9.65,9.65,8.75,9,8375
BEDMUTHA,20200513,12,12,11.3,11.65,1319
BEL,20200513,64.4,66.6,62.25,65.7,28023955
BEML,20200513,620,638,593.2,600.75,2329930
BEPL,20200513,36.05,39.4,35.25,38.4,815233
BERGEPAINT,20200513,470,471,448.4,455,1539595
BFINVEST,20200513,242.5,242.5,238,238.05,3874
BFUTILITIE,20200513,165,167.8,163,165.4,88871
BGRENERGY,20200513,23,23.4,22.7,23.2,93526
BHAGERIA,20200513,109.5,112.9,106.05,110.2,58988
BHAGYANGR,20200513,14.7,15,14.65,14.85,7153
BHAGYAPROP,20200513,18.95,19.45,18.95,19.15,5798
BHANDARI,20200513,0.85,0.9,0.85,0.85,68499
BHARATFORG,20200513,299,303.35,282.95,285.3,6278981
BHARATGEAR,20200513,37,37.05,34.05,37.05,12492
BHARATRAS,20200513,6500,6700,6425.2,6607.35,2635
BHARATWIRE,20200513,17.6,17.6,16.55,17.25,31681
BHARTIARTL,20200513,568.4,569.75,549.3,555.95,21114162
BHEL,20200513,23.1,27.15,22.15,26.6,309686625
BIGBLOC,20200513,26.25,27,26,27,751
BIL,20200513,95,98.5,90.7,93.55,4098
BILENERGY,20200513,0.65,0.65,0.6,0.6,489445
BINDALAGRO,20200513,10.7,10.7,10.15,10.25,14374
BIOCON,20200513,352.85,352.85,334.1,337.25,8732455
BIOFILCHEM,20200513,11.75,11.75,11.25,11.75,9730
BIRLACABLE,20200513,41.5,42.6,40.15,40.65,26445
BIRLACORPN,20200513,407.85,411.8,390.2,396.75,278599
BIRLAMONEY,20200513,27,27.1,25.2,25.8,115664
BIRLATYRE,20200513,9.55,9.55,9.55,9.55,71011
BKMINDST,20200513,0.55,0.6,0.5,0.55,32007
BLBLIMITED,20200513,3,3.2,3,3.15,2666
BLISSGVS,20200513,96,99.85,93.5,94.9,208978
BLKASHYAP,20200513,4.7,4.75,4.65,4.75,33497
BLS,20200513,30.3,30.55,29.65,30.2,60404
BLUECOAST,20200513,3.75,3.75,3.75,3.75,200
BLUEDART,20200513,2218,2221.95,2122.55,2147.95,31839
BLUESTARCO,20200513,488,488,470.15,474.05,221403
BODALCHEM,20200513,47.9,48.7,47.45,48.25,338585
BOMDYEING,20200513,48.8,49.25,47.55,48.8,1011428
BORORENEW,20200513,36.9,37,35.4,35.75,227144
BOSCHLTD,20200513,10001.05,10028.9,9632,9791.3,51558
BPCL,20200513,324,324.4,312.75,316.55,7620987
BPL,20200513,15.2,15.2,14.5,15.15,41976
BRFL,20200513,4,4.15,3.8,3.95,68729
BRIGADE,20200513,106,106.4,100.2,101.1,329452
BRITANNIA,20200513,3180,3188,3057.5,3079.55,850975
BRNL,20200513,42.6,42.6,38.7,41.85,5804
BROOKS,20200513,28.5,28.5,28.5,28.5,8010
BSE,20200513,396,419,383.2,412,374713
BSELINFRA,20200513,0.8,0.9,0.8,0.85,33593
BSL,20200513,19.95,21.65,19.95,21.6,5032
BSLGOLDETF,20200513,4290.35,4309,4252.25,4294.95,193
BSLNIFTY,20200513,107,114,107,109.33,592
BSOFT,20200513,72.8,73,70.2,72.65,252217
BURNPUR,20200513,0.7,0.75,0.7,0.7,23703
BUTTERFLY,20200513,104.9,104.9,100.7,102.8,41042
BVCL,20200513,9.1,9.1,9.05,9.05,568
BYKE,20200513,9.85,9.95,9.1,9.55,81152
CADILAHC,20200513,326.75,328.75,321.1,324.95,2799973
CALSOFT,20200513,8.3,8.3,7.7,8.1,28327
CAMLINFINE,20200513,38.4,38.7,36.5,36.8,275834
CANBK,20200513,83,90.25,81.55,89.05,22217447
CANFINHOME,20200513,309.45,315.8,300,308,474491
CANTABIL,20200513,241.95,241.95,227.15,230,27523
CAPACITE,20200513,77.8,79.2,76.95,79.15,54112
CAPLIPOINT,20200513,331.15,333.65,321.75,322.7,41592
CAPTRUST,20200513,64.5,64.5,60.15,62.8,1260
CARBORUNIV,20200513,219.95,219.95,212,214.5,22518
CAREERP,20200513,173.5,173.5,165.25,167.75,22494
CARERATING,20200513,399.9,399.9,370,374.7,65323
CASTEXTECH,20200513,0.35,0.35,0.3,0.35,25069
CASTROLIND,20200513,124.4,124.4,118.2,121.65,1567673
CCHHL,20200513,2.25,2.25,2.05,2.2,13752
CCL,20200513,193.6,194.9,188.1,189.8,35223
CDSL,20200513,223,231,217.5,227.6,1295242
CEATLTD,20200513,760,764.95,737,742,81083
CEBBCO,20200513,8.45,8.45,7.7,7.9,27085
CELEBRITY,20200513,4.2,4.35,4.15,4.15,8799
CENTENKA,20200513,132.7,135.9,128.1,129.05,15299
CENTEXT,20200513,2.25,2.45,2.2,2.45,216141
CENTRALBK,20200513,15.6,15.6,14.75,15.1,875346
CENTRUM,20200513,10.65,10.65,10.05,10.65,89425
CENTUM,20200513,255,256,226.5,232.8,1574
CENTURYPLY,20200513,112.8,114.85,107.45,111.9,478280
CENTURYTEX,20200513,279,286.3,270.25,279.1,1852706
CERA,20200513,2249.9,2249.9,2140,2157.25,2721
CEREBRAINT,20200513,24.05,24.95,24.05,24.75,8383
CESC,20200513,624.9,624.9,591,594.4,483641
CESCVENT,20200513,126.95,126.95,121,122.95,13726
CGCL,20200513,141.8,144,138.15,140.25,154787
CGPOWER,20200513,6.65,6.65,6.5,6.6,943181
CHALET,20200513,134.5,134.5,129.05,131.6,31056
CHAMBLFERT,20200513,130,139.3,128.75,137.05,3778594
CHEMBOND,20200513,142,149,137.95,141.1,3070
CHEMFAB,20200513,128.95,133.4,125.4,129.95,2483
CHENNPETRO,20200513,58,58.55,57,57.2,478084
CHOLAFIN,20200513,162.1,165.95,153.75,157.7,14841950
CHOLAHLDNG,20200513,278.8,278.8,260,264.85,154476
CHROMATIC,20200513,0.65,0.65,0.6,0.65,7509
CIGNITITEC,20200513,322,322,314,317.95,62174
CIMMCO,20200513,14.65,15.2,14.65,15.1,5731
CINELINE,20200513,19.25,20.65,19.2,20.05,8735
CINEVISTA,20200513,5.4,5.55,5.2,5.55,1278
CIPLA,20200513,600,605,568.9,570.2,10438684
CLEDUCATE,20200513,36.65,36.65,35,35.7,11539
CLNINDIA,20200513,321,328.75,315,315.3,16195
CMICABLES,20200513,23.45,23.45,22.05,22.8,12263
CNOVAPETRO,20200513,5.75,5.85,5.6,5.85,107
COALINDIA,20200513,132.5,132.5,128.5,130.6,11135899
COCHINSHIP,20200513,256.85,256.95,247,247.85,358645
COLPAL,20200513,1360.05,1367.8,1318.8,1323.9,699757
COMPINFO,20200513,9.2,9.3,8.85,9.25,43255
COMPUSOFT,20200513,8.6,8.6,8,8.35,69054
CONCOR,20200513,374,384,365,380.45,1959768
CONFIPET,20200513,19.4,19.5,18.65,18.7,81108
CONSOFINVT,20200513,23,23.6,22.7,23,279
CONTROLPR,20200513,213,213,194.9,195.95,4100
CORALFINAC,20200513,12.55,13,12.2,12.85,6290
CORDSCABLE,20200513,29.5,30.35,29.05,29.75,6114
COROMANDEL,20200513,622,625,604,614.15,159742
COSMOFILMS,20200513,250,252.95,247,248.1,36783
COUNCODOS,20200513,1.05,1.1,1,1,41305
CPSEETF,20200513,16.45,17,16.45,16.66,1822806
CREATIVE,20200513,83,83,82,82,45890
CREATIVEYE,20200513,1.2,1.2,1.2,1.2,150
CREDITACC,20200513,402.6,402.6,390.6,402.6,175493
CREST,20200513,63.2,64.65,61.1,64.65,5110
CRISIL,20200513,1512,1515.9,1475,1483.5,8349
CROMPTON,20200513,222,224,214.1,214.95,634324
CSBBANK,20200513,121.5,121.85,117.55,120.55,103224
CTE,20200513,14.35,15.55,14.35,15.55,4272
CUB,20200513,137.4,137.4,128.55,130.2,1790342
CUBEXTUB,20200513,10.45,10.5,9.75,10.5,1259
CUMMINSIND,20200513,366,374.65,361.15,362.65,2026539
CUPID,20200513,167.6,169.55,161,162.2,27515
CYBERTECH,20200513,31.85,32.5,30.6,31.25,3421
CYIENT,20200513,213,213,202.55,207.1,1193299
DAAWAT,20200513,21.2,21.4,20.55,21.1,649939
DABUR,20200513,458,458.6,442.45,444.05,2202274
DALBHARAT,20200513,516.7,520.75,505.55,508.8,296408
DALMIASUG,20200513,60.95,60.95,58.7,58.85,56002
DAMODARIND,20200513,19.5,20.65,19.15,20.2,2501
DATAMATICS,20200513,46.6,48.45,45.45,48.25,13242
DBCORP,20200513,76,76,65.95,66.9,176501
DBL,20200513,249,263.75,241,257.2,631941
DBREALTY,20200513,6,6,6,6,44493
DBSTOCKBRO,20200513,7.15,7.15,7.15,7.15,1
DCAL,20200513,78.4,78.8,72.2,74.55,130525
DCBBANK,20200513,74,74.1,68.5,71.5,7301994
DCM,20200513,18.05,18.05,16.35,17.45,5787
DCMNVL,20200513,28.95,28.95,23.55,24.65,1094
DCMSHRIRAM,20200513,253.1,254.7,245.05,249.15,79958
DCW,20200513,9.8,10.6,9.7,10.2,264040
DECCANCE,20200513,200.7,205.9,200.7,202.85,4115
DEEPAKFERT,20200513,111,111.6,105.1,107.55,1680392
DEEPAKNTR,20200513,525.05,529,514.8,520,824165
DEEPIND,20200513,67.5,72,67.2,68.85,32979
DELTACORP,20200513,70.1,70.5,68.05,69,939656
DELTAMAGNT,20200513,17.05,18.75,17.05,18.75,6417
DEN,20200513,53.7,53.7,53.7,53.7,11860
DENORA,20200513,169.85,169.85,156.15,157.95,2277
DFMFOODS,20200513,199.8,201,193.05,194.6,36679
DGCONTENT,20200513,4.45,4.65,4.35,4.45,14815
DHAMPURSUG,20200513,97,97.6,94,94.8,187047
DHANBANK,20200513,10,11,9.6,10.1,1288947
DHANUKA,20200513,468.8,468.8,434.7,454.15,38276
DHARSUGAR,20200513,5.7,5.7,5.7,5.7,555
DHFL,20200513,11.95,12,11.65,12,1347232
DHUNINV,20200513,165,177,163.6,168.4,3642
DIAMONDYD,20200513,499.9,499.9,460,483.35,29052
DICIND,20200513,308,308,294.15,300.65,665
DIGISPICE,20200513,4.5,4.65,4.5,4.65,9576
DISHTV,20200513,4.8,4.9,4.7,4.85,4799464
DIVISLAB,20200513,2388,2396.9,2314,2339.5,538170
DIXON,20200513,4600,4600,4351,4369.35,69495
DLF,20200513,143.5,146.5,139.6,141.1,11157101
DLINKINDIA,20200513,74.8,75,71.6,72.6,68466
DMART,20200513,2353,2379.95,2305,2352.15,373230
DNAMEDIA,20200513,0.45,0.45,0.45,0.45,12984
DOLAT,20200513,38.95,39,37.55,38.1,24997
DOLLAR,20200513,116.4,116.4,108,108.95,82343
DONEAR,20200513,25.05,25.95,24.2,25.3,28976
DPSCLTD,20200513,7.8,7.8,6.55,7.6,13880
DPWIRES,20200513,60.4,60.4,55.1,56,4077
DQE,20200513,1.2,1.25,1.2,1.2,36071
DREDGECORP,20200513,218.4,232.6,210.95,227.15,446341
DRREDDY,20200513,3849,3849,3735.1,3779.6,878436
DSSL,20200513,16.4,17.6,16.4,17,534
DTIL,20200513,150,152.5,145.15,149.35,1687
DUCON,20200513,2.7,2.75,2.6,2.75,47968
DVL,20200513,50.1,53.55,50.1,50.85,7361
DWARKESH,20200513,17.6,17.9,17.05,17.7,414298
DYNAMATECH,20200513,500,500,491.75,496,3147
DYNPRO,20200513,109.05,113.3,105.15,108.95,44811
EASTSILK,20200513,0.7,0.7,0.7,0.7,8
EBBETF0423,20200513,1023,1025.3,1022,1024.01,106520
EBBETF0430,20200513,1052,1060,1051,1056.39,30052
EBIXFOREX,20200513,400.85,414,382.25,395.15,716
ECLERX,20200513,438,455.05,436,442.6,27320
EDELWEISS,20200513,44.25,44.25,43,44.25,1211592
EICHERMOT,20200513,14970,14970,14184.7,14271.65,252967
EIDPARRY,20200513,159,166,155.1,163.55,303684
EIHAHOTELS,20200513,192.55,205.05,191,194.05,8901
EIHOTEL,20200513,66.95,66.95,61.7,61.9,357868
EIMCOELECO,20200513,228.5,234,222.6,225.15,1230
EKC,20200513,15.15,15.15,14.85,14.9,32550
ELECON,20200513,19.05,20,19,19.95,142200
ELECTCAST,20200513,9.5,9.85,9.1,9.35,187911
ELECTHERM,20200513,90.3,98,87.35,91.55,9580
ELGIEQUIP,20200513,130,134.7,128.1,132.25,18666
ELGIRUBCO,20200513,11.45,11.45,10.3,11.15,4181
EMAMILTD,20200513,185.5,186.9,178.6,183.1,1833129
EMAMIPAP,20200513,78.8,78.8,71.35,74.2,13252
EMAMIREAL,20200513,24.3,24.45,22.6,24.4,53955
EMKAY,20200513,34.9,35.85,34.5,35.8,2517
EMMBI,20200513,55,57.3,55,56.25,6323
ENDURANCE,20200513,656.5,658.4,625.1,649.95,724834
ENERGYDEV,20200513,4.8,4.9,4.7,4.75,12339
ENGINERSIN,20200513,63,70.75,60.85,65.6,5033264
ENIL,20200513,134.95,134.95,124.4,129.8,1653
EQ30,20200513,276,276,274.95,275,49
EQUITAS,20200513,52.85,52.9,49.65,52.25,16190743
ERIS,20200513,507,507,488.4,497.5,27568
EROSMEDIA,20200513,16.85,16.85,15.55,15.95,339110
ESABINDIA,20200513,1080,1111,1062,1084.15,2873
ESCORTS,20200513,785,823.35,762.1,812.25,6816347
ESSARSHPNG,20200513,6.75,7,6.7,7,24031
ESSELPACK,20200513,175,175.2,171.4,172.25,26917
ESTER,20200513,29.75,29.75,28.55,29.1,24340
EUROMULTI,20200513,0.35,0.35,0.35,0.35,1043
EVEREADY,20200513,67,69.05,65.4,68.5,34476
EVERESTIND,20200513,190.9,190.9,181.2,183.05,105573
EXCEL,20200513,0.85,0.85,0.85,0.85,2795
EXCELINDUS,20200513,630,658,616,648.05,26687
EXIDEIND,20200513,159.5,159.5,151.55,152.9,4672641
EXPLEOSOL,20200513,160.2,163,157,159,5865
FACT,20200513,41.5,43.45,41.4,42.75,458168
FAIRCHEM,20200513,431.05,448.85,425.3,429.65,43843
FCL,20200513,26,26.05,24.2,26.05,211693
FCONSUMER,20200513,8.1,8.7,8.1,8.1,12782465
FCSSOFT,20200513,0.25,0.25,0.2,0.2,1666673
FDC,20200513,245.2,249.25,239.05,241.7,104289
FEDERALBNK,20200513,45,45,42.25,43.15,40986828
FEL,20200513,10.2,10.95,10.15,10.15,473866
FELDVR,20200513,12.55,12.55,11.5,11.6,64079
FIEMIND,20200513,305,305,288.1,297.8,96272
FILATEX,20200513,29.05,29.1,27.8,28.5,29702
FINCABLES,20200513,227,227.3,218.4,219.2,68508
FINEORG,20200513,1949,1960,1885.65,1954.3,11348
FINPIPE,20200513,378,388.75,371.4,384.9,32589
FLEXITUFF,20200513,4.8,5,4.8,4.8,31705
FLFL,20200513,155,157,145,154.55,60021
FLUOROCHEM,20200513,325,325,312.4,319.4,5880
FMGOETZE,20200513,341.05,351.8,341.05,342.65,966
FMNL,20200513,16.05,16.85,15.25,16.1,23637
FORCEMOT,20200513,840,854,826.55,844.35,33144
FORTIS,20200513,122.95,122.95,118.2,118.85,776796
FOSECOIND,20200513,1018.95,1019,992,1011,574
FRETAIL,20200513,85.95,85.95,81.9,83.4,1718206
FSC,20200513,138.05,139,132,135.6,20289
FSL,20200513,32.1,32.4,30.95,31.75,1398322
GABRIEL,20200513,78,78.8,76,77.3,113670
GAEL,20200513,114,117,113.1,114.55,49997
GAIL,20200513,92,92,87.25,89.35,13853484
GAL,20200513,1.3,1.4,1.3,1.4,21677
GALAXYSURF,20200513,1360,1388,1328.95,1338.75,8760
GALLANTT,20200513,24.65,24.65,23.45,23.8,2556
GALLISPAT,20200513,22,22.25,20.5,21.6,18549
GAMMNINFRA,20200513,0.55,0.55,0.5,0.55,5602356
GANDHITUBE,20200513,179.4,179.4,169.6,171.5,3052
GANECOS,20200513,169,173.95,165.85,168.6,3096
GANESHHOUC,20200513,24.3,24.45,21.55,24.25,17598
GANGESSECU,20200513,23.9,24,20.3,22.95,3690
GARDENSILK,20200513,6.05,6.05,5.75,6,20814
GARFIBRES,20200513,1334,1334.6,1272,1296.45,5643
GATI,20200513,37.7,38.5,36.35,37.2,173727
GAYAHWS,20200513,0.3,0.3,0.3,0.3,31123
GAYAPROJ,20200513,15.3,15.3,15.3,15.3,108062
GBGLOBAL,20200513,6.75,6.75,6.45,6.45,1075
GDL,20200513,84.8,87.9,81.5,81.9,149341
GEECEE,20200513,48,52.7,47.95,51.3,1520
GEEKAYWIRE,20200513,58,58,52.2,54,4324
GENESYS,20200513,29.95,30.8,29.5,30.55,5005
GENUSPAPER,20200513,3.85,3.85,3.6,3.8,68125
GENUSPOWER,20200513,14.35,15.1,14.1,14.9,108753
GEOJITFSL,20200513,20.45,20.75,19.95,20.25,415425
GEPIL,20200513,415,415,383.7,384.5,32074
GESHIP,20200513,215,215,205,212.1,88977
GET&D,20200513,73.65,73.65,70.4,71.65,48639
GFLLIMITED,20200513,78,79,74.1,77.1,31460
GFSTEELS,20200513,2.5,2.5,2.5,2.5,2248
GHCL,20200513,98.05,101.2,98.05,101.05,134089
GICHSGFIN,20200513,68,70.5,66.15,69,409584
GICRE,20200513,140.8,141.5,132.25,133.35,141265
GILLANDERS,20200513,18.05,19.25,18.05,19.25,1455
GILLETTE,20200513,4999,4999,4838.05,4851.95,5916
GINNIFILA,20200513,6.5,6.75,6.5,6.65,29675
GIPCL,20200513,57.4,57.4,55,55.45,50697
GKWLIMITED,20200513,475,480.05,445,455.05,336
GLAXO,20200513,1394,1412.9,1385,1400.1,48678
GLENMARK,20200513,342,342,334.55,336.85,2759040
GLOBALVECT,20200513,49,49,46.8,48.1,15346
GLOBOFFS,20200513,3.1,3.2,3.1,3.2,1410
GLOBUSSPR,20200513,94.05,97.25,93,94.5,85010
GMBREW,20200513,405,409.9,390.35,397.4,109922
GMDCLTD,20200513,36.6,37,35.5,36.2,604768
GMMPFAUDLR,20200513,3698,3698,3590,3660.2,32728
GMRINFRA,20200513,18.2,18.45,17.7,18.1,12739460
GNA,20200513,184,184,173,173.85,52714
GNFC,20200513,139.7,144.4,137.2,142.2,1471927
GOACARBON,20200513,185,188,180,183.9,6606
GOCLCORP,20200513,149,155.9,149,153.15,6170
GODFRYPHLP,20200513,965,965,940.15,941.9,44593
GODREJAGRO,20200513,402,404,384.55,386.6,276763
GODREJCP,20200513,533,544.85,523,534.45,1828087
GODREJIND,20200513,260,261.5,252.05,257.8,213919
GODREJPROP,20200513,650,667.6,622,660.05,1713892
GOKEX,20200513,30.75,31.4,30.15,31.05,83305
GOKUL,20200513,10.45,10.45,9.7,10.2,6560
GOKULAGRO,20200513,11.2,11.2,10.3,10.6,40678
GOLDBEES,20200513,41.19,41.27,40.81,40.97,5547979
GOLDENTOBC,20200513,22.9,25,22.9,23.9,3725
GOLDIAM,20200513,84.9,84.9,79.95,81.95,20730
GOLDSHARE,20200513,3978.9,4299.4,3893.3,4259.3,946
GOLDTECH,20200513,8.15,9.35,8.1,9.1,45631
GOODLUCK,20200513,30.95,31.75,29.9,30,37322
GPIL,20200513,116.9,118,114.95,117.2,25898
GPPL,20200513,55.4,56.85,54.8,55.95,442536
GPTINFRA,20200513,17.5,17.5,16.35,16.8,14953
GRANULES,20200513,160.4,162,156,156.25,740320
GRAPHITE,20200513,187.7,188,181.25,187.05,500967
GRASIM,20200513,550,550,519.05,522.95,2701200
GRAVITA,20200513,34.8,36,34.5,35,30550
GREAVESCOT,20200513,79.95,79.95,77.3,78.15,102865
GREENLAM,20200513,598,598,574.4,590.5,509
GREENPANEL,20200513,24.55,25.45,24,24.8,101795
GREENPLY,20200513,90.95,99,88.1,97,225567
GREENPOWER,20200513,1.9,1.9,1.9,1.9,30106
GRINDWELL,20200513,498.05,504.35,483.8,487,11688
GROBTEA,20200513,345,355.8,336,347,237
GRPLTD,20200513,644,644.95,617.1,621.55,140
GRSE,20200513,143,143,136,139.65,179616
GSCLCEMENT,20200513,18.2,19.8,18.2,19.3,109109
GSFC,20200513,42,42.6,41,42.55,724455
GSPL,20200513,191.5,198,186.3,189.95,595637
GSS,20200513,21.05,22.05,21.05,22,17669
GTL,20200513,1.15,1.2,1.15,1.2,5347
GTLINFRA,20200513,0.35,0.35,0.3,0.35,5389405
GTNIND,20200513,6.2,6.2,5.95,6.2,5698
GTNTEX,20200513,5.4,5.4,5.25,5.4,6425
GTPL,20200513,47.65,47.65,45.5,46.3,128951
GUFICBIO,20200513,57,59.4,56.25,57.25,15608
GUJALKALI,20200513,330,352,330,346.2,331175
GUJAPOLLO,20200513,165,167.75,149.95,158.05,28674
GUJGASLTD,20200513,254.4,255.45,242.2,242.85,490533
GUJRAFFIA,20200513,10.65,11.15,10.65,11.15,6086
GULFOILLUB,20200513,598,598,558.05,562.1,7725
GULFPETRO,20200513,45,45,42,42.65,33021
GULPOLY,20200513,26.05,27,25.7,26.75,5866
GVKPIL,20200513,2.7,2.75,2.6,2.65,2635316
HAL,20200513,507.7,523.75,500,506.35,146005
HARITASEAT,20200513,363.5,363.5,349.95,355.2,1774
HARRMALAYA,20200513,59.5,60.85,58.2,59.15,79438
HATHWAY,20200513,29.85,29.85,25.05,26.65,13959972
HATSUN,20200513,568,575,543.95,560.15,18791
HAVELLS,20200513,494,515,483.8,511.2,7183008
HAVISHA,20200513,0.6,0.6,0.55,0.55,13122
HBLPOWER,20200513,12.65,13.45,12.35,12.45,157523
HBSL,20200513,5.95,6.25,5.95,6.25,305
HCC,20200513,4.8,4.8,4.65,4.8,985543
HCG,20200513,87.05,87.95,85.4,86.35,749009
HCL-INSYS,20200513,5.85,6.1,5.7,5.95,253365
HCLTECH,20200513,539.85,539.85,521.55,528.75,3503019
HDFC,20200513,1747,1749.5,1698,1712.75,5734243
HDFCAMC,20200513,2606,2660,2530,2547.65,222380
HDFCBANK,20200513,951,960,922.1,927.65,22173554
HDFCLIFE,20200513,533,538,515,516.75,3652083
HDFCMFGETF,20200513,4180,4214,4172.25,4200.75,16402
HDFCNIFETF,20200513,1143.4,1143.4,981.39,984.26,3446
HDFCSENETF,20200513,3450,3500,3382.05,3416.75,452
HEG,20200513,774.7,776.05,749.05,771,139328
HEIDELBERG,20200513,155.05,163,151.9,158.7,1154706
HERCULES,20200513,69.5,72,65,69.2,134318
HERITGFOOD,20200513,247.7,249.4,245,249.4,16053
HEROMOTOCO,20200513,2199.85,2265,2148,2187.6,3253846
HESTERBIO,20200513,1174.8,1174.8,1110.15,1126.55,6272
HEXATRADEX,20200513,7.15,7.2,6.65,6.65,7725
HEXAWARE,20200513,265,269.35,260.15,263.75,478080
HFCL,20200513,10.4,10.65,10.3,10.5,1504517
HGINFRA,20200513,175,177,171.1,173.85,14426
HGS,20200513,540,541.35,527,532.2,5359
HIKAL,20200513,103.95,103.95,101,103.95,69550
HIL,20200513,824,824.95,772.15,812.55,35445
HILTON,20200513,8.9,9.3,8.65,9.15,7562
HIMATSEIDE,20200513,50.7,50.8,47.8,48,230103
HINDALCO,20200513,125.5,126.95,121.6,123.55,13922283
HINDCOMPOS,20200513,133.3,133.3,125.7,129.85,815
HINDCOPPER,20200513,25.2,26.4,24.1,25.95,1830215
HINDMOTORS,20200513,3.95,3.95,3.85,3.85,94935
HINDNATGLS,20200513,28.5,30.5,28.25,28.65,1640
HINDOILEXP,20200513,39.95,41.35,39.95,40.9,231001
HINDPETRO,20200513,195.5,196.95,189.55,192.3,6069059
HINDUNILVR,20200513,2075,2075,1975.4,1995.75,8432991
HINDZINC,20200513,192,195,183.1,184.15,2373532
HIRECT,20200513,122.7,123.65,120,121.2,5597
HISARMETAL,20200513,52,54.55,51.95,53.4,4362
HITECH,20200513,77,79.5,68.8,77.85,22643
HITECHCORP,20200513,55,58.95,53.5,57.8,1618
HITECHGEAR,20200513,93.5,93.5,86.25,90.95,6989
HLVLTD,20200513,3.6,4,3.4,3.7,335247
HMVL,20200513,43,49.7,42.15,43.8,18251
HNDFDS,20200513,505,518.3,493.55,498.45,11286
HNGSNGBEES,20200513,345,363.65,340,363.65,114
HONAUT,20200513,27900,27975,27207,27898.2,3077
HONDAPOWER,20200513,854,854.85,815,819.5,12364
HOVS,20200513,34.5,35.95,34,35.25,5624
HPL,20200513,24.5,24.55,23.6,24.45,43804
HSCL,20200513,46.4,48.7,46,48.7,1834191
HSIL,20200513,50,50.75,48.75,49.9,80824
HTMEDIA,20200513,11.15,11.35,10.9,11,29327
HUBTOWN,20200513,10.3,10.8,9.8,9.95,8429
HUDCO,20200513,22.9,24.75,21.9,23.7,4300588
IBMFNIFTY,20200513,106,111,106,110.96,690
IBREALEST,20200513,47.1,47.3,45.5,47.2,1242688
IBULHSGFIN,20200513,129,139.65,125.35,136.6,53863608
IBULISL,20200513,39.25,39.35,37.7,37.95,248691
IBVENTURES,20200513,97,98.9,94.35,96.85,609159
ICICI500,20200513,125.9,125.9,121.5,124.13,112321
ICICIB22,20200513,23.52,23.52,22.9,23.17,383411
ICICIBANK,20200513,343.5,348.4,332.3,338.05,72818140
ICICIBANKN,20200513,195.6,201,193.02,195.98,28917
ICICIBANKP,20200513,114,121.9,105.51,112.93,25416
ICICIGI,20200513,1360,1372.2,1286,1320.1,711173
ICICIGOLD,20200513,41.53,43.39,41.28,41.96,63761
ICICILIQ,20200513,999.95,1000,997.05,999.99,15316
ICICILOVOL,20200513,86.72,86.72,79.15,79.86,3375
ICICIM150,20200513,50.7,50.7,49.7,49.96,1800
ICICIMCAP,20200513,52.8,52.8,50.8,51.08,54260
ICICINF100,20200513,107.1,109.95,103.9,107.15,6435
ICICINIFTY,20200513,99,100.91,98,98.73,1189214
ICICINV20,20200513,53,55,47.5,47.59,25578
ICICINXT50,20200513,24.02,25.5,23.82,23.95,59697
ICICIPRULI,20200513,410,411,394,396.35,2490495
ICICISENSX,20200513,348.9,360.05,340.2,344.47,2301
ICIL,20200513,25,25.65,25,25.65,104073
ICRA,20200513,2584.95,2640,2559.65,2606.05,699
IDBI,20200513,21.4,21.6,20.45,20.8,2487948
IDBIGOLD,20200513,4489,4489,4301,4331.75,159
IDEA,20200513,5.35,5.35,4.8,4.9,443686122
IDFC,20200513,14.55,14.55,13.95,14.2,9553389
IDFCFIRSTB,20200513,21.7,22.6,20.7,21.85,63001904
IDFNIFTYET,20200513,94.01,94.05,94.01,94.05,31
IEX,20200513,152,156,144.3,154.8,1447153
IFBAGRO,20200513,304.95,304.95,286.3,295.95,3453
IFBIND,20200513,381,388,372,379.9,18096
IFCI,20200513,3.95,4.3,3.95,4.25,4066383
IFGLEXPOR,20200513,101.5,101.5,96,98.2,5194
IGARASHI,20200513,231.4,235.9,226.1,227.05,60092
IGL,20200513,489,489,469.4,473,2511909
IGPL,20200513,135,137.4,131.95,135.6,6500
IIFL,20200513,68,68.7,66.5,68.6,143756
IIFLSEC,20200513,33.15,33.15,31.75,33.15,328025
IIFLWAM,20200513,899,899,860,867,1844
IITL,20200513,63.1,63.1,63.1,63.1,1
IMAGICAA,20200513,3.6,3.6,3.45,3.5,22259
IMFA,20200513,134.1,141.5,133.9,138.65,11451
IMPAL,20200513,483.5,484.35,479.05,480.2,947
INDBANK,20200513,4.95,5.1,4.9,5.05,34627
INDHOTEL,20200513,70,70,66.15,67.2,2293592
INDIACEM,20200513,102.8,104.9,100.4,103.6,3175990
INDIAGLYCO,20200513,264,272.2,262,265.55,243751
INDIAMART,20200513,2417,2418,2171,2200.05,201228
INDIANB,20200513,48.8,49.9,47.7,48.75,2336413
INDIANCARD,20200513,93.95,93.95,81.65,87.15,278
INDIANHUME,20200513,147.3,151.5,143.6,144.7,66161
INDIGO,20200513,1060,1060,1001,1004.4,2639514
INDLMETER,20200513,16.2,16.55,15.35,16.55,1257
INDNIPPON,20200513,262,264,255,256.05,11313
INDOCO,20200513,237,239.85,229.5,232.05,31821
INDORAMA,20200513,12.6,12.6,12,12.4,30385
INDOSTAR,20200513,277.95,277.95,273.25,275.8,29357
INDOTECH,20200513,73.45,76.45,72,75.45,3868
INDOTHAI,20200513,15.2,16.75,15.05,15.7,3123
INDOWIND,20200513,2.2,2.3,2,2.3,132528
INDRAMEDCO,20200513,39,39.35,38.1,38.9,58775
INDSWFTLAB,20200513,22.85,22.85,22.85,22.85,5185
INDSWFTLTD,20200513,2.35,2.35,2.25,2.25,3117
INDTERRAIN,20200513,28.4,28.45,26.7,27.3,44869
INDUSINDBK,20200513,475,480,444.5,448.6,20820466
INEOSSTYRO,20200513,562.05,565,559.55,563.3,3070
INFIBEAM,20200513,56.5,56.5,53.1,53.9,556212
INFOBEAN,20200513,102,102,97.1,99.3,2788
INFOMEDIA,20200513,4.45,4.45,4.45,4.45,17511
INFRABEES,20200513,300,300,285,287.46,1502
INFRATEL,20200513,195.35,199,191.55,196.15,8788087
INFY,20200513,694.8,699.9,683.75,694.15,8287106
INGERRAND,20200513,627.05,629.95,626.25,626.85,16410
INOXLEISUR,20200513,209,210.75,203.05,204.95,329948
INOXWIND,20200513,27.15,27.15,26.35,27.15,185283
INSECTICID,20200513,400.1,407.45,395,398.6,7156
INSPIRISYS,20200513,18.35,22.5,18.35,20,11293
INTELLECT,20200513,75.9,75.9,68.85,69.8,122159
INTENTECH,20200513,17.25,19.45,17.25,17.75,14311
INVENTURE,20200513,11.7,11.7,11.7,11.7,204
IOB,20200513,7.25,7.5,7.25,7.4,1140319
IOC,20200513,77.9,77.9,75.75,76,18240702
IOLCP,20200513,383,389.9,365.2,385.85,3437903
IPCALAB,20200513,1560,1560,1530.15,1534.9,154892
IRB,20200513,63.9,66,63.05,65.4,1904847
IRCON,20200513,92,92,88.1,88.7,816643
IRCTC,20200513,1437.1,1437.1,1376,1437.1,2268041
ISEC,20200513,379.65,379.65,359.85,364.95,543152
ISFT,20200513,52.4,52.4,52.4,52.4,644
ISMTLTD,20200513,3.5,3.8,3.45,3.45,158816
ITC,20200513,173.4,173.6,164.5,165.4,20018552
ITDC,20200513,150.5,152,146.5,152,23122
ITDCEM,20200513,36.9,36.9,35,36.45,130175
ITI,20200513,87,87.4,84,84.85,1290207
IVC,20200513,2.35,2.35,2.25,2.3,74482
IVP,20200513,32.85,35.4,32.85,33.1,1423
IVZINGOLD,20200513,4171,4290,4171,4270,33
IVZINNIFTY,20200513,1034.25,1034.25,1034.25,1034.25,1
IZMO,20200513,14.05,14.75,13.65,14.75,7767
J&KBANK,20200513,12.75,12.75,12.5,12.75,4124192
JAGRAN,20200513,39,39.4,37.45,38,186779
JAGSNPHARM,20200513,25.25,25.55,23.55,25.45,18156
JAIBALAJI,20200513,16.15,17.75,16.15,16.95,59768
JAICORPLTD,20200513,72,73.95,69.6,70.55,2702440
JAINSTUDIO,20200513,0.9,0.9,0.9,0.9,513
JAMNAAUTO,20200513,25.55,25.55,24.25,24.6,978181
JASH,20200513,105,107,99,99.1,818
JAYAGROGN,20200513,70,72.1,68.2,69.5,1817
JAYBARMARU,20200513,145.05,146,142.65,143.45,16147
JAYNECOIND,20200513,2.95,2.95,2.85,2.9,5940
JAYSREETEA,20200513,36.6,36.8,34.2,35.5,13747
JBCHEPHARM,20200513,656,658,586.1,624.35,198698
JBFIND,20200513,6.8,6.9,6.4,6.5,80786
JBMA,20200513,165,167.85,155.25,167.85,9880
JCHAC,20200513,2270.2,2313.65,2240.6,2247.65,115514
JHS,20200513,9.55,9.6,9.15,9.6,62254
JIKIND,20200513,0.35,0.35,0.35,0.35,28817
JINDALPHOT,20200513,12.1,12.5,11.6,12.1,3921
JINDALPOLY,20200513,252,256.65,247.25,254.75,11020
JINDALSAW,20200513,52.4,54.45,51.15,53.55,841008
JINDALSTEL,20200513,94.05,100.9,91.35,97.35,38176069
JINDRILL,20200513,56,56,49.5,54.55,39822
JINDWORLD,20200513,27.65,27.7,25.95,26.65,379334
JISLDVREQS,20200513,7.55,7.55,7.55,7.55,54046
JISLJALEQS,20200513,7.65,7.85,7.65,7.65,1997100
JITFINFRA,20200513,4.05,4.05,3.75,3.8,18335
JIYAECO,20200513,9.75,9.75,9.75,9.75,13221
JKCEMENT,20200513,1098.9,1154.95,1081.1,1134.15,102944
JKIL,20200513,78.9,80.7,77.2,78.9,284214
JKLAKSHMI,20200513,195.15,200,193.05,198.05,460167
JKPAPER,20200513,97.8,98,94,94.25,1397234
JKTYRE,20200513,53.45,53.45,51.4,52,536559
JMA,20200513,17.9,18.25,17.9,18.2,2297
JMCPROJECT,20200513,40,40.05,36.25,38,178051
JMFINANCIL,20200513,69.5,69.5,64.5,67.05,3961285
JMTAUTOLTD,20200513,2.2,2.2,2.2,2.2,193710
JOCIL,20200513,169,170.9,157.85,161.4,59157
JPASSOCIAT,20200513,1.55,1.55,1.5,1.55,4561547
JPINFRATEC,20200513,0.9,0.9,0.8,0.85,739480
JPOLYINVST,20200513,8.95,8.95,8.55,8.95,806
JPPOWER,20200513,0.9,0.9,0.85,0.9,7412784
JSL,20200513,30.4,30.4,28.75,29.05,331714
JSLHISAR,20200513,43,43.75,42.75,43.55,48108
JSWENERGY,20200513,41.3,41.5,39.7,40.5,741573
JSWHL,20200513,1648.95,1648.95,1591,1591,291
JSWSTEEL,20200513,189,189,180.6,182.35,10377139
JTEKTINDIA,20200513,49.6,50.4,48.3,49.75,280980
JUBILANT,20200513,428.55,428.55,428.55,428.55,96492
JUBLFOOD,20200513,1662.95,1734.55,1621,1699.05,1896652
JUBLINDS,20200513,91.95,92.3,91.05,92.3,10293
JUMPNET,20200513,49.5,49.5,48.05,48.95,406847
JUNIORBEES,20200513,248,250.66,241,243.56,64588
JUSTDIAL,20200513,359,360.9,348.75,351.7,1768467
JYOTHYLAB,20200513,107,107.9,103.55,103.9,241978
KABRAEXTRU,20200513,46.45,47,44.65,46.25,6255
KAJARIACER,20200513,340.9,341,319,320.4,878315
KAKATCEM,20200513,123,124,119.2,123.05,13604
KALPATPOWR,20200513,207,208,197.1,200,390640
KALYANIFRG,20200513,121.1,122.45,120.1,122.45,675
KAMATHOTEL,20200513,19.7,20.9,19.4,19.9,76110
KAMDHENU,20200513,50.9,51.25,48.95,49.1,34682
KANANIIND,20200513,2.2,2.35,2.15,2.15,11332
KANORICHEM,20200513,29.35,29.8,28.75,29.5,12896
KANSAINER,20200513,369.9,375,361,369.6,293815
KARDA,20200513,131.95,145.75,130.05,142.25,203446
KARMAENG,20200513,8.8,9.5,8.8,9.05,2131
KARURVYSYA,20200513,26.25,26.25,23.8,24.45,2282449
KAUSHALYA,20200513,0.35,0.35,0.35,0.35,102
KAYA,20200513,138.8,139.5,134.5,139.45,10375
KCP,20200513,40.6,41,39.75,40,239065
KCPSUGIND,20200513,12.75,13.05,12.2,12.25,85574
KDDL,20200513,118.4,118.4,109.05,115.5,2857
KEC,20200513,205,209,198.1,198.9,250442
KECL,20200513,9.4,9.55,9.1,9.2,19967
KEI,20200513,266.7,266.7,266.7,266.7,20583
KELLTONTEC,20200513,13.9,13.9,13.9,13.9,9646
KENNAMET,20200513,708.05,715,673.4,678.4,7746
KERNEX,20200513,13.15,13.15,12.3,12.35,10237
KESORAMIND,20200513,25.35,26.55,24.05,25.6,152351
KEYFINSERV,20200513,31,31.2,31,31.2,89
KHADIM,20200513,93.25,93.25,80.8,89.8,135908
KICL,20200513,1075.4,1095,1037,1089.35,1273
KILITCH,20200513,97.2,97.35,95.85,96.35,5376
KINGFA,20200513,491,498,466.4,480.55,10802
KIOCL,20200513,78.75,79,73.2,75.85,8335
KIRIINDUS,20200513,288,290.5,285,285.3,67544
KIRLFER,20200513,56.85,56.9,53.4,55,14350
KIRLOSBROS,20200513,94,95.5,90.4,93.55,34376
KIRLOSENG,20200513,110.9,110.9,106.1,108.75,16132
KIRLOSIND,20200513,529,529,501.55,519.55,1414
KITEX,20200513,103.1,108.8,100.7,103.6,206081
KKCL,20200513,755.05,765,741,746.35,477
KMSUGAR,20200513,7,7.2,6.45,6.65,139498
KNRCON,20200513,197,202.75,190.4,200.3,477308
KOKUYOCMLN,20200513,48,49.1,46.2,47.2,63100
KOLTEPATIL,20200513,159,163,153.15,156.55,47007
KOPRAN,20200513,23.9,24.15,23.2,24.15,70593
KOTAKBANK,20200513,1215.05,1220,1172.7,1186.7,11914949
KOTAKBKETF,20200513,198.8,208.4,196,197.79,251963
KOTAKGOLD,20200513,414,415.75,412.25,413.2,70176
KOTAKNIFTY,20200513,99,99.41,97.21,97.5,109188
KOTAKNV20,20200513,48.49,48.8,47.8,48.14,9992
KOTAKPSUBK,20200513,119.7,124,115.12,122.21,14836
KOTARISUG,20200513,9,9.2,8.85,9,18261
KOTHARIPET,20200513,12.4,12.5,12,12.35,11150
KOTHARIPRO,20200513,43.05,44.8,42.6,43.15,2226
KPITTECH,20200513,52.65,52.65,48.5,51,257888
KPRMILL,20200513,429.95,444,429.6,439.6,3253
KRBL,20200513,189,191.9,185,189.75,185354
KREBSBIO,20200513,72.65,77.55,65.25,72.4,28826
KRIDHANINF,20200513,2.5,2.65,2.45,2.45,143780
KRISHANA,20200513,46.85,46.85,43,43,1100
KSB,20200513,447,474.9,439,448.6,50064
KSCL,20200513,378.35,378.35,362.25,369,119902
KSERASERA,20200513,0.2,0.25,0.2,0.2,7981359
KSK,20200513,0.35,0.35,0.3,0.35,773782
KSL,20200513,145.65,146.05,141.5,143.2,36028
KTKBANK,20200513,38.85,39.1,37.1,37.65,3779357
KUANTUM,20200513,415,415,346.3,354.6,468
KWALITY,20200513,2.3,2.3,2.3,2.3,79558
L&TFH,20200513,60.95,62.95,58.5,61.85,37372861
LAKSHVILAS,20200513,13.7,13.95,13.5,13.95,287497
LALPATHLAB,20200513,1615,1615,1547.05,1581.75,113564
LAMBODHARA,20200513,22.9,24.8,22,22.95,7652
LAOPALA,20200513,174.5,174.5,167,168.75,50430
LASA,20200513,33.9,33.9,31.5,32.1,46479
LAURUSLABS,20200513,450,452,432.05,438.95,850520
LAXMIMACH,20200513,2580,2590,2521.5,2583.6,7239
LEMONTREE,20200513,17.3,17.4,16.7,17.3,3396725
LFIC,20200513,44,47.55,43.7,44.95,911
LGBBROSLTD,20200513,194.1,203,194.1,202.05,23630
LGBFORGE,20200513,1.75,1.85,1.75,1.85,11624
LIBAS,20200513,39,39,35.8,37,6238
LIBERTSHOE,20200513,106.2,108.9,103.35,106.45,268560
LICHSGFIN,20200513,277,287,271.8,274.5,5917571
LICNETFGSC,20200513,21.82,21.88,21.36,21.6,2900
LICNETFN50,20200513,102,102.95,97,98.69,1508
LICNFNHGP,20200513,102.99,103.41,98,100.01,69
LINCOLN,20200513,162.45,162.45,153.85,159.4,61221
LINCPEN,20200513,135.5,135.5,128.1,128.4,110
LINDEINDIA,20200513,535,535,518,522.3,11074
LIQUIDBEES,20200513,1000,1000.01,999.25,999.99,754971
LIQUIDETF,20200513,999.99,1000.01,999.99,999.99,9679
LOKESHMACH,20200513,15.5,16.2,15.1,15.95,13066
LOTUSEYE,20200513,23.75,24.5,23,24.45,237
LOVABLE,20200513,52.95,52.95,48.6,49,70918
LPDC,20200513,1.3,1.3,1.2,1.3,14145
LSIL,20200513,0.7,0.7,0.7,0.7,787829
LT,20200513,863.7,871.95,850.5,862.9,8625530
LTI,20200513,1689,1689,1645.1,1656.45,316636
LTTS,20200513,1159.7,1159.7,1098,1101.2,216823
LUMAXIND,20200513,959,995.45,954,993.35,2213
LUMAXTECH,20200513,69.9,72,67.55,70.75,25271
LUPIN,20200513,861,863,835.2,839.25,2253402
LUXIND,20200513,892.7,906,884.65,896.55,74328
LYKALABS,20200513,15.15,16.4,15.15,15.65,10469
LYPSAGEMS,20200513,3.05,3.2,2.9,2.95,9995
M&M,20200513,415,418.9,404.25,413.05,7362761
M&MFIN,20200513,168.5,178.5,164.35,176.85,11862155
M100,20200513,14.5,15.5,13.7,13.75,118986
M50,20200513,92,93.09,91.25,91.45,578
MAANALU,20200513,37,41.5,34.75,41.5,26437
MADHAV,20200513,17.9,18.7,17.35,18.65,6412
MADHUCON,20200513,1.9,1.95,1.85,1.9,1955
MADRASFERT,20200513,14.45,14.45,13.75,14.4,47419
MAGADSUGAR,20200513,75.9,76.25,73.1,75.4,12795
MAGMA,20200513,14.7,14.8,13.85,14.65,3399785
MAGNUM,20200513,2.7,2.7,2.7,2.7,1705
MAHABANK,20200513,9.4,9.45,8.85,9.05,810443
MAHAPEXLTD,20200513,58.75,62,58,61.7,375
MAHASTEEL,20200513,65.6,67,64,66.7,1985
MAHEPC,20200513,109,125.7,105.55,118.15,524531
MAHESHWARI,20200513,159.15,159.15,147,157.55,678
MAHINDCIE,20200513,97.5,97.75,93,95.55,79542
MAHLIFE,20200513,187,190,182,184.1,34342
MAHLOG,20200513,268,268.75,256,265.75,40633
MAHSCOOTER,20200513,2064,2111.85,2025,2058.5,4041
MAHSEAMLES,20200513,202,212.5,196,206.35,258942
MAITHANALL,20200513,375,375,363,372.25,29896
MAJESCO,20200513,294.95,294.95,282,288.95,6692
MALUPAPER,20200513,28,28.1,27.3,27.8,7796
MAN50ETF,20200513,100,100,93,95.02,5074
MANAKALUCO,20200513,4.15,4.7,4,4.5,34774
MANAKCOAT,20200513,3.9,3.9,3.6,3.85,5323
MANAKSIA,20200513,31,32.35,30.6,31.9,7243
MANAKSTEEL,20200513,8.45,8.45,8,8.3,14908
MANALIPETC,20200513,15,15.15,14.15,14.35,179262
MANAPPURAM,20200513,124,124.8,119.5,121.35,7550713
MANGALAM,20200513,87.5,87.5,87.5,87.5,17331
MANGCHEFER,20200513,33.9,35.25,33.5,34.8,167267
MANGLMCEM,20200513,157.95,157.95,151,154.55,21047
MANGTIMBER,20200513,6.5,6.5,6.5,6.5,1523
MANINDS,20200513,40,40,38.05,38.85,189865
MANINFRA,20200513,18,18,16.75,17.8,163027
MANUGRAPH,20200513,6.8,6.85,6.35,6.85,44685
MANXT50,20200513,236,236.4,234,235,1925
MARALOVER,20200513,11.45,11.7,11.05,11.25,2788
MARATHON,20200513,45.05,46.65,43.5,46.25,4961
MARICO,20200513,311,311,305.25,307,2850256
MARKSANS,20200513,18.9,19.5,18.6,19.2,946190
MARUTI,20200513,5250,5317.45,4986.25,5036.1,3304851
MASFIN,20200513,580,585.8,560.35,568.5,11449
MASKINVEST,20200513,14.35,14.35,14.35,14.35,1
MASTEK,20200513,270,270,255.2,256.4,22413
MATRIMONY,20200513,331,334,323.3,326.65,7481
MAWANASUG,20200513,23,23.45,21.3,23.15,47166
MAXINDIA,20200513,59.2,59.95,57,57.5,113925
MAXVIL,20200513,30.4,30.75,28.5,28.75,26085
MAYURUNIQ,20200513,155,155,147.05,149.9,42244
MAZDA,20200513,249.05,254.4,245.45,249.1,5569
MBECL,20200513,2.75,2.95,2.75,2.8,5369
MBLINFRA,20200513,4.65,4.8,4.4,4.75,53091
MCDHOLDING,20200513,18.25,19.95,18.25,19.55,10272
MCDOWELL-N,20200513,510,532.2,505.05,510.2,5925905
MCLEODRUSS,20200513,5.05,5.05,4.9,5,597863
MCX,20200513,1136,1140,1104,1107.6,148839
MEGASOFT,20200513,5.85,6.1,5.85,5.9,8337
MEGH,20200513,48.1,50.75,47,49.3,3347560
MENONBE,20200513,34.45,34.45,32.55,32.8,8565
MEP,20200513,17.7,18.25,17,18,120903
MERCATOR,20200513,0.7,0.75,0.65,0.65,700648
METALFORGE,20200513,4,4,4,4,1
METROPOLIS,20200513,1240,1263,1236.25,1260,184013
MFSL,20200513,459,461.6,443.05,450.45,1758308
MGL,20200513,928.9,928.9,903.3,922.1,495953
MHRIL,20200513,158,177.9,146.8,171.05,288939
MIC,20200513,0.6,0.6,0.55,0.6,33998
MIDHANI,20200513,212,212.9,203.25,207.35,731578
MINDACORP,20200513,59.9,60.9,57.5,60.45,461133
MINDAIND,20200513,260.2,269,251.1,265.85,291293
MINDTECK,20200513,17.55,19.6,17.55,18.55,7176
MINDTREE,20200513,900,900,874.2,885.65,485533
MIRCELECTR,20200513,4.7,4.8,4.6,4.75,201335
MIRZAINT,20200513,40,40.4,38.4,39.3,363024
MITTAL,20200513,119,120.15,118.7,120.05,168527
MMFL,20200513,174.95,175.6,166.05,170.05,13792
MMP,20200513,55,55,46.25,51.05,8324
MMTC,20200513,14,14.7,13.65,14.45,1107164
MOHITIND,20200513,3.15,3.25,3,3.25,909
MOHOTAIND,20200513,6,6,5.7,5.7,10054
MOIL,20200513,127,131.85,124.8,127.45,876697
MOLDTECH,20200513,34.95,34.95,31.75,32.15,9890
MOLDTKPAC,20200513,185,186.95,179,179.7,31594
MONTECARLO,20200513,143.1,148.9,134,135.9,248544
MORARJEE,20200513,9.5,9.5,8.6,8.85,8468
MOREPENLAB,20200513,16.6,16.7,16.05,16.25,569897
MOTHERSUMI,20200513,87.6,87.8,83.7,84.35,23188340
MOTILALOFS,20200513,519,530,502.05,504.9,168772
MOTOGENFIN,20200513,30.25,30.95,29.95,30.35,3366
MPHASIS,20200513,821,829.85,785.65,803,325292
MPSLTD,20200513,256,256,241.3,245.85,3332
MRF,20200513,58850,60200,58221.5,59645.15,16233
MRO-TEK,20200513,20.75,20.75,20.1,20.6,12
MRPL,20200513,29.9,29.9,28,28.3,605104
MSPL,20200513,4.3,4.3,4.1,4.3,528
MSTCLTD,20200513,97.2,98.25,93.8,98.25,103199
MTEDUCARE,20200513,10.5,10.5,9.9,9.95,29648
MTNL,20200513,7.05,7.15,6.9,7.1,853176
MUKANDENGG,20200513,7.6,7.95,7.6,7.95,700
MUKANDLTD,20200513,17.8,18.2,17.3,18,13669
MUKTAARTS,20200513,19.35,21.7,18.15,20.45,32885
MUNJALAU,20200513,36.6,36.75,35.7,36,99209
MUNJALSHOW,20200513,77.8,77.8,73.9,75.3,12661
MURUDCERA,20200513,12.5,12.5,11.75,12.15,31390
MUTHOOTCAP,20200513,270.9,274.05,263.05,274.05,17023
MUTHOOTFIN,20200513,840.5,845,808,812.3,1317359
N100,20200513,688,688,671.99,678.69,29077
NACLIND,20200513,27,27,24.55,25.5,23201
NAGAFERT,20200513,4,4,3.8,3.9,129549
NAGREEKCAP,20200513,5.25,5.4,5.25,5.3,1655
NAGREEKEXP,20200513,9.95,10.6,9.2,9.75,9653
NAHARCAP,20200513,57.7,57.7,53,54.3,2022
NAHARINDUS,20200513,20.6,21.85,20.1,21.55,5913
NAHARPOLY,20200513,38.2,39.3,37.5,38.45,1460
NAHARSPING,20200513,33.05,33.05,29.25,31.75,20676
NAM-INDIA,20200513,252,254.7,242.45,244.5,1532468
NATCOPHARM,20200513,618,618,597.4,606.55,159655
NATHBIOGEN,20200513,312.95,315,299.95,306.55,51953
NATIONALUM,20200513,28.6,29.3,27.55,28.25,19160376
NATNLSTEEL,20200513,1.9,1.9,1.9,1.9,4276
NAUKRI,20200513,2649,2650,2575,2616.15,315595
NAVINFLUOR,20200513,1470,1490,1420.1,1427.45,123334
NAVKARCORP,20200513,23.7,24.4,22.75,23.1,368186
NAVNETEDUL,20200513,72,72.8,70.6,70.95,24643
NBCC,20200513,18.5,18.55,17.7,17.8,21556882
NBIFIN,20200513,1300,1344.95,1300,1344.95,59
NBVENTURES,20200513,37,37,35.3,35.6,64375
NCC,20200513,25.65,25.65,23.3,24.15,48804770
NCLIND,20200513,69,69,66.3,67.1,78063
NDGL,20200513,421.05,458.95,421,433.65,6
NDL,20200513,15.35,15.5,14.2,15.05,52417
NDTV,20200513,38.95,39.75,38.4,39.75,146968
NECCLTD,20200513,5.4,5.45,4.7,4.8,101992
NECLIFE,20200513,13.45,13.55,12.85,13,141294
NELCAST,20200513,41.5,41.5,39.05,39.5,47147
NELCO,20200513,168,168.3,162.05,162.85,8834
NEOGEN,20200513,441,441,420,428.4,4253
NESCO,20200513,418.8,427,412.65,423.3,30859
NESTLEIND,20200513,17750,17750,16400,16512.35,562034
NETF,20200513,112,112,101.02,108.99,90
NETFCONSUM,20200513,53,54,51.34,53.32,2123
NETFDIVOPP,20200513,25.19,25.19,23.81,25.12,1818
NETFLTGILT,20200513,21.7,21.77,21.21,21.6,21326
NETFMID150,20200513,49.27,52.3,46.03,50.24,46116
NETFNIF100,20200513,107.4,107.4,99.2,102.43,1427
NETFNV20,20200513,48.95,50,48.5,48.56,4131
NETWORK18,20200513,25.85,25.85,25.5,25.85,1172931
NEULANDLAB,20200513,425,433.5,379,415.25,7497
NEWGEN,20200513,160,160,151,154.2,15670
NEXTMEDIA,20200513,4.7,4.7,4.3,4.35,6258
NFL,20200513,25.25,26,24.45,25.65,2577656
NH,20200513,271.3,273,261,265.6,164607
NHPC,20200513,20,20.5,19.75,20.15,4689354
NIACL,20200513,123,124,119.4,120.15,138848
NIBL,20200513,4.2,4.4,4.2,4.4,518
NIFTYBEES,20200513,95.9,106.8,95.9,99.69,3330046
NIITLTD,20200513,88.9,88.95,85.95,86.8,545294
NIITTECH,20200513,1488,1488,1408.05,1419.25,395733
NILAINFRA,20200513,3.1,3.25,2.95,3.2,188273
NILASPACES,20200513,0.7,0.7,0.65,0.7,164220
NILKAMAL,20200513,1031,1053,1008,1015.65,15095
NIPPOBATRY,20200513,451.4,498,440.3,446.2,3270
NITCO,20200513,15.1,15.55,14.9,15.3,39559
NITINSPIN,20200513,30.2,30.85,30,30.5,17116
NKIND,20200513,12.2,12.2,12.2,12.2,61
NLCINDIA,20200513,43.45,43.8,42.4,42.85,994971
NMDC,20200513,74,76.65,72.4,74.95,4832347
NOCIL,20200513,85.5,91.3,85.5,87.9,5051289
NOIDATOLL,20200513,3.15,3.25,3.05,3.25,65716
NPBET,20200513,103.1,110.84,103.1,106.13,269
NRAIL,20200513,179,179,173.2,174.5,2915
NRBBEARING,20200513,68,68,62.85,64,174946
NSIL,20200513,624,624,620,620,67
NTL,20200513,0.6,0.6,0.6,0.6,300
NTPC,20200513,94.95,98.5,92.65,93.05,19038031
NUCLEUS,20200513,218.8,218.8,212.05,216.05,6969
NXTDIGITAL,20200513,319.55,328.75,316.55,319.95,1364
OAL,20200513,158.4,158.4,136.65,148.4,4000
OBEROIRLTY,20200513,348,357,336,343.1,334422
OCCL,20200513,586,608,586,591.7,4370
OFSS,20200513,2599,2604.95,2511,2527.65,50861
OIL,20200513,88,88.4,85.05,85.45,1430494
OILCOUNTUB,20200513,4.25,4.35,4.05,4.3,14899
OISL,20200513,1.85,1.85,1.85,1.85,13910
OLECTRA,20200513,66.9,67.7,64.5,66.55,29267
OMAXAUTO,20200513,22.95,24,22.4,24,4648
OMAXE,20200513,163.5,167.7,163.5,166.9,336211
OMKARCHEM,20200513,3.8,3.8,3.8,3.8,2164
OMMETALS,20200513,12.4,12.8,12,12.25,46453
ONELIFECAP,20200513,7,7,6.7,6.9,5752
ONEPOINT,20200513,13.25,13.25,12.05,12.15,10214
ONGC,20200513,79,79.05,76.25,78.2,20494837
ONMOBILE,20200513,27.5,27.95,26.2,27.9,582825
ONWARDTEC,20200513,42.7,43.6,41.3,42.05,7519
OPTIEMUS,20200513,18.8,20.7,18.8,19,39742
OPTOCIRCUI,20200513,4.45,4.45,4.45,4.45,116688
ORBTEXP,20200513,55.7,58,53.5,54.2,14372
ORICONENT,20200513,13.2,13.2,12.25,12.55,55005
ORIENTABRA,20200513,13.4,14.1,12.8,13.15,17477
ORIENTALTL,20200513,6.8,6.8,6.6,6.8,3433
ORIENTBELL,20200513,56.95,57.75,55.2,56.75,17515
ORIENTCEM,20200513,37.95,39.5,36.55,39.05,1102335
ORIENTELEC,20200513,174,175.85,170,173.45,149533
ORIENTHOT,20200513,18,18,15.8,16.1,166406
ORIENTLTD,20200513,63.75,70,63.75,70,284
ORIENTPPR,20200513,17.2,17.35,16.3,16.55,1215407
ORIENTREF,20200513,138,139.05,132,135,42983
ORISSAMINE,20200513,1370,1386.5,1330,1386.5,6178
ORTINLABSS,20200513,14.1,14.1,12.8,13,116170
OSWALAGRO,20200513,6.6,6.6,6.2,6.4,72582
PAEL,20200513,1.9,1.9,1.9,1.9,13
PAGEIND,20200513,17696.95,17783.25,17330.05,17497.85,58992
PAISALO,20200513,158.35,162.5,155.65,161.95,612
PALASHSECU,20200513,19.95,20.9,19,19.15,20050
PALREDTEC,20200513,11.85,11.95,11.85,11.9,687
PANACEABIO,20200513,171.85,171.85,157,162.2,193704
PANACHE,20200513,35,35,33.9,35,7899
PANAMAPET,20200513,33.5,34.15,32.5,33.65,10018
PAPERPROD,20200513,205.15,205.2,198.05,199.85,40317
PARACABLES,20200513,6.25,6.35,6.1,6.15,76883
PARAGMILK,20200513,89.9,91.35,85,88,192146
PARSVNATH,20200513,2.25,2.3,2.2,2.25,57389
PATELENG,20200513,12.5,12.5,11.35,11.9,240770
PATINTLOG,20200513,18,18,16.95,17.65,6084
PATSPINLTD,20200513,2.85,2.95,2.85,2.95,207
PCJEWELLER,20200513,11,11.3,10.85,11.05,534353
PDMJEPAPER,20200513,12.25,12.25,11.75,12.15,39719
PDSMFL,20200513,253.55,263.65,252,252.9,138
PEARLPOLY,20200513,11.3,12,10.55,11.2,5036
PEL,20200513,955,955.8,881.2,887.05,2265206
PENIND,20200513,17.5,17.75,16.8,17.05,201895
PENINLAND,20200513,3.05,3.05,2.9,3.05,69677
PERSISTENT,20200513,542,544.8,528,537.85,84057
PETRONET,20200513,235,239.95,230.65,232.05,1205807
PFC,20200513,88,92.2,84.7,89.65,18353966
PFIZER,20200513,4429,4429,4290.05,4384.95,51870
PFOCUS,20200513,28,28.9,27.3,27.6,26968
PFS,20200513,8.85,9.25,8.7,9,1017054
PGEL,20200513,36.5,37.5,34.8,37.5,26446
PGHH,20200513,10350,10350,10051.5,10114.8,2045
PGHL,20200513,4190,4190,3991,4020.25,11601
PGIL,20200513,95.45,108,94.05,99.25,2781
PHILIPCARB,20200513,77.8,77.8,75.65,77.4,506555
PHOENIXLTD,20200513,533.95,545,525.7,534.15,44622
PIDILITIND,20200513,1400,1400,1362.05,1385.35,549132
PIIND,20200513,1544,1558,1505,1514.25,221335
PILANIINVS,20200513,1309.95,1310,1246.1,1259.05,352
PILITA,20200513,3.7,4.3,3.7,4,42765
PIONDIST,20200513,97,103.35,97,102,7661
PIONEEREMB,20200513,17,19.8,16.6,17.85,12506
PITTIENG,20200513,22.3,23.65,22,22.85,19638
PKTEA,20200513,89,91.25,83.1,91.25,453
PLASTIBLEN,20200513,136,138,130,135.95,5885
PNB,20200513,30.3,31,29.45,30.6,38941649
PNBGILTS,20200513,26,26,25.1,25.55,145697
PNBHOUSING,20200513,183.7,183.7,173.15,181.15,533669
PNC,20200513,10.7,11.75,10.7,11.5,512
PNCINFRA,20200513,111.55,111.55,109,109.9,969882
PODDARHOUS,20200513,158.9,160,151.5,152.95,1253
PODDARMENT,20200513,144.35,144.4,135.4,137.65,2941
POKARNA,20200513,118,118,110.95,114.95,82332
POLYCAB,20200513,699,701.75,681.2,701.75,164232
POLYMED,20200513,252.9,281.9,247,276.9,373615
POLYPLEX,20200513,433.85,435,425.15,430.25,34436
PONNIERODE,20200513,129,131.1,124.95,125.1,1087
POWERGRID,20200513,171.45,171.9,162.05,166.65,15286401
POWERINDIA,20200513,810,812.95,804.3,811.15,24663
POWERMECH,20200513,355,357.3,341.1,344.85,11604
PPAP,20200513,175,176,162.8,164.45,58966
PPL,20200513,41.45,41.45,40.2,40.55,26937
PRABHAT,20200513,64.1,65.25,64.1,64.2,6266
PRAENG,20200513,5.75,6.3,5.55,5.95,100094
PRAJIND,20200513,57,57.7,55.25,57.1,1121998
PRAKASH,20200513,28.6,28.7,27.75,28.7,365096
PRAKASHSTL,20200513,0.35,0.35,0.3,0.3,248787
PRAXIS,20200513,25,25.75,23.35,23.55,54503
PRECAM,20200513,27.5,27.5,24.55,24.8,40712
PRECOT,20200513,20.7,21.7,20.25,20.7,782
PRECWIRE,20200513,83.5,85,80.1,83,14427
PREMEXPLN,20200513,72,75.6,71.9,75.3,38121
PREMIER,20200513,1.3,1.3,1.3,1.3,2017
PREMIERPOL,20200513,19.05,20.35,19.05,19.1,636
PRESSMN,20200513,15.35,16.9,15.35,16.35,17431
PRESTIGE,20200513,162.45,162.55,154.1,155,755886
PRICOLLTD,20200513,42.8,42.8,41.5,41.75,20384
PRIMESECU,20200513,28.55,29.85,28.55,29.15,8041
PRINCEPIPE,20200513,87.75,87.75,83.6,84.95,156620
PROSEED,20200513,0.3,0.3,0.25,0.25,4553
PROZONINTU,20200513,12.45,12.45,12.15,12.45,20062
PRSMJOHNSN,20200513,33,33.15,32.25,33.15,70096
PSB,20200513,14,14.05,13,14.05,353311
PSPPROJECT,20200513,349.8,364,336.95,343.8,25593
PSUBNKBEES,20200513,13.35,14,12.6,13.77,523048
PTC,20200513,38.45,39.45,37.5,38.6,1258215
PTL,20200513,27.4,30.3,27.4,29.7,12269
PUNJABCHEM,20200513,445,445,422.25,434.25,1243
PURVA,20200513,41.9,42.6,39.8,40,58847
PVR,20200513,927,931.65,886,921.2,2421740
QGOLDHALF,20200513,2028,2028,2020,2021.55,668
QNIFTY,20200513,945,971,945,965.33,35
QUESS,20200513,178,179.35,173.85,179.3,259269
QUICKHEAL,20200513,118,118,112.95,113.85,201685
RADAAN,20200513,1.1,1.1,1.1,1.1,1000
RADICO,20200513,309,309,298.5,306.2,548429
RADIOCITY,20200513,13.75,13.75,13.4,13.5,232786
RAIN,20200513,72.9,72.9,70.5,72.35,1219694
RAJESHEXPO,20200513,540.25,545,530,535.9,66096
RAJSREESUG,20200513,12.75,13.25,12.5,12.8,6936
RAJTV,20200513,45.45,45.9,43,45.75,141969
RALLIS,20200513,226,226,215.45,219.7,1215991
RAMANEWS,20200513,12.65,12.65,12.1,12.15,46418
RAMASTEEL,20200513,27,27,24.8,25.2,3457
RAMCOCEM,20200513,544.8,560,532.45,555.2,1352845
RAMCOIND,20200513,119,119,114.35,117.85,83604
RAMCOSYS,20200513,78,78,74,74.85,21201
RAMKY,20200513,29.65,31.05,29.1,30.4,57690
RANASUG,20200513,2.75,2.95,2.75,2.9,198683
RANEENGINE,20200513,178,186.4,171,183.3,1559
RANEHOLDIN,20200513,370.55,393,364.45,381.15,10312
RATNAMANI,20200513,893.1,904.7,879,883.4,6379
RAYMOND,20200513,235.1,235.65,223.05,224.95,643405
RBL,20200513,443,454,423.6,442.95,15679
RBLBANK,20200513,125.5,126.8,119.2,121.5,41828860
RCF,20200513,39.95,40.7,38.55,39.95,4284373
RCOM,20200513,0.8,0.85,0.75,0.85,8950054
RECLTD,20200513,93.5,102.5,91.9,100.6,27687572
REDINGTON,20200513,88.5,89.55,86.15,87,599238
REFEX,20200513,50.4,50.55,47.75,50.25,207640
RELAXO,20200513,630,630,602.2,611.65,289595
RELCAPITAL,20200513,7.45,7.45,7.45,7.45,792060
RELIANCE,20200513,1527,1527,1454,1496.45,30658051
RELIGARE,20200513,24.25,24.25,22.7,23.1,171444
RELINFRA,20200513,18,18.3,16.75,17.2,1830372
REMSONSIND,20200513,54.7,56.2,52.6,53.1,3647
RENUKA,20200513,4.55,4.7,4.55,4.7,812319
REPCOHOME,20200513,124,124.45,118.5,118.9,153362
REPRO,20200513,350,359.75,342.4,352.8,1915
RESPONIND,20200513,81.45,81.95,80.5,81.55,100793
REVATHI,20200513,291.95,316,285.4,294.7,671
RGL,20200513,204.95,205,200.5,202.05,1019
RHFL,20200513,1.1,1.1,1.1,1.1,957060
RICOAUTO,20200513,28.15,28.35,27,27.2,212368
RIIL,20200513,284,289,275.05,278.1,188922
RITES,20200513,245,246.85,236.6,238.65,333617
RKDL,20200513,8.95,8.95,8.15,8.15,32755
RKFORGE,20200513,168,171.45,161.3,164.85,19917
RMCL,20200513,3.55,3.7,3.4,3.5,15393
RML,20200513,181.4,213.95,178.5,208.6,52084
RNAVAL,20200513,1,1.05,0.95,1,8397788
ROHITFERRO,20200513,0.4,0.45,0.4,0.45,6253
ROHLTD,20200513,43.75,44.5,41.2,43.75,195979
ROLLT,20200513,1.3,1.4,1.3,1.35,3647
ROLTA,20200513,4.1,4.1,3.95,4.05,183666
ROSSELLIND,20200513,39,39.25,37.7,38.4,5092
RPGLIFE,20200513,238.2,245.95,233.45,238.05,32520
RPOWER,20200513,1.75,1.8,1.7,1.7,18100623
RPPINFRA,20200513,45.35,45.85,42.5,44.65,17962
RSSOFTWARE,20200513,14.7,14.7,14.1,14.3,5267
RSWM,20200513,66.15,66.75,63.55,64.05,25299
RSYSTEMS,20200513,87.9,87.9,84.2,84.7,3387
RTNINFRA,20200513,1.65,1.65,1.55,1.6,72770
RTNPOWER,20200513,1.25,1.25,1.15,1.2,6022421
RUBYMILLS,20200513,128.5,133.65,128.5,133.15,2272
RUCHI,20200513,610.75,610.75,610.75,610.75,10770
RUCHINFRA,20200513,5.05,5.05,5.05,5.05,4759
RUCHIRA,20200513,39.75,40.25,38,39.2,41752
RUPA,20200513,150,151,142.3,144.85,14680
RUSHIL,20200513,112.05,117.2,112.05,114.6,5995
RVNL,20200513,18.9,18.9,18.6,18.9,10291027
S&SPOWER,20200513,20.55,20.55,20.55,20.55,353
SABEVENTS,20200513,0.9,0.9,0.9,0.9,100
SADBHAV,20200513,56.5,56.5,56.5,56.5,37448
SADBHIN,20200513,22.15,22.15,22.15,22.15,61076
SAFARI,20200513,342,355,332,337.2,26344
SAGARDEEP,20200513,63.65,69,63.65,65,1086
SAGCEM,20200513,303,303,277.3,280.2,16769
SAIL,20200513,29.45,29.45,28.3,28.75,18998641
SAKAR,20200513,53.25,53.25,46,52,1556
SAKHTISUG,20200513,7.7,8,7.55,7.85,23066
SAKSOFT,20200513,138.05,149.9,135.65,137.25,4617
SAKUMA,20200513,7.05,7.05,6.9,7.05,295709
SALASAR,20200513,83,84.5,81,83.25,16999
SALONA,20200513,40.35,40.9,37.55,40.5,129
SALSTEEL,20200513,2.05,2.25,2.05,2.25,10200
SALZERELEC,20200513,67.8,67.8,63.3,65.3,20448
SAMBHAAV,20200513,1.75,2.05,1.75,1.8,57376
SANCO,20200513,9.6,10,9.4,9.95,20903
SANDESH,20200513,451,464,435.05,436.1,181
SANDHAR,20200513,145,151.1,138,147.25,14540
SANGAMIND,20200513,40.5,40.5,36.55,37.65,4099
SANGHIIND,20200513,16.7,16.75,14,15.85,1045009
SANGHVIFOR,20200513,13.2,13.2,13.2,13.2,153
SANGHVIMOV,20200513,52.15,52.95,49.8,52.55,27497
SANGINITA,20200513,89,89,81.4,86.05,33861
SANOFI,20200513,8040,8040,7852.25,7888.3,15672
SANWARIA,20200513,2.7,2.7,2.7,2.7,127783
SARDAEN,20200513,136.1,139.2,133.1,138.1,32283
SAREGAMA,20200513,282.75,283,263.4,268.05,20398
SARLAPOLY,20200513,13.8,13.8,13.4,13.65,34524
SASKEN,20200513,419.8,419.8,401,404.45,11114
SASTASUNDR,20200513,57.4,59,57.4,58.95,203
SATHAISPAT,20200513,2,2.1,2,2.1,3585
SATIA,20200513,70.6,73,68.55,69.9,15842
SATIN,20200513,53.65,53.65,52.55,53,224591
SBICARD,20200513,570,570.55,545.25,548.3,2376132
SBIETFQLTY,20200513,87,87.7,86.07,86.39,5128
SBILIFE,20200513,765.25,780,752.95,760.5,1752465
SBIN,20200513,178.55,178.55,170.5,174.1,81721884
SCAPDVR,20200513,0.25,0.3,0.25,0.25,55830
SCHAEFFLER,20200513,3446,3446,3287.15,3300.9,4901
SCHAND,20200513,52.2,52.2,48,49.45,9650
SCHNEIDER,20200513,76.9,78,74.75,75.75,152256
SCI,20200513,41.65,43.8,40.3,43.2,3619353
SDBL,20200513,78,78,74.05,77.5,5171
SEAMECLTD,20200513,330.5,330.5,302.6,313.4,3278
SELAN,20200513,82.5,82.5,80,81.45,7094
SEPOWER,20200513,3.8,3.8,3.7,3.7,28039
SEQUENT,20200513,82.8,82.8,79.8,81.3,1998901
SESHAPAPER,20200513,130,132,126,128.65,15745
SETCO,20200513,8.25,8.95,8.25,8.95,33410
SETF10GILT,20200513,195,197.9,195,196.4,192
SETFGOLD,20200513,4349.9,4696.7,4179.6,4196.3,52963
SETFNIF50,20200513,98.9,100.9,96.29,96.96,455779
SETFNIFBK,20200513,196,200.9,194.02,195.24,165221
SETFNN50,20200513,248.5,248.5,241,243.66,3758
SETUINFRA,20200513,0.7,0.8,0.7,0.75,113568
SEYAIND,20200513,39.7,39.75,36.05,39.75,34089
SFL,20200513,1408.75,1410,1365.1,1370,3706
SGL,20200513,6.2,6.2,6,6.1,8917
SHAHALLOYS,20200513,6.45,6.5,6.3,6.3,1007
SHAKTIPUMP,20200513,147,147.4,145.45,147.4,25367
SHALBY,20200513,63.5,65.85,61.55,63,81830
SHALPAINTS,20200513,58.5,58.5,55.1,55.35,49476
SHANKARA,20200513,251.1,253.5,245,253.5,46216
SHANTIGEAR,20200513,83,84.2,80.5,81.45,29363
SHARDACROP,20200513,137.95,138.85,135.05,138.8,13031
SHARDAMOTR,20200513,691.45,691.45,650,661.2,1756
SHARIABEES,20200513,277,277,215,239.27,438
SHEMAROO,20200513,73.15,74.95,73.15,73.15,36451
SHIL,20200513,66,67.7,65,67.7,15156
SHILPAMED,20200513,364,370.7,364,367.75,13827
SHIRPUR-G,20200513,6.9,7.2,6.8,6.85,60170
SHIVAMAUTO,20200513,10.85,10.85,10.6,10.75,41854
SHIVAMILLS,20200513,20.85,22.9,20.1,22.25,3064
SHIVATEX,20200513,79,86.85,78.8,79.45,2314
SHK,20200513,51.35,55.7,49,51.25,1541071
SHOPERSTOP,20200513,163.5,168.95,161.05,162.2,36846
SHREDIGCEM,20200513,27.6,27.9,26.7,27.45,395632
SHREECEM,20200513,19534.95,20309.95,19442.45,19763.25,97463
SHREEPUSHK,20200513,77.65,78.95,77.65,78.95,8939
SHREERAMA,20200513,3.8,4.2,3.8,3.9,3019
SHRENIK,20200513,24.15,24.15,21.85,22.3,187604
SHREYANIND,20200513,77.45,80.9,77.15,78.05,16592
SHREYAS,20200513,46.75,47.05,44,47.05,17335
SHRIPISTON,20200513,530.05,535,529,535,259
SHRIRAMCIT,20200513,738,738,695,711.5,6259
SHRIRAMEPC,20200513,2.85,2.85,2.7,2.8,85761
SHYAMCENT,20200513,2.4,2.5,2.3,2.35,5361
SICAGEN,20200513,11,11.7,10.7,11.55,15332
SICAL,20200513,9.35,9.35,8.95,9.3,75956
SIEMENS,20200513,1050,1062,1025,1044.75,540002
SIGIND,20200513,19.2,19.2,16.25,17.4,1254
SIL,20200513,10.5,10.5,9.6,9.6,1790
SILINV,20200513,106.55,108,105.1,107,1337
SIMBHALS,20200513,5.5,5.5,5,5.3,63913
SIMPLEXINF,20200513,26.6,26.6,25,25.8,266789
SINTEX,20200513,0.95,0.95,0.9,0.95,2399418
SIRCA,20200513,169.75,171.9,166.35,171.9,19031
SIS,20200513,398,399,371.15,376.95,87415
SITINET,20200513,1.6,1.6,1.6,1.6,4026
SIYSIL,20200513,112,115,107.25,109.6,71889
SJVN,20200513,21.15,21.75,20.95,21.5,3087982
SKFINDIA,20200513,1499.95,1499.95,1438.2,1447.25,90424
SKIL,20200513,4.3,4.45,4.15,4.4,2274
SKIPPER,20200513,22,24.35,20.3,24.25,472323
SKMEGGPROD,20200513,30.8,30.8,29.65,30.05,5876
SMARTLINK,20200513,63.9,68.45,62.7,66.7,14526
SMLISUZU,20200513,381.95,386.95,366.05,376,79113
SMSLIFE,20200513,241.05,248.05,237.1,241.1,3687
SMSPHARMA,20200513,40.3,40.55,38.8,39.2,66324
SNOWMAN,20200513,26.2,26.3,25.2,26,368485
SOBHA,20200513,205.4,205.4,205.4,205.4,51610
SOLARA,20200513,490.8,490.8,457.25,465.15,32734
SOLARINDS,20200513,887.95,925,870,887.95,8628
SOMANYCERA,20200513,100.9,103.75,92.5,93.3,129481
SOMATEX,20200513,1.85,1.85,1.85,1.85,16
SOMICONVEY,20200513,12,12,11.6,12,3672
SONATSOFTW,20200513,204,204,197,198.25,242905
SORILINFRA,20200513,47.45,47.5,43.15,45.75,84700
SOTL,20200513,629.45,682,629.45,635.15,1497
SOUTHBANK,20200513,5.55,5.7,5.45,5.5,10122279
SOUTHWEST,20200513,17.55,20.7,17.2,20.35,296138
SPAL,20200513,69.6,69.6,65.25,68.95,7367
SPANDANA,20200513,461.6,461.65,461.6,461.65,12562
SPARC,20200513,134,135,131,132.75,310573
SPECIALITY,20200513,29.8,29.8,28.05,29.3,42537
SPENCERS,20200513,76.5,77.05,74.2,74.7,343487
SPENTEX,20200513,0.35,0.35,0.3,0.35,120955
SPIC,20200513,14.5,14.95,14.4,14.85,65204
SPICEJET,20200513,44.9,44.9,44.9,44.9,550656
SPLIL,20200513,20.35,20.75,20.2,20.6,5778
SPMLINFRA,20200513,7.6,7.65,6.95,7.55,28459
SPTL,20200513,1.3,1.3,1.25,1.25,1219802
SPYL,20200513,0.3,0.35,0.3,0.3,632710
SREEL,20200513,120.2,122,112.45,115.85,7889
SREINFRA,20200513,3.85,4.05,3.8,3.85,2590281
SRF,20200513,3640,3719.9,3593.35,3605.8,285649
SRHHYPOLTD,20200513,100,100,95.1,97.35,1965
SRIPIPES,20200513,138.1,138.1,132.5,135.1,58382
SRTRANSFIN,20200513,703.1,722.95,663.6,671.65,6014788
SSWL,20200513,371.4,371.4,351.05,358.25,8703
STAMPEDE,20200513,0.35,0.4,0.35,0.35,169915
STAR,20200513,416,422.7,408,413.35,580263
STARCEMENT,20200513,73.85,73.85,70.75,72.3,60329
STARPAPER,20200513,96.75,100,93.4,94.95,98245
STCINDIA,20200513,35.9,36.4,35,36.4,5727
STEELCITY,20200513,19.25,19.25,18.6,18.85,2973
STEELXIND,20200513,13,13,11.95,12.6,27692
STEL,20200513,48.8,48.8,45.05,46.4,1348
STERTOOLS,20200513,134.9,134.9,128,129.75,13264
STINDIA,20200513,5.25,5.25,5.2,5.25,3791
STRTECH,20200513,99.9,106.4,96.8,101,6801730
SUBEX,20200513,4.3,4.3,4.3,4.3,56694
SUBROS,20200513,170,174.05,163,164.55,108226
SUDARSCHEM,20200513,380,384,367.6,368.6,123343
SUJANAUNI,20200513,0.4,0.4,0.35,0.4,943662
SUMEETINDS,20200513,1.4,1.4,1.35,1.35,70765
SUMICHEM,20200513,235,235,227.2,231.35,175776
SUMIT,20200513,11.2,11.7,11,11.65,2763
SUMMITSEC,20200513,292.2,300.05,288,299.65,2385
SUNCLAYLTD,20200513,1390.8,1433.9,1380.65,1432.7,1541
SUNDARAM,20200513,1.15,1.15,1.05,1.15,371930
SUNDARMFIN,20200513,1235,1249.95,1194.95,1204.1,214984
SUNDARMHLD,20200513,43.55,45,43.25,44.9,13329
SUNDRMBRAK,20200513,165,170,161.4,165.75,3275
SUNDRMFAST,20200513,305,314,301.65,307.8,75976
SUNFLAG,20200513,29.2,29.75,28.25,28.65,187798
SUNPHARMA,20200513,469,469.45,450.2,452.35,10010346
SUNTECK,20200513,174.9,177,167,172.35,300394
SUNTV,20200513,415,415,390,391.4,3862926
SUPERHOUSE,20200513,67.4,73,65.45,70.35,40643
SUPERSPIN,20200513,3.5,3.55,3.25,3.5,20724
SUPPETRO,20200513,158.35,158.75,152.5,153.05,16569
SUPRAJIT,20200513,118,121,115.55,120.05,204327
SUPREMEIND,20200513,969.9,979.85,921.75,931.95,46942
SURANASOL,20200513,5.5,5.6,5.35,5.45,12805
SURANAT&P,20200513,3.4,3.5,3.1,3.2,92162
SURYALAXMI,20200513,16.7,17,15.9,16.55,10549
SURYAROSNI,20200513,84.9,86.7,83.7,84.3,37403
SUTLEJTEX,20200513,22.45,22.45,18.7,20.75,38695
SUVEN,20200513,39.55,41.4,39.2,39.65,976464
SUVENPHAR,20200513,318,334.95,315,327.35,453509
SUZLON,20200513,2.6,2.6,2.55,2.6,5240855
SWANENERGY,20200513,101,102.4,100.3,100.6,63212
SWARAJENG,20200513,1040,1075,1008,1059.1,4918
SWELECTES,20200513,84.95,84.95,81.45,82.85,1919
SWSOLAR,20200513,125,125,114.5,116.95,288825
SYMPHONY,20200513,855,859.8,833,836.15,17230
SYNCOM,20200513,1.55,1.55,1.55,1.55,13181
SYNGENE,20200513,333,333,316.8,326,488971
TAINWALCHM,20200513,38.05,39.75,37.55,37.7,2260
TAJGVK,20200513,125,134.2,120.55,127.75,204523
TAKE,20200513,55.4,55.9,54.05,55.15,66328
TALBROAUTO,20200513,83,83.05,78.1,80.1,9178
TANLA,20200513,64.1,65.75,64,64.4,85825
TARMAT,20200513,20.05,21.05,20,21.05,1610
TASTYBITE,20200513,10199.8,10199.8,9821,9859.4,1885
TATACHEM,20200513,298.5,306,291.35,299.75,4185344
TATACOFFEE,20200513,73.7,73.95,71.65,72.55,444145
TATACOMM,20200513,426,438.1,418,438.1,57005
TATACONSUM,20200513,375,375,348.5,356.35,8536960
TATAELXSI,20200513,815,815,772,783.65,542549
TATAINVEST,20200513,702,707.75,695,695.9,12600
TATAMETALI,20200513,459.9,459.9,430.9,439.15,15989
TATAMOTORS,20200513,92.5,92.5,86.25,87.2,68086246
TATAMTRDVR,20200513,37.85,38.4,36,36.35,5624231
TATAPOWER,20200513,30,31,28.85,30.3,53614387
TATASTEEL,20200513,287.5,288,273.5,276.55,14723748
TATASTLBSL,20200513,17.55,17.65,16.75,16.95,2244232
TATASTLLP,20200513,223.3,227.95,218.9,219.45,27411
TBZ,20200513,21.95,21.95,21.3,21.8,35288
TCI,20200513,164,164,157.3,159.35,33550
TCIDEVELOP,20200513,332,359.95,312.65,343.45,11595
TCIEXP,20200513,638,639,615.05,619.8,67163
TCIFINANCE,20200513,5.5,5.7,5.3,5.4,8220
TCNSBRANDS,20200513,388,388,370.5,374.95,2518
TCPLPACK,20200513,230,230,220,223.2,1843
TCS,20200513,1994,1994,1925.65,1949.65,2656665
TDPOWERSYS,20200513,85.85,85.9,81,83.3,3616
TEAMLEASE,20200513,1550,1588,1490,1495.75,28367
TECHM,20200513,542,549.75,531.4,544.75,3296409
TECHNOE,20200513,196.7,200.9,192,198.8,12893
TECHNOFAB,20200513,5.15,5.5,5.1,5.3,8338
TEJASNET,20200513,35,35,33,34.25,111257
TERASOFT,20200513,19.8,19.8,18.1,18.95,12832
TEXINFRA,20200513,32.75,35.1,31,34.4,57012
TEXMOPIPES,20200513,9.8,9.85,9.3,9.85,9847
TEXRAIL,20200513,23.05,23.3,22.65,23.1,117239
TFCILTD,20200513,32.75,32.85,31.9,32.1,133519
TFL,20200513,2.65,2.65,2.65,2.65,190
TGBHOTELS,20200513,2.3,2.3,2.2,2.2,1450
THANGAMAYL,20200513,256.8,256.8,239.45,246.85,3263
THEINVEST,20200513,92.4,92.5,86.55,87.6,1723
THEMISMED,20200513,304.7,314,295,314,452
THERMAX,20200513,730,730,701.05,703.55,24766
THOMASCOOK,20200513,24,24.05,23.1,23.35,338168
THOMASCOTT,20200513,5,5,5,5,95
THYROCARE,20200513,516.9,520.7,507,511.5,29590
TI,20200513,17.65,18.2,17.5,17.95,63185
TIDEWATER,20200513,3440,3479.95,3426.3,3452.15,703
TIIL,20200513,211,211,205.5,209,3648
TIINDIA,20200513,345,354,340.1,347.05,64352
TIJARIA,20200513,5.75,5.75,5.5,5.65,6912
TIL,20200513,126.05,129.5,122,125.85,6716
TIMESGTY,20200513,19,19,19,19,19
TIMETECHNO,20200513,32.55,32.55,27.45,30.55,241370
TIMKEN,20200513,853,855,835.05,843,17238
TINPLATE,20200513,83,83,80.6,82.1,109362
TIPSINDLTD,20200513,93,99.4,93,96.6,3608
TIRUMALCHM,20200513,41.6,41.65,41.05,41.55,123437
TITAN,20200513,874.95,883.95,856,860.45,3599379
TMRVL,20200513,7.7,8.25,7.6,7.6,80059
TNPETRO,20200513,30.5,30.9,29.85,30.05,36721
TNPL,20200513,92,92.25,89.2,90.45,332813
TNTELE,20200513,1.25,1.3,1.25,1.3,147
TOKYOPLAST,20200513,62,63,59.3,59.75,2733
TORNTPHARM,20200513,2490,2501,2358,2404.15,738126
TORNTPOWER,20200513,318.8,318.8,300.65,305.1,1768583
TOUCHWOOD,20200513,53,53,49.35,50,10698
TPLPLASTEH,20200513,88,89.25,83.25,84.4,5603
TREEHOUSE,20200513,4,4.2,3.9,4.1,13493
TREJHARA,20200513,4.95,5.35,4.95,5.35,250
TRENT,20200513,458.7,462.55,447,450.8,1007655
TRF,20200513,67.5,68.9,66,68.3,7316
TRIDENT,20200513,4.75,4.8,4.7,4.75,4358297
TRIGYN,20200513,30.7,30.7,28.65,29.25,10438
TRIL,20200513,6.95,7,6.7,6.85,62771
TRITURBINE,20200513,68,71.95,63.7,66.15,51756
TRIVENI,20200513,36.1,36.5,35.45,36.05,188443
TTKHLTCARE,20200513,445,450,422,436.95,1947
TTKPRESTIG,20200513,4879,4879,4753.1,4810.5,6326
TTL,20200513,28.2,29.2,27.3,28.15,10798
TTML,20200513,2.7,2.7,2.5,2.7,1716918
TV18BRDCST,20200513,24.25,24.25,22.65,22.9,6724219
TVSELECT,20200513,72.05,72.85,70.65,72.85,22574
TVSMOTOR,20200513,348.9,360,342.05,344.9,4259118
TVSSRICHAK,20200513,1105,1105,1072.5,1079.55,5577
TVTODAY,20200513,191.7,191.7,182.1,182.75,41565
TVVISION,20200513,1.3,1.3,1.25,1.25,1284
TWL,20200513,35,35,32.75,33.65,704703
UBL,20200513,935,935,900,915.25,949743
UCALFUEL,20200513,98,101.5,96,97.85,18566
UCOBANK,20200513,11.95,12.4,11.65,11.95,1375680
UFLEX,20200513,178,178,172.6,175.55,59791
UFO,20200513,69.9,73,66.8,68.9,92759
UGARSUGAR,20200513,12.9,12.9,12.4,12.55,92129
UJAAS,20200513,3.25,3.25,3.15,3.25,106356
UJJIVAN,20200513,182,182,172,175.1,3808812
UJJIVANSFB,20200513,28.9,28.9,27.25,27.95,1716712
ULTRACEMCO,20200513,3450,3580,3450,3546.7,1225498
UMANGDAIRY,20200513,38,38.5,36.1,36.95,13964
UMESLTD,20200513,0.9,0.9,0.85,0.85,26173
UNICHEMLAB,20200513,134,143.9,128,129.9,61448
UNIENTER,20200513,48,48.3,46.5,48.3,3231
UNIONBANK,20200513,25.75,25.75,24.4,25.1,7008283
UNIPLY,20200513,6.5,6.65,6.25,6.4,106294
UNITEDTEA,20200513,206.95,221,206.95,215.95,970
UNIVCABLES,20200513,94.65,95.7,92,94.15,13543
UNIVPHOTO,20200513,88,101,88,101,9613
UPL,20200513,398.2,398.8,380.6,389.65,7474559
URJA,20200513,1.75,1.75,1.7,1.75,1427376
USHAMART,20200513,15,15,14.1,14.35,117243
UTINEXT50,20200513,256,287.49,235.1,250.29,1188
UTINIFTETF,20200513,1017.6,1066.5,990.3,998.4,2338
UTISENSETF,20200513,349.9,385,337.01,346.98,3188
UTISXN50,20200513,258,258,236.57,243.82,7
UTTAMSTL,20200513,6,6,5.9,5.9,195410
UTTAMSUGAR,20200513,60.25,60.25,57.1,59.55,14642
UVSL,20200513,0.3,0.3,0.3,0.3,15769147
V2RETAIL,20200513,59.65,60.5,57,57.65,62528
VADILALIND,20200513,508.75,509.1,485,509.05,9923
VAIBHAVGBL,20200513,1005,1005,980,986.7,3150
VAISHALI,20200513,49.5,50,45.1,45.55,11534
VAKRANGEE,20200513,28.45,28.55,26.3,26.6,1667394
VARDHACRLC,20200513,27,27.45,26.7,27.4,2813
VARDMNPOLY,20200513,2.9,2.95,2.9,2.9,454
VARROC,20200513,142.9,143,135,138.85,263861
VASCONEQ,20200513,7.5,7.7,7.5,7.7,95202
VASWANI,20200513,3.2,3.35,3.05,3.2,235
VBL,20200513,641,668.9,622,660,306605
VEDL,20200513,97.95,97.95,88.5,90.25,145841554
VENKEYS,20200513,1101,1101,1060,1068.8,38029
VENUSREM,20200513,56.05,56.05,56.05,56.05,2012
VESUVIUS,20200513,894.85,898.95,862.95,872.3,1794
VETO,20200513,33.5,33.5,30.9,33.25,6571
VGUARD,20200513,172,179.7,172,175.8,1162982
VHL,20200513,1025.6,1038.9,990,1001.8,231
VICEROY,20200513,2,2,2,2,9038
VIDHIING,20200513,59.25,59.4,57.05,57.65,10560
VIJIFIN,20200513,0.4,0.4,0.35,0.35,252716
VIKASECO,20200513,2.3,2.3,2.3,2.3,148678
VIKASMCORP,20200513,1.9,1.9,1.8,1.9,777425
VIKASPROP,20200513,3.2,3.2,3.2,3.2,248255
VIKASWSP,20200513,4.45,4.6,4.3,4.45,372502
VIMTALABS,20200513,72.55,72.55,68.5,70.05,19974
VINATIORGA,20200513,989,989,946.45,960.15,101545
VINDHYATEL,20200513,567.6,567.6,538,547.15,5415
VINYLINDIA,20200513,60.2,61,57.55,58.15,22994
VIPCLOTHNG,20200513,5.5,5.55,5.35,5.4,44277
VIPIND,20200513,237,237.5,226,229.7,765700
VIPULLTD,20200513,15.45,15.45,14.6,14.85,1571
VISAKAIND,20200513,170.7,171.15,164.55,167.65,28086
VISASTEEL,20200513,3.65,3.75,3.65,3.75,2127
VISHAL,20200513,218,218,218,218,1
VISHNU,20200513,124,124.95,120.15,123.2,6462
VISHWARAJ,20200513,69,71,63.25,64.8,20379
VIVIDHA,20200513,0.2,0.2,0.2,0.2,71403
VIVIMEDLAB,20200513,11.6,11.7,10.65,10.75,79101
VLSFINANCE,20200513,36,36.1,34.6,35.9,24576
VMART,20200513,1714.5,1714.5,1630,1646.4,31594
VOLTAMP,20200513,890,890,870,885.45,8807
VOLTAS,20200513,475,481.8,452.9,464.15,5154441
VRLLOG,20200513,160,160,153.5,155.85,56075
VSSL,20200513,44,45.5,42.65,44.9,10249
VSTIND,20200513,2899,2899,2815,2868.15,9245
VSTTILLERS,20200513,902,939,890.1,897.7,10050
VTL,20200513,644,655.05,622.95,629.5,14648
WABAG,20200513,109.9,111.4,105.3,106.75,124069
WABCOINDIA,20200513,6250,6271,6201,6215.45,3577
WALCHANNAG,20200513,35.1,35.1,34.2,35.1,46162
WANBURY,20200513,18.9,19.5,18.3,19.3,1811
WATERBASE,20200513,93.7,97.7,91.5,96.4,498694
WEBELSOLAR,20200513,14.05,14.7,14.05,14.65,10476
WEIZMANIND,20200513,23.5,23.5,22.5,23,1396
WELCORP,20200513,63.75,63.75,60.7,61.4,526903
WELENT,20200513,54.95,55.55,54,55.55,179893
WELINV,20200513,138.15,145.85,138.15,143.2,26
WELSPUNIND,20200513,25.8,25.8,25.5,25.8,459489
WENDT,20200513,1999.95,2040.05,1998.95,2001,344
WESTLIFE,20200513,299.95,313.15,295,301.8,402876
WHEELS,20200513,384.9,394.05,376,386.7,2902
WHIRLPOOL,20200513,1935,1935,1866,1899.85,46667
WILLAMAGOR,20200513,13,13,12.5,12.9,1590
WINDMACHIN,20200513,12,12,11.15,12,10259
WIPRO,20200513,191.5,191.5,185.15,189.7,5280548
WOCKPHARMA,20200513,250,251,235.8,238.5,573802
WONDERLA,20200513,116,120,113,118.8,101690
WSI,20200513,0.9,0.9,0.9,0.9,2914
WSTCSTPAPR,20200513,137.9,138,132.9,134.15,22335
XCHANGING,20200513,38.5,38.5,36.3,36.7,10790
XELPMOC,20200513,48.55,51.35,47.6,48.5,2326
XPROINDIA,20200513,15.9,17.3,14.5,15.65,2552
YESBANK,20200513,29,29.45,28.1,28.65,25829898
ZEEL,20200513,161,168.5,155.2,165.15,27811754
ZEELEARN,20200513,13.5,13.7,12.95,13.1,496310
ZEEMEDIA,20200513,5.55,5.65,5.35,5.5,739440
ZENITHBIR,20200513,0.35,0.4,0.35,0.35,16904
ZENITHEXPO,20200513,40.1,43.75,40.1,41.5,1317
ZENSARTECH,20200513,83,83.2,81,82.8,28230
ZENTEC,20200513,36.95,36.95,33.5,34.65,32946
ZICOM,20200513,1.1,1.1,1.1,1.1,1803
ZODIACLOTH,20200513,112.95,113.75,107.6,110.55,2265
ZODJRDMKJ,20200513,23.45,24.35,21.2,24.35,934
ZOTA,20200513,138.1,138.7,134.25,137.9,4692
ZUARI,20200513,84,86,83.05,84.65,6933
ZUARIGLOB,20200513,40.45,41.6,38.8,41.6,68203
ZYDUSWELL,20200513,1290.5,1290.5,1253.05,1266.9,85293
NSENIFTY,20200513,9584.20,9584.50,9351.10,9383.55,846395245,0
NIFTYJUNIOR,20200513,23876.40,23891.75,23359.50,23457.65,858055518,0
NIFTYMIDCAPLIQ15,20200513,3202.10,3205.00,3094.85,3151.15,187519307,0
NSE100,20200513,9752.35,9752.45,9518.80,9552.65,1710074994,0
NIFTY200,20200513,4958.90,4958.95,4839.35,4861.05,2610928752,0
NSE500,20200513,7819.15,7819.20,7632.85,7667.00,2904380722,0
NSEMIDCAP150,20200513,5058.55,5058.55,4937.05,4983.10,915726209,0
MIDCAP50,20200513,3688.30,3688.30,3581.30,3647.60,838715503,0
NSEMIDCAP,20200513,13240.15,13240.15,12901.15,13064.00,900853758,0
NSESMLCAP100,20200513,4040.65,4040.65,3939.35,3975.70,-,0
NIFTYLARGEMIDCAP250,20200513,-,-,-,4741.36,2625801203,0
NIFTYAUTO,20200513,6014.20,6033.95,5815.50,5844.60,179261745,0
BANKNIFTY,20200513,20017.75,20122.25,19429.90,19634.95,520830667,0
NIFTYFINSERVICE,20200513,9867.85,9909.50,9604.90,9679.60,395195279,0
NIFTYFMGC,20200513,27761.90,27765.90,26680.75,26746.50,56803279,0
NSEIT,20200513,13960.35,13960.35,13612.80,13776.95,26694109,0
NIFTYMEDIA,20200513,1193.20,1193.60,1147.60,1171.10,48929623,0
NIFTYMETAL,20200513,1812.20,1813.55,1750.80,1760.60,282829818,0
NIFTYPHARMA,20200513,9447.95,9447.95,9131.15,9147.75,46759973,0
NIFTYPVTBANK,20200513,10944.30,11008.40,10609.50,10718.90,344310985,0
NIFTYPSUBANK,20200513,1238.35,1246.55,1196.80,1238.05,222468813,0
NIFTYREALTY,20200513,180.15,180.70,175.65,178.40,15964409,0
NIFTYCOMMODITIES,20200513,2630.05,2630.05,2565.15,2587.90,474116956,0
NIFTYCONSUMPTION,20200513,4445.40,4445.45,4317.80,4324.00,195196981,0
NIFTYCPSE,20200513,1380.40,1380.40,1345.05,1361.85,130929798,0
NIFTYENERGY,20200513,13176.80,13176.80,12742.00,12911.45,185004435,0
NIFTY100ESG,20200513,-,-,-,1834.64,1366373624,0
NIFTY100ENHESG,20200513,-,-,-,1845.31,1340152802,0
NIFTYINFRA,20200513,2802.60,2802.60,2728.60,2762.30,331336986,0
NIFTYMNC,20200513,12398.80,12398.80,11995.35,12016.40,685993102,0
NIFTYPSE,20200513,2338.50,2338.50,2281.05,2311.30,546842611,0
NIFTYSMEEMERGE,20200513,-,-,-,1093.15,322900,0
NIFTYSERVSECTOR,20200513,12864.75,12873.80,12587.55,12644.15,581168609,0
NIFTYSHARIAH25,20200513,-,-,-,3822.14,144744982,0
NIFTY50SHARIAH,20200513,-,-,-,2251.78,114864875,0
NIFTY500SHARIAH,20200513,-,-,-,2652.95,720247743,0
NIFTYABGROUP,20200513,-,-,-,2146.06,465057342,0
NIFTYMAHINDRA,20200513,-,-,-,7009.21,22969699,0
NIFTYTATA,20200513,-,-,-,5835.56,168068191,0
NIFTYTATA25CAP,20200513,-,-,-,3585.85,160215622,0
NIFTYABGROUP,20200513,-,-,-,2146.06,465057342,0
NIFTYLIQ15,20200513,2416.50,2418.80,2342.35,2360.10,539352383,0
NIFTY500VALUE50,20200513,-,-,-,2558.71,892730677,0
NIFTYALPHALOWVOL30,20200513,-,-,-,10150.83,295307509,0
NIFTYQUALLOWVOL30,20200513,-,-,-,7292.85,125302997,0
NIFTYALPHAQUALLOWVOL30,20200513,-,-,-,8406.47,178838972,0
NIFTYALPHAQUALVALLOWVOL30,20200513,-,-,-,6491.65,225672713,0
NIFTY50EQUALWEIGHT,20200513,9836.10,9836.15,9568.00,9615.65,846395245,0
NIFTY100EQUALWEIGHT,20200513,10795.95,10795.95,10521.70,10576.90,1710074994,0
NIFTY100LOWVOL30,20200513,7822.90,7822.90,7630.75,7643.30,217193147,0
NSEDEFTY,20200513,-,-,-,4308.48,-,0
NIFTY50DIVPOINT,20200513,1.83,1.83,1.83,1.83,-,0
NIFTYDIVOPPS50,20200513,2092.65,2092.65,2045.20,2050.75,795258418,0
NIFTYALPHA50,20200513,11758.15,11761.65,11491.90,11542.00,288114180,0
NIFTY50ARBITRAGE,20200513,-,-,-,1905.12,-,0
NIFTY50FUTINDEX,20200513,-,-,-,3128.60,-,0
NIFTY50FUTTRINDEX,20200513,-,-,-,9568.82,-,0
NIFTYHIGHBETA50,20200513,-,-,-,835.78,1863098846,0
NIFTYLOWVOL50,20200513,-,-,-,9540.81,237848162,0
NIFTY50VALUE20,20200513,4690.85,4690.95,4573.20,4581.25,360411528,0
NIFTYGROWSECT15,20200513,4758.90,4758.95,4601.60,4616.30,190557229,0
NIFTY50TR2XLEV,20200513,3883.60,3883.60,3702.30,3727.25,-,0
NIFTY50PR2XLEV,20200513,2965.65,2965.65,2827.20,2846.30,-,0
NIFTY50TR1XINV,20200513,400.50,411.10,400.50,409.65,-,0
NIFTY50PR1XINV,20200513,458.00,470.10,458.00,468.45,-,0
NIFTY-GS-COMPSITE,20200513,2186.88,2194.30,2184.45,2193.37,-,0
NIFTY-GS-4-8YR,20200513,2287.25,2292.24,2286.34,2292.01,-,0
NIFTY-GS-8-13YR,20200513,2144.06,2154.05,2139.77,2152.75,-,0
NIFTY-GS-10YR,20200513,1964.17,1975.36,1954.89,1973.41,-,0
NIFTY-GS-10YR-CLN,20200513,970.12,975.68,965.50,974.71,-,0
NIFTY-GS-11-15YR,20200513,2307.61,2320.15,2304.05,2318.41,-,0
NIFTY-GS-15YRPLUS,20200513,2506.35,2513.84,2505.94,2513.84,-,0
VIX,20200513,38.21,39.05,33.44,38.84,0,0
