20MICRONS,20190418,38.75,39.15,38.05,38.25,12271
21STCENMGM,20190418,24.5,24.5,24.5,24.5,1322
3IINFOTECH,20190418,3.7,4.5,3.7,4.4,15789433
3MINDIA,20190418,25200,25201.45,24671.05,24979.2,3699
3PLAND,20190418,10.55,11.65,10.55,11.5,2651
5PAISA,20190418,240,282.05,240,282.05,119979
63MOONS,20190418,135.4,141,123,131.6,4287163
8KMILES,20190418,142.3,142.3,128.8,128.85,1427414
A2ZINFRA,20190418,18.8,19.2,17.5,18.15,574055
AARTIDRUGS,20190418,628,632.05,624.15,624.4,5482
AARTIIND,20190418,1625,1646.95,1620,1625.7,61243
AARVEEDEN,20190418,23.9,23.9,23,23.25,12262
AAVAS,20190418,1135,1155,1135,1146.2,2943
ABAN,20190418,58.15,59,57.1,57.3,31720
ABB,20190418,1414.1,1449,1414.1,1436.8,95559
ABBOTINDIA,20190418,8099,8099,7796,7825.1,3456
ABCAPITAL,20190418,101.3,101.4,98.75,100.05,2163097
ABFRL,20190418,221.6,223,216,221.2,604428
ABSLNN50ET,20190418,338.05,338.05,335,335,63
ACC,20190418,1705.8,1709.75,1680,1699.45,484644
ACCELYA,20190418,947,955.15,921,935.5,3557
ACE,20190418,107.6,107.8,103.2,104.8,230847
ADANIENT,20190418,143.1,144.45,137.65,138.6,3954004
ADANIGAS,20190418,141.85,146.5,132.45,141.1,2284428
ADANIGREEN,20190418,44.9,48.05,41.3,45,7207777
ADANIPORTS,20190418,395,395.5,388.9,390.55,3218018
ADANIPOWER,20190418,54,55.8,52.8,54.15,18818096
ADANITRANS,20190418,229.1,230,221.55,224.35,283329
ADFFOODS,20190418,245.2,248,240,245.85,31052
ADHUNIK,20190418,2.45,2.45,2.45,2.45,18335
ADHUNIKIND,20190418,60.9,61.8,60,60.3,25872
ADLABS,20190418,9.25,9.5,9.1,9.1,181658
ADORWELD,20190418,345.05,345.1,338.05,338.9,1518
ADROITINFO,20190418,16.5,16.5,15.75,16,111
ADSL,20190418,14,15.95,14,15.95,120681
ADVANIHOTR,20190418,68.1,68.1,67,67.05,2094
ADVENZYMES,20190418,193,193.1,189,191.55,99862
AEGISCHEM,20190418,210,211,206.5,208.7,135025
AGARIND,20190418,154.95,181.3,152.45,179.1,70179
AGCNET,20190418,115.2,120.65,114,114.3,4875
AGLSL,20190418,60.3,60.3,57.95,58,7677
AGRITECH,20190418,66.95,67,62,64.65,30494
AGROPHOS,20190418,70,70,66.5,70,70
AHLEAST,20190418,235.2,240,235.2,237,493
AHLUCONT,20190418,335.8,337,334.85,335,5451
AHLWEST,20190418,377.95,394.9,354.5,372.8,498
AIAENG,20190418,1780.2,1820,1780.2,1807.55,47112
AIFL,20190418,11.8,11.8,11,11.15,30496
AIONJSW,20190418,26.85,27.7,26.6,27.3,19058
AJANTPHARM,20190418,1043,1043,1018.9,1027,745277
AJMERA,20190418,186.85,187,181.15,182.05,24334
AKSHARCHEM,20190418,334,338.95,330.5,333.2,1863
AKSHOPTFBR,20190418,18.3,18.4,17.5,17.6,635565
AKZOINDIA,20190418,1760,1776.35,1760,1763.55,740
ALANKIT,20190418,34.6,40.7,34.6,36.6,887934
ALBERTDAVD,20190418,408.1,413,398.15,403,3514
ALBK,20190418,52.5,52.5,50.8,51.05,4833853
ALCHEM,20190418,1.95,1.95,1.9,1.95,1011
ALEMBICLTD,20190418,44.7,44.9,43.2,43.75,142309
ALICON,20190418,571.45,592,561.45,585.25,1035
ALKALI,20190418,44.5,45.8,44,44.95,15828
ALKEM,20190418,1713,1729.9,1710.05,1721.15,27692
ALKYLAMINE,20190418,871.9,879.1,860,865.4,2770
ALLCARGO,20190418,116,118.8,115.1,116.3,282611
ALLSEC,20190418,305,314.9,305,310.45,76607
ALMONDZ,20190418,22,22.15,21.5,21.5,1354
ALOKTEXT,20190418,4.55,4.55,4.3,4.4,5169734
ALPA,20190418,27.65,27.65,26.05,26.2,32022
ALPHAGEO,20190418,484.95,489,475,475.85,2630
ALPSINDUS,20190418,1.85,1.9,1.85,1.85,110
AMARAJABAT,20190418,712,712,690.25,693.15,349948
AMBER,20190418,844.9,844.9,820.95,832.15,25717
AMBIKCO,20190418,1142,1142,1112.65,1124.6,1483
AMBUJACEM,20190418,232,235.25,230,233.4,2742711
AMDIND,20190418,21.9,23.4,20.7,22.65,8817
AMJLAND,20190418,20,20.45,19.3,20.4,4765
AMRUTANJAN,20190418,316,318.9,308.6,310.2,15357
ANANTRAJ,20190418,33.3,33.8,32.9,33.2,306683
ANDHRABANK,20190418,28.8,28.9,28.05,28.35,888287
ANDHRACEMT,20190418,4.7,4.9,4.7,4.7,69511
ANDHRSUGAR,20190418,352,358.6,349.15,353.1,20846
ANIKINDS,20190418,15.65,16,14.9,15.7,7272
ANKITMETAL,20190418,0.55,0.55,0.5,0.5,76000
ANSALAPI,20190418,11.6,11.6,11.05,11.1,158407
ANSALHSG,20190418,12.6,12.8,12.05,12.35,102089
ANTGRAPHIC,20190418,0.65,0.65,0.6,0.65,10913
ANUP,20190418,480.2,486,480,483.35,26380
APARINDS,20190418,692.2,702.3,690,694.6,8123
APCL,20190418,144.1,144.45,140,140.9,2366
APCOTEXIND,20190418,540,545,535.1,540.25,4161
APEX,20190418,338,338.75,325.25,327.95,54435
APLAPOLLO,20190418,1565,1583,1535,1557.8,34983
APLLTD,20190418,530,539.5,530,535.55,32758
APOLLO,20190418,142,143.8,136.15,137.8,36931
APOLLOHOSP,20190418,1274,1279.9,1255.8,1271.6,283213
APOLLOTYRE,20190418,217,221.25,214.35,219.1,2590365
APOLSINHOT,20190418,979.95,1005,950,961.8,6443
APTECHT,20190418,175.8,175.9,169,169.75,139928
ARCHIDPLY,20190418,39.15,39.65,38.3,38.8,16417
ARCHIES,20190418,23.7,23.95,23.4,23.5,22616
ARCOTECH,20190418,5.55,5.7,5.35,5.6,63602
ARENTERP,20190418,12.65,12.65,12.4,12.4,200
ARIES,20190418,86.2,86.85,84,84.25,18357
ARIHANT,20190418,29,29,29,29,10
ARIHANTSUP,20190418,59.9,60.15,59.3,59.6,13708
ARMANFIN,20190418,366.75,366.75,360.05,363,812
AROGRANITE,20190418,51.45,51.75,49.1,49.7,8576
ARROWGREEN,20190418,80,80,76,76.5,6465
ARROWTEX,20190418,17.7,18.2,17.3,17.8,1051
ARSHIYA,20190418,33.4,33.75,32.5,32.55,36880
ARSSINFRA,20190418,61.4,61.4,58.5,61.4,185743
ARVIND,20190418,90.5,90.85,87.15,87.7,1818511
ARVINDFASN,20190418,959,965,952,960.95,46983
ARVSMART,20190418,125.2,125.5,123.05,123.7,12272
ASAHIINDIA,20190418,263.4,263.4,252.15,256.85,13118
ASAHISONG,20190418,159.15,161.9,159.1,160.85,1088
ASAL,20190418,54.9,57,53.55,55,3463
ASHAPURMIN,20190418,27.35,29.15,27.35,28,5168
ASHIANA,20190418,119.9,120.5,119,119.6,44158
ASHIMASYN,20190418,11.6,12,11.55,11.65,22510
ASHOKA,20190418,134.8,135,130.2,131.65,199838
ASHOKLEY,20190418,97,97.2,94.05,95.75,19780948
ASIANHOTNR,20190418,132.15,132.15,131.4,132,248
ASIANPAINT,20190418,1464,1479.9,1460.3,1469.6,1425676
ASIANTILES,20190418,208.85,211.85,197,201,86509
ASPINWALL,20190418,164.05,165,156.95,159.45,838
ASSAMCO,20190418,2.15,2.2,2,2.1,119399
ASTEC,20190418,515.85,534.8,507.25,527.95,26227
ASTERDM,20190418,151.65,153.75,150.1,152.5,42885
ASTRAL,20190418,1240,1258,1217,1246.45,42509
ASTRAMICRO,20190418,99.45,100.1,95.45,95.7,207276
ASTRAZEN,20190418,2280,2284,2205,2265.65,15717
ASTRON,20190418,100.7,101.5,98.1,98.75,234699
ATFL,20190418,589.55,593.15,579.65,581,9157
ATLANTA,20190418,19,19.5,18.75,19.2,28257
ATLASCYCLE,20190418,73,73.15,69,69.25,11698
ATNINTER,20190418,0.15,0.2,0.15,0.2,69575
ATUL,20190418,3512,3562.95,3492,3542.45,4617
ATULAUTO,20190418,338.9,338.9,333,334.15,5724
AUBANK,20190418,604,623.8,597.2,616.9,958375
AURIONPRO,20190418,147.2,150.15,147.15,148.85,20317
AUROPHARMA,20190418,785,794,779,789.55,1602160
AUSOMENT,20190418,39.85,39.85,36.1,37.7,3298
AUTOAXLES,20190418,1196,1216.15,1196,1206.8,3501
AUTOIND,20190418,49.2,51,48.5,49.6,10226
AUTOLITIND,20190418,38.1,40.4,37.4,37.65,22474
AVADHSUGAR,20190418,451,452.05,437,438.35,23816
AVANTIFEED,20190418,409.25,411.6,395.15,398.35,247195
AVTNPL,20190418,25.7,26,24.95,25.2,39309
AXISBANK,20190418,778.4,779,769,771.2,6098041
AXISCADES,20190418,58.65,59.7,56.55,56.95,19516
AXISGOLD,20190418,2783,2783,2750,2766.8,297
AXISNIFTY,20190418,1200.23,1206.37,1195.23,1195.23,45
AYMSYNTEX,20190418,37.45,37.8,36,37.35,17079
BAFNAPHARM,20190418,9.55,9.6,9.3,9.5,6171
BAGFILMS,20190418,4.9,4.9,4.65,4.75,58416
BAJAJ-AUTO,20190418,3069,3089.9,3041.2,3069.5,365773
BAJAJCON,20190418,338.85,339.8,334,335.45,150609
BAJAJELEC,20190418,580,580.05,563.2,566.85,160547
BAJAJFINSV,20190418,7593,7595,7465,7571.15,162690
BAJAJHIND,20190418,8.9,8.95,8.6,8.7,1537695
BAJAJHLDNG,20190418,3307,3324.95,3280,3289.4,30759
BAJFINANCE,20190418,3038.7,3046,2995,3014.45,658826
BALAJITELE,20190418,80.15,80.4,78,78.9,29963
BALAMINES,20190418,485.5,497.05,476,476.95,15061
BALAXI,20190418,71.15,71.15,71.15,71.15,1147
BALKRISHNA,20190418,39.65,40.55,38.75,39.05,7024
BALKRISIND,20190418,967,974.25,955.65,961.55,172531
BALLARPUR,20190418,2.65,2.8,2.6,2.6,4966648
BALMLAWRIE,20190418,181,183,177.75,178,75649
BALPHARMA,20190418,72.05,72.45,70.5,71.05,16520
BALRAMCHIN,20190418,140,147.4,139.4,146.2,3043484
BANARBEADS,20190418,44.55,44.55,43.6,43.9,462
BANARISUG,20190418,1486.05,1487.5,1476.6,1480.55,151
BANCOINDIA,20190418,152.9,155.7,151.9,154.8,43131
BANDHANBNK,20190418,563,577.4,562,567.95,1053129
BANG,20190418,39.05,39.5,37.3,38.25,9988
BANKBARODA,20190418,130.85,131.05,125.75,126.55,13933866
BANKBEES,20190418,3110,3118.4,3075.4,3082.43,4075
BANKINDIA,20190418,99.05,99.6,96.05,96.75,5875305
BANSWRAS,20190418,66.7,71.2,65.5,69.95,4369
BARTRONICS,20190418,6.5,6.7,6.35,6.4,28540
BASF,20190418,1378.85,1391,1368,1373.15,8576
BASML,20190418,185,194.7,181,187.85,1890
BATAINDIA,20190418,1431,1438,1418.1,1421.2,534153
BAYERCROP,20190418,4200.7,4310,4166,4253.65,11897
BBL,20190418,1107.95,1116.75,1085.4,1087.15,2653
BBTC,20190418,1347.45,1350,1306,1315.9,54403
BCG,20190418,5.15,5.15,5.15,5.15,170804
BDL,20190418,297.8,298.55,288,288.85,39952
BEARDSELL,20190418,16.55,16.75,15.55,16,1662
BEDMUTHA,20190418,19.95,22.65,18.4,19.9,232715
BEL,20190418,94.15,94.55,92.15,92.5,5425909
BEML,20190418,969.8,970,948.55,955.45,899518
BEPL,20190418,84.6,84.7,78.65,81.1,841116
BERGEPAINT,20190418,334.6,336.9,327.4,329.35,381065
BFINVEST,20190418,260.25,260.85,246.2,248.5,30539
BFUTILITIE,20190418,211.9,212.25,200,201.85,421726
BGLOBAL,20190418,2.35,2.45,2.3,2.4,16638
BGRENERGY,20190418,61.2,61.8,60.1,60.55,59304
BHAGERIA,20190418,265.5,278,265.5,272.9,1517
BHAGYANGR,20190418,30.8,31.65,30.8,31.05,4016
BHAGYAPROP,20190418,29.05,30.55,29.05,29.9,2598
BHANDARI,20190418,1.95,2,1.9,1.95,291131
BHARATFIN,20190418,1138.4,1143.75,1105.95,1110.15,379646
BHARATFORG,20190418,513,513,498.5,500.55,506541
BHARATGEAR,20190418,150.05,151.45,146.75,147.35,9596
BHARATRAS,20190418,4599,4599,4375,4403.2,966
BHARATWIRE,20190418,54.45,54.45,53,53.1,13967
BHARTIARTL,20190418,349.5,350.45,332.65,346.95,14545230
BHEL,20190418,78,78,75.75,76.05,7161272
BIGBLOC,20190418,37.75,37.75,33.25,36.95,313
BIL,20190418,259.9,262,256.05,257.55,494
BILENERGY,20190418,5.8,5.8,5.3,5.75,3325424
BINANIIND,20190418,36.55,36.8,35.05,36.3,9256
BINDALAGRO,20190418,14.2,14.35,14,14.2,10678
BIOCON,20190418,624,624.9,612.4,615.2,804519
BIOFILCHEM,20190418,8.05,8.05,7.4,7.55,2022
BIRLACABLE,20190418,142.8,144.25,138.4,138.85,52719
BIRLACORPN,20190418,522.6,528,516,519.55,101629
BIRLAMONEY,20190418,55.5,55.5,52.4,52.7,163811
BKMINDST,20190418,5,5,4.75,4.75,7213
BLBLIMITED,20190418,5,5.3,4.8,4.9,13344
BLISSGVS,20190418,178.45,179.5,174,174.95,357217
BLKASHYAP,20190418,20.3,20.3,19.6,19.95,119476
BLS,20190418,128.5,132.4,128.1,130.3,29312
BLUEBLENDS,20190418,3.5,3.5,3.5,3.5,20
BLUECOAST,20190418,33.2,33.2,30.1,30.1,7541
BLUEDART,20190418,3277,3277,3220,3230.85,3915
BLUESTARCO,20190418,677,677.05,658,658.9,44621
BODALCHEM,20190418,123,124.5,119.65,121.5,85570
BOMDYEING,20190418,135.2,135.8,124,130.05,1699460
BOROSIL,20190418,219.95,220,214.5,214.9,34929
BOSCHLTD,20190418,18444.95,18444.95,18071.55,18173.5,11005
BPCL,20190418,358,365,353.8,362.9,4787566
BPL,20190418,25.95,26.05,25.05,25.35,84172
BRFL,20190418,8.85,9.45,8.65,8.85,38719
BRIGADE,20190418,248,248,239.05,244.75,31444
BRITANNIA,20190418,3029.85,3029.85,2988.15,2997.75,155314
BRNL,20190418,111.7,113.15,101.2,105.25,20518
BROOKS,20190418,54.3,56.2,54.3,54.95,34078
BSE,20190418,625.45,626.5,620.25,623.5,134895
BSELINFRA,20190418,1.95,1.95,1.9,1.9,25571
BSL,20190418,41.95,42.75,41.8,42.35,7070
BSLGOLDETF,20190418,2871,2871,2871,2871,1
BSLNIFTY,20190418,127.99,127.99,126.34,126.78,682
BSOFT,20190418,101.5,102.95,98.85,100.3,1285176
BURNPUR,20190418,2.9,3.1,2.9,2.9,156950
BUTTERFLY,20190418,187.9,188,183.05,184.8,13634
BVCL,20190418,16.75,17.55,16.5,17.55,93
BYKE,20190418,32.6,32.8,31.3,32.25,187540
CADILAHC,20190418,339.65,340.4,334.25,336.5,896846
CALSOFT,20190418,23.9,24,21.6,23.05,26820
CAMLINFINE,20190418,47.05,47.6,46.5,46.55,63698
CANBK,20190418,280.8,281.25,273.15,277.25,3965678
CANFINHOME,20190418,343,346.9,335.7,337.2,967633
CANTABIL,20190418,274.5,275.5,264.3,266.7,96243
CAPACITE,20190418,231.5,232.05,228,230,41533
CAPLIPOINT,20190418,392.4,393.25,385,385.35,22697
CAPTRUST,20190418,200,204.85,195,202.4,408
CARBORUNIV,20190418,377.7,377.7,369,373.85,21773
CAREERP,20190418,72.05,73.3,71,71.3,2681
CARERATING,20190418,989,991.95,984,985.95,70877
CASTEXTECH,20190418,0.95,0.95,0.9,0.9,274122
CASTROLIND,20190418,167.75,167.9,163,164,860686
CCHHL,20190418,6.55,6.55,6.25,6.4,25906
CCL,20190418,270,270,265,266.85,20611
CDSL,20190418,233.75,235.1,229.9,234.4,145976
CEATLTD,20190418,1127,1133,1101,1113.55,333560
CEBBCO,20190418,18.9,19.35,18.5,19.3,3751
CELEBRITY,20190418,8.7,9,8.45,8.7,4516
CELESTIAL,20190418,5.7,5.95,5.6,5.8,34098
CENTENKA,20190418,245.4,246.5,241,242.05,17555
CENTEXT,20190418,5.55,5.6,5.2,5.4,242420
CENTRALBK,20190418,34.6,35.1,33.9,34.1,557424
CENTRUM,20190418,33.25,33.45,32.8,32.95,23922
CENTUM,20190418,490.8,490.8,461,463.35,2291
CENTURYPLY,20190418,188.5,190.95,184.25,185.7,74554
CENTURYTEX,20190418,929.35,945.6,915.35,940.55,468414
CERA,20190418,2780,2821,2780,2799.75,3003
CEREBRAINT,20190418,34.8,34.8,28.35,29.5,958403
CESC,20190418,743.1,744.95,725.75,730.4,245183
CESCVENT,20190418,568.6,568.6,538.5,548,34343
CGCL,20190418,187,187.5,181.55,182.65,739505
CGPOWER,20190418,38.55,38.9,36.5,36.9,9521953
CHALET,20190418,325,332.35,313.35,317,69381
CHAMBLFERT,20190418,167.15,167.95,165,166.15,1193546
CHEMFAB,20190418,151.7,151.7,148.95,149.05,961
CHENNPETRO,20190418,266,268.25,261.05,262.45,316820
CHOLAFIN,20190418,1490.2,1493.85,1462,1480.4,151838
CHOLAHLDNG,20190418,508.2,508.2,489.3,497.45,32919
CHROMATIC,20190418,1.05,1.05,0.95,1,79613
CIGNITITEC,20190418,390.7,390.7,370.55,372.4,20741
CIMMCO,20190418,34.05,34.35,33.05,33.55,6982
CINELINE,20190418,47.5,47.9,45.8,46.2,18540
CINEVISTA,20190418,5.6,5.6,5.6,5.6,1710
CIPLA,20190418,562,566.65,553.2,561.55,2306549
CKFSL,20190418,54.2,54.2,54.2,54.2,9749
CLEDUCATE,20190418,120.2,126.5,120.2,123.85,2884
CLNINDIA,20190418,337,340,332.05,335.45,15653
CMICABLES,20190418,137.5,138,133.5,134.65,13119
CNOVAPETRO,20190418,17.5,17.75,16.7,17.3,26507
COALINDIA,20190418,251.75,252.9,249.6,251.45,7981706
COCHINSHIP,20190418,390.2,392.9,387.05,389.35,45799
COFFEEDAY,20190418,271,273.45,262.2,264.2,96473
COLPAL,20190418,1226,1227.9,1214,1216.95,275564
COMPINFO,20190418,17.95,18.5,16.9,17.1,98588
COMPUSOFT,20190418,9.15,9.15,8.75,8.75,21111
CONCOR,20190418,515.9,523,508.1,521.05,505695
CONSOFINVT,20190418,44.6,46.95,44.6,44.7,764
CONTROLPR,20190418,268.85,269,259.3,262.45,6219
CORALFINAC,20190418,17.4,17.4,16.65,17.05,3958
CORDSCABLE,20190418,66.1,66.6,65.5,66.3,7729
COROMANDEL,20190418,439.8,442.95,438.05,439.85,84538
CORPBANK,20190418,27.9,28.4,27.85,28,554661
COSMOFILMS,20190418,216.55,219,210.5,213.85,15973
COUNCODOS,20190418,2.35,2.35,2.25,2.35,18972
COX&KINGS,20190418,136,138.95,134,135.25,151522
CPSEETF,20190418,27.32,27.55,27.27,27.34,12456077
CREDITACC,20190418,506.45,520,506.45,515.55,43141
CREST,20190418,131.95,131.95,127,127.7,3456
CRISIL,20190418,1551.3,1590,1484.55,1496.45,48186
CRMFGETF,20190418,2950,2950,2950,2950,1
CROMPTON,20190418,232.75,239.9,231.95,237.35,734012
CTE,20190418,43.1,44.5,42.7,43.95,1498
CUB,20190418,201,203,201,202.05,545526
CUBEXTUB,20190418,13.65,14.8,13.6,14,602
CUMMINSIND,20190418,732.5,749.5,724.05,739.75,267126
CUPID,20190418,134.35,138.5,131.35,133.15,13006
CURATECH,20190418,1.2,1.2,1.2,1.2,3479
CYBERMEDIA,20190418,4,4,4,4,50
CYBERTECH,20190418,46.3,46.3,44,44.5,1978
CYIENT,20190418,589,594.5,583.55,587.35,149289
DAAWAT,20190418,37.6,37.85,36.35,36.8,561909
DABUR,20190418,409.9,412,403.55,404.95,1435665
DALBHARAT,20190418,1090,1114.2,1082.75,1090.45,42864
DALMIASUG,20190418,115.95,116.5,111.6,112.55,143859
DAMODARIND,20190418,41.5,42.95,40.9,41.45,3810
DATAMATICS,20190418,102.4,102.5,99.65,100.55,31527
DBCORP,20190418,194.55,194.55,188,190,17092
DBL,20190418,646,667.4,635.55,644.75,510631
DBREALTY,20190418,18,18,17.05,17.1,289467
DBSTOCKBRO,20190418,7.8,7.8,7.8,7.8,248
DCAL,20190418,232,232.25,228.35,229.25,102905
DCBBANK,20190418,203.45,205.2,197,202.3,8741409
DCM,20190418,64.1,64.1,60.9,61,34493
DCMSHRIRAM,20190418,401,404.95,396.05,398.4,53022
DCW,20190418,18.95,19.8,18.3,19.5,282102
DECCANCE,20190418,405.2,407.5,401,402.9,1597
DEEPAKFERT,20190418,159.65,169,157.25,158.95,2233548
DEEPAKNTR,20190418,269.1,272,266,267,75178
DEEPIND,20190418,138.9,140.65,136.2,139.85,22055
DELTACORP,20190418,256.7,256.7,248,248.9,556887
DELTAMAGNT,20190418,73.45,73.45,68.05,68.6,703
DEN,20190418,67.45,67.45,64.3,65.4,62564
DENORA,20190418,312.45,316.75,306.8,312.75,2394
DFMFOODS,20190418,268.8,268.8,254,262.5,16002
DHAMPURSUG,20190418,223.2,223.7,215.15,218.7,627742
DHANBANK,20190418,19.25,19.85,19.1,19.25,292841
DHANUKA,20190418,401.95,401.95,390,399.6,11071
DHARSUGAR,20190418,11,11.35,10.7,11.2,7139
DHFL,20190418,172.4,172.9,155.65,157.1,25656182
DHUNINV,20190418,270,275.85,264.6,269.75,1370
DIAMONDYD,20190418,940.75,944.1,926,930.5,3151
DICIND,20190418,346.55,352.9,341.6,344.8,349
DIGJAMLTD,20190418,4.35,4.35,4.15,4.2,21069
DISHTV,20190418,40.2,40.35,37.5,37.9,17892285
DIVISLAB,20190418,1716,1731.75,1713,1724.35,334997
DIXON,20190418,2336,2354.95,2324.65,2330.35,14032
DLF,20190418,183.85,185.7,179.25,183.1,14326897
DLINKINDIA,20190418,83.2,83.95,82.2,82.45,13745
DMART,20190418,1415,1424,1353,1358.5,915917
DNAMEDIA,20190418,0.95,1,0.95,1,111574
DOLLAR,20190418,280.05,285.95,278.85,284.65,13872
DOLPHINOFF,20190418,50.1,50.4,48.25,48.75,36532
DONEAR,20190418,40.15,40.25,39.15,39.55,23048
DPSCLTD,20190418,12.5,12.5,12.25,12.5,3836
DQE,20190418,7.05,7.15,6.85,6.9,29731
DREDGECORP,20190418,415.1,415.95,406.4,407.35,70289
DRREDDY,20190418,2827.95,2827.95,2791.35,2799.1,433608
DSSL,20190418,27.95,29,27.25,28.2,5242
DTIL,20190418,247,254.95,241.5,248.65,7557
DUCON,20190418,14.4,14.8,13.6,14.05,192364
DVL,20190418,96.35,96.4,92.4,93.65,3016
DWARKESH,20190418,28.35,28.7,27.65,28.2,506673
DYNAMATECH,20190418,1537,1555,1504,1508.55,536
DYNPRO,20190418,117.85,117.85,115.1,116.75,4810
EASTSILK,20190418,2.2,2.25,2.05,2.1,18229
EASUNREYRL,20190418,7.6,8.25,7.6,7.65,25676
EBANK,20190418,3640,3640,3625,3625,13
ECEIND,20190418,342,349,332.1,335.15,2958
ECLERX,20190418,1129.1,1142.95,1125.25,1130.15,27957
EDELWEISS,20190418,182.75,182.75,173.6,179.45,2299749
EICHERMOT,20190418,21378,21469.95,20949.55,21023.9,69461
EIDPARRY,20190418,204,205.35,202,203.9,24182
EIHAHOTELS,20190418,380.5,386.65,372.3,374.6,1915
EIHOTEL,20190418,193.65,195.6,190.5,193.25,133556
EIMCOELECO,20190418,401.95,402.15,386.05,388.05,992
EKC,20190418,28.7,28.7,27.55,27.9,48849
ELAND,20190418,7.45,7.8,7.45,7.5,4983
ELECON,20190418,65.4,65.4,63,63.2,65131
ELECTCAST,20190418,20.6,21.4,20.4,20.95,117101
ELECTHERM,20190418,270.4,305.25,266,300.2,895571
ELGIEQUIP,20190418,260.8,261.55,258,258.85,17221
ELGIRUBCO,20190418,24,24.9,23.1,24.35,2957
EMAMILTD,20190418,395,397.75,391.2,394.2,187496
EMAMIREAL,20190418,114.1,115.95,110.25,111.2,16421
EMCO,20190418,3.5,3.5,3.25,3.45,22689
EMKAY,20190418,97,104.95,91.1,92.05,30107
EMMBI,20190418,128.5,129.9,123,124.55,8968
ENDURANCE,20190418,1169,1173.55,1159.25,1163.3,73810
ENERGYDEV,20190418,7.6,7.75,7.5,7.5,36193
ENGINERSIN,20190418,119.5,120.15,116.75,118.15,1403014
ENIL,20190418,531.95,532,522,528.1,2605
EON,20190418,40,40,38,38.2,16539
EQ30,20190418,294,294,285.5,285.71,149
EQUITAS,20190418,134.55,137.4,134.2,135.85,1768580
ERIS,20190418,638.75,644,620.65,630.9,28100
EROSMEDIA,20190418,78.9,78.9,76.1,77.45,559683
ESABINDIA,20190418,897.7,897.7,871,885.95,1160
ESCORTS,20190418,791.5,791.5,768.4,770.5,828737
ESSARSHPNG,20190418,13.15,14.8,12.95,14.8,586846
ESSDEE,20190418,13.35,13.35,12.55,12.9,30443
ESSELPACK,20190418,130.3,132.7,130.3,131.7,171439
ESTER,20190418,35.15,35.5,34.25,34.4,40017
EUROCERA,20190418,1.2,1.2,1.2,1.2,2502
EUROTEXIND,20190418,17.6,17.6,16.15,16.15,145
EVEREADY,20190418,184.6,185.35,175.5,176.55,257975
EVERESTIND,20190418,437.55,459,436.65,452.3,66448
EXCEL,20190418,1.75,1.75,1.65,1.65,190239
EXCELCROP,20190418,3628.25,3685.15,3570,3574.95,4326
EXCELINDUS,20190418,1144,1144,1111,1114.3,4389
EXIDEIND,20190418,229.5,229.5,216.6,221.8,3092376
FACT,20190418,37.45,37.45,36.45,36.75,30876
FAIRCHEM,20190418,465,470.25,464.45,469.15,7052
FCL,20190418,41.3,41.85,40,40.2,130167
FCONSUMER,20190418,44.9,45.2,43.8,44.1,787061
FCSSOFT,20190418,0.2,0.25,0.2,0.2,773581
FDC,20190418,167.8,167.8,163.15,164.15,17786
FEDERALBNK,20190418,98,98.2,95.3,97,9119727
FEL,20190418,38.25,38.75,37.2,37.55,318271
FELDVR,20190418,35.85,35.85,34.5,35,2068
FIEMIND,20190418,512,512,495,501.15,5799
FILATEX,20190418,50.15,52.6,48.95,50.75,375567
FINCABLES,20190418,490,491.5,472.25,477.1,70100
FINEORG,20190418,1340,1340,1300.2,1308.35,5725
FINPIPE,20190418,488,490.55,481.45,481.85,11973
FLEXITUFF,20190418,54.9,54.9,49.2,50.45,13226
FLFL,20190418,467.9,481.9,467.9,480.35,270544
FMGOETZE,20190418,574.75,589.9,574.7,579.75,13419
FMNL,20190418,42,43.5,41.6,42.4,7113
FORTIS,20190418,141.4,141.4,139,140.4,581496
FOSECOIND,20190418,1484,1484,1450.4,1462.4,1127
FRETAIL,20190418,430,435.15,425.1,430,291199
FSC,20190418,572,572.05,563,563.95,6101
FSL,20190418,51.35,51.5,49.55,50.4,2813353
GABRIEL,20190418,150.5,150.5,149,149.85,41819
GAEL,20190418,221,221.7,215,215.45,25955
GAIL,20190418,354.4,354.4,348.5,351.95,2694358
GAL,20190418,4.5,4.65,4.25,4.5,14197
GALAXYSURF,20190418,1025,1027,1012.05,1012.9,2168
GALLANTT,20190418,48.45,48.9,48.1,48.2,5975
GALLISPAT,20190418,33.15,34.3,33.15,34.2,39301
GAMMNINFRA,20190418,0.65,0.65,0.6,0.65,192373
GANDHITUBE,20190418,348,348.4,341.6,343.4,2451
GANECOS,20190418,324.6,329.65,322.25,325.45,4423
GANESHHOUC,20190418,69.5,69.5,64.5,65.2,102989
GANGESSECU,20190418,43.8,48.1,43.8,46.65,1526
GARDENSILK,20190418,19.55,19.65,19.15,19.3,7794
GARFIBRES,20190418,1135.05,1136.95,1117,1129.6,8544
GATI,20190418,88.5,89.4,85.1,85.7,1360599
GAYAHWS,20190418,0.85,0.9,0.85,0.9,28768
GAYAPROJ,20190418,175,176,173.6,175.3,6931
GDL,20190418,145,146.4,140.85,144.8,270434
GEECEE,20190418,119.4,122.9,119.4,120.6,1747
GENESYS,20190418,101.05,102.95,95.3,96.9,43607
GENUSPAPER,20190418,7.2,7.35,7.1,7.15,85207
GENUSPOWER,20190418,29.05,29.35,28.5,28.75,90476
GEOJITFSL,20190418,41.1,44.85,41.1,41.6,124070
GEPIL,20190418,850.45,864.8,847.25,854.65,12564
GESHIP,20190418,300.35,304,288.8,291.35,60445
GET&D,20190418,271.95,272.1,256.6,260.55,119063
GHCL,20190418,240,241,233.1,235.05,79940
GICHSGFIN,20190418,262,262,255,257.4,48656
GICRE,20190418,255.4,261.8,245.25,260.05,366756
GILLANDERS,20190418,50.45,51,48.6,48.8,2165
GILLETTE,20190418,7807.5,7870,7480,7650.85,13938
GINNIFILA,20190418,13.3,13.85,13.1,13.5,47663
GIPCL,20190418,75.2,75.5,73.45,74.15,40793
GISOLUTION,20190418,3.65,3.65,3.65,3.65,6
GKWLIMITED,20190418,760.2,779.95,760,762.95,33
GLAXO,20190418,1293,1300.15,1292.4,1299.9,10622
GLENMARK,20190418,646,648.6,633.9,639.15,496634
GLFL,20190418,1.6,1.6,1.6,1.6,201
GLOBALVECT,20190418,121,126.9,112.15,115.85,1076853
GLOBOFFS,20190418,11.35,11.35,10.5,11.2,12518
GLOBUSSPR,20190418,146,148,140.65,141.75,162556
GMBREW,20190418,582.1,584,570.3,571.6,17527
GMDCLTD,20190418,78.3,78.3,75.05,75.3,279551
GMMPFAUDLR,20190418,1225,1225,1184.05,1203.95,3494
GMRINFRA,20190418,18.55,18.65,18,18.35,15684926
GNA,20190418,325.1,330.5,324.85,325.55,25087
GNFC,20190418,323.05,327.3,317.55,321.65,216910
GOACARBON,20190418,496.3,497,471,477.55,82680
GOCLCORP,20190418,331.85,337.95,324.15,331.05,6681
GODFRYPHLP,20190418,1190,1194.95,1152.8,1160.4,151192
GODREJAGRO,20190418,534.5,534.5,517.65,523.7,116688
GODREJCP,20190418,669.85,673,664.75,667.65,2616694
GODREJIND,20190418,527.5,529.5,514.25,517.05,203196
GODREJPROP,20190418,938.05,942.6,911.3,915.25,244794
GOKEX,20190418,90.55,90.55,85.85,86.15,28830
GOKUL,20190418,8,8.15,7.7,8.05,10145
GOKULAGRO,20190418,12,12.3,11.5,12.05,7919
GOLDBEES,20190418,2825,2825,2779.85,2793.05,11759
GOLDENTOBC,20190418,41.7,45.75,41.7,44.4,705
GOLDIAM,20190418,73.8,79,73.05,77.65,23063
GOLDSHARE,20190418,2825,2834,2800.55,2822.95,557
GOLDTECH,20190418,14.55,14.55,13.2,13.85,8747
GOODLUCK,20190418,65.5,66.35,65.1,65.55,4037
GPIL,20190418,239.2,242.35,233,234.1,35324
GPPL,20190418,97.7,98.35,94.5,95.1,167320
GPTINFRA,20190418,59.9,64.6,59.9,62.05,4657
GRANULES,20190418,116,116.4,112.1,113.95,758332
GRAPHITE,20190418,471.6,473,450.1,451.1,1142015
GRASIM,20190418,887.4,887.9,861.6,867.25,1047651
GRAVITA,20190418,88.35,94.2,85,91.15,220761
GREAVESCOT,20190418,148,148,142.6,143.35,220196
GREENLAM,20190418,995.05,1002.2,962.6,990.95,2994
GREENPLY,20190418,174,174,168.4,169.7,35306
GREENPOWER,20190418,3.35,3.55,3.35,3.35,75958
GRINDWELL,20190418,591.6,606,585,603.5,16351
GROBTEA,20190418,409,416,402.45,412.85,80
GRPLTD,20190418,1050.15,1050.5,1050,1050.1,115
GRSE,20190418,101.95,102.9,100.25,101.5,13760
GRUH,20190418,286.5,295.8,285.2,286.1,834338
GSCLCEMENT,20190418,21.65,21.95,21.6,21.65,13864
GSFC,20190418,107.35,107.35,103.5,104,819853
GSKCONS,20190418,7180,7255.15,7172.4,7235.85,11061
GSPL,20190418,187.45,190.75,184.8,189.95,386520
GSS,20190418,124.65,127.5,122.15,123.4,97503
GTL,20190418,4.8,4.8,4.45,4.45,60480
GTLINFRA,20190418,0.9,1,0.9,0.95,3194912
GTNIND,20190418,9.65,9.75,9.4,9.45,2861
GTNTEX,20190418,12.35,12.35,12.25,12.25,64
GTPL,20190418,70.1,70.1,67.5,68.35,12945
GUFICBIO,20190418,90.35,90.95,87.15,87.75,50208
GUJALKALI,20190418,501.55,502.9,497,497.2,62568
GUJAPOLLO,20190418,160.2,167.45,154,157.9,4480
GUJFLUORO,20190418,1060,1066.05,1050,1061.8,21131
GUJGASLTD,20190418,160.85,162.45,157.25,160.75,452696
GUJRAFFIA,20190418,18.1,18.1,18.1,18.1,100
GULFOILLUB,20190418,882.5,882.5,867.75,875,2489
GULFPETRO,20190418,74.15,74.15,72.3,72.6,6304
GULPOLY,20190418,55,55,53.6,54.3,5993
GVKPIL,20190418,7.55,7.55,7.2,7.3,2162809
HAL,20190418,707,710,697.05,699.85,10061
HARITASEAT,20190418,473.9,529,466.15,511.7,78542
HARRMALAYA,20190418,72.6,72.75,69.25,69.75,16905
HATHWAY,20190418,28.8,29.25,28.75,29.05,105772
HATSUN,20190418,741,741,724,737.2,7086
HAVELLS,20190418,751.15,767.6,751.15,757.7,1341325
HAVISHA,20190418,1,1.05,1,1,26652
HBLPOWER,20190418,26,26,24.3,24.55,156900
HBSL,20190418,8.3,8.65,8.3,8.3,1495
HCC,20190418,14.6,14.65,14.25,14.5,6947119
HCG,20190418,203.7,204.9,200.05,202.45,17005
HCL-INSYS,20190418,18.45,18.45,17.6,18.05,456610
HCLTECH,20190418,1108,1123.9,1090.5,1102.65,2027619
HDFC,20190418,2040,2047.9,1998.15,2003.75,3888701
HDFCAMC,20190418,1571.1,1589,1531.5,1585.75,75489
HDFCBANK,20190418,2313,2315.05,2288,2293.65,2653714
HDFCLIFE,20190418,409.35,413.7,395.9,406.35,2288968
HDFCMFGETF,20190418,2868,2869.95,2855.1,2864.35,636
HDFCNIFETF,20190418,1220,1225.84,1217.02,1222.29,791
HDFCSENETF,20190418,4098,4111.72,4075,4076,85
HDIL,20190418,26.25,26.4,25.25,25.45,2116305
HEG,20190418,2080,2094.9,2007,2016.55,252247
HEIDELBERG,20190418,180.45,181.5,177.2,179.1,114721
HERCULES,20190418,123.7,124.4,117.5,118.3,79251
HERITGFOOD,20190418,498.05,503.85,491.6,494.7,31618
HEROMOTOCO,20190418,2742.9,2759.9,2732.55,2741.55,563893
HESTERBIO,20190418,1436,1500,1436,1482.75,2815
HEXATRADEX,20190418,20,20.5,19.65,20,2480
HEXAWARE,20190418,347.65,348,334.3,337.4,956983
HFCL,20190418,23.6,23.75,22.65,22.7,2110483
HGINFRA,20190418,263.9,267,261,265.15,11857
HGS,20190418,669,669,645.1,647.9,1722
HIGHGROUND,20190418,6.95,7.2,6.9,7.05,13734
HIKAL,20190418,184.35,185.05,175.55,177.65,235717
HIL,20190418,1873.8,1873.8,1817.05,1848.9,6696
HILTON,20190418,17.5,17.5,17.2,17.2,4687
HIMATSEIDE,20190418,232.5,241,227.05,228.7,171813
HINDALCO,20190418,216.15,216.15,206.25,207.2,7237958
HINDCOMPOS,20190418,215.05,229.5,212.05,217.3,3785
HINDCOPPER,20190418,50.65,50.7,48.75,49,631179
HINDMOTORS,20190418,7.2,7.65,7.1,7.5,75234
HINDNATGLS,20190418,82.9,83,81,82.4,750
HINDOILEXP,20190418,127.85,127.85,124.95,126.15,221843
HINDPETRO,20190418,265,269.5,258.15,266.6,9397146
HINDUJAVEN,20190418,397.55,397.6,389.05,390.35,2809
HINDUNILVR,20190418,1738.55,1744.1,1729.25,1739.9,1475552
HINDZINC,20190418,282.3,284.95,281.55,284.35,469898
HIRECT,20190418,132.25,135.55,128.8,129.7,10442
HISARMETAL,20190418,45.5,46.2,45.2,45.3,1167
HITECH,20190418,282.5,282.5,276.55,278.4,6174
HITECHCORP,20190418,102.1,107.95,102.1,106.1,2234
HITECHGEAR,20190418,288.1,293.95,286.05,290.9,2857
HMVL,20190418,114,114.8,112,113.15,29944
HNGSNGBEES,20190418,3204.34,3204.34,3133.13,3199.99,15
HONAUT,20190418,23864.65,23940,23312.15,23801.45,821
HONDAPOWER,20190418,1114.05,1116.7,1080,1087.25,1445
HOTELEELA,20190418,10.6,10.75,10.5,10.55,211490
HOTELRUGBY,20190418,1.4,1.45,1.4,1.45,1810
HOVS,20190418,149.9,150.45,144.5,145.2,13876
HPL,20190418,66.7,67.85,63.55,64,84826
HSCL,20190418,118,118.3,115.05,115.9,178443
HSIL,20190418,271.3,273.95,268.6,270.45,60984
HTMEDIA,20190418,41.5,41.75,40,40.35,95208
HUBTOWN,20190418,34.85,34.85,32.5,32.95,30695
HUDCO,20190418,44.7,44.85,43.95,44.05,536031
IBREALEST,20190418,109.1,110.8,103.15,103.95,6825376
IBULHSGFIN,20190418,833,833.95,788.65,800.55,8489368
IBULISL,20190418,352.95,355,332.2,334.25,154982
IBVENTURES,20190418,325.9,326.8,307,310.6,982011
ICICI500,20190418,160.89,162.69,152.08,155.49,2223
ICICIB22,20190418,38.03,38.16,37.5,37.58,380031
ICICIBANK,20190418,411,411,402.6,404.4,18660434
ICICIGI,20190418,1089,1100,1070.4,1095.45,413555
ICICIGOLD,20190418,28.45,28.8,28.45,28.6,5964
ICICILIQ,20190418,1000,1000.01,999.01,999.99,79572
ICICILOVOL,20190418,91.98,92,91.96,91.96,145
ICICIMCAP,20190418,68.18,68.21,67.54,67.97,232451
ICICINF100,20190418,126.9,126.9,126.27,126.5,1115
ICICINIFTY,20190418,122.07,123.4,122.07,122.75,178415
ICICINV20,20190418,61,61,57.9,57.98,2860
ICICINXT50,20190418,27.5,29,27.5,28.5,196121
ICICIPRULI,20190418,364.05,367.9,358.4,366,1583204
ICICISENSX,20190418,418,420,412.54,414.15,32
ICIL,20190418,48.1,48.4,46,46.65,143526
ICRA,20190418,3110,3159.3,3100,3138.6,1260
ICSA,20190418,1.15,1.15,1.15,1.15,400
IDBI,20190418,44,44.15,43.15,43.3,3123982
IDBIGOLD,20190418,2931,2937,2931,2937,10
IDEA,20190418,18.1,18.15,16.95,17.25,73204505
IDFC,20190418,46.5,46.9,45.25,45.45,2016212
IDFCFIRSTB,20190418,53.9,54,52.75,53,10915127
IDFNIFTYET,20190418,124.99,124.99,116.1,116.1,24
IEX,20190418,158,161.45,157.05,159.1,73197
IFBAGRO,20190418,472.65,475.7,461,464.35,2801
IFBIND,20190418,852.5,873,852.5,865.95,12157
IFCI,20190418,13.2,13.2,12.4,12.5,9264367
IFGLEXPOR,20190418,231,232.9,229.85,231.45,17899
IGARASHI,20190418,337.15,337.15,326.05,331.85,34174
IGL,20190418,322,329.75,318.65,327.2,1894573
IGPL,20190418,311,315,303,307.2,11260
IIFL,20190418,454.75,463.05,446.9,452.75,246756
IITL,20190418,85.5,85.5,79,79.15,256
IMFA,20190418,257.95,259.7,250.5,252.1,19765
IMPAL,20190418,878.95,878.95,860,861.05,1218
IMPEXFERRO,20190418,0.4,0.4,0.35,0.4,10457
INDBANK,20190418,9.2,9.4,9.1,9.2,14842
INDHOTEL,20190418,154.8,155.8,150.35,153.35,1180720
INDIACEM,20190418,113.2,113.2,108.5,109.75,5070227
INDIAGLYCO,20190418,275.2,278,271.1,272.15,60872
INDIANB,20190418,270.25,271.5,262.65,265.3,1618580
INDIANCARD,20190418,118.75,121,118.25,119.05,265
INDIANHUME,20190418,289,292.05,283.1,285.2,10485
INDIGO,20190418,1597,1650,1542.25,1554.4,8338997
INDLMETER,20190418,40.5,41.95,38.75,39.1,1459
INDNIPPON,20190418,459,465,448.85,460.1,2719
INDOCO,20190418,204,204,197.85,199.05,17261
INDORAMA,20190418,35.45,35.45,35.05,35.15,15235
INDOSOLAR,20190418,2.05,2.1,2,2.1,193218
INDOSTAR,20190418,417.75,417.85,401.05,407.1,77337
INDOTECH,20190418,115.9,115.9,108.95,109.45,14707
INDOTHAI,20190418,34.95,35.95,34.9,35,3326
INDOWIND,20190418,5.75,5.75,5.5,5.5,19322
INDRAMEDCO,20190418,39.8,39.8,38.95,39.2,39666
INDSWFTLAB,20190418,39,39,37.5,37.95,17071
INDSWFTLTD,20190418,5.05,5.45,5.05,5.25,2763
INDTERRAIN,20190418,137,142.8,134.55,137.35,1712
INDUSINDBK,20190418,1816,1823.75,1752.3,1764.3,1857583
INEOSSTYRO,20190418,532,537,524,530.2,1942
INFIBEAM,20190418,51.9,53.55,49.8,50.05,15632574
INFRABEES,20190418,330.08,330.08,326.7,326.88,19
INFRATEL,20190418,312.95,314.45,303.25,307.2,2227796
INFY,20190418,722.5,722.5,712.75,717.05,13801105
INGERRAND,20190418,606.65,615,606.6,610.75,4273
INOXLEISUR,20190418,322,323.8,314.1,315,127198
INOXWIND,20190418,68.3,69,67.25,68.1,50231
INSECTICID,20190418,648.05,665,648.05,662.95,14350
INSPIRISYS,20190418,51.9,51.95,51,51.95,1822
INTEGRA,20190418,1.2,1.2,1.2,1.2,500
INTELLECT,20190418,230.7,230.75,219.5,221.8,268069
INTENTECH,20190418,39.05,39.15,38.05,39,13464
INVENTURE,20190418,12.95,12.95,12.95,12.95,2
IOB,20190418,14.85,14.95,14.65,14.7,663572
IOC,20190418,157.45,157.45,154.15,156.1,9175855
IOLCP,20190418,195.15,195.4,187.55,190.2,198884
IPAPPM,20190418,472,472,453.55,455.6,53487
IPCALAB,20190418,946,984.9,945.5,964.05,250525
IRB,20190418,143,143,134,136.7,2442078
IRCON,20190418,414.8,418.95,400,404.1,37854
ISEC,20190418,224,228.5,224,225.35,76828
ISFT,20190418,131.5,131.8,125.05,129.5,1303
ISMTLTD,20190418,8.2,8.5,8.2,8.5,4288
ITC,20190418,308.25,308.25,303.55,304.4,8838122
ITDC,20190418,279,280,270,271.65,17711
ITDCEM,20190418,125,130.7,123.2,128.15,219159
ITI,20190418,99.65,99.65,97.1,97.45,428692
IVC,20190418,5,5.25,4.95,4.95,180176
IVP,20190418,123.75,123.9,114.1,115.05,1830
IVRCLINFRA,20190418,0.75,0.75,0.7,0.75,430048
IVZINGOLD,20190418,2955,2955,2955,2955,2
IVZINNIFTY,20190418,1226.9,1226.9,1226.9,1226.9,45
IZMO,20190418,54.25,54.8,51.55,52,23273
J&KBANK,20190418,65,65,61.15,61.95,650619
JAGRAN,20190418,119.85,119.85,117.3,117.95,707722
JAGSNPHARM,20190418,25.8,25.8,25.35,25.55,2902
JAIBALAJI,20190418,32.5,33.9,32.3,32.3,6787
JAICORPLTD,20190418,128.15,132.7,127.5,128.45,3688521
JAIHINDPRO,20190418,1.3,1.3,1.3,1.3,708
JAMNAAUTO,20190418,62.3,62.3,59.25,59.8,2969296
JAYAGROGN,20190418,207.25,211.15,207.25,208.25,15209
JAYBARMARU,20190418,280.7,280.9,271.1,275.05,33268
JAYNECOIND,20190418,5.95,6.1,5.95,5.95,33557
JAYSREETEA,20190418,66.8,67.2,64.55,65.15,46323
JBCHEPHARM,20190418,349,353.9,344.45,347.3,18174
JBFIND,20190418,25.15,25.25,22.35,22.35,146285
JBMA,20190418,273,274.8,267,268.5,11886
JCHAC,20190418,1990,1990,1917,1922.15,1463
JETAIRWAYS,20190418,216.45,216.45,158.7,164.85,56787168
JHS,20190418,25.55,26.5,25.55,25.7,18123
JINDALPHOT,20190418,21.2,22.4,20.75,21.9,13379
JINDALPOLY,20190418,262.3,263,258.95,260.45,15808
JINDALSAW,20190418,88.4,89.15,85.75,86.35,719257
JINDALSTEL,20190418,190.5,191.2,179.15,183.3,11838461
JINDCOT,20190418,4.3,4.3,3.9,4.05,1841
JINDRILL,20190418,103.2,103.3,101,101.35,19073
JINDWORLD,20190418,70,71,69.9,70.25,181846
JISLDVREQS,20190418,40.25,40.85,39.8,40.05,20233
JISLJALEQS,20190418,60.05,60.6,58.4,59.05,4952899
JITFINFRA,20190418,15.9,16.65,15.15,15.6,3799
JKCEMENT,20190418,880,891,877,884,341313
JKIL,20190418,138.45,139.9,134,135.3,60293
JKLAKSHMI,20190418,364.4,382.25,364.4,373.4,57921
JKPAPER,20190418,150,152,145.55,150.5,1043149
JKTYRE,20190418,93.1,93.35,91.4,91.65,417827
JMA,20190418,161.65,175,161.65,172.55,1907
JMCPROJECT,20190418,116,119.7,116,118.95,29922
JMFINANCIL,20190418,91.5,92.45,89.4,89.9,1532361
JMTAUTOLTD,20190418,2.55,2.65,2.4,2.4,304081
JOCIL,20190418,113.15,113.2,108,110.05,1699
JPASSOCIAT,20190418,5.65,5.75,5.35,5.5,18258030
JPINFRATEC,20190418,2.25,2.3,2.25,2.3,2022540
JPPOWER,20190418,2.2,2.4,2.2,2.4,7971642
JSL,20190418,40.1,40.35,39,39.15,229662
JSLHISAR,20190418,90.4,91.5,87.3,88,236437
JSWENERGY,20190418,73.5,74.35,72.05,72.5,579942
JSWHL,20190418,2943.15,3000.05,2925,2943.55,2319
JSWSTEEL,20190418,291.2,301.3,286.5,299.15,7668228
JTEKTINDIA,20190418,114,119.5,110.5,111.55,370712
JUBILANT,20190418,694.9,708.9,683.2,704.45,393368
JUBLFOOD,20190418,1387,1391.55,1340.75,1345.15,1322271
JUBLINDS,20190418,131.9,134,129,131.7,15136
JUNIORBEES,20190418,294,294.59,291.01,292.32,51667
JUSTDIAL,20190418,598.05,598.05,571.65,574.65,4079134
JYOTHYLAB,20190418,189.4,189.4,183.05,183.7,239703
KABRAEXTRU,20190418,77.2,79.9,77.2,78.95,4415
KAJARIACER,20190418,615.2,627.7,614.95,624.3,190414
KAKATCEM,20190418,175.45,175.7,169.1,169.95,7295
KALPATPOWR,20190418,495.35,496.95,475.5,487.25,348029
KALYANIFRG,20190418,290,300.4,290,293,154
KAMATHOTEL,20190418,51.55,51.8,49.1,49.6,48385
KAMDHENU,20190418,181,181.85,176.85,179.6,19247
KANANIIND,20190418,5,5.1,5,5,848
KANORICHEM,20190418,62.8,63.05,61.1,61.6,25588
KANSAINER,20190418,455,458,443.15,447.9,304701
KARDA,20190418,180.55,181.7,171,174.5,34446
KARMAENG,20190418,16.95,17.9,16,16.05,2410
KARURVYSYA,20190418,80.95,81.1,77.45,79.05,948092
KAUSHALYA,20190418,0.75,0.75,0.7,0.7,337
KAVVERITEL,20190418,5,5.1,4.9,5,2592
KAYA,20190418,685.85,686.3,675,677.25,5852
KCP,20190418,108,108,90.1,91.15,147111
KCPSUGIND,20190418,16.6,16.65,16.35,16.5,56360
KDDL,20190418,454.4,454.4,434.9,436.3,2298
KEC,20190418,304.05,306.9,290.2,292.4,408325
KECL,20190418,17.25,17.55,17,17,35899
KEI,20190418,415.25,434.8,415.25,422.5,123954
KELLTONTEC,20190418,45.7,46,43.1,44.4,258365
KERNEX,20190418,26.65,26.65,24.6,25,8067
KESARENT,20190418,29.05,30.05,29.05,30.05,103
KESORAMIND,20190418,71.9,71.9,69.65,70,108035
KGL,20190418,1.35,1.4,1.3,1.3,1123496
KHADIM,20190418,441,446.6,435.8,438,8203
KHAITANELE,20190418,4.05,4.25,3.85,3.85,51343
KHAITANLTD,20190418,33.65,33.7,31.5,32.6,401
KHANDSE,20190418,15,15,15,15,67
KICL,20190418,1775.05,1785.9,1741.1,1769.7,1281
KILITCH,20190418,210,219,206.15,209.25,72777
KINGFA,20190418,674,694.9,671.5,684.5,2907
KIOCL,20190418,141.35,141.4,133.5,135.9,12001
KIRIINDUS,20190418,574.5,574.5,550,557.35,122426
KIRLOSBROS,20190418,181.2,181.2,177.5,178,26029
KIRLOSENG,20190418,173.5,173.5,169.1,170.15,10291
KIRLOSIND,20190418,816.1,821,802.2,812.3,129
KITEX,20190418,104.55,105.7,103.55,103.9,52356
KKCL,20190418,1275,1275.95,1256,1259.2,99
KMSUGAR,20190418,8.8,9,7.65,8.55,1124915
KNRCON,20190418,238,247.5,235.5,241.75,123170
KOHINOOR,20190418,31.25,31.25,30.2,30.35,39180
KOKUYOCMLN,20190418,97.9,97.95,94.4,95.55,14304
KOLTEPATIL,20190418,251,251.5,241.25,243.5,49673
KOPRAN,20190418,40.05,41,40.05,40.25,33640
KOTAKBANK,20190418,1386.4,1392,1362.85,1369.65,2408936
KOTAKBKETF,20190418,316.7,316.7,309,309.07,29238
KOTAKGOLD,20190418,276.95,277.95,276.05,277.2,7238
KOTAKNIFTY,20190418,121,121.27,120.45,120.9,131296
KOTAKNV20,20190418,60.75,60.75,59.15,59.88,15531
KOTAKPSUBK,20190418,330,330,317.02,319.98,2345
KOTARISUG,20190418,10.1,10.55,9.6,9.85,20149
KOTHARIPET,20190418,19.15,19.5,18.25,18.45,10943
KOTHARIPRO,20190418,86,86,82.25,84,1197
KPRMILL,20190418,572,579.45,572,574.55,4451
KRBL,20190418,350.5,351.85,343,345.6,91894
KREBSBIO,20190418,102,104.05,101.2,102.95,1900
KRIDHANINF,20190418,39.9,39.9,37.8,38.35,69362
KSB,20190418,685.9,695,674.7,687.85,3571
KSCL,20190418,486,488.95,475,479.55,142450
KSERASERA,20190418,0.15,0.15,0.1,0.15,2952724
KSK,20190418,1.2,1.2,1.2,1.2,97033
KSL,20190418,213.95,215,211.2,212.6,16850
KTIL,20190418,59.1,61.6,59.1,61.35,4698
KTKBANK,20190418,137.45,138.25,133.45,135.1,2849280
KWALITY,20190418,7.1,7.35,6.9,6.95,2079756
L&TFH,20190418,149.65,150.95,145.75,146.55,3732039
LAKSHVILAS,20190418,88,88,83.3,83.4,1924255
LALPATHLAB,20190418,1048,1073.55,1042,1063.35,34677
LAMBODHARA,20190418,46.2,46.25,44.45,45.1,5858
LAOPALA,20190418,207.6,209.7,203,208.7,29351
LASA,20190418,23,23.85,22.45,22.95,24944
LAURUSLABS,20190418,401,402.05,390.1,397.05,61678
LAXMIMACH,20190418,6021,6050,5981.25,5991.05,1443
LEEL,20190418,19.5,19.5,18.6,18.7,179984
LEMONTREE,20190418,79.9,80,77.55,78.1,488995
LGBBROSLTD,20190418,384.05,387.2,381.5,382.25,4612
LGBFORGE,20190418,4.25,4.25,3.9,3.95,3987
LIBERTSHOE,20190418,147.65,147.7,143.55,144.15,89461
LICHSGFIN,20190418,523.4,528.8,515.05,517.45,1333918
LICNETFGSC,20190418,17.85,17.85,17.14,17.2,1202
LICNETFN50,20190418,121.2,121.2,120.3,120.3,208
LICNFNHGP,20190418,121.3,123,121.3,122.9,8
LINCOLN,20190418,196.55,199.25,192.5,193.2,15211
LINCPEN,20190418,258.5,258.5,250.1,254.45,31445
LINDEINDIA,20190418,484,492.4,475,476.2,31403
LIQUIDBEES,20190418,999.99,1000.1,997.9,1000,1013655
LIQUIDETF,20190418,999.99,1000.01,997,1000,14400
LOKESHMACH,20190418,44.9,45,44.1,44.1,6419
LOTUSEYE,20190418,21.6,21.6,20.55,20.75,4424
LOVABLE,20190418,103,103.7,101.8,102.55,7980
LPDC,20190418,3.75,4.3,3.75,4.1,259498
LSIL,20190418,0.7,0.8,0.7,0.75,2428382
LT,20190418,1387,1387.6,1357.4,1360.7,2594906
LTI,20190418,1645,1658.85,1632.15,1650.2,161637
LTTS,20190418,1675,1728,1674,1680.4,175969
LUMAXIND,20190418,1808,1811,1768,1803.8,1828
LUMAXTECH,20190418,136.05,137.9,133.7,134.8,69520
LUPIN,20190418,833,837.6,820.95,835.8,1120493
LUXIND,20190418,1400.05,1418,1360,1378.2,40467
LYKALABS,20190418,29.75,30.45,29.5,29.65,17004
LYPSAGEMS,20190418,7.4,7.4,6.9,6.9,44475
M&M,20190418,689.6,691.95,681.25,684.65,2996875
M&MFIN,20190418,422.45,423.85,415.5,417.9,1007496
M100,20190418,19,19.45,18.31,18.6,32376
M50,20190418,115.19,115.19,113.11,114.44,439
MAANALU,20190418,90,92.9,89.45,90.25,6083
MADHAV,20190418,41.45,42.75,41,42.65,1684
MADHUCON,20190418,7.7,7.85,7.65,7.65,39952
MADRASFERT,20190418,22.7,22.7,21.65,21.8,88385
MAGADSUGAR,20190418,113.1,118.9,110.4,115.45,12746
MAGMA,20190418,124.1,126.5,120.65,124.2,570303
MAGNUM,20190418,5.2,5.3,4.6,4.9,15858
MAHABANK,20190418,16.15,16.15,15.5,15.85,896343
MAHAPEXLTD,20190418,108,113.75,107.2,111.9,1248
MAHASTEEL,20190418,166.9,175.2,166.9,174.95,88404
MAHESHWARI,20190418,253.7,254.5,250.1,252.1,127805
MAHINDCIE,20190418,231,231,223,224.55,169081
MAHLIFE,20190418,369,369,363,363.8,35356
MAHLOG,20190418,541.35,547.8,534.9,540.55,17946
MAHSCOOTER,20190418,3704,3874.8,3704,3864.1,8664
MAHSEAMLES,20190418,475,475.9,473.1,474,7071
MAITHANALL,20190418,543,544.9,532.05,542.75,33879
MAJESCO,20190418,500,502.85,488.25,490.3,55121
MALUPAPER,20190418,26,26,25.35,25.5,1291
MAN50ETF,20190418,118.55,118.55,118.1,118.1,43
MANAKALUCO,20190418,6.85,7.2,6.85,6.85,3599
MANAKCOAT,20190418,5.7,5.9,5.7,5.9,4056
MANAKSIA,20190418,37.2,38.4,37.2,38.3,3963
MANAKSTEEL,20190418,20.6,20.95,19.7,20.35,6051
MANALIPETC,20190418,27.7,28.45,26.95,27.45,1221333
MANAPPURAM,20190418,126.65,128.55,123.2,124.05,4474972
MANGALAM,20190418,55.15,56.15,55.15,55.9,10494
MANGCHEFER,20190418,43.95,44.45,42.2,43.35,148175
MANGLMCEM,20190418,272.6,273.3,266.85,268.25,4913
MANGTIMBER,20190418,17.2,17.25,15.8,16.75,885802
MANINDS,20190418,69.75,69.75,66.9,67.1,34137
MANINFRA,20190418,37.65,39.15,37.5,37.8,203984
MANPASAND,20190418,122.4,125,117.5,118.45,487321
MANUGRAPH,20190418,27.5,27.55,26.15,26.35,6458
MARALOVER,20190418,26.05,26.5,26.05,26.35,4103
MARATHON,20190418,146.5,146.5,135.55,136,11032
MARICO,20190418,362.25,368.4,362.25,366.1,1782666
MARKSANS,20190418,25.6,25.65,24.9,25,879287
MARUTI,20190418,7533.1,7539.35,7434.05,7447.45,713163
MASFIN,20190418,601.8,602.8,591.55,599.25,6078
MASKINVEST,20190418,31.6,31.6,31.6,31.6,609
MASTEK,20190418,467.4,467.4,451,463.85,205060
MATRIMONY,20190418,622,622,610,613.9,1932
MAWANASUG,20190418,45.35,46.3,44.35,45.3,79588
MAXINDIA,20190418,70.65,70.7,67,69.45,1532152
MAXVIL,20190418,46,46.5,44.75,44.95,35106
MAYURUNIQ,20190418,355.45,355.45,347.7,348.7,12794
MAZDA,20190418,410,419,398.2,400.15,20882
MBECL,20190418,6.7,7,6.6,6.9,14703
MBLINFRA,20190418,13.4,13.5,13.1,13.4,20328
MCDHOLDING,20190418,22.85,24.4,22.05,23.1,16448
MCDOWELL-N,20190418,558.9,558.9,545.1,552.75,1248023
MCLEODRUSS,20190418,85,85.2,83.8,84,69208
MCX,20190418,808.9,813.15,778,780.5,240866
MEGASOFT,20190418,6.9,6.9,6.75,6.75,2160
MEGH,20190418,67.8,67.85,64.75,65.2,921986
MENONBE,20190418,81.75,84.8,81.75,84.05,50882
MEP,20190418,41.8,41.8,40.3,40.45,108271
MERCATOR,20190418,4.4,4.8,4.4,4.8,3119694
MERCK,20190418,3895.1,3912.1,3745.1,3783.05,42420
METALFORGE,20190418,10.1,10.85,9.85,9.9,26659
METKORE,20190418,0.85,0.85,0.8,0.8,621
METROPOLIS,20190418,984.8,984.8,950.05,970.45,326059
MFSL,20190418,446,474.5,436.95,442.85,2717148
MGL,20190418,1022,1029.1,1010,1017.45,169084
MHRIL,20190418,239,246,237.55,242.15,49659
MIC,20190418,1,1.1,1,1,432666
MIDHANI,20190418,137,137.8,133,133.5,47939
MINDACORP,20190418,139,139,133.45,134.5,46513
MINDAIND,20190418,378.75,392.75,370.85,388.05,465605
MINDTECK,20190418,38.1,40.85,38.1,39.9,8161
MINDTREE,20190418,979,986.95,961,968.5,2285726
MIRCELECTR,20190418,21.3,21.45,20.45,20.5,169897
MIRZAINT,20190418,60.05,60.6,57.5,59.25,358850
MMFL,20190418,565.7,571.5,559.95,568.65,7091
MMTC,20190418,28.05,28.1,27.45,27.6,504373
MODIRUBBER,20190418,44.9,44.9,43,44.75,255
MOHITIND,20190418,8.45,8.55,7.4,8.05,17617
MOHOTAIND,20190418,37.1,38.05,35.95,36.95,16490
MOIL,20190418,162.65,162.65,159.05,159.8,83337
MOLDTECH,20190418,51.9,52.55,51,51.25,9058
MOLDTKPAC,20190418,252.85,252.95,246.3,247.65,14439
MONSANTO,20190418,2550.05,2600,2540,2582.65,4624
MONTECARLO,20190418,344.5,345.55,341,343.05,21895
MORARJEE,20190418,22.65,22.9,21.8,21.9,8059
MOREPENLAB,20190418,17.95,17.95,17.55,17.65,264109
MOTHERSUMI,20190418,159.75,162.9,156.2,157.15,7772035
MOTILALOFS,20190418,741.05,749,722.1,729.1,160301
MOTOGENFIN,20190418,44.2,45.4,43.3,44.05,2629
MPHASIS,20190418,982,984.85,971.1,978.65,131209
MPSLTD,20190418,491.4,504.95,491.4,499.05,2793
MRF,20190418,58203,58400.1,57526.1,57812.2,4303
MRO-TEK,20190418,34.6,35.75,34,34.1,1269
MRPL,20190418,71.95,71.95,70.05,70.45,1325537
MSPL,20190418,13.45,13.45,12.8,13.15,3205
MSTCLTD,20190418,108,109.7,105,105.95,28380
MTEDUCARE,20190418,82,87,81.75,82.15,601648
MTNL,20190418,12.4,13.3,12.4,13,8298927
MUKANDENGG,20190418,17.95,18.5,17.7,17.7,7043
MUKANDLTD,20190418,55.7,57.1,54.1,54.9,31732
MUKTAARTS,20190418,52.95,52.95,49.8,50.25,21612
MUNJALAU,20190418,55.45,56,54.4,54.5,41069
MUNJALSHOW,20190418,162.55,164.2,161.55,162.8,10477
MURUDCERA,20190418,21.15,21.65,20.95,21.15,11198
MUTHOOTCAP,20190418,864,869,853.35,856.6,115586
MUTHOOTFIN,20190418,614,623.95,613.25,616.25,731261
MVL,20190418,0.2,0.25,0.2,0.25,250134
N100,20190418,526.1,530,520,522.92,6486
NACLIND,20190418,29.5,30.5,29.5,30.35,58091
NAGAFERT,20190418,6.85,6.95,6.65,6.8,142048
NAGAROIL,20190418,0.3,0.35,0.25,0.35,2881720
NAGREEKCAP,20190418,13.6,14,13.2,13.5,444
NAGREEKEXP,20190418,22.5,22.5,21.8,21.8,264
NAHARCAP,20190418,88,88.95,86.5,87.2,600
NAHARINDUS,20190418,42.45,42.45,41,41.85,10385
NAHARPOLY,20190418,36.8,36.8,36.1,36.65,675
NAHARSPING,20190418,92.05,93.35,91.05,91.6,4920
NATCOPHARM,20190418,558.3,560.95,536.95,539.05,661937
NATHBIOGEN,20190418,469.2,472.9,461.55,465.85,11090
NATIONALUM,20190418,55.9,55.9,54.05,54.3,8349913
NATNLSTEEL,20190418,4.9,5,4.7,4.9,16479
NAUKRI,20190418,1940,1948.15,1894.05,1905.45,113174
NAVINFLUOR,20190418,718,718,700,703.95,18291
NAVKARCORP,20190418,39.8,39.9,38,38.7,320049
NAVNETEDUL,20190418,114.3,114.95,112.9,113.6,29992
NBCC,20190418,62.45,62.6,60.85,61.6,6703182
NBIFIN,20190418,1119,1120,1107.9,1107.9,142
NBVENTURES,20190418,108.25,109,105,105.65,54882
NCC,20190418,106,106.35,103.1,103.9,4591479
NCLIND,20190418,144,145,140.05,140.45,18151
NDGL,20190418,735,735,714.15,715.7,88
NDL,20190418,51.75,51.8,50.95,51.45,13978
NDTV,20190418,36.25,36.7,34.95,35.15,102003
NECCLTD,20190418,8.3,8.65,8,8.3,25804
NECLIFE,20190418,17,17.65,17,17.25,56224
NELCAST,20190418,72.55,77.5,71.5,75.95,184652
NELCO,20190418,310.05,314,295.85,297.15,129801
NESCO,20190418,494.95,520,489.65,513.85,65892
NESTLEIND,20190418,11186.4,11239.95,10925,10954.45,56399
NETF,20190418,118,118,118,118,10
NETWORK18,20190418,35.45,36.15,34.8,35.1,195777
NEULANDLAB,20190418,687,687.25,668.2,673.8,4673
NEWGEN,20190418,361.7,368,355.2,364.45,43362
NEXTMEDIA,20190418,20.1,20.75,19.4,19.5,7569
NFL,20190418,35.6,35.75,35.05,35.35,249721
NH,20190418,220.5,220.5,210,214.55,12957
NHPC,20190418,24.05,24.1,23.55,23.65,3781720
NIACL,20190418,187.25,192,186.2,189.75,304298
NIBL,20190418,22.05,22.05,20.9,21.3,5879
NIFTYBEES,20190418,1240,1242.4,1231.77,1234.73,17844
NIFTYEES,20190418,14150,14800,13901,14143.66,11
NIITLTD,20190418,108.95,108.95,103,104.6,2368953
NIITTECH,20190418,1309,1324.6,1293.25,1314.5,721911
NILAINFRA,20190418,7.75,7.95,7.55,7.65,190037
NILASPACES,20190418,2.15,2.2,2,2.05,359339
NILKAMAL,20190418,1428.05,1432.9,1380.1,1388.6,9020
NIPPOBATRY,20190418,699.9,700,685,689.9,418
NITCO,20190418,39.15,39.15,36.95,37.3,112770
NITESHEST,20190418,6.1,6.3,6.1,6.15,65729
NITINFIRE,20190418,1.35,1.35,1.3,1.3,26488
NITINSPIN,20190418,85.1,86.25,82.65,84.2,14543
NKIND,20190418,38.5,40,38.5,40,160
NLCINDIA,20190418,68.6,68.6,68.1,68.5,317125
NMDC,20190418,104.1,105.15,102.9,104.7,3779792
NOCIL,20190418,143.35,143.9,140.7,141.25,209389
NOIDATOLL,20190418,5.4,5.4,5.2,5.25,39884
NRAIL,20190418,331.5,331.5,311.1,315.25,15130
NRBBEARING,20190418,192.55,196.5,190.65,192.1,37137
NSIL,20190418,1023.95,1041.05,1000.15,1037.1,2482
NTL,20190418,0.8,0.8,0.8,0.8,53
NTPC,20190418,137.5,137.85,135.05,135.35,6634192
NUCLEUS,20190418,367,391,362.95,379.75,112741
OBEROIRLTY,20190418,577.95,577.95,545.5,549.2,434047
OCCL,20190418,1137.65,1137.65,1121,1125.9,1063
OFSS,20190418,3550,3569.4,3507.15,3528.55,28271
OIL,20190418,180,180.5,178,178.95,1069374
OILCOUNTUB,20190418,14.45,14.65,14.05,14.25,32542
OLECTRA,20190418,231.6,233.9,221,222.3,34797
OMAXAUTO,20190418,78.5,80.1,78.3,78.9,7200
OMAXE,20190418,212.9,212.9,211.3,211.85,347915
OMKARCHEM,20190418,16.9,17.5,16.55,17.2,146543
OMMETALS,20190418,30.8,31.4,29.65,30.3,37180
ONGC,20190418,160.85,162.2,159.05,160.6,9606055
ONMOBILE,20190418,43.75,44.15,43.55,44.05,138546
ONWARDTEC,20190418,65.35,66.45,64.3,64.65,2698
OPTIEMUS,20190418,124.5,125.9,117.9,119.75,41990
OPTOCIRCUI,20190418,8.1,8.1,7.9,8,484496
ORBTEXP,20190418,114.2,115.7,114.2,115,4938
ORICONENT,20190418,27.2,27.5,26.05,26.35,84211
ORIENTABRA,20190418,25.8,26.85,25.25,25.4,30596
ORIENTALTL,20190418,13.75,13.75,12.75,13.1,6581
ORIENTBANK,20190418,108.1,108.4,104.35,105.35,3427738
ORIENTBELL,20190418,169,169,163.2,164.3,5216
ORIENTCEM,20190418,92.5,96.75,92.5,94.35,75905
ORIENTELEC,20190418,158.65,162.75,158.65,160.1,404459
ORIENTHOT,20190418,43.95,44.5,43.6,44.05,20058
ORIENTLTD,20190418,140.35,150,138,144.3,2072
ORIENTPPR,20190418,34.2,34.6,33.2,33.85,473287
ORIENTREF,20190418,233,238.65,232.3,236.2,21427
ORISSAMINE,20190418,931.75,947,902,907.55,9042
ORTEL,20190418,5,5,4.6,4.75,6112
ORTINLABSS,20190418,14.3,14.3,13.45,13.7,1767
OSWALAGRO,20190418,7.4,7.85,7.25,7.5,15319
PAEL,20190418,2.25,2.25,2.25,2.25,455
PAGEIND,20190418,23711.2,24123,23460.05,23585.9,28508
PAISALO,20190418,321.75,334,321,321.55,37026
PALASHSECU,20190418,41.95,42,39.65,39.95,226
PALREDTEC,20190418,29.2,32.9,29.15,31.2,9731
PANACEABIO,20190418,206,207.9,200.3,201.95,67506
PANAMAPET,20190418,127.75,137.5,126.3,127.75,86433
PAPERPROD,20190418,218.05,224.9,214.9,223.05,48009
PARABDRUGS,20190418,1.55,1.55,1.55,1.55,1278
PARACABLES,20190418,11.5,11.5,11.1,11.35,78239
PARAGMILK,20190418,250.45,250.45,243.1,244.2,60375
PARSVNATH,20190418,5,5,4.35,4.6,1332314
PATELENG,20190418,27.05,27.5,25.6,25.85,143197
PATINTLOG,20190418,51.05,57.9,49,56.5,180042
PATSPINLTD,20190418,9.8,10.2,9.8,10,4933
PCJEWELLER,20190418,149,163.5,134.2,145.15,120828930
PDMJEPAPER,20190418,18.35,18.45,18,18.1,8721
PDPL,20190418,7.8,7.8,6.8,7.05,23044
PDSMFL,20190418,259,262,256,256.85,354
PEARLPOLY,20190418,13,13,12.45,12.45,2548
PEL,20190418,2681.6,2694.75,2613.55,2649.85,237612
PENIND,20190418,39.85,40,38.4,38.55,65979
PENINLAND,20190418,8.7,8.8,8.35,8.4,183296
PENPEBS,20190418,58.55,60,57.25,57.85,74698
PERSISTENT,20190418,619.7,630,618.7,629,263539
PETRONENGG,20190418,17.5,17.5,16.3,16.35,1413
PETRONET,20190418,239.1,242.85,238.85,239.9,2206043
PFC,20190418,120,120.75,118.2,118.75,3852648
PFIZER,20190418,3215.05,3247.75,3210,3221.55,12235
PFOCUS,20190418,61.2,61.95,59.15,59.65,12396
PFS,20190418,17.1,17.2,16.8,16.9,639434
PGEL,20190418,78.65,79.5,76,76.3,65811
PGHH,20190418,10660,10750,10625.15,10695.9,14339
PGIL,20190418,170.05,170.55,164.1,165.1,2076
PHILIPCARB,20190418,170.35,171.05,166.1,166.6,347521
PHOENIXLTD,20190418,626,628.65,608,613.05,261117
PIDILITIND,20190418,1284.95,1302.7,1252.1,1255.5,487810
PIIND,20190418,1026.1,1032,1011.55,1026.35,47841
PILANIINVS,20190418,2484,2484,2339.9,2460.2,4839
PILITA,20190418,7.25,7.25,6.85,7.1,55025
PIONDIST,20190418,146.05,147.8,140.55,143.65,2710
PIONEEREMB,20190418,21.9,22,20.85,21.3,7278
PIRPHYTO,20190418,37,37,35.2,35.2,451
PITTIENG,20190418,55.2,56,54.95,55.15,20015
PKTEA,20190418,161.25,168.75,160.35,165.95,329
PLASTIBLEN,20190418,192.1,193.95,191.95,192,3444
PNB,20190418,92.55,92.8,89.7,90.05,24453025
PNBGILTS,20190418,31.1,31.4,30.9,31.3,61038
PNBHOUSING,20190418,804.7,822.95,778.2,792.15,1718290
PNC,20190418,19,19,17.4,17.4,4914
PNCINFRA,20190418,157.2,160.1,153.45,155,46695
PODDARHOUS,20190418,574,574,542.2,545.75,1788
PODDARMENT,20190418,172.55,174.65,166.55,169.55,2669
POKARNA,20190418,180.75,182,178.25,178.7,9021
POLYCAB,20190418,656.9,664.9,614,643.55,5415019
POLYMED,20190418,209.15,209.95,207.45,209.9,1159
POLYPLEX,20190418,552.5,563,541,552.05,54895
PONNIERODE,20190418,132.4,134,132.4,134,1378
POWERGRID,20190418,197.35,197.85,193.5,194.3,6521210
POWERMECH,20190418,951.5,961,938.2,941.7,2959
PPAP,20190418,309.85,311.05,298,306.9,25007
PRABHAT,20190418,75.5,77.9,73.5,76.45,130139
PRADIP,20190418,1.05,1.05,1.05,1.05,1845
PRAENG,20190418,8.75,9,8.55,8.65,55765
PRAJIND,20190418,143,143,137.15,138.8,1070451
PRAKASH,20190418,92.45,92.9,89,89.55,1129625
PRAKASHCON,20190418,3.4,3.45,3.35,3.4,112380
PRAKASHSTL,20190418,0.25,0.3,0.25,0.3,42377
PRAXIS,20190418,160.1,160.95,155.8,156.4,12749
PRECAM,20190418,57.9,57.9,55.65,55.95,9433
PRECOT,20190418,47.8,47.8,44.1,44.8,2128
PRECWIRE,20190418,199.75,199.75,193.65,195.4,6907
PREMEXPLN,20190418,241.65,241.65,234,235.6,6377
PREMIER,20190418,5.7,6.3,5.7,5.75,4786
PREMIERPOL,20190418,26.5,26.5,24.2,25.4,117
PRESSMN,20190418,29.55,29.95,28.85,29,2655
PRESTIGE,20190418,276,276,260.15,263.2,238654
PRICOLLTD,20190418,45.1,46.35,44.1,44.8,219790
PRIMESECU,20190418,40,41.7,39.65,41.2,74559
PROSEED,20190418,0.45,0.5,0.45,0.5,94089
PROVOGE,20190418,1.25,1.3,1.2,1.25,19565
PROZONINTU,20190418,31.3,31.55,30.1,30.2,70749
PRSMJOHNSN,20190418,101.95,102.4,98.1,100.55,280266
PSB,20190418,30.45,30.85,28,29.65,157685
PSL,20190418,1.1,1.1,1.05,1.05,33159
PSPPROJECT,20190418,477,481.95,467.4,476.35,14480
PSUBNKBEES,20190418,368,368,354.5,354.55,2544
PTC,20190418,72.75,72.8,70.5,70.65,1071511
PTL,20190418,41.2,41.35,40.25,40.6,6197
PUNJABCHEM,20190418,701.05,706.7,691.55,693.55,3724
PUNJLLOYD,20190418,1.8,1.8,1.8,1.8,299321
PURVA,20190418,78.2,79,75.75,77,189485
PVR,20190418,1719.7,1728.3,1660.15,1710.05,628687
QGOLDHALF,20190418,1395,1395,1384,1386.4,126
QUESS,20190418,726.95,734,710.2,713.75,73576
QUICKHEAL,20190418,223.9,232.9,222.6,230.3,404355
QUINTEGRA,20190418,0.55,0.55,0.55,0.55,4092
RADAAN,20190418,2.9,3.05,2.9,3,578
RADICO,20190418,353.25,354.8,332,333.55,1182423
RADIOCITY,20190418,57.2,57.4,56,56.75,35328
RAIN,20190418,134,138.4,120.25,124.95,3466689
RAINBOWPAP,20190418,1,1.05,0.95,1.05,23859
RAJESHEXPO,20190418,666.75,668.1,662,664.8,234924
RAJSREESUG,20190418,23.9,23.9,23,23.1,12860
RALLIS,20190418,159.9,160,157.55,157.95,93530
RAMANEWS,20190418,22.2,22.9,22.2,22.4,11678
RAMASTEEL,20190418,125.8,127,110.1,111.8,116626
RAMCOCEM,20190418,788.7,793.7,772.25,777.95,681797
RAMCOIND,20190418,213,218,210.75,213.45,47535
RAMCOSYS,20190418,237.55,241,231,233.75,19903
RAMGOPOLY,20190418,2.9,2.9,2.9,2.9,20
RAMKY,20190418,109,112,107,108.65,47464
RANASUG,20190418,3.4,3.65,3.4,3.4,123509
RANEENGINE,20190418,461.4,554.25,453.95,554.25,44463
RANEHOLDIN,20190418,1194.95,1450.4,1172.15,1441.25,62695
RATNAMANI,20190418,895.05,899,880.05,895.85,1449
RAYMOND,20190418,795.2,802.45,778,781.25,347786
RBL,20190418,594.1,706.55,591.2,706.55,263212
RBLBANK,20190418,684.2,686.45,668.1,675.45,3414687
RCF,20190418,61,61.2,59.6,60.15,693271
RCOM,20190418,2.4,2.4,2.4,2.4,4123227
RECLTD,20190418,151.4,154.7,150.75,153.2,7922700
REDINGTON,20190418,99.65,99.65,95.95,97.85,70972
REFEX,20190418,39.1,42.05,39.1,42.05,70558
RELAXO,20190418,875,924,857.25,905.7,115251
RELCAPITAL,20190418,172.6,172.6,145.95,151.45,25193375
RELCNX100,20190418,122.08,122.95,121.49,122.65,42
RELCONS,20190418,53,53,51.89,51.99,3088
RELDIVOPP,20190418,30.82,31,30.74,30.98,861
RELIANCE,20190418,1375,1389.75,1365,1385.95,17960482
RELIGARE,20190418,30.5,31.9,30.5,31.6,140623
RELINFRA,20190418,132.3,132.55,120,121.5,16928048
RELNV20,20190418,598,600.09,593,596.44,73154
REMSONSIND,20190418,93,93,88.2,90.05,3901
RENUKA,20190418,11.15,11.4,10.9,11.2,618981
REPCOHOME,20190418,442.2,445.9,425.05,429.8,258031
REPRO,20190418,565,584.9,565,579.2,1332
RESPONIND,20190418,86.95,87,85,85.9,92108
RETFMID150,20190418,65,65,64.21,64.72,72907
RGL,20190418,305.25,308,302.5,303.6,7976
RHFL,20190418,30.15,30.25,27.6,28.15,440053
RICOAUTO,20190418,66.6,68,66.25,67.6,236082
RIIL,20190418,346.65,355.2,342.9,344.75,423779
RITES,20190418,253,254.05,248,248.85,206613
RKDL,20190418,8.6,8.6,8,8,13563
RKFORGE,20190418,520.25,535.55,517.4,521.25,4438
RMCL,20190418,17.3,17.3,16.35,17,232617
RML,20190418,344.5,413.3,342.1,412.05,226398
RNAM,20190418,199.95,202.4,187,190.8,463556
RNAVAL,20190418,8.45,8.55,7.95,8.05,1404738
ROHITFERRO,20190418,0.95,0.95,0.95,0.95,5250
ROHLTD,20190418,131.75,131.75,122.35,123.85,20811
ROLLT,20190418,2.35,2.45,2.3,2.4,86149
ROLTA,20190418,7.8,7.8,7.25,7.7,798888
ROSSELLIND,20190418,64.9,64.9,59.2,62.45,10746
RPGLIFE,20190418,250,250,242.1,242.4,7149
RPOWER,20190418,9.55,9.55,8,8.2,91059674
RPPINFRA,20190418,130.65,130.9,121.25,122.85,11924
RRSLGETF,20190418,18.44,18.44,18.34,18.43,1419
RSSOFTWARE,20190418,32.15,32.45,31.15,31.5,19848
RSWM,20190418,190.7,192.4,182.5,184,9904
RSYSTEMS,20190418,46.75,48.45,46.75,47.55,6273
RTNINFRA,20190418,2.75,2.8,2.65,2.65,890568
RTNPOWER,20190418,2.75,2.8,2.7,2.75,2306078
RUBYMILLS,20190418,271.05,272.45,265.65,267.7,3215
RUCHINFRA,20190418,3,3,2.85,3,18234
RUCHIRA,20190418,107.1,107.85,102.5,103.7,44280
RUCHISOYA,20190418,7.1,7.15,6.75,7,2337388
RUPA,20190418,336.15,342.5,333.35,336.65,8506
RUSHIL,20190418,572.25,598,570,581.05,87155
RVNL,20190418,26.35,26.85,25.15,26.15,49134384
SABEVENTS,20190418,1.5,1.5,1.5,1.5,100
SABTN,20190418,4.3,4.7,4.3,4.65,13385
SADBHAV,20190418,242.1,244.3,238.4,239.85,68661
SADBHIN,20190418,86.45,89.8,85.65,88.65,8158
SAGARDEEP,20190418,55,57.95,54.5,54.55,23121
SAGCEM,20190418,619.05,624,608,616.95,3415
SAIL,20190418,59,59.1,56.15,57.35,29811796
SAKAR,20190418,66.8,72,63,69.8,58832
SAKHTISUG,20190418,11.4,11.4,10.8,11,23159
SAKSOFT,20190418,290.85,294.9,283.85,288.6,2125
SAKUMA,20190418,31.05,31.1,29.9,30.95,202454
SALASAR,20190418,228.2,230.9,211.05,217.85,48001
SALONA,20190418,70.6,80,70.6,77.8,2517
SALSTEEL,20190418,5.35,5.4,4.9,5.05,17246
SALZERELEC,20190418,130.55,133.8,127.15,127.4,9339
SAMBHAAV,20190418,4.05,4.55,4,4.05,50514
SANCO,20190418,14.1,14.8,14,14.5,91803
SANDESH,20190418,764.95,764.95,752.05,752.95,200
SANDHAR,20190418,265,265.8,261.5,263.1,17431
SANGAMIND,20190418,63.15,64.4,61,63.25,9880
SANGHIIND,20190418,64.85,65.4,62.6,63.75,37368
SANGHVIFOR,20190418,25.9,25.9,24.3,24.95,1045
SANGHVIMOV,20190418,135,135,127.45,129.1,16391
SANOFI,20190418,5800,5819.95,5751,5766.95,22313
SANWARIA,20190418,9.15,9.25,9,9.2,899527
SARDAEN,20190418,302.3,302.55,294.3,295.1,10581
SAREGAMA,20190418,583,585.5,569,576.7,10974
SARLAPOLY,20190418,26.5,27.1,25.3,25.8,22673
SASKEN,20190418,700,728,681,694.3,121040
SASTASUNDR,20190418,120.65,121.9,120.3,121.8,26126
SATIN,20190418,370,370,356.05,358.05,16322
SBIETFQLTY,20190418,99.55,99.55,98.6,99,2292
SBILIFE,20190418,621,621.4,611.75,614.9,322285
SBIN,20190418,315.8,315.8,308.05,310.8,15691168
SCAPDVR,20190418,0.9,0.9,0.9,0.9,18635
SCHAEFFLER,20190418,5514.05,5543.85,5456.1,5480.35,862
SCHAND,20190418,169.5,172,166.5,166.8,9487
SCHNEIDER,20190418,104.35,105.45,103.3,103.95,55766
SCI,20190418,35.1,35.45,34.75,35.05,612373
SDBL,20190418,165,165,156.5,157.95,24413
SEAMECLTD,20190418,477.45,482.9,460.85,475.45,18840
SELAN,20190418,187.75,189,184.35,185.7,32673
SELMCL,20190418,1.25,1.25,1.1,1.1,138244
SEPOWER,20190418,4,4,4,4,1
SEQUENT,20190418,69.9,70.85,69.15,69.65,235814
SESHAPAPER,20190418,962,968.55,957.95,962.05,1835
SETCO,20190418,32,32.5,31.5,31.7,68289
SETF10GILT,20190418,169,172,169,172,51
SETFGOLD,20190418,2838.5,2840.8,2825,2830.05,1034
SETFNIF50,20190418,120.6,120.66,119.62,120.15,53393
SETFNIFBK,20190418,308.5,308.5,304.23,305.42,8954
SETFNN50,20190418,291.5,291.7,287.82,290.07,1947
SFL,20190418,1412,1412,1368,1395.4,5482
SGL,20190418,7.45,7.45,6.8,7.1,12245
SHAHALLOYS,20190418,16.85,16.85,15.15,16.65,6460
SHAKTIPUMP,20190418,439,443.15,419.25,424.3,51914
SHALBY,20190418,141.7,141.7,135.25,136.1,32035
SHALPAINTS,20190418,84.95,85.4,81.65,82.8,102696
SHANKARA,20190418,533,536.4,521,524.1,106189
SHANTIGEAR,20190418,131.05,131.9,130.15,130.75,3297
SHARDACROP,20190418,392,398,386,387.7,2862
SHARDAMOTR,20190418,1500.15,1505,1480.1,1493.8,1277
SHARIABEES,20190418,256,256.1,255.88,255.88,209
SHEMAROO,20190418,400.15,400.15,383,390.05,15036
SHILPAMED,20190418,377.5,415.75,361,400.85,156130
SHIRPUR-G,20190418,24.25,24.25,22.4,22.45,129987
SHIVAMAUTO,20190418,37,37.7,35.6,36.15,25598
SHIVAMILLS,20190418,49,49,47.15,48,1265
SHIVATEX,20190418,141.5,143.95,139,142.65,1524
SHK,20190418,155.5,156.5,151.75,152.85,138420
SHOPERSTOP,20190418,454.85,458.2,449.95,453.25,27869
SHREECEM,20190418,19598.1,19819.9,19333.2,19693.85,29306
SHREEPUSHK,20190418,172,172,167.95,168.6,8056
SHREERAMA,20190418,7,7.1,6.15,6.35,25677
SHREYANIND,20190418,155.75,155.75,149.1,150.15,22871
SHREYAS,20190418,197.05,201.95,197.05,199.3,6789
SHRIPISTON,20190418,1061,1080.9,1036,1036,45
SHRIRAMCIT,20190418,1771,1800,1763.25,1788.5,75615
SHRIRAMEPC,20190418,8.3,8.4,8.15,8.25,28580
SHYAMCENT,20190418,6.5,6.95,6.4,6.65,7900
SICAGEN,20190418,23.4,23.45,23.1,23.25,11448
SICAL,20190418,139.7,140.5,134.1,134.95,9303
SIEMENS,20190418,1185,1194.6,1171.5,1184.4,312973
SIGIND,20190418,39,39,35.15,36.75,8292
SIL,20190418,13.9,14.3,13.85,13.85,1271
SILINV,20190418,182.95,189.9,178,178.95,1350
SIMBHALS,20190418,10.85,11.9,10.6,11.75,31382
SIMPLEXINF,20190418,181.25,184.45,172,173.5,28106
SINTEX,20190418,8.6,8.65,8.35,8.4,1819856
SIS,20190418,848.35,865,832,842.95,8274
SITASHREE,20190418,0.55,0.6,0.55,0.6,10371
SITINET,20190418,4.4,4.65,4.25,4.25,128860
SIYSIL,20190418,435,435,411.1,419.75,13387
SJVN,20190418,24.75,24.75,24.2,24.4,712197
SKFINDIA,20190418,2045,2045,2003.4,2020.3,5929
SKIL,20190418,9.1,9.1,9.05,9.05,14387
SKIPPER,20190418,66.9,67.25,64.8,65.9,24241
SKMEGGPROD,20190418,53,53,51.25,51.7,11056
SMARTLINK,20190418,88.05,88.1,85.25,85.85,3043
SMLISUZU,20190418,816,816,799.55,801.85,10300
SMPL,20190418,0.5,0.5,0.45,0.5,8935
SMSLIFE,20190418,582.8,588.75,565,566.45,3115
SMSPHARMA,20190418,63.75,63.75,62.1,62.2,15604
SNOWMAN,20190418,35.2,35.3,33.2,33.55,178458
SOBHA,20190418,523.4,523.4,503,506,138716
SOLARA,20190418,416,416,408.55,411.9,16151
SOLARINDS,20190418,1065.6,1075,1055,1069.4,2356
SOMANYCERA,20190418,420.1,423.35,412.8,414.15,7338
SOMATEX,20190418,4.15,4.15,4.15,4.15,34
SOMICONVEY,20190418,26.8,27.5,26.55,26.85,1236
SONATSOFTW,20190418,337,341.3,331,333.2,50384
SORILINFRA,20190418,335,343.3,320.1,323.4,64698
SOTL,20190418,1191.3,1215,1180.2,1209.95,1110
SOUTHBANK,20190418,17.7,17.7,17.05,17.2,13273694
SOUTHWEST,20190418,34,34,31,32.1,1295
SPAL,20190418,307,308.75,300,301.6,11926
SPARC,20190418,184.1,184.65,178.5,180,252715
SPCENET,20190418,1.45,1.45,1.45,1.45,1648
SPECIALITY,20190418,101.5,101.5,99.5,99.85,24256
SPENCERS,20190418,145,145.95,138.1,139.15,307678
SPENTEX,20190418,1.9,1.9,1.9,1.9,20
SPIC,20190418,26.05,26.25,24.75,25.1,72954
SPICEMOBI,20190418,8.65,8.95,8.3,8.85,9190
SPLIL,20190418,47,47.5,45.3,45.9,27591
SPMLINFRA,20190418,30.05,30.05,28.65,29.9,43636
SPTL,20190418,19.85,20.15,19.2,19.3,1205358
SPYL,20190418,0.25,0.25,0.2,0.25,512678
SQSBFSI,20190418,486.25,492.4,485.95,487.8,4094
SREEL,20190418,222,223,211.15,215.9,17855
SREINFRA,20190418,29,29,27.7,28,749850
SRF,20190418,2486,2511,2444,2452.8,186434
SRHHYPOLTD,20190418,184,184,170.3,173.9,10205
SRIPIPES,20190418,230,230.1,223.7,227.9,57465
SRTRANSFIN,20190418,1237,1242,1202.65,1215.65,657666
SSWL,20190418,849.55,853,831.55,840.25,10059
STAMPEDE,20190418,1.6,1.65,1.55,1.65,53359
STAR,20190418,495.8,497.5,482.85,487.65,446536
STARCEMENT,20190418,106.95,110,103.4,108.5,1022840
STARPAPER,20190418,129.15,131.65,127.6,128.9,33670
STCINDIA,20190418,133,133.05,127.55,128.15,85228
STEELXIND,20190418,16.9,17.3,16.55,16.95,8294
STEL,20190418,100.2,100.85,96.25,99,7851
STERTOOLS,20190418,280.15,283.8,280.15,281.75,1421
STRTECH,20190418,195.2,199.45,194,196.85,1669537
SUBCAPCITY,20190418,15.65,15.65,15.65,15.65,10
SUBEX,20190418,7.25,7.55,6.85,7.3,5779237
SUBROS,20190418,292.45,302.4,290.95,300.3,131107
SUDARSCHEM,20190418,364,364,341.3,344.15,48000
SUJANAUNI,20190418,0.3,0.3,0.25,0.25,16001
SUMEETINDS,20190418,4.1,4.15,4.05,4.1,46495
SUMMITSEC,20190418,663.7,669.95,652.2,662.6,2583
SUNCLAYLTD,20190418,2902.5,2902.5,2829.35,2849.75,667
SUNDARAM,20190418,1.75,1.75,1.7,1.7,137921
SUNDARMFIN,20190418,1519.95,1519.95,1491.3,1500.45,35056
SUNDARMHLD,20190418,84.9,85.7,84,84.9,15904
SUNDRMBRAK,20190418,303.05,318.9,300.15,314.9,4501
SUNDRMFAST,20190418,557,557,546,548.5,60073
SUNFLAG,20190418,48.8,48.8,46.75,47,150202
SUNILHITEC,20190418,1.15,1.15,1.1,1.1,333774
SUNPHARMA,20190418,463.9,466,456.7,463.2,3567327
SUNTECK,20190418,495,511.95,486,489.9,240276
SUNTV,20190418,600,603.7,585.5,588.25,1731483
SUPERHOUSE,20190418,120.15,122,118.2,119.1,4419
SUPERSPIN,20190418,7,7,6.8,6.9,5910
SUPPETRO,20190418,227.9,227.9,219.55,222.4,44880
SUPRAJIT,20190418,228.8,232,226.75,227.45,27321
SUPREMEIND,20190418,1145.65,1145.65,1130.4,1134.5,33311
SUPREMEINF,20190418,20,21.25,19.4,21.1,43967
SURANASOL,20190418,7.45,7.45,7.1,7.4,8134
SURANAT&P,20190418,4.2,4.35,4.05,4.05,15485
SURYALAXMI,20190418,32.2,32.75,32.1,32.3,2388
SURYAROSNI,20190418,260.45,262,253.05,255.2,63245
SUTLEJTEX,20190418,39,40.1,39,39.75,7239
SUVEN,20190418,270,280.65,260,272.3,553761
SUZLON,20190418,7.4,7.5,7,7.1,57947740
SWANENERGY,20190418,111,111,108.5,110.65,133236
SWARAJENG,20190418,1424.95,1424.95,1396,1419.25,1891
SWELECTES,20190418,241.3,241.85,227,237.35,2939
SYMPHONY,20190418,1375,1388.2,1363.2,1381.3,13698
SYNCOM,20190418,1.95,1.95,1.85,1.85,63848
SYNDIBANK,20190418,41.5,41.75,40.05,40.6,5569079
SYNGENE,20190418,582.5,589,577.5,580.65,41917
TAINWALCHM,20190418,61.05,62,60,61,1929
TAJGVK,20190418,222.35,224.65,217.5,218.25,10900
TAKE,20190418,151,151.35,145,148.65,403566
TALBROAUTO,20190418,203,204.6,198.05,199.1,7739
TALWALKARS,20190418,60,61.15,57.4,58,138051
TALWGYM,20190418,129.6,129.6,125.85,127.05,19731
TANLA,20190418,44.45,44.45,41.15,42.35,169238
TANTIACONS,20190418,3.2,3.2,3.1,3.1,3829
TARAJEWELS,20190418,1,1,0.9,1,34487
TARAPUR,20190418,7.7,7.7,7.65,7.65,14039
TARMAT,20190418,42.55,43.55,41.6,42.05,8224
TASTYBITE,20190418,8512,8680,8512,8655.1,529
TATACHEM,20190418,612.25,612.25,590.7,597.7,720334
TATACOFFEE,20190418,93.2,93.2,91.4,92,145230
TATACOMM,20190418,585,585.15,568.3,572.3,154091
TATAELXSI,20190418,986.5,986.5,952.25,955.85,575591
TATAGLOBAL,20190418,215.7,216.8,207.3,208.85,2818804
TATAINVEST,20190418,865,865,856.55,859.95,9254
TATAMETALI,20190418,684,684.95,662.5,666.35,89861
TATAMOTORS,20190418,231.9,239.3,230.6,236.25,42451178
TATAMTRDVR,20190418,112.3,116.25,111.5,113.65,9567632
TATAPOWER,20190418,71.75,71.75,70,70.55,7272249
TATASPONGE,20190418,781,785,735.5,765.55,101334
TATASTEEL,20190418,553.5,554.5,536.7,543.1,6660522
TATASTLBSL,20190418,37.85,37.95,33.35,34.6,2523441
TBZ,20190418,69.05,72.45,66.15,66.8,604706
TCI,20190418,298.3,298.3,285.1,286.3,27576
TCIDEVELOP,20190418,352,357.95,350.35,350.75,155
TCIEXP,20190418,700,700,674,675.8,8000
TCIFINANCE,20190418,15.95,16,15.35,15.45,6961
TCNSBRANDS,20190418,837,837.95,810.4,822.05,124496
TCPLPACK,20190418,395.9,397.05,384.05,394.55,2696
TCS,20190418,2149.9,2155,2114.2,2150.05,3413728
TDPOWERSYS,20190418,131.8,132,129.5,129.5,33520
TEAMLEASE,20190418,3019,3029,2936.3,2968.75,43250
TECHIN,20190418,5.05,5.6,5.05,5.5,2735
TECHM,20190418,804,809,798.1,800.35,6307643
TECHNOE,20190418,261.8,265.35,258.4,264.05,36375
TECHNOFAB,20190418,85.9,88,83.15,83.5,5615
TEJASNET,20190418,190.75,191.55,187,188.9,54844
TERASOFT,20190418,51.8,53.4,50.05,52.75,20738
TEXINFRA,20190418,57.35,57.4,56.25,56.5,10195
TEXMOPIPES,20190418,19.75,20,19.65,19.8,32971
TEXRAIL,20190418,70,70.3,67.3,68.1,125577
TFCILTD,20190418,121.6,121.6,117.9,118.4,59295
TFL,20190418,5.05,5.35,5,5.1,2567
TGBHOTELS,20190418,10.7,10.8,10.5,10.6,7342
THANGAMAYL,20190418,331.8,335,320.2,322.35,10744
THEINVEST,20190418,185,187.5,180,183,740
THEMISMED,20190418,286.05,296,286.05,295.6,201
THERMAX,20190418,989.95,989.95,965,980.1,140104
THIRUSUGAR,20190418,15.3,15.3,13.9,14.05,37154
THOMASCOOK,20190418,250,251.3,241.3,249.6,203280
THOMASCOTT,20190418,9.95,9.95,9.95,9.95,2
THYROCARE,20190418,521.9,521.9,507,511.75,18427
TI,20190418,14.4,14.4,13.85,13.95,62170
TIDEWATER,20190418,5055.05,5079.95,5025,5046.5,344
TIIL,20190418,525.15,526.9,512.95,520.9,25094
TIINDIA,20190418,378.55,378.55,369.1,372.3,22839
TIJARIA,20190418,17.85,18.75,17.55,17.7,2973
TIL,20190418,262.95,265.05,254.1,255.7,1799
TIMETECHNO,20190418,102.3,102.3,96.8,97.05,112732
TIMKEN,20190418,596.95,598.2,585.65,587.3,4153
TINPLATE,20190418,158.9,158.95,153,153.4,237542
TIPSINDLTD,20190418,64.45,66.2,64.2,64.2,4505
TIRUMALCHM,20190418,98,99,94.7,95.25,591170
TITAN,20190418,1125.95,1129.5,1113.5,1125.4,1609911
TMRVL,20190418,29.6,29.7,28.65,29,7715
TNPETRO,20190418,40.5,40.5,38.1,38.75,273305
TNPL,20190418,208.05,210.1,205,206.1,27074
TNTELE,20190418,1.6,1.6,1.6,1.6,1
TOKYOPLAST,20190418,50.95,51.9,47.3,50.45,20627
TORNTPHARM,20190418,1839.15,1848.75,1814,1836.6,260138
TORNTPOWER,20190418,264.05,264.8,257.75,258.5,1123267
TPLPLASTEH,20190418,139,140.5,136.2,136.95,1981
TREEHOUSE,20190418,5.1,5.1,4.75,5,18339
TREJHARA,20190418,27,28.4,26.05,27.8,1844
TRENT,20190418,354,364.7,350.05,359.75,179763
TRF,20190418,136,136,130.55,132.2,37688
TRIDENT,20190418,67.35,68.15,66.5,66.55,296390
TRIGYN,20190418,72.3,72.3,69.7,69.8,48416
TRIL,20190418,12.8,12.95,12.5,12.7,43508
TRITURBINE,20190418,111,111,107,107.55,13406
TRIVENI,20190418,65.3,66,63.1,65.4,754776
TTKHLTCARE,20190418,689.95,692.95,680.1,680.2,513
TTKPRESTIG,20190418,8431.3,8466,8300.95,8334.15,3019
TTL,20190418,53.45,53.5,52.2,53.35,2734
TTML,20190418,3.05,3.1,2.95,2.95,851061
TV18BRDCST,20190418,35.95,36.25,34.25,34.5,7202001
TVSELECT,20190418,192.6,192.6,187.55,188.2,26915
TVSMOTOR,20190418,520.1,523.85,514.4,518.35,1600018
TVSSRICHAK,20190418,2220,2220,2200,2209.85,2279
TVTODAY,20190418,320,320,306.15,316.85,260848
TVVISION,20190418,3.05,3.25,3.05,3.1,12375
TWL,20190418,69.3,69.7,67.7,68.05,197641
UBL,20190418,1435,1439.95,1417,1420.05,419642
UCALFUEL,20190418,165.95,165.95,162.05,164.85,5872
UCOBANK,20190418,18.85,18.85,18.45,18.6,324203
UFLEX,20190418,249.5,249.9,237.25,240,62787
UFO,20190418,231.55,231.55,225,225.7,4829
UGARSUGAR,20190418,15.4,15.45,15.05,15.15,37442
UJAAS,20190418,8.5,8.5,7.5,7.8,958182
UJJIVAN,20190418,350.4,351.15,339.8,342,989841
ULTRACEMCO,20190418,4279.7,4279.7,4220,4259.95,210890
UMANGDAIRY,20190418,56.65,57.25,55,55.15,6839
UMESLTD,20190418,1.6,1.6,1.6,1.6,200
UNICHEMLAB,20190418,195,197.35,192,193.85,54004
UNIENTER,20190418,107.55,107.6,101.7,106.1,1124
UNIONBANK,20190418,92.5,92.8,90.25,91,7536198
UNIPLY,20190418,39,39.4,37.9,37.95,199812
UNITEDBNK,20190418,11.35,11.35,10.95,11,375616
UNITEDTEA,20190418,323.7,330,310.65,319.45,1086
UNIVCABLES,20190418,229.4,229.6,222,222.8,21404
UPL,20190418,935.05,938.95,926.1,934.05,915911
URJA,20190418,2.8,2.8,2.65,2.75,1941268
USHAMART,20190418,35.6,35.6,33.65,33.9,599383
UTINEXT50,20190418,288,290.8,286,290,780
UTINIFTETF,20190418,1239.9,1241.85,1229.8,1238.75,198
UTISENSETF,20190418,410,411,407.05,411,200
UTTAMSTL,20190418,10.1,10.3,10.1,10.25,115504
UTTAMSUGAR,20190418,126.2,126.7,120.6,121.3,88328
UVSL,20190418,0.1,0.1,0.05,0.1,8802254
V2RETAIL,20190418,274.5,274.5,260.6,262.15,21881
VADILALIND,20190418,608,611.95,598,600.55,12813
VAIBHAVGBL,20190418,681,681,670,678.05,7878
VAKRANGEE,20190418,63.1,65.4,62.5,63.8,7239093
VARDHACRLC,20190418,41.65,42.4,40.7,41.05,3160
VARDMNPOLY,20190418,8.4,8.4,8,8.25,1223
VARROC,20190418,589.1,594.95,575.85,577,24331
VASCONEQ,20190418,15.8,16.35,15.1,15.35,145755
VASWANI,20190418,10.5,10.5,9.7,9.95,12081
VBL,20190418,846.95,847,825.5,829.55,117697
VEDL,20190418,185.3,186.9,178,178.6,10531473
VENKEYS,20190418,2231,2234.65,2145,2154.6,63804
VENUSREM,20190418,35.15,35.35,33.6,33.95,24925
VESUVIUS,20190418,1178.85,1178.95,1151.2,1161.85,2859
VETO,20190418,74.5,74.7,69,70.85,42064
VGUARD,20190418,227.2,228,224.25,225.55,374290
VHL,20190418,2100.05,2187.5,2100,2116.6,136
VICEROY,20190418,3.35,3.5,3.2,3.3,26664
VIDHIING,20190418,79.6,79.65,76.6,78.7,19197
VIJIFIN,20190418,0.8,0.8,0.75,0.75,226326
VIKASECO,20190418,13,13.45,12.7,12.8,1116093
VIMTALABS,20190418,195.85,197.5,190.8,194.65,26794
VINATIORGA,20190418,1740,1790,1735,1767.9,28428
VINDHYATEL,20190418,1345,1367.95,1340.1,1344.2,1676
VINYLINDIA,20190418,84,86,81.2,81.6,12215
VIPCLOTHNG,20190418,20.4,20.4,19.5,19.7,142283
VIPIND,20190418,477.75,488,466.05,472.35,327801
VIPULLTD,20190418,45.05,45.2,43.25,44.5,29451
VISAKAIND,20190418,420.55,424.25,404.3,408.95,12434
VISASTEEL,20190418,7.3,7.3,7.1,7.15,8112
VISESHINFO,20190418,0.1,0.1,0.05,0.1,2980819
VISHNU,20190418,140.9,141,138.25,139.15,755
VIVIDHA,20190418,0.55,0.6,0.5,0.5,138594
VIVIMEDLAB,20190418,25.35,26.45,25.2,26.1,151014
VLSFINANCE,20190418,59.8,61.7,59,60.65,59160
VMART,20190418,2680.45,2680.45,2615.25,2642.95,5965
VOLTAMP,20190418,1158.95,1158.95,1134.1,1148.15,4240
VOLTAS,20190418,625.15,626.9,609.5,614.85,986091
VRLLOG,20190418,276.5,276.5,267.85,270,47279
VSSL,20190418,98.25,100.95,95.6,96,9507
VSTIND,20190418,3483.85,3498.15,3386.3,3430.85,1558
VSTTILLERS,20190418,1307,1307,1287,1299.7,4770
VTL,20190418,1115.15,1146.75,1111,1140.9,6863
WABAG,20190418,304,307.9,293.9,296.35,92429
WABCOINDIA,20190418,6314.2,6358.95,6264,6302.85,3868
WALCHANNAG,20190418,101.1,108.65,95.25,104.5,2996564
WANBURY,20190418,22.2,22.2,22.2,22.2,100
WEBELSOLAR,20190418,26.7,26.7,25.6,25.75,34369
WEIZFOREX,20190418,519.9,519.9,515.15,517.5,1836
WEIZMANIND,20190418,40.45,40.45,38,38.35,5999
WELCORP,20190418,141.05,142.65,135.5,136.45,493210
WELENT,20190418,120.9,120.9,116.1,117.1,193419
WELINV,20190418,144,147.5,141,147,267
WELSPUNIND,20190418,58.7,58.75,54,56.35,1256989
WENDT,20190418,3025,3025,2957.05,3011,104
WHEELS,20190418,893,907.75,880.1,886.65,540
WHIRLPOOL,20190418,1439,1458.95,1424.95,1429.6,40436
WILLAMAGOR,20190418,48.35,48.5,46.45,47.75,1356
WINDMACHIN,20190418,72.4,72.45,69.55,71.05,183757
WINSOME,20190418,0.8,0.8,0.7,0.75,941
WIPL,20190418,91,91,87.25,87.25,20
WIPRO,20190418,289,289.55,280.2,284.8,27425578
WOCKPHARMA,20190418,453.5,456.25,435.8,439.15,1175477
WONDERLA,20190418,317,317,308,312.45,9384
WSI,20190418,0.75,0.8,0.75,0.8,5231
WSTCSTPAPR,20190418,262.35,263.7,254.1,256.95,87237
XCHANGING,20190418,45.65,46.35,45.5,45.9,5207
XELPMOC,20190418,74.45,74.45,72,73.1,2199
XLENERGY,20190418,0.85,0.95,0.85,0.95,13470
XPROINDIA,20190418,34.1,34.8,34.1,34.5,1362
YESBANK,20190418,266.4,267.95,254.05,255.8,32491440
ZEEL,20190418,418,418,401,402.3,4424726
ZEELEARN,20190418,27.55,27.55,26.75,26.8,84183
ZEEMEDIA,20190418,14.95,15,14.15,14.4,1754683
ZENITHBIR,20190418,0.6,0.6,0.55,0.55,27283
ZENITHEXPO,20190418,44,44.2,43.05,43.5,755
ZENSARTECH,20190418,241,243.8,235,238.1,33522
ZENTEC,20190418,77.05,79,75.15,75.9,37426
ZICOM,20190418,4.2,4.3,3.9,4,27743
ZODIACLOTH,20190418,247.2,257,245.65,247.4,22967
ZODJRDMKJ,20190418,38.5,38.5,36.1,36.85,1249
ZUARI,20190418,195.15,196.7,187,188.65,44432
ZUARIGLOB,20190418,110.75,111.3,108.5,109.45,17996
ZYDUSWELL,20190418,1301,1315,1295,1302.95,2800
NSENIFTY,20190418,11856.15,11856.15,11738.50,11752.80,339653709,0
NIFTYJUNIOR,20190418,28593.75,28639.70,28304.10,28419.55,224570310,0
NIFTYMIDCAPLIQ15,20190418,4307.55,4309.10,4253.15,4262.90,70679398,0
NSE100,20190418,12013.70,12013.70,11894.65,11913.35,573791651,0
NIFTY200,20190418,6184.05,6184.05,6119.65,6129.80,970045236,0
NSE500,20190418,9826.45,9826.45,9721.40,9738.70,1438090949,0
NSEMIDCAP150,20190418,6526.25,6530.05,6441.20,6458.25,404436417,0
MIDCAP50,20190418,5102.50,5102.70,5018.55,5034.00,229487657,0
NSEMIDCAP,20190418,18298.65,18304.60,18033.25,18077.85,396253585,0
NIFTYSMALLCAP250,20190418,-,-,-,5461.85,-,0
NIFTYSMALLCAP50,20190418,-,-,-,3240.30,-,0
NSESMLCAP100,20190418,6785.10,6797.60,6662.80,6679.40,-,0
NIFTYLARGEMIDCAP250,20190418,-,-,-,6021.73,978228068,0
NIFTYMIDSMALLCAP400,20190418,-,-,-,6108.45,-,0
NIFTYAUTO,20190418,9034.95,9059.35,8952.55,8972.65,82867882,0
BANKNIFTY,20190418,30656.50,30669.80,30142.20,30223.40,141697748,0
NIFTYFINSERVICE,20190418,12723.85,12726.55,12542.20,12567.30,79902472,0
NIFTYFMGC,20190418,30785.65,30811.35,30532.45,30558.95,22804409,0
NSEIT,20190418,16177.85,16177.85,16021.00,16079.30,72219746,0
NIFTYMEDIA,20190418,2442.95,2443.65,2374.95,2380.10,35700513,0
NIFTYMETAL,20190418,3155.55,3158.30,3085.40,3109.85,95808893,0
NIFTYPHARMA,20190418,9442.55,9450.95,9338.65,9409.90,11800745,0
NIFTYPVTBANK,20190418,17488.80,17498.15,17183.90,17230.90,96361098,0
NIFTYPSUBANK,20190418,3285.55,3286.30,3199.80,3212.65,88112533,0
NIFTYREALTY,20190418,277.75,278.10,268.45,270.40,22776677,0
NIFTYCOMMODITIES,20190418,3673.10,3676.00,3622.15,3645.15,188311329,0
NIFTYCONSUMPTION,20190418,4966.70,4972.45,4923.65,4933.65,67849904,0
NIFTYCPSE,20190418,2286.75,2291.25,2266.30,2272.75,59400943,0
NIFTYENERGY,20190418,16369.70,16385.60,16194.70,16336.25,90977161,0
NIFTY100ESG,20190418,-,-,-,2207.96,506419913,0
NIFTY100ENHESG,20190418,-,-,-,2243.85,480443330,0
NIFTYINFRA,20190418,3249.65,3251.20,3191.65,3195.60,362787403,0
NIFTYMNC,20190418,13592.50,13598.45,13453.20,13478.40,42265454,0
NIFTYPSE,20190418,3574.95,3578.40,3533.15,3556.10,129129961,0
NIFTYSMEEMERGE,20190418,-,-,-,1533.52,1199725,0
NIFTYSERVSECTOR,20190418,16443.65,16443.65,16219.65,16246.45,222518159,0
NIFTYSHARIAH25,20190418,-,-,-,4329.89,57680094,0
NIFTY50SHARIAH,20190418,-,-,-,2516.96,58431641,0
NIFTY500SHARIAH,20190418,-,-,-,3007.39,297369366,0
NIFTYABGROUP,20190418,-,-,-,3456.93,84632340,0
NIFTYMAHINDRA,20190418,-,-,-,11635.15,10585947,0
NIFTYTATA,20190418,-,-,-,7028.11,78315184,0
NIFTYTATA25CAP,20190418,-,-,-,5032.58,67293300,0
NIFTYABGROUP,20190418,-,-,-,3456.93,84632340,0
NIFTYLIQ15,20190418,4195.10,4196.30,4116.85,4138.00,163131727,0
NIFTY500VALUE50,20190418,-,-,-,4602.18,516477059,0
NIFTYALPHALOWVOL30,20190418,-,-,-,11872.05,122444686,0
NIFTYQUALLOWVOL30,20190418,-,-,-,8462.04,92862043,0
NIFTYALPHAQUALLOWVOL30,20190418,-,-,-,9689.02,111648975,0
NIFTYALPHAQUALVALLOWVOL30,20190418,-,-,-,7451.03,119002580,0
NIFTY50EQUALWEIGHT,20190418,13101.40,13101.95,12929.70,12972.20,339653709,0
NIFTY100EQUALWEIGHT,20190418,13818.15,13819.95,13656.10,13709.35,573791651,0
NIFTY100LOWVOL30,20190418,9048.65,9049.30,8964.40,8972.20,128438683,0
NSEDEFTY,20190418,-,-,-,5872.58,-,0
NIFTY50DIVPOINT,20190418,0.00,0.00,0.00,0.00,-,0
NIFTYDIVOPPS50,20190418,2734.55,2734.55,2706.40,2713.90,228091802,0
NIFTYALPHA50,20190418,12334.70,12349.45,12240.90,12276.10,133350620,0
NIFTY50ARBITRAGE,20190418,-,-,-,1799.78,-,0
NIFTY50FUTINDEX,20190418,-,-,-,4102.36,-,0
NIFTY50FUTTRINDEX,20190418,-,-,-,11787.04,-,0
NIFTYHIGHBETA50,20190418,-,-,-,1719.46,422888009,0
NIFTYLOWVOL50,20190418,-,-,-,10366.70,154558492,0
NIFTY200QUALITY30,20190418,-,-,-,9860.95,-,0
NIFTY50VALUE20,20190418,5661.55,5661.55,5611.10,5638.40,178093978,0
NIFTYGROWSECT15,20190418,6277.45,6282.65,6191.60,6201.35,57097389,0
NIFTY50TR2XLEV,20190418,6738.35,6738.35,6605.85,6621.55,-,0
NIFTY50PR2XLEV,20190418,5290.85,5290.85,5186.80,5199.15,-,0
NIFTY50TR1XINV,20190418,341.85,345.30,341.85,344.90,-,0
NIFTY50PR1XINV,20190418,385.75,389.60,385.75,389.15,-,0
NIFTY-GS-COMPSITE,20190418,1885.79,1885.79,1883.13,1884.11,-,0
NIFTY-GS-4-8YR,20190418,1974.17,1974.17,1972.31,1971.86,-,0
NIFTY-GS-8-13YR,20190418,1847.91,1847.91,1844.86,1844.14,-,0
NIFTY-GS-10YR,20190418,1709.70,1709.70,1705.30,1706.35,-,0
NIFTY-GS-10YR-CLN,20190418,904.59,904.59,902.22,902.79,-,0
NIFTY-GS-11-15YR,20190418,1936.17,1936.17,1933.36,1934.05,-,0
NIFTY-GS-15YRPLUS,20190418,2078.60,2078.60,2076.70,2076.93,-,0
VIX,20190418,21.69,23.05,18.50,22.74,0,0
