20MICRONS,20191218,32,32.2,31.75,31.9,13814
21STCENMGM,20191218,13.55,13.55,13.3,13.3,5
3IINFOTECH,20191218,2.05,2.05,2,2,597570
3MINDIA,20191218,20997.1,21150,20750,20844.85,930
3PLAND,20191218,5.65,5.65,5.65,5.65,3021
5PAISA,20191218,180.1,181,177.05,178.8,889
63MOONS,20191218,102.35,107.5,101.55,103.85,194287
A2ZINFRA,20191218,8.05,8.1,7.15,7.65,442840
AARTIDRUGS,20191218,498,505.9,495.35,503.6,9257
AARTIIND,20191218,774,778.65,761,768.3,58145
AARVEEDEN,20191218,11.7,11.7,11.15,11.3,3020
AAVAS,20191218,1898.45,1898.45,1870,1876.5,21140
ABAN,20191218,26.65,26.75,25.7,26.05,26978
ABB,20191218,1467.55,1474.9,1442.25,1451.45,120958
ABBOTINDIA,20191218,13370,13410,13115.25,13190.9,5450
ABCAPITAL,20191218,98.95,99.9,96.8,97.55,1145998
ABFRL,20191218,235.25,239.9,233.3,239.15,557471
ABSLBANETF,20191218,319.52,320.12,319.52,320.12,25
ACC,20191218,1462.1,1470.4,1438.75,1450.4,481280
ACCELYA,20191218,985.95,990.5,956.35,965.6,7341
ACE,20191218,73.8,73.95,71.1,72.2,92700
ADANIENT,20191218,211.8,212.45,205.6,208.15,2542320
ADANIGAS,20191218,151,151.9,150.5,150.75,380427
ADANIGREEN,20191218,136.3,137.3,134,135.1,690735
ADANIPORTS,20191218,372.1,375.8,369.1,374.5,3960881
ADANIPOWER,20191218,62,62.25,60.25,61.25,5425898
ADANITRANS,20191218,334.95,336.3,332.05,333.65,132743
ADFFOODS,20191218,302.35,304.55,300,301.95,9739
ADHUNIKIND,20191218,37.6,37.6,37.6,37.6,5380
ADLABS,20191218,3.65,3.65,3.5,3.6,59114
ADORWELD,20191218,290.15,291.9,288.5,290.45,1908
ADROITINFO,20191218,7.45,7.8,7.45,7.8,48
ADSL,20191218,23.05,23.85,22.75,23,40913
ADVANIHOTR,20191218,54.4,55.05,52.55,52.85,8824
ADVENZYMES,20191218,166,166.5,163.35,164.7,97896
AEGISCHEM,20191218,183.35,186,178.5,179.35,183071
AFFLE,20191218,1467,1467,1410,1425.75,65858
AGARIND,20191218,78,80.9,78,79.65,3944
AGCNET,20191218,127.1,130.5,127,130.25,3161
AGRITECH,20191218,45.7,47,44.3,45.2,10080
AGROPHOS,20191218,147.6,148.6,147.6,148.35,1105807
AHLEAST,20191218,171,174.4,170.25,170.3,103
AHLUCONT,20191218,287.15,287.15,281,285,8793
AHLWEST,20191218,321,359.05,321,343.9,14453
AIAENG,20191218,1635.15,1640.7,1613.6,1620.4,12050
AIONJSW,20191218,9.5,9.9,9.25,9.65,21418
AIRAN,20191218,14.9,14.9,13.55,14.7,18984
AJANTPHARM,20191218,980.5,999,962.6,969.5,79440
AJMERA,20191218,117,117.3,115.1,116.25,16602
AKASH,20191218,64.9,64.9,62.1,62.1,200
AKSHARCHEM,20191218,184.1,189,184,187.45,1901
AKSHOPTFBR,20191218,6.4,6.8,6.4,6.55,160260
AKZOINDIA,20191218,1960,1960,1940,1945.2,52297
ALANKIT,20191218,11.6,11.85,11.4,11.5,20025
ALBERTDAVD,20191218,397,399.2,391.65,393.7,3967
ALBK,20191218,19.1,19.15,18.75,18.8,1409955
ALCHEM,20191218,0.7,0.8,0.7,0.75,18319
ALEMBICLTD,20191218,51.6,57.45,51.3,55.45,1224025
ALICON,20191218,360,366.05,356.25,359.75,2154
ALKALI,20191218,40.95,40.95,39.2,39.9,3017
ALKEM,20191218,2072.1,2099.9,2065,2095.4,19953
ALKYLAMINE,20191218,1057.95,1079,1052.45,1060.9,6368
ALLCARGO,20191218,93.45,95.7,92.5,93.05,377906
ALLSEC,20191218,283,289.75,275,285.45,2579
ALMONDZ,20191218,10.15,10.15,9.5,9.9,2754
ALOKTEXT,20191218,3.05,3.05,3.05,3.05,320443
ALPA,20191218,15.05,18.15,14.75,16.3,236781
ALPHAGEO,20191218,166.25,172,165.6,169.55,3166
ALPSINDUS,20191218,1.85,1.85,1.85,1.85,6453
AMARAJABAT,20191218,746.85,747,737.45,740.25,528519
AMBER,20191218,1024,1037,1020.05,1025.25,7693
AMBIKCO,20191218,845.9,852.45,841.05,849.25,2307
AMBUJACEM,20191218,198.6,199.8,194.2,196.55,2341481
AMDIND,20191218,16.15,16.3,15.7,15.75,1773
AMJLAND,20191218,19.1,19.5,18.75,19.15,17217
AMRUTANJAN,20191218,448,450.05,438.5,440.7,8150
ANANTRAJ,20191218,32.6,33.15,32.25,32.45,115485
ANDHRABANK,20191218,17.4,17.6,17.25,17.45,385618
ANDHRACEMT,20191218,2.25,2.35,2.25,2.25,24865
ANDHRSUGAR,20191218,288.35,289.65,282.1,284.6,17573
ANIKINDS,20191218,8.15,8.5,7.8,7.8,4985
ANKITMETAL,20191218,0.5,0.55,0.45,0.5,43639
ANSALAPI,20191218,4.45,4.65,4.4,4.55,7824
ANSALHSG,20191218,4.9,5.1,4.9,4.9,20762
ANTGRAPHIC,20191218,0.6,0.6,0.55,0.6,1005
ANUP,20191218,465.95,468,454.55,455.6,2432
APARINDS,20191218,401.2,404,390.6,398.8,7287
APCL,20191218,142.95,143,140.15,141.2,1076
APCOTEXIND,20191218,154.5,157.95,151,152.5,22492
APEX,20191218,303,311.75,301.25,305.5,128154
APLAPOLLO,20191218,1648,1667.8,1613.1,1626.6,15218
APLLTD,20191218,557,563.05,545,555.7,54728
APOLLO,20191218,69.6,71.5,69.15,69.8,22288
APOLLOHOSP,20191218,1371.05,1394.85,1370,1384.85,1244195
APOLLOPIPE,20191218,338,347,331.35,335.65,7782
APOLLOTYRE,20191218,166,166.5,163.55,164.55,2040202
APOLSINHOT,20191218,671,671,654.95,657.15,519
APTECHT,20191218,168.2,172.45,162.25,170.9,670482
ARCHIDPLY,20191218,26.15,26.55,25.8,26.05,3306
ARCHIES,20191218,20.3,21.25,19.85,20.05,55958
ARCOTECH,20191218,1.9,2,1.9,2,20800
ARENTERP,20191218,9.45,9.45,9.45,9.45,400
ARIES,20191218,64.35,64.35,62.1,62.9,11383
ARIHANT,20191218,21.1,22,21.05,21.5,1012
ARIHANTSUP,20191218,23.5,24.25,22.9,24,1149
ARMANFIN,20191218,612,616,599.3,600.15,4031
AROGRANITE,20191218,37.75,39.8,37,38,3112
ARROWGREEN,20191218,48.25,50.9,46.2,47.9,4216
ARROWTEX,20191218,8.85,9.3,8.8,8.9,10800
ARSHIYA,20191218,16.25,17.45,16.25,16.7,19422
ARSSINFRA,20191218,22.4,22.65,21.65,21.9,6452
ARVIND,20191218,39.7,40.9,39.2,39.85,2621056
ARVINDFASN,20191218,418.35,429.85,410,413.9,46259
ARVSMART,20191218,88.25,89.95,87.15,88.1,3979
ASAHIINDIA,20191218,201.95,201.95,194.55,195.6,4802
ASAHISONG,20191218,137.4,149,135.95,146.25,7256
ASAL,20191218,31,31.35,30.5,30.55,4186
ASHAPURMIN,20191218,26.5,26.5,24.2,25.15,12774
ASHIANA,20191218,97.5,99,94.05,97.55,97004
ASHIMASYN,20191218,6.25,7.25,6,6.3,55298
ASHOKA,20191218,95,95.8,93.3,94.25,1666806
ASHOKLEY,20191218,80.05,81.3,79.1,79.9,12892036
ASIANHOTNR,20191218,99.9,99.9,94.65,95,7246
ASIANPAINT,20191218,1749.25,1782,1733.65,1778.45,1476506
ASIANTILES,20191218,228.9,228.9,223,225.85,27061
ASPINWALL,20191218,143.4,143.4,135.7,137.95,333
ASTEC,20191218,401.95,401.95,385.1,392.85,3212
ASTERDM,20191218,161.2,162.8,157.45,161.4,329849
ASTRAL,20191218,1148,1150,1123,1130.85,25217
ASTRAMICRO,20191218,84.15,84.8,80.5,81.1,129385
ASTRAZEN,20191218,2889.7,2895,2827,2841.55,7973
ASTRON,20191218,39.35,39.45,37.1,37.5,84968
ATFL,20191218,617.95,625,606.15,613.9,6101
ATLANTA,20191218,5.95,6.05,5.8,5.9,10811
ATLASCYCLE,20191218,42,42.4,41.05,41.85,1785
ATUL,20191218,4027.1,4027.1,4000,4002.45,11185
ATULAUTO,20191218,242.85,243,236,236.95,31664
AUBANK,20191218,798,798,781,794.2,287842
AURIONPRO,20191218,63.95,64,61,61.1,9321
AUROPHARMA,20191218,449,455.45,446.25,454,2762551
AUSOMENT,20191218,33.15,34.35,33.15,34.35,762
AUTOAXLES,20191218,784.6,805.75,783.45,799.25,4366
AUTOIND,20191218,25.2,27.05,25.2,26.4,15125
AUTOLITIND,20191218,19.75,20.8,19.7,20.1,4150
AVADHSUGAR,20191218,260,263.85,255,259.85,221627
AVANTIFEED,20191218,542,556.7,539.55,548.8,559582
AVTNPL,20191218,30.85,31.1,29.45,29.8,73363
AXISBANK,20191218,745.8,748.55,737.6,741.85,6678420
AXISCADES,20191218,58,64,57.95,60.95,1010766
AXISGOLD,20191218,3332.75,3350.05,3329.1,3346.8,129
AXISNIFTY,20191218,1259.79,1260,1250.92,1257.78,35
AYMSYNTEX,20191218,29.15,29.15,28.7,29.1,69735
BAGFILMS,20191218,1.85,1.95,1.85,1.9,52820
BAJAJ-AUTO,20191218,3199.05,3220,3192.2,3213.65,315871
BAJAJCON,20191218,223.6,226.5,222.15,224.3,106772
BAJAJELEC,20191218,343,343.95,334.2,338.6,115132
BAJAJFINSV,20191218,9365,9421,9326.65,9362.6,228424
BAJAJHIND,20191218,6.65,6.8,6.45,6.5,2622611
BAJAJHLDNG,20191218,3287.05,3298.85,3277.5,3282.55,54838
BAJFINANCE,20191218,4140.45,4158.85,4101.05,4119.35,1109775
BALAJITELE,20191218,51.9,52.4,50.75,51,65797
BALAMINES,20191218,362,362,350,353.2,10383
BALAXI,20191218,72.05,83.95,72.05,79.95,288
BALKRISHNA,20191218,18,18,16.85,17.2,19869
BALKRISIND,20191218,951.8,968.5,945.8,949.4,926624
BALLARPUR,20191218,0.4,0.4,0.35,0.35,6418384
BALMLAWRIE,20191218,189.65,199.7,188.4,192.65,210988
BALPHARMA,20191218,39.8,40.8,39.55,39.8,5619
BALRAMCHIN,20191218,173.3,175.8,172.55,173.7,2730110
BANARBEADS,20191218,27.3,29.35,27.3,28.85,2371
BANARISUG,20191218,1153.95,1153.95,1130,1130.75,380
BANCOINDIA,20191218,94.5,96.5,94.5,95.95,40255
BANDHANBNK,20191218,482,504.4,457,500,9235981
BANG,20191218,16.8,17.4,16.65,16.95,1568
BANKBARODA,20191218,101.45,101.6,98.5,98.9,27067150
BANKBEES,20191218,3276.23,3291,3262.05,3286.95,2787
BANKINDIA,20191218,71.2,73.55,69.4,71.35,2478131
BANSWRAS,20191218,90,90.05,85.05,89.35,7890
BARTRONICS,20191218,1.65,1.65,1.55,1.65,3253
BASF,20191218,962.25,962.25,941,946,17251
BASML,20191218,122.9,122.9,115.3,116,370
BATAINDIA,20191218,1685.6,1687.9,1653.9,1662.95,366968
BAYERCROP,20191218,3629.55,3658,3552.05,3591.3,58340
BBL,20191218,795,795,784.2,788.1,4926
BBTC,20191218,1039.9,1039.9,1020,1027.35,71376
BCG,20191218,5.85,5.85,5.55,5.55,407764
BCP,20191218,12.1,12.1,12.1,12.1,47778
BDL,20191218,285,292.4,283.5,286.3,80681
BEARDSELL,20191218,7.75,7.9,7.35,7.5,971
BEDMUTHA,20191218,15.4,15.6,15.4,15.6,237
BEL,20191218,100.35,100.75,99.65,100.45,4468054
BEML,20191218,987.85,994.8,970.55,984,357239
BEPL,20191218,42.25,42.65,40.1,41.05,275796
BERGEPAINT,20191218,491,502,488.65,500.15,1663753
BFINVEST,20191218,325.9,329.8,322.6,324.05,101626
BFUTILITIE,20191218,321,331.7,318.6,326.65,372082
BGLOBAL,20191218,1.95,1.95,1.85,1.85,1577
BGRENERGY,20191218,38,38.5,36.3,36.55,283301
BHAGERIA,20191218,92.95,100.05,92.1,98.05,30455
BHAGYANGR,20191218,18,18.95,18,18.5,3029
BHAGYAPROP,20191218,20.5,20.5,18.5,18.5,413
BHANDARI,20191218,1.1,1.1,1.05,1.1,27836
BHARATFORG,20191218,486,497.85,483.2,496.4,2222895
BHARATGEAR,20191218,63.2,64.8,63.05,63.2,6330
BHARATRAS,20191218,6172.55,6225.05,6151,6194.7,879
BHARATWIRE,20191218,23.85,24.85,23.7,24.15,23494
BHARTIARTL,20191218,447,447.1,434.15,438.3,17654537
BHEL,20191218,46.05,46.4,44.9,45.25,14598223
BIGBLOC,20191218,35.25,35.75,35.25,35.75,131
BIL,20191218,139,144.95,139,142.6,448
BILENERGY,20191218,1.15,1.15,1.05,1.1,304063
BINDALAGRO,20191218,9.05,9.4,9,9,10968
BIOCON,20191218,290,295.65,288.5,294.05,2719997
BIOFILCHEM,20191218,15.55,15.55,15.55,15.55,55475
BIRLACABLE,20191218,53.5,58.85,53,58.85,220350
BIRLACORPN,20191218,619.5,624.9,605,609.85,52961
BIRLAMONEY,20191218,35.3,35.3,34.25,34.35,49654
BKMINDST,20191218,0.7,0.75,0.7,0.7,29111
BLBLIMITED,20191218,4.85,5.75,4.5,5,440511
BLISSGVS,20191218,150.55,150.85,149,149.6,206804
BLKASHYAP,20191218,9.65,10.1,9.35,9.75,36934
BLS,20191218,63.5,66,63.5,65.1,29934
BLUEBLENDS,20191218,0.95,0.95,0.9,0.9,764
BLUECOAST,20191218,3.45,3.45,3.45,3.45,1
BLUEDART,20191218,2219,2255,2202.2,2246.45,6271
BLUESTARCO,20191218,795.9,802.45,782.5,796.75,77789
BODALCHEM,20191218,57.45,58.15,56.65,57.1,55429
BOMDYEING,20191218,76.9,77.35,74.55,75.15,808283
BOROSIL,20191218,166.4,167.5,160.1,160.9,36628
BOSCHLTD,20191218,15249.95,15265,15111.05,15200.55,15267
BPCL,20191218,496.5,498.25,488.1,489.25,4657085
BPL,20191218,19,19.4,18.6,18.8,71187
BRIGADE,20191218,208.25,212,202.1,208.05,96635
BRITANNIA,20191218,3070,3121.15,3053.35,3099.2,405982
BRNL,20191218,61.9,61.9,59.25,60.2,30401
BROOKS,20191218,26.65,27.6,26.1,26.75,14660
BSE,20191218,494.3,495.55,488.1,490.5,56304
BSELINFRA,20191218,1.05,1.05,0.95,1.05,2746
BSL,20191218,27.85,27.85,26.5,26.7,2536
BSLGOLDETF,20191218,3512,3512,3512,3512,19
BSLNIFTY,20191218,133,133,132.37,133,113
BSOFT,20191218,68.25,68.5,67.2,68.2,232322
BURNPUR,20191218,1.35,1.35,1.25,1.3,17653
BUTTERFLY,20191218,194.55,199,193.05,193.35,14102
BVCL,20191218,12.7,12.7,12.7,12.7,10
BYKE,20191218,17.3,17.75,16.7,17.45,20172
CADILAHC,20191218,260,261.35,257.3,258.9,747292
CALSOFT,20191218,14.05,14.65,14,14.1,13657
CAMLINFINE,20191218,72.4,73.9,70.25,71.75,185679
CANBK,20191218,229,229.4,221.05,223.25,7291009
CANFINHOME,20191218,418.75,418.75,405.05,406.6,119045
CANTABIL,20191218,276.85,279.8,271,276.15,37182
CAPACITE,20191218,178.5,196.95,177.4,191.3,87577
CAPLIPOINT,20191218,304,313.45,304,308.65,31052
CAPTRUST,20191218,93.85,93.85,93.85,93.85,78
CARBORUNIV,20191218,326.65,329.5,325.05,326.6,13861
CAREERP,20191218,110.45,110.9,108,108.45,13780
CARERATING,20191218,480.95,482.05,476.65,479.35,36001
CASTEXTECH,20191218,0.35,0.4,0.35,0.4,36880
CASTROLIND,20191218,132.5,132.5,128.5,129.7,1481215
CCHHL,20191218,3.1,3.25,3.1,3.15,11337
CCL,20191218,198.35,198.35,191.4,195,68627
CDSL,20191218,222.5,228.5,222.5,226.05,942169
CEATLTD,20191218,991.3,995,973.45,987.7,78925
CEBBCO,20191218,14.95,15.6,14.9,15.25,20821
CELEBRITY,20191218,5.4,5.55,5.4,5.5,1993
CELESTIAL,20191218,3.2,3.25,3.05,3.2,3208
CENTENKA,20191218,181.85,182.95,180.75,181,6165
CENTEXT,20191218,2.4,2.4,2.25,2.3,94042
CENTRALBK,20191218,19,19,18.3,18.4,691869
CENTRUM,20191218,20.35,20.75,19.6,20,93374
CENTUM,20191218,368,376,345.55,346.7,6688
CENTURYPLY,20191218,162.2,162.5,158.25,161.95,64876
CENTURYTEX,20191218,492.9,492.95,481.7,486.8,614712
CERA,20191218,2554.8,2569.3,2516.5,2528.1,452
CEREBRAINT,20191218,22.6,23.6,22.5,23.2,24897
CESC,20191218,743.7,748,733.35,737.05,194321
CESCVENT,20191218,296.2,302.8,291,293.6,7872
CGCL,20191218,193.65,201.4,189.55,199.8,364056
CGPOWER,20191218,11.65,11.9,11.15,11.4,893084
CHALET,20191218,336.5,341,335.1,336.95,1098
CHAMBLFERT,20191218,149.95,150.95,146.3,147.65,497852
CHEMBOND,20191218,209.45,209.45,197.05,207.25,1130
CHEMFAB,20191218,164.1,167.8,161,161.05,460
CHENNPETRO,20191218,116.15,116.65,114.5,114.95,58466
CHOLAFIN,20191218,311,313.95,308.1,308.85,821108
CHOLAHLDNG,20191218,496,509,488.65,500.15,72770
CHROMATIC,20191218,0.45,0.5,0.45,0.5,38101
CIGNITITEC,20191218,307.9,310,297.3,306.4,108079
CIMMCO,20191218,19.5,20.5,19.5,20.1,4773
CINELINE,20191218,30.2,30.7,29.1,29.9,5535
CINEVISTA,20191218,8.05,8.8,8.05,8.55,8877
CIPLA,20191218,464,469.25,461.5,467.8,1705929
CKFSL,20191218,0.5,0.5,0.45,0.5,378054
CLEDUCATE,20191218,69.15,79.4,69,74.85,3902
CLNINDIA,20191218,320.2,323.65,318,318.8,9670
CMICABLES,20191218,48.05,50.45,48.05,50.1,25477
CNOVAPETRO,20191218,8,8,7.5,7.5,5052
COALINDIA,20191218,195.85,198.5,194.8,197.75,3623918
COCHINSHIP,20191218,389.1,394.15,388,390.5,27118
COFFEEDAY,20191218,47,47.15,46.1,46.6,498659
COLPAL,20191218,1469.7,1491.45,1467,1482.15,602276
COMPINFO,20191218,11.7,11.85,11.1,11.35,94367
COMPUSOFT,20191218,7.7,8.25,7.65,8,20927
CONCOR,20191218,575.3,577.95,571,573.35,937922
CONFIPET,20191218,27.7,28.55,27.65,28,152685
CONSOFINVT,20191218,35.5,35.5,35.35,35.35,852
CONTROLPR,20191218,231.25,236,228,231.05,2635
CORALFINAC,20191218,10.6,11.15,10.6,11.05,22345
CORDSCABLE,20191218,42.4,43.85,42,42.2,6626
COROMANDEL,20191218,510,524.8,506.05,515.15,210269
CORPBANK,20191218,25.15,26.15,24,24.55,1011953
COSMOFILMS,20191218,226.45,228,224.5,225.15,13701
COUNCODOS,20191218,1.8,1.8,1.8,1.8,3654
COX&KINGS,20191218,1.65,1.65,1.6,1.6,1631531
CPSEETF,20191218,22.77,22.9,22.68,22.76,926927
CREATIVE,20191218,89.7,90.5,86.7,89.05,17645
CREATIVEYE,20191218,1.35,1.35,1.35,1.35,50
CREDITACC,20191218,796,799.75,767.65,790.3,109218
CREST,20191218,94,94,91.25,91.9,2765
CRISIL,20191218,1779.8,1779.8,1751.1,1771.05,11040
CROMPTON,20191218,243.55,246.9,242.5,245.35,3290419
CSBBANK,20191218,245,245,237.35,239.8,856066
CTE,20191218,22.6,23.25,21.6,22.05,12972
CUB,20191218,230.25,233.5,230.25,232.7,435577
CUBEXTUB,20191218,10.95,11.9,10.9,11.9,7260
CUMMINSIND,20191218,562.4,564.95,556.5,561.3,414344
CUPID,20191218,200.7,202.5,197,199.15,26801
CYBERMEDIA,20191218,2.85,3.15,2.85,3.15,300
CYBERTECH,20191218,46,48.4,46,47.25,24112
CYIENT,20191218,393.9,417.9,393.9,412.95,302996
DAAWAT,20191218,21.75,22.65,21.6,21.7,3526824
DABUR,20191218,458.5,464.2,457.2,462.8,1178799
DALBHARAT,20191218,832.35,832.35,805,809.45,70326
DALMIASUG,20191218,86.3,89.3,85.25,87.65,423514
DAMODARIND,20191218,24.9,26.4,24.15,25,1143
DATAMATICS,20191218,69.25,72.85,69.05,72.15,34102
DBCORP,20191218,134.1,134.5,132.2,132.95,16998
DBL,20191218,397.2,424.7,397.2,417.95,1337730
DBREALTY,20191218,10.7,10.7,10.35,10.65,135713
DBSTOCKBRO,20191218,8.35,8.45,8.35,8.45,109
DCAL,20191218,123,123.15,118,119.55,168156
DCBBANK,20191218,171.6,172,169,169.95,391832
DCM,20191218,19.95,20.05,18.8,19.1,7425
DCMNVL,20191218,29,32.75,29,30.3,2466
DCMSHRIRAM,20191218,357.5,360.75,350.05,358.15,73661
DCW,20191218,13.1,14.65,12.95,14.35,405357
DECCANCE,20191218,274.65,274.65,263.3,268.6,5068
DEEPAKFERT,20191218,92.6,94.15,91,91.35,137175
DEEPAKNTR,20191218,360.2,369.4,360.2,364.65,398082
DEEPIND,20191218,103.95,104.8,103,103.05,6713
DELTACORP,20191218,214,216.25,202.35,208.5,1099589
DELTAMAGNT,20191218,37,39,37,37.45,321
DEN,20191218,39.8,39.8,38.1,38.85,11494
DENORA,20191218,196.3,200,196.3,197.1,630
DFMFOODS,20191218,250.1,262,249.5,259.9,213168
DGCONTENT,20191218,5.85,5.85,5.65,5.65,6979
DHAMPURSUG,20191218,211,214,207.2,211.6,998927
DHANBANK,20191218,14,14.25,14,14,160226
DHANUKA,20191218,350,384.45,345.7,363.75,101049
DHARSUGAR,20191218,7.1,7.1,6.7,7,29098
DHFL,20191218,16.95,16.95,16.95,16.95,291222
DHUNINV,20191218,237.1,253.85,232,242.4,9560
DIAMONDYD,20191218,852.1,864.9,833,854.85,1907
DICIND,20191218,314.3,314.5,308.05,311.8,6099
DIGISPICE,20191218,4.45,4.65,4.45,4.65,43301
DISHTV,20191218,13.25,13.35,12.85,13,24515191
DIVISLAB,20191218,1841.1,1844.55,1821.3,1837.85,461114
DIXON,20191218,3550,3693.5,3550,3622.3,58162
DLF,20191218,229.85,229.95,224.2,227.8,7530021
DLINKINDIA,20191218,93.15,102,92.85,97.85,322634
DMART,20191218,1885,1941.9,1865,1913.5,1430492
DNAMEDIA,20191218,0.5,0.55,0.45,0.45,9113
DOLAT,20191218,68.8,68.85,66.05,66.35,43824
DOLLAR,20191218,145.05,153,141.6,144.2,22447
DONEAR,20191218,30,30.25,29.65,29.8,3573
DPSCLTD,20191218,8.85,9,8.3,8.75,9203
DQE,20191218,2.2,2.35,2.2,2.2,1771
DREDGECORP,20191218,333.85,343.95,332,338.7,218024
DRREDDY,20191218,2840,2876.25,2827,2873.45,531232
DSSL,20191218,22.15,22.9,22,22.45,1418
DTIL,20191218,174,174,169.1,171,1204
DUCON,20191218,4.85,4.9,4.6,4.65,53524
DVL,20191218,68.35,69.25,66.85,68.1,4609
DWARKESH,20191218,26.7,27.85,26.6,26.9,642412
DYNAMATECH,20191218,995,1010.05,990,995.2,487
DYNPRO,20191218,136.65,136.95,133.95,134.9,3707
EASTSILK,20191218,1.35,1.35,1.35,1.35,821
ECLERX,20191218,541.95,549.6,530,542.05,60405
EDELWEISS,20191218,116.05,118,114.8,115.9,772267
EICHERMOT,20191218,21750,21972.45,21416,21735.85,101443
EIDPARRY,20191218,203.15,205.8,198.3,201.3,212061
EIHAHOTELS,20191218,306.85,306.85,295.65,297.5,687
EIHOTEL,20191218,143,143.8,141.5,142.2,35225
EIMCOELECO,20191218,290.5,290.5,289.35,289.85,572
EKC,20191218,22.25,22.85,22.25,22.55,36548
ELECON,20191218,33.2,33.35,31.8,32.2,64241
ELECTCAST,20191218,11.5,11.7,11.3,11.55,246503
ELECTHERM,20191218,129.95,130.2,126.65,127.85,4376
ELGIEQUIP,20191218,252.95,254.75,248.55,250.05,5379
ELGIRUBCO,20191218,15.2,15.85,15.05,15.05,2097
EMAMILTD,20191218,307,307.1,301.45,304.3,190286
EMAMIPAP,20191218,77.4,77.45,71.5,72.35,22421
EMAMIREAL,20191218,43.2,43.2,40.5,41.35,12758
EMKAY,20191218,58.25,59,56,56.9,7993
EMMBI,20191218,100,117.8,98.15,99.55,4729
ENDURANCE,20191218,1060.2,1073,1039.4,1050.5,25448
ENERGYDEV,20191218,6.15,6.15,6.15,6.15,11640
ENGINERSIN,20191218,103.55,103.6,101.5,101.8,556700
ENIL,20191218,241,260,235.55,240,2920
EON,20191218,14.05,14.2,13.55,13.7,10078
EQ30,20191218,330,338,320.5,323.5,41
EQUITAS,20191218,104.75,106.1,103.75,104.4,3346919
ERIS,20191218,485,490,472.55,475.6,40551
EROSMEDIA,20191218,12.85,13.2,12.85,13.05,62506
ESABINDIA,20191218,1234.55,1244.7,1213,1225.15,2302
ESCORTS,20191218,616.9,617.95,607.2,611.4,1257704
ESSARSHPNG,20191218,7.55,7.55,7,7.3,23710
ESSELPACK,20191218,152.9,152.9,149.45,151.2,26191
ESTER,20191218,30,30.5,30,30.45,17940
EUROMULTI,20191218,0.6,0.6,0.6,0.6,1001
EUROTEXIND,20191218,11.75,11.8,11.05,11.05,2000
EVEREADY,20191218,54.45,54.5,53.05,54.3,55654
EVERESTIND,20191218,243,245,240.25,241.65,24223
EXCEL,20191218,0.95,0.95,0.85,0.95,32047
EXCELINDUS,20191218,804.95,833.3,798.05,826.1,7188
EXIDEIND,20191218,185.1,185.4,182.2,183.2,2787401
EXPLEOSOL,20191218,278.55,280.75,272.2,274.4,13830
FACT,20191218,39.5,39.5,38.6,38.8,60875
FAIRCHEM,20191218,504,509,493.4,499.8,27489
FCL,20191218,27.05,27.8,26.1,27.15,75466
FCONSUMER,20191218,24,24.15,23.65,23.8,358002
FCSSOFT,20191218,0.2,0.25,0.2,0.2,427876
FDC,20191218,201.55,202.3,199.35,201.4,14509
FEDERALBNK,20191218,86.25,86.8,85.25,86,6870094
FEL,20191218,21.1,21.8,21,21.15,208691
FELDVR,20191218,21.95,21.95,20.9,21.15,11545
FIEMIND,20191218,414.95,418.75,407.35,408.85,4525
FILATEX,20191218,36.85,37.25,35.5,36.95,239855
FINCABLES,20191218,371.6,372.3,361.15,368.65,108087
FINEORG,20191218,1814.9,1815,1787.55,1795.35,4022
FINPIPE,20191218,550,553.4,540.6,543.15,98168
FLEXITUFF,20191218,7.9,7.9,7.9,7.9,3007
FLFL,20191218,392.1,399,392.05,396.65,5639
FLUOROCHEM,20191218,593.95,600,576.45,595.7,6327
FMGOETZE,20191218,658.2,664.05,648.2,652.95,210352
FMNL,20191218,26.6,28,26.3,26.9,20281
FORCEMOT,20191218,993.8,997.45,986,990.95,8044
FORTIS,20191218,135,135.55,133.1,133.45,318911
FOSECOIND,20191218,1286.1,1298.4,1261,1265.9,596
FRETAIL,20191218,335.2,344.5,333,342.3,301925
FSC,20191218,485,492.9,480.55,488,32857
FSL,20191218,40.2,41.8,40,41.5,2052993
GABRIEL,20191218,121,121,118,119,64858
GAEL,20191218,135.65,135.65,133,133.3,17133
GAIL,20191218,120.2,120.3,116.6,117.35,9445724
GAL,20191218,1.85,1.85,1.7,1.8,68978
GALAXYSURF,20191218,1475,1475,1397.1,1410,63127
GALLANTT,20191218,29.4,29.85,28.5,29.5,2633
GALLISPAT,20191218,21.5,21.5,20.5,21.5,7568
GAMMNINFRA,20191218,0.5,0.5,0.4,0.45,487088
GANDHITUBE,20191218,281.45,284.9,276.55,284.45,482
GANECOS,20191218,235.55,242.9,235.55,237.6,2642
GANESHHOUC,20191218,31.1,32.5,31,32.2,25251
GANGESSECU,20191218,37.95,38.2,35.9,35.9,2069
GARDENSILK,20191218,8.8,8.95,8.55,8.7,25921
GARFIBRES,20191218,1149.05,1185.95,1143.95,1162.65,68989
GATI,20191218,56.9,57.05,56.3,56.45,215859
GAYAHWS,20191218,0.45,0.45,0.45,0.45,135110
GAYAPROJ,20191218,83.35,83.35,78.4,80.9,299765
GDL,20191218,96.75,97.5,95.35,96.65,51526
GEECEE,20191218,80.05,80.05,77.65,77.85,2714
GENESYS,20191218,55.45,55.6,53.05,54.15,11348
GENUSPAPER,20191218,5.2,5.25,5,5.1,155808
GENUSPOWER,20191218,23.4,23.4,22.85,22.95,35624
GEOJITFSL,20191218,27.95,28.2,27.65,27.65,127645
GEPIL,20191218,727.85,727.85,704.7,725,9790
GESHIP,20191218,300.05,302.5,296,300.35,91041
GET&D,20191218,154.65,157.15,151.75,153.15,10975
GFLLIMITED,20191218,75.8,77.25,73.6,74.15,51599
GHCL,20191218,195,196.45,191.5,192.15,62281
GICHSGFIN,20191218,155,155,149.85,150.5,75735
GICRE,20191218,237.05,241,234.55,236.25,567214
GILLANDERS,20191218,28,29.2,28,29.15,755
GILLETTE,20191218,6578.5,6616.85,6540,6569.75,2512
GINNIFILA,20191218,8.2,8.3,8,8.2,17842
GIPCL,20191218,67.95,68.6,67.8,68,42198
GISOLUTION,20191218,3.1,3.1,3.1,3.1,31
GKWLIMITED,20191218,691.35,709.95,691.35,709.3,99
GLAXO,20191218,1643,1659.45,1616.1,1637.75,76305
GLENMARK,20191218,346.8,356.15,343.1,353.8,2387690
GLFL,20191218,0.8,0.8,0.8,0.8,387
GLOBALVECT,20191218,52.2,53.7,50,50.35,6602
GLOBOFFS,20191218,5.25,5.35,5.05,5.05,10684
GLOBUSSPR,20191218,133,134.7,130.35,131.15,51931
GMBREW,20191218,422.95,433.4,414.5,424.2,76962
GMDCLTD,20191218,57.85,58.9,57.15,58,91018
GMMPFAUDLR,20191218,1623.8,1739.9,1623.8,1708.5,27794
GMRINFRA,20191218,21.8,21.95,21.05,21.25,18598560
GNA,20191218,247.95,251.9,245.65,247.2,15418
GNFC,20191218,173.4,175.5,170.5,173.05,234460
GOACARBON,20191218,203.15,208.4,201.4,204.2,17057
GOCLCORP,20191218,282.65,282.65,276.5,278.7,2004
GODFRYPHLP,20191218,1260,1302.5,1230,1260.85,226903
GODREJAGRO,20191218,497.05,501,495,499.65,18703
GODREJCP,20191218,681.95,685,675,680.3,512282
GODREJIND,20191218,436.45,436.95,419,425.15,72827
GODREJPROP,20191218,923.45,934.9,912.65,924.35,239156
GOKEX,20191218,74.95,75.3,74,74.55,30602
GOKUL,20191218,13.1,13.6,12.8,13,192
GOKULAGRO,20191218,12.55,13.3,12.5,13.1,53635
GOLDBEES,20191218,3370.1,3370.1,3351.1,3359.6,4386
GOLDENTOBC,20191218,29.85,29.85,27.35,27.7,1367
GOLDIAM,20191218,137,142.4,135.65,139.6,33573
GOLDSHARE,20191218,3375,3375,3361.5,3366.5,317
GOLDTECH,20191218,9,9,8.75,8.75,7606
GOODLUCK,20191218,43,45,40.2,44.3,38698
GPIL,20191218,180.45,208.45,177.05,198.4,736532
GPPL,20191218,82.95,85.35,82.6,84.05,136917
GPTINFRA,20191218,38.6,40.8,37.75,40.15,948
GRANULES,20191218,126.95,128.5,126.35,128.05,340697
GRAPHITE,20191218,306,312.9,305.25,309.25,1581257
GRASIM,20191218,773.6,776.4,751.5,754.2,1674043
GRAVITA,20191218,42.5,44.4,41,41.2,64854
GREAVESCOT,20191218,125.45,132.2,125.45,131.7,169600
GREENLAM,20191218,975.95,980.1,952.25,955.55,1613
GREENPANEL,20191218,44.5,45,44.35,44.4,240746
GREENPLY,20191218,161,161.95,158.5,161.25,24069
GREENPOWER,20191218,2.1,2.1,1.9,1.95,63559
GRINDWELL,20191218,579,579,572.15,575.05,5020
GROBTEA,20191218,460,482.7,437,482.6,643
GRPLTD,20191218,801.05,844.95,778,795.05,83
GRSE,20191218,201.6,201.65,196.25,197.3,120732
GSCLCEMENT,20191218,18.2,18.4,18,18.2,29412
GSFC,20191218,69,69.9,68.35,68.7,155959
GSKCONS,20191218,8375.2,8384.4,8151.4,8254.15,65834
GSPL,20191218,217.6,218.2,216.2,217.35,138337
GSS,20191218,31.7,32.9,29,31.85,23889
GTL,20191218,1.5,1.55,1.45,1.5,139683
GTLINFRA,20191218,0.4,0.45,0.4,0.4,15833697
GTNIND,20191218,6.05,6.5,6.05,6.45,1764
GTNTEX,20191218,5.5,5.5,5.5,5.5,14
GTPL,20191218,66.15,67.45,65,66,9205
GUFICBIO,20191218,63,63.45,61.1,61.55,21043
GUJALKALI,20191218,395.9,399.85,393.8,396.9,13461
GUJAPOLLO,20191218,121.7,125.8,119,120.45,1643
GUJGASLTD,20191218,229.2,230.75,227.05,229.7,274893
GULFOILLUB,20191218,820.05,831.8,815.05,830.05,4014
GULFPETRO,20191218,37,37.9,36.05,36.95,22334
GULPOLY,20191218,36.6,38.25,36.6,37.55,4473
GVKPIL,20191218,4.4,4.4,4.1,4.15,1342674
HAL,20191218,745,750,740,741.8,7224
HARITASEAT,20191218,440,444.8,436.4,439.8,809
HARRMALAYA,20191218,60.5,60.5,57.7,58.1,63343
HATHWAY,20191218,19.7,19.8,19.5,19.55,92257
HATSUN,20191218,576,576,566.65,567.7,2907
HAVELLS,20191218,644.8,655,636.05,652.05,1325539
HAVISHA,20191218,0.55,0.6,0.55,0.55,5002
HBLPOWER,20191218,15.8,15.95,15.5,15.6,153353
HCC,20191218,11.5,11.7,11.05,11.25,2757326
HCG,20191218,101.75,101.75,95.2,99.65,46493
HCL-INSYS,20191218,7.65,7.8,7.45,7.45,639749
HCLTECH,20191218,560,566.95,559,564.7,4618387
HDFC,20191218,2427,2459.3,2415.8,2445.15,5100244
HDFCAMC,20191218,3164.9,3164.9,3125.5,3145.6,437950
HDFCBANK,20191218,1283,1299,1273.65,1292.35,8723586
HDFCLIFE,20191218,599,604.8,588.2,601.5,3092926
HDFCMFGETF,20191218,3416.55,3437,3416.55,3428.85,705
HDFCNIFETF,20191218,1274,1281.1,1272.7,1278.68,667
HDFCSENETF,20191218,4378.43,4378.43,4341.86,4371,9
HDIL,20191218,3.55,3.55,3.45,3.55,948066
HEG,20191218,1121,1140,1101.65,1117.6,373514
HEIDELBERG,20191218,178.15,179.8,175.25,177.8,213474
HERCULES,20191218,89,92.75,89,91.2,9082
HERITGFOOD,20191218,340.15,346.65,325.5,337.35,33390
HEROMOTOCO,20191218,2314.95,2320,2290.05,2311.95,952321
HESTERBIO,20191218,1467,1487.65,1465,1474.85,4462
HEXATRADEX,20191218,9.45,9.45,8.75,8.75,1902
HEXAWARE,20191218,338,345,337.35,338.2,614003
HFCL,20191218,17.25,17.55,17.05,17.15,2558183
HGINFRA,20191218,235.65,235.8,229,230.65,48542
HGS,20191218,625.05,629.9,620.55,624.65,664
HIKAL,20191218,111.15,111.8,108.1,109.65,80314
HIL,20191218,1125.25,1203.5,1125.1,1160.2,11357
HILTON,20191218,10.9,11.3,10.9,10.9,4577
HIMATSEIDE,20191218,121.5,124,120.6,121.7,72270
HINDALCO,20191218,214.55,215.5,212.2,213.65,11721371
HINDCOMPOS,20191218,162.5,175,160.1,164.5,1975
HINDCOPPER,20191218,38.45,39.7,38.2,38.45,1006376
HINDMOTORS,20191218,5.6,5.85,5.55,5.6,268049
HINDNATGLS,20191218,27,27.75,27,27.75,6074
HINDOILEXP,20191218,85,85.55,83.1,83.65,100572
HINDPETRO,20191218,264.05,265.5,262.2,263.8,2866222
HINDSYNTEX,20191218,1.8,1.8,1.8,1.8,3011
HINDUNILVR,20191218,1960,1966.6,1907.35,1928.55,3986106
HINDZINC,20191218,208.7,210.25,207.1,207.3,666319
HIRECT,20191218,208.35,214,206.4,210.15,6017
HISARMETAL,20191218,49.6,49.6,46.65,48.9,3265
HITECH,20191218,138.4,143.9,137,138.2,38183
HITECHCORP,20191218,85.9,85.9,82.2,82.65,3875
HITECHGEAR,20191218,163.05,167.9,162,165.2,2473
HMVL,20191218,72,73.8,68.8,68.95,16626
HNDFDS,20191218,661.25,679.95,660,668.45,3048
HNGSNGBEES,20191218,3222,3228.9,3219,3219,39
HONAUT,20191218,27678.7,27873.6,27225.05,27334,760
HONDAPOWER,20191218,1271.05,1312.1,1268,1283.8,2452
HOTELEELA,20191218,6,6.1,5.95,6,282868
HOVS,20191218,47,48.6,45.65,46.25,9626
HPL,20191218,37,38,36.95,37.5,12111
HSCL,20191218,56.25,59.4,56.1,58.35,1333676
HSIL,20191218,43.5,44.75,43.4,44.45,72694
HTMEDIA,20191218,14.5,14.6,14.35,14.4,63586
HUBTOWN,20191218,14.6,14.85,14.2,14.2,556
HUDCO,20191218,36.65,36.9,35.85,36.1,399829
IBMFNIFTY,20191218,122.79,130,120.26,123.42,537
IBREALEST,20191218,61.55,62.4,60.15,60.8,625867
IBULHSGFIN,20191218,305,308.4,297.5,302.25,25074944
IBULISL,20191218,76,80,75.6,79.1,140194
IBVENTURES,20191218,162.1,169.55,161.9,163.05,2175513
ICICI500,20191218,158.82,160.15,158.57,159.23,12674
ICICIB22,20191218,34.44,34.44,34.01,34.11,166385
ICICIBANK,20191218,542.05,542.9,535.95,541.4,12906168
ICICIBANKN,20191218,321.51,322.72,320.47,322.56,2346
ICICIBANKP,20191218,180,180,177,178.07,753
ICICIGI,20191218,1345.1,1350.9,1334.45,1341.95,265905
ICICIGOLD,20191218,34.65,34.65,33.6,34.35,21477
ICICILIQ,20191218,999.95,1000,999.95,999.99,9403
ICICILOVOL,20191218,91.36,91.96,90.97,91.89,163168
ICICIMCAP,20191218,65.37,65.42,64.72,64.95,34223
ICICINF100,20191218,131.08,132.24,130.87,131.97,719
ICICINIFTY,20191218,125.5,128.84,122.9,128.53,87121
ICICINV20,20191218,57.06,57.46,56.88,57.21,3399
ICICINXT50,20191218,28.38,28.39,28.13,28.31,31602
ICICIPRULI,20191218,497.1,498.65,492.7,496.8,1391020
ICICISENSX,20191218,439.44,443.43,439.44,443,253
ICIL,20191218,49.3,49.35,46,47.2,81863
ICRA,20191218,2736.2,2760,2670,2751,10614
IDBI,20191218,37.75,37.9,36.8,37,2766225
IDBIGOLD,20191218,3514.95,3520,3500,3511.45,96
IDEA,20191218,7.25,7.35,6.3,6.4,328199359
IDFC,20191218,32.45,32.65,31.95,32.25,1284198
IDFCFIRSTB,20191218,43,43,42.4,42.6,8297210
IDFNIFTYET,20191218,121.95,123.78,121.95,123.44,63
IEX,20191218,143.85,143.85,139,140,1317696
IFBAGRO,20191218,389,389,381.05,384.6,2444
IFBIND,20191218,622.35,645,620.8,636.95,20231
IFCI,20191218,6.6,6.6,6.4,6.4,1410644
IFGLEXPOR,20191218,133.7,141.75,128.35,130.45,5116
IGARASHI,20191218,243,246.6,236.5,238.8,16306
IGL,20191218,433,436.4,426.65,430.85,2337500
IGPL,20191218,133.95,136,132.6,134,8663
IIFL,20191218,156.9,158.35,150.9,153.35,112323
IIFLSEC,20191218,39.9,39.9,37.05,39.15,982779
IIFLWAM,20191218,1149.1,1150,1110,1124.9,1505
IITL,20191218,59.95,59.95,57,57.05,86
IMFA,20191218,183.85,184.45,179.05,179.7,10463
IMPAL,20191218,557,562.75,550,559.7,3001
IMPEXFERRO,20191218,0.4,0.4,0.35,0.35,6535
INDBANK,20191218,6.75,8,6.6,7.15,457131
INDHOTEL,20191218,150.15,150.15,144.3,145.2,1666489
INDIACEM,20191218,71.8,72.3,70.05,71,1417119
INDIAGLYCO,20191218,214.65,217.5,213,213.85,31493
INDIAMART,20191218,2037.2,2045,2015,2020.4,6981
INDIANB,20191218,109.9,110.8,108.1,109.95,1723215
INDIANCARD,20191218,106,106,101.15,104.85,1604
INDIANHUME,20191218,200.2,203,198.15,200.75,8633
INDIGO,20191218,1314,1320,1292.5,1309.25,895588
INDLMETER,20191218,21.5,21.5,21.4,21.4,2001
INDNIPPON,20191218,305,306.05,293.25,295.8,4721
INDOCO,20191218,166,174.3,163.8,171.05,128272
INDORAMA,20191218,27.4,28.4,26.8,27.6,487603
INDOSTAR,20191218,170.3,171.45,167.05,167.85,38893
INDOTECH,20191218,91.25,94,91.25,92.15,1678
INDOTHAI,20191218,22.55,23,21.85,22.2,1791
INDOWIND,20191218,3,3,2.9,2.95,16700
INDRAMEDCO,20191218,39,39.6,39,39.1,39940
INDSWFTLAB,20191218,24.15,24.7,23.7,24.55,86818
INDSWFTLTD,20191218,3,3.15,2.95,3,10350
INDTERRAIN,20191218,61.8,61.8,57.75,58.65,8255
INDUSINDBK,20191218,1501,1504,1490,1500.8,2573443
INEOSSTYRO,20191218,703.35,717.8,699.75,708.7,10368
INFIBEAM,20191218,46.55,47.55,46.5,46.85,955860
INFOBEAN,20191218,65.1,65.1,64.15,64.8,119
INFRABEES,20191218,337.8,337.81,334.83,335.45,557
INFRATEL,20191218,251,253,246.4,250.3,6687638
INFY,20191218,731,737.3,722.75,732.45,12215295
INGERRAND,20191218,668,673,660.35,662.35,29499
INOXLEISUR,20191218,371.5,375.4,370,371.45,97611
INOXWIND,20191218,35,35.1,33.7,34.1,205565
INSECTICID,20191218,457.6,469,454,466.45,9233
INSPIRISYS,20191218,41.65,41.65,36.45,37.25,1486
INTEGRA,20191218,0.3,0.3,0.3,0.3,42129
INTELLECT,20191218,150.5,152.8,147.7,149.6,157971
INTENTECH,20191218,26.3,27.8,26,26.35,2888
INVENTURE,20191218,14,14,12.55,12.75,20391
IOB,20191218,10.1,10.25,9.95,10.05,489955
IOC,20191218,125,126.35,124.55,126.05,4645660
IOLCP,20191218,173,173.55,168.05,168.85,112708
IPAPPM,20191218,297.8,297.8,281.65,284.4,25503
IPCALAB,20191218,1148.5,1152.2,1124.9,1136.25,407617
IRB,20191218,72,72.4,70.5,71.35,1843405
IRCON,20191218,388.8,403,386.2,397.55,53555
IRCTC,20191218,886.8,887.5,873.3,875.35,284932
ISEC,20191218,345,346,340,341.9,67226
ISFT,20191218,64,66,62.4,64.8,2298
ISMTLTD,20191218,4.35,4.6,4.3,4.35,15211
ITC,20191218,240.6,247.35,239.75,245.15,17134732
ITDC,20191218,331.2,343.4,326.45,327.75,163291
ITDCEM,20191218,50.9,51.75,49,50.25,129710
ITI,20191218,91.2,91.65,89.55,89.9,429139
IVC,20191218,3.6,3.6,3.2,3.4,124553
IVP,20191218,57,57,50.6,53.85,1938
IVZINGOLD,20191218,3450,3450,3450,3450,4
IVZINNIFTY,20191218,1297.35,1297.35,1297.35,1297.35,40
IZMO,20191218,21.4,21.75,21.2,21.7,2301
J&KBANK,20191218,30.1,30.35,29.7,29.8,641671
JAGRAN,20191218,58.9,60.15,58.1,59.95,258903
JAGSNPHARM,20191218,27,27.25,25.55,26,9302
JAIBALAJI,20191218,24.2,24.2,23,23.1,494
JAICORPLTD,20191218,96.9,97.85,94.05,95.3,1799107
JAINSTUDIO,20191218,1.75,1.75,1.75,1.75,242
JAMNAAUTO,20191218,39.6,40.8,38.65,40.4,2084725
JASH,20191218,125,131,123.5,124.8,6872
JAYAGROGN,20191218,130.15,134.9,128.2,130,14289
JAYBARMARU,20191218,227,228.2,222.5,224.15,83306
JAYNECOIND,20191218,3.55,3.65,3.35,3.4,42209
JAYSREETEA,20191218,47.95,48.35,47.05,47.55,65874
JBCHEPHARM,20191218,427.95,429.65,424.9,427,74975
JBFIND,20191218,8.5,8.5,8.15,8.15,42134
JBMA,20191218,259,262.4,254.15,256.5,57063
JCHAC,20191218,1876.9,1908.45,1851.05,1855.3,2582
JHS,20191218,15.35,15.4,14.65,14.9,27089
JIKIND,20191218,0.3,0.35,0.25,0.35,34896
JINDALPHOT,20191218,13.45,14.8,13.1,13.4,1821
JINDALPOLY,20191218,219.65,224.4,219.55,223.5,7875
JINDALSAW,20191218,76,76.25,73,73.65,297387
JINDALSTEL,20191218,146.6,148.7,143.35,146.05,29351742
JINDCOT,20191218,1.8,1.85,1.8,1.85,5956
JINDRILL,20191218,76.4,79.8,76.4,77,11590
JINDWORLD,20191218,63.65,63.65,61,61.75,128631
JISLDVREQS,20191218,8.05,8.1,7.85,8.1,63464
JISLJALEQS,20191218,8.2,8.2,7.9,8.2,4406151
JITFINFRA,20191218,6,6.3,6,6,3879
JIYAECO,20191218,31.8,31.8,29.65,31.25,285812
JKCEMENT,20191218,1152.4,1208.9,1149.9,1182.75,124357
JKIL,20191218,139.05,142.25,138,138.7,116735
JKLAKSHMI,20191218,272,275.75,271.95,274.45,19785
JKPAPER,20191218,128.1,128.4,125.5,126.05,1325141
JKTYRE,20191218,71.8,73.2,71.1,72.4,456251
JMA,20191218,22.2,23.6,22.2,23.2,1641
JMCPROJECT,20191218,100.55,100.7,97.1,99.7,36698
JMFINANCIL,20191218,96,97.75,94.1,94.9,568936
JMTAUTOLTD,20191218,1.3,1.35,1.3,1.3,31628
JOCIL,20191218,110.05,112.2,106.05,109,1438
JPASSOCIAT,20191218,2.4,2.5,2.4,2.5,3346949
JPINFRATEC,20191218,1.8,1.8,1.65,1.8,11479707
JPOLYINVST,20191218,11.4,12.6,11.4,12.6,628
JPPOWER,20191218,1.4,1.45,1.35,1.4,6861080
JSL,20191218,38.55,38.95,38,38.1,166808
JSLHISAR,20191218,67.1,69.2,66.6,68,147038
JSWENERGY,20191218,70.95,71.8,69.5,69.9,979239
JSWHL,20191218,2225.85,2256,2224.35,2234.25,275
JSWSTEEL,20191218,257.9,266.35,256.3,264.4,13485427
JTEKTINDIA,20191218,82,82.45,78.9,79.5,37743
JUBILANT,20191218,545.7,551,540.1,543.15,95714
JUBLFOOD,20191218,1585,1593.55,1567,1573.6,657931
JUBLINDS,20191218,89,89,87.15,88.1,12397
JUMPNET,20191218,59.85,60.9,58.3,58.75,509797
JUNIORBEES,20191218,292.5,292.67,290,291.88,24129
JUSTDIAL,20191218,590.45,596,582.1,588,2068245
JYOTHYLAB,20191218,149,154.7,145.95,153.05,507480
KABRAEXTRU,20191218,59.65,62,58,61.2,37225
KAJARIACER,20191218,520.55,523.45,508,514.9,307544
KAKATCEM,20191218,145.1,148.6,144.75,147.25,11527
KALPATPOWR,20191218,421.85,422.75,400.05,403.7,178539
KALYANIFRG,20191218,148.05,158.95,148.05,156.05,83
KAMATHOTEL,20191218,35.25,37.2,34.25,35.8,226242
KAMDHENU,20191218,93.95,96.3,93,94.05,8515
KANANIIND,20191218,3.35,3.6,3.35,3.35,4436
KANORICHEM,20191218,36.9,36.95,35.5,35.7,9149
KANSAINER,20191218,541.05,547.1,532.15,545.1,94976
KARDA,20191218,95,96,91.3,93.8,5487
KARMAENG,20191218,12.55,13.75,12.5,13.75,499
KARURVYSYA,20191218,61.3,61.7,60.55,60.75,286506
KAUSHALYA,20191218,0.45,0.45,0.4,0.4,170
KAVVERITEL,20191218,2.3,2.3,2.3,2.3,10
KAYA,20191218,328.3,335,323.15,325.25,4316
KCP,20191218,60.65,61,59.75,60.15,57740
KCPSUGIND,20191218,13.4,13.6,13,13,244947
KDDL,20191218,325,325,320,321.45,862
KEC,20191218,302,303.5,295.1,300.05,435270
KECL,20191218,9.6,9.9,9.55,9.7,34039
KEI,20191218,445,448.2,440,443.25,254560
KELLTONTEC,20191218,17.75,18.1,16.7,17.25,232842
KENNAMET,20191218,1018,1018,981,989.9,1419
KERNEX,20191218,21.5,21.5,21.25,21.35,9688
KESARENT,20191218,34.85,34.85,31,32.05,5817
KESORAMIND,20191218,59.5,59.5,58,58.65,203583
KHADIM,20191218,169,170,165.55,166.8,46062
KHAITANLTD,20191218,18.05,19.2,18.05,18.05,139
KICL,20191218,1656,1714,1651,1689.55,589
KILITCH,20191218,132.5,138.6,128,129.1,55959
KINGFA,20191218,614,624.3,610.5,615.95,968
KIOCL,20191218,110.5,115,110.1,111.85,14508
KIRIINDUS,20191218,363,372.95,363,363.8,61447
KIRLFER,20191218,62.4,62.4,61.25,61.65,2810
KIRLOSBROS,20191218,125.45,134,124.1,132.2,38358
KIRLOSENG,20191218,154.8,154.8,145.4,149.65,13567
KIRLOSIND,20191218,601.2,613.8,600.1,604.85,512
KITEX,20191218,95.15,95.15,92,94.3,24354
KKCL,20191218,965,965,950.35,954.2,341
KMSUGAR,20191218,6.5,6.65,6.35,6.4,94672
KNRCON,20191218,240.4,242.1,235,235.6,53365
KOHINOOR,20191218,8.85,9.1,8.5,9,23145
KOKUYOCMLN,20191218,74.95,75.45,72.95,74.35,144936
KOLTEPATIL,20191218,254.9,259,243.55,245.05,353708
KOPRAN,20191218,32.3,32.4,30.55,30.75,81236
KOTAKBANK,20191218,1719,1725.95,1706.3,1724.35,4592668
KOTAKBKETF,20191218,329.39,330,327.71,329.8,42894
KOTAKGOLD,20191218,337.3,337.35,335.35,336.4,16615
KOTAKNIFTY,20191218,125.95,126.3,125.56,126.15,115913
KOTAKNV20,20191218,57.1,58.47,57.1,58.24,16372
KOTAKPSUBK,20191218,253.72,253.99,249.01,251.33,4672
KOTARISUG,20191218,9.7,9.85,9.65,9.75,10207
KOTHARIPET,20191218,16.3,16.3,15.9,15.9,517
KOTHARIPRO,20191218,60.85,60.9,59.2,59.35,1186
KPITTECH,20191218,93.1,93.15,89.2,91.75,168688
KPRMILL,20191218,675,685.05,667.4,672.05,17100
KRBL,20191218,223,265.85,223,264.6,2618138
KREBSBIO,20191218,89.85,89.85,84.3,85.1,439
KRIDHANINF,20191218,2.6,2.6,2.55,2.55,71652
KSB,20191218,646,652.7,641.95,648.65,3584
KSCL,20191218,471.2,478,468.55,476.4,25002
KSERASERA,20191218,0.15,0.15,0.1,0.1,786717
KSK,20191218,0.55,0.6,0.55,0.55,112502
KSL,20191218,224.9,231,223.3,228.85,88694
KTIL,20191218,29.45,29.45,27,28.3,15148
KTKBANK,20191218,71.75,72.1,71.2,71.65,559154
KUANTUM,20191218,460.65,475.25,460,461.75,236
KWALITY,20191218,2.7,2.7,2.5,2.55,413033
L&TFH,20191218,118.25,118.6,115.75,116.45,7560607
LAKSHVILAS,20191218,18.6,18.7,18.4,18.5,2001459
LALPATHLAB,20191218,1465,1507.6,1465,1489.3,99515
LAMBODHARA,20191218,29.5,31,27.95,30.2,14890
LAOPALA,20191218,144,144.55,138.2,142.25,65662
LASA,20191218,17.6,18,16.9,17.25,44976
LAURUSLABS,20191218,350,356.9,349.2,355.95,52111
LAXMIMACH,20191218,3238.8,3268,3232.3,3250.1,2795
LEMONTREE,20191218,60.15,60.25,58.1,58.6,432500
LFIC,20191218,52.7,52.7,50.15,50.85,14
LGBBROSLTD,20191218,243.95,247,239,240.2,12560
LGBFORGE,20191218,2.3,2.35,2.2,2.35,12371
LIBAS,20191218,47,48.5,47,47.2,246
LIBERTSHOE,20191218,138.9,139,133.05,133.35,179590
LICHSGFIN,20191218,443.1,449.75,437.55,442.25,3691867
LICNETFGSC,20191218,19.9,20.13,19.61,19.88,949
LICNETFN50,20191218,128,128.15,124.35,126.41,138
LICNFNHGP,20191218,128.99,129.95,126,129.95,349
LINCOLN,20191218,182.9,187.9,181.1,181.75,22402
LINCPEN,20191218,188.45,194.95,188.45,192.65,10129
LINDEINDIA,20191218,664.05,694.5,656,686.2,211076
LIQUIDBEES,20191218,1000.01,1000.01,999.99,1000,669597
LIQUIDETF,20191218,999.99,1000.01,999.99,1000,16560
LOKESHMACH,20191218,34.15,34.75,34,34.1,21248
LOTUSEYE,20191218,23,23.45,22.6,23.35,999
LOVABLE,20191218,68.95,71.9,67.7,70.65,34553
LPDC,20191218,1.65,1.65,1.6,1.6,7109
LSIL,20191218,0.55,0.55,0.45,0.5,684858
LT,20191218,1324.75,1325.95,1314.6,1319.35,2961222
LTI,20191218,1648,1665.15,1636.5,1649.1,131624
LTTS,20191218,1513.95,1513.95,1490.05,1498.15,87798
LUMAXIND,20191218,1195,1195,1157.3,1173.1,1420
LUMAXTECH,20191218,95.5,95.5,92.75,93.6,10980
LUPIN,20191218,755.5,767.9,753.8,766.35,1247090
LUXIND,20191218,1424,1437.9,1397.5,1420.55,47216
LYKALABS,20191218,20.4,22.35,20.2,22.35,512686
LYPSAGEMS,20191218,3.75,4.2,3.75,3.95,16310
M&M,20191218,506.9,524.9,506.5,522.65,10092679
M&MFIN,20191218,321.7,323.7,316.5,321.9,2401550
M100,20191218,17.66,17.96,17.66,17.9,72299
M50,20191218,119,119.41,118.85,119.41,127
MAANALU,20191218,59.3,63.6,58.25,58.95,10445
MADHAV,20191218,25.25,25.95,25.25,25.95,858
MADHUCON,20191218,3.55,3.7,3.4,3.45,14778
MADRASFERT,20191218,19.25,19.45,18.9,19.2,47322
MAGADSUGAR,20191218,104.45,105.85,101.7,104.4,48103
MAGMA,20191218,53.1,54.4,51.1,53.25,200730
MAGNUM,20191218,3.85,4,3.7,4,4185
MAHABANK,20191218,11.65,11.75,11.55,11.65,238854
MAHAPEXLTD,20191218,98.95,98.95,93.65,98.85,451
MAHASTEEL,20191218,106.1,107.85,102.25,104.2,10749
MAHESHWARI,20191218,227.35,229,223.5,227.95,63822
MAHINDCIE,20191218,161.7,163.25,158,158.75,123239
MAHLIFE,20191218,401.85,401.85,387.7,389.05,43828
MAHLOG,20191218,371.7,379.9,371.7,373.75,10564
MAHSCOOTER,20191218,4428.55,4524.6,4395.05,4489.3,3052
MAHSEAMLES,20191218,372.95,372.95,369,370.95,6619
MAITHANALL,20191218,458.2,473.05,455,463.15,15753
MAJESCO,20191218,402.1,404.95,389.1,390.8,35686
MALUPAPER,20191218,29.35,29.35,27.2,27.75,188738
MAN50ETF,20191218,123.4,123.8,123.35,123.8,157
MANAKALUCO,20191218,4.45,4.45,4.15,4.15,9806
MANAKCOAT,20191218,4.25,4.25,3.85,3.9,5803
MANAKSIA,20191218,33.4,33.5,32.75,32.9,18621
MANAKSTEEL,20191218,8.1,8.75,7.5,8.3,16246
MANALIPETC,20191218,17.65,17.65,17.2,17.25,38337
MANAPPURAM,20191218,171.8,172.3,169.75,171.75,1206522
MANGALAM,20191218,29,29,27.7,28.35,6145
MANGCHEFER,20191218,27.75,28.55,27.65,28,7070
MANGLMCEM,20191218,266.95,268,265.4,267.55,4528
MANGTIMBER,20191218,8.95,9,8.5,9,10808
MANINDS,20191218,44.4,44.4,42.2,42.35,97753
MANINFRA,20191218,24,24,23.1,23.4,78082
MANUGRAPH,20191218,13.75,15,13.75,14.7,10157
MARALOVER,20191218,14.7,14.85,14.2,14.7,8390
MARATHON,20191218,74.95,88,74.95,77.15,3130
MARICO,20191218,331.2,339.85,330,338.8,2671082
MARKSANS,20191218,18.15,18.15,17.1,17.25,3456159
MARUTI,20191218,7220,7254.95,7164,7240.65,841740
MASFIN,20191218,816.85,816.9,795,798.15,9980
MASTEK,20191218,429,447,424.1,434.8,523499
MATRIMONY,20191218,478,481.9,466.5,467.55,1424
MAWANASUG,20191218,33.65,33.7,32.65,32.85,201665
MAXINDIA,20191218,76.3,77.2,76,76.5,34186
MAXVIL,20191218,44.65,47.85,44.15,45.85,240667
MAYURUNIQ,20191218,215.25,219,213.15,216.6,6346
MAZDA,20191218,384.3,386.5,377.1,381.75,3917
MBAPL,20191218,70,70,69,69,200
MBECL,20191218,4.55,4.9,4.5,4.8,332628
MBLINFRA,20191218,4.4,4.55,4.2,4.4,11522
MCDHOLDING,20191218,16.15,17.05,16.05,16.85,6299
MCDOWELL-N,20191218,586.9,595.8,574.15,593.85,1884891
MCLEODRUSS,20191218,5.2,5.2,4.8,4.8,880950
MCX,20191218,1145,1160.5,1139.45,1158.7,142444
MEGASOFT,20191218,6.2,6.5,6.15,6.3,8530
MEGH,20191218,49.75,49.75,48.65,48.9,276022
MELSTAR,20191218,1.35,1.35,1.35,1.35,1
MENONBE,20191218,56,58.5,56,58.1,34580
MEP,20191218,39.6,41.5,39.4,40.6,84368
MERCATOR,20191218,1,1,0.95,0.95,503769
METALFORGE,20191218,5,5.3,4.95,5.1,20981
METROPOLIS,20191218,1305,1320,1282.45,1306.5,43552
MFSL,20191218,510,541,503.5,533.15,3576058
MGL,20191218,1075,1083,1057.05,1071.05,600847
MHRIL,20191218,215,217.8,213.95,216.3,23481
MIC,20191218,0.65,0.7,0.6,0.65,37053
MIDHANI,20191218,153.5,156.5,152.15,154.15,460843
MINDACORP,20191218,91.95,92,90.1,90.7,56273
MINDAIND,20191218,340.4,343,336,338,105253
MINDTECK,20191218,28.3,29.2,26.4,27.75,4811
MINDTREE,20191218,772.4,785.9,760,766.8,992906
MIRCELECTR,20191218,6.6,7.1,6.6,7.05,145568
MIRZAINT,20191218,57.5,57.65,56.25,56.5,89629
MMFL,20191218,344.8,344.8,333.05,338.8,3578
MMTC,20191218,19.8,22.9,19.5,20.4,6822456
MODIRUBBER,20191218,38,38,38,38,10
MOHITIND,20191218,4.7,4.95,4.7,4.95,335
MOHOTAIND,20191218,9.35,9.35,9.1,9.35,10402
MOIL,20191218,138.5,143.2,137.7,142.6,406880
MOLDTECH,20191218,46.55,47.9,45.65,46.2,4013
MOLDTKPAC,20191218,287.85,289.05,284.65,285.35,13711
MONTECARLO,20191218,260.9,266.9,256.05,262.9,10448
MORARJEE,20191218,12.6,12.6,12.15,12.6,565
MOREPENLAB,20191218,16.75,16.8,15.95,16.05,600398
MOTHERSUMI,20191218,142,148.3,140.05,147,11328157
MOTILALOFS,20191218,763.8,772,752.05,757.8,35069
MOTOGENFIN,20191218,39.6,39.6,33.8,36.05,587
MPHASIS,20191218,869,869,862.05,864.95,122718
MPSLTD,20191218,463.9,470.9,463.9,468.1,2602
MRF,20191218,64603.15,64929.95,64000,64126.9,8346
MRO-TEK,20191218,33.25,34.4,31.8,32.2,6248
MRPL,20191218,42.6,42.8,39.65,41.5,1050253
MSPL,20191218,4.8,5.55,4.8,5.2,4309
MSTCLTD,20191218,143.9,145.85,138.4,143.75,157381
MTEDUCARE,20191218,15.95,16.4,15,15.05,35623
MTNL,20191218,9.45,9.5,9,9.2,2707491
MUKANDENGG,20191218,12.4,12.45,12,12,3023
MUKANDLTD,20191218,28.3,28.4,28.05,28.15,3790
MUKTAARTS,20191218,36.3,37.35,36.15,36.6,7544
MUNJALAU,20191218,46.8,49.4,46.2,47,1188982
MUNJALSHOW,20191218,124,124.5,121.55,122,6820
MURUDCERA,20191218,15.85,16,15.5,15.55,18298
MUTHOOTCAP,20191218,498.5,498.5,479.4,486.7,5491
MUTHOOTFIN,20191218,717.2,720.25,708,715.15,439512
N100,20191218,598.95,599.99,594.96,596.06,6687
NACLIND,20191218,25.2,26.1,25.2,25.4,7362
NAGAFERT,20191218,3.6,3.7,3.4,3.45,75849
NAGREEKCAP,20191218,7.25,7.9,7.25,7.9,2236
NAGREEKEXP,20191218,13.1,13.3,13,13,1263
NAHARCAP,20191218,71.85,71.85,69.8,70,642
NAHARINDUS,20191218,20.4,20.95,20.1,20.5,7846
NAHARPOLY,20191218,30.6,32.5,30.6,31.65,735
NAHARSPING,20191218,41.15,42.5,41.1,41.6,5058
NATCOPHARM,20191218,582.1,587,577.4,584.6,27409
NATHBIOGEN,20191218,356.05,358.3,350.55,355.8,8606
NATIONALUM,20191218,42.9,43.05,42.2,42.4,9954686
NATNLSTEEL,20191218,1.9,1.9,1.8,1.8,9239
NAUKRI,20191218,2616,2641.85,2585,2629.8,217623
NAVINFLUOR,20191218,943,973,943,960.95,81751
NAVKARCORP,20191218,30,30.6,29.5,29.8,61176
NAVNETEDUL,20191218,88,90.7,86.9,89.3,46554
NBCC,20191218,35.95,36.3,35.1,35.3,17026784
NBIFIN,20191218,1430,1460,1430,1460,30
NBVENTURES,20191218,68.1,71.35,66.55,69.9,141357
NCC,20191218,54,54.95,52.7,54.25,16722370
NCLIND,20191218,83.85,85,82.5,83.65,36730
NDGL,20191218,580.5,592.95,547.25,571.2,76
NDL,20191218,27.25,27.5,27.1,27.45,6926
NDTV,20191218,27.8,27.8,26.2,26.55,1877
NECCLTD,20191218,5.3,5.35,5.2,5.25,16528
NECLIFE,20191218,13.45,13.85,12.85,12.95,67302
NELCAST,20191218,54.2,58,53.75,54.8,1205684
NELCO,20191218,229.35,230.95,225.6,226.6,20059
NEOGEN,20191218,364.75,366,358,358.7,1900
NESCO,20191218,636,639.9,629.35,636.7,22973
NESTLEIND,20191218,14200,14280,14055.4,14191.1,93716
NETF,20191218,123.44,123.44,123.44,123.44,9
NETFCONSUM,20191218,52.29,52.34,51.9,52.14,1342
NETFDIVOPP,20191218,29.07,29.28,29.01,29.01,1528
NETFLTGILT,20191218,19.98,19.98,19.88,19.91,1045
NETFMID150,20191218,62.6,62.6,62.16,62.42,40777
NETFNIF100,20191218,125.73,126.63,125.73,126.63,179
NETFNV20,20191218,582.9,583,578.07,579.26,688
NETWORK18,20191218,26,27.25,26,26.35,51941
NEULANDLAB,20191218,392,395.9,387.25,388.15,13120
NEWGEN,20191218,197.35,200,195.15,199.35,13888
NEXTMEDIA,20191218,9.1,9.6,8.85,9.35,17863
NFL,20191218,25.85,25.85,25.1,25.25,119402
NH,20191218,307.9,314.95,300.25,305.8,144213
NHPC,20191218,23.9,24.15,23.9,24.05,1280579
NIACL,20191218,143.1,144.85,140.15,141.75,1249194
NIBL,20191218,7,7,7,7,330
NIFTYBEES,20191218,1289.95,1294.32,1282.1,1292.54,21946
NIFTYEES,20191218,15627.92,15627.92,15225,15225,2
NIITLTD,20191218,99.9,100,98.55,98.85,522252
NIITTECH,20191218,1604.45,1628.9,1580,1602.6,2154599
NILAINFRA,20191218,4.4,4.4,4.1,4.3,149225
NILASPACES,20191218,1.4,1.4,1.3,1.35,205990
NILKAMAL,20191218,1288.85,1288.85,1246.7,1276.9,7324
NIPPOBATRY,20191218,470.05,476.95,467.4,471.55,626
NITCO,20191218,30,30.05,28.5,29.05,46737
NITINSPIN,20191218,48.4,49.95,48.4,49.05,12808
NKIND,20191218,18.9,18.9,18.9,18.9,1
NLCINDIA,20191218,54.4,54.65,54.05,54.45,81440
NMDC,20191218,118.3,120.45,117.4,119.95,12138296
NOCIL,20191218,100.3,102.1,99.55,100.05,566415
NOIDATOLL,20191218,3.05,3.1,2.95,3,246926
NPBET,20191218,180.05,180.66,180.05,180.66,555
NRAIL,20191218,217,217,203.1,204.3,23127
NRBBEARING,20191218,96.85,98,94.05,94.5,17235
NSIL,20191218,725.05,789,725.05,772.45,2710
NTL,20191218,0.55,0.55,0.45,0.5,4291
NTPC,20191218,115,116.25,113.8,114.15,8626400
NUCLEUS,20191218,286.15,288.7,272.55,279.5,32823
NXTDIGITAL,20191218,381.4,382.9,375,375,798
OAL,20191218,176,179.35,170.5,177.25,6088
OBEROIRLTY,20191218,515.85,523.85,515,517.1,240549
OCCL,20191218,980.65,1028.25,976,1014.4,3232
OFSS,20191218,2951.5,2959.9,2895.05,2947.55,12268
OIL,20191218,151.85,152.55,150.55,151.6,391623
OILCOUNTUB,20191218,5.8,5.95,5.6,5.75,4512
OISL,20191218,3.15,3.15,2.95,3,39192
OLECTRA,20191218,184.3,184.3,180.1,183.75,27605
OMAXAUTO,20191218,45.4,47,44.45,45.75,14591
OMAXE,20191218,154.85,155.9,153.55,154.1,187551
OMKARCHEM,20191218,3.7,3.7,3.5,3.55,12866
OMMETALS,20191218,22.5,22.7,21.6,21.85,15351
ONELIFECAP,20191218,5.65,5.95,5.55,5.7,10716
ONEPOINT,20191218,13.8,13.95,13.3,13.95,41076
ONGC,20191218,125.6,125.65,124.15,125.1,6687482
ONMOBILE,20191218,32.95,33,31.75,31.85,128590
ONWARDTEC,20191218,66.5,67.5,65.4,66.3,1330
OPTIEMUS,20191218,28.25,28.95,26.25,28.85,8218
OPTOCIRCUI,20191218,3.1,3.1,3,3.05,262729
ORBTEXP,20191218,86.15,88.15,84.5,85,1395
ORICONENT,20191218,17.6,17.6,17,17.2,70129
ORIENTABRA,20191218,15.8,16.25,15.8,16.1,17628
ORIENTALTL,20191218,10.25,10.25,9.7,9.7,3522
ORIENTBANK,20191218,54.2,54.45,52.6,53.3,626306
ORIENTBELL,20191218,131,133.55,129.5,130.4,74301
ORIENTCEM,20191218,73,73.4,70.7,71,298670
ORIENTELEC,20191218,186.75,197.8,183.3,195.15,1178861
ORIENTHOT,20191218,34.8,35.05,34,34.45,21014
ORIENTLTD,20191218,90.45,97.85,90.45,93.95,1463
ORIENTPPR,20191218,28.65,28.7,27,27.1,1023157
ORIENTREF,20191218,230.85,238.95,228.65,231.5,45915
ORISSAMINE,20191218,1329.85,1364,1315,1320.7,18964
ORTINLABSS,20191218,8.8,10.4,8.8,10.4,214944
OSWALAGRO,20191218,5,5.2,4.85,5,13153
PAEL,20191218,3.1,3.25,2.95,3.25,1532
PAGEIND,20191218,22276.95,22348,22000,22183.8,13266
PAISALO,20191218,436,444.95,425.1,434.15,80805
PALASHSECU,20191218,29.2,29.2,25.2,26.2,1689
PALREDTEC,20191218,15.05,16.1,15,16.1,6394
PANACEABIO,20191218,113.35,130.75,112.05,125.2,371008
PANAMAPET,20191218,60.5,60.5,58,58.5,39355
PAPERPROD,20191218,266,269,255.7,257.6,25682
PARABDRUGS,20191218,3.6,3.6,3.6,3.6,3160
PARACABLES,20191218,8.35,8.75,8.35,8.4,41306
PARAGMILK,20191218,139,142,137.75,140.1,103871
PARSVNATH,20191218,1.95,2,1.85,1.95,806670
PATELENG,20191218,15.2,15.8,14.6,14.7,483785
PATINTLOG,20191218,19.45,20.25,19,19.85,10585
PATSPINLTD,20191218,5.4,5.4,5.05,5.05,4635
PCJEWELLER,20191218,24.1,25.1,24,24.6,7368843
PDMJEPAPER,20191218,14.8,14.95,14.2,14.25,103307
PDPL,20191218,2.8,2.9,2.8,2.9,291
PDSMFL,20191218,324,324,320,320.15,3827
PEARLPOLY,20191218,15.2,15.4,14.9,15,3167
PEL,20191218,1670.15,1671.2,1622,1638.55,717087
PENIND,20191218,27.5,27.8,26.7,27,206623
PENINLAND,20191218,4,4.15,3.95,4.1,187704
PERSISTENT,20191218,680.95,698.7,671.1,674.9,162040
PETRONENGG,20191218,7.65,8.4,7.65,7.7,798
PETRONET,20191218,278.45,279.55,275.3,278,2684545
PFC,20191218,114.7,115.6,112.4,113.3,2218119
PFIZER,20191218,4361.2,4400,4293.1,4307.15,20849
PFOCUS,20191218,42.75,44,42.1,43,6699
PFS,20191218,13.25,13.25,13,13.05,164810
PGEL,20191218,39,42,39,40.35,197941
PGHH,20191218,11375,11422.95,11267.2,11349.95,6053
PGHL,20191218,3971.1,3984.4,3783,3926.75,60794
PGIL,20191218,167,167,152.4,154.85,4782
PHILIPCARB,20191218,111.65,112.85,111.2,112,427660
PHOENIXLTD,20191218,773,790.45,757.1,775.65,40145
PIDILITIND,20191218,1328.8,1373,1327.75,1364.7,993482
PIIND,20191218,1498.2,1498.2,1475,1483.65,29452
PILANIINVS,20191218,1733.5,1768.7,1718,1731.1,3172
PILITA,20191218,5.7,6,5.6,5.7,84220
PIONDIST,20191218,119,120.9,117,118.2,4466
PIONEEREMB,20191218,30.1,32,29.25,29.95,22184
PITTIENG,20191218,42.05,43,41.25,42.2,6405
PKTEA,20191218,130.05,135,130,135,94
PLASTIBLEN,20191218,171.05,182,171.05,179.3,4630
PNB,20191218,64.65,64.65,62.7,63.2,15891877
PNBGILTS,20191218,27.9,28.15,27.7,27.85,52492
PNBHOUSING,20191218,447,447,432.4,433.95,411157
PNC,20191218,14.6,14.6,13.95,13.95,414
PNCINFRA,20191218,196.65,199,192.5,194.45,135642
PODDARHOUS,20191218,320,320,320,320,5
PODDARMENT,20191218,163.5,163.5,156.5,159.85,3114
POKARNA,20191218,97.85,98.5,94,94.75,17197
POLYCAB,20191218,975,979.9,953.25,963.75,99498
POLYMED,20191218,205.95,214.45,205.8,209.65,10228
POLYPLEX,20191218,496,499,483,487.05,38066
PONNIERODE,20191218,150,155.9,146.5,151.4,8232
POWERGRID,20191218,187.05,189,186.15,187.2,5680887
POWERMECH,20191218,627.2,627.45,605,611.2,18776
PPAP,20191218,172,172,167.3,168.8,5420
PPL,20191218,67,70.8,66.9,67.4,11607
PRABHAT,20191218,87,88.05,86.6,87.5,11691
PRADIP,20191218,0.55,0.55,0.55,0.55,21010
PRAENG,20191218,6.2,6.35,6.05,6.3,3675
PRAJIND,20191218,102.4,103.7,101.15,101.5,568666
PRAKASH,20191218,42.6,46.2,42.35,45.05,875557
PRAKASHSTL,20191218,0.2,0.2,0.2,0.2,10004
PRAXIS,20191218,59.05,60.9,59,59.95,954
PRECAM,20191218,38.25,38.65,37,37.15,10125
PRECOT,20191218,27,27,24.5,24.9,6986
PRECWIRE,20191218,141.45,143.45,138.15,142.3,2942
PREMEXPLN,20191218,141.05,143.9,137.35,138.3,4662
PREMIER,20191218,2.7,2.7,2.6,2.6,544
PREMIERPOL,20191218,18.8,18.9,17.6,17.7,241
PRESSMN,20191218,19.9,20.2,19.85,19.95,2497
PRESTIGE,20191218,331.5,365.8,331.05,360,2154869
PRICOLLTD,20191218,48,54.2,48,49.75,2479358
PRIMESECU,20191218,41.25,42,41,41.2,3410
PROSEED,20191218,0.25,0.3,0.25,0.3,96841
PROZONINTU,20191218,19.8,19.85,18.05,18.75,82506
PRSMJOHNSN,20191218,61.1,61.95,60.95,61.5,134543
PSB,20191218,19.4,19.75,19.05,19.1,21789
PSL,20191218,0.55,0.6,0.55,0.6,10853
PSPPROJECT,20191218,512,512,502.3,505.35,11018
PSUBNKBEES,20191218,284,286,275.75,276.32,1464
PTC,20191218,54.7,55,54.3,54.55,423246
PTL,20191218,37,37,36.05,36.15,5421
PUNJABCHEM,20191218,477.9,489.85,468,468.25,1359
PURVA,20191218,56,56.85,55.05,55.6,69554
PVR,20191218,1795,1830.95,1793.35,1823.45,541397
QGOLDHALF,20191218,1671,1675,1669,1672.7,750
QNIFTY,20191218,1249,1250,1249,1250,11
QUESS,20191218,497.55,519.7,494.25,506.8,389939
QUICKHEAL,20191218,127,129.5,124.8,125.75,159473
RADAAN,20191218,1.05,1.05,1.05,1.05,1248
RADICO,20191218,298.25,303.85,294.5,300.65,260019
RADIOCITY,20191218,28.5,28.55,27.65,28,49221
RAIN,20191218,95.95,96.85,94.8,95.2,413649
RAJESHEXPO,20191218,691.4,703,680,693.25,177749
RAJSREESUG,20191218,17.5,17.95,16.9,17,9386
RAJTV,20191218,42,42.4,41.5,42,2470
RALLIS,20191218,167.6,174.5,167.5,170.2,211278
RAMANEWS,20191218,14.9,14.9,13.55,14,19737
RAMASTEEL,20191218,36.95,43.75,35.9,42.65,68442
RAMCOCEM,20191218,774.95,774.95,762.4,771,535236
RAMCOIND,20191218,183,185.65,178.5,180.3,12716
RAMCOSYS,20191218,146,150,144,147.55,37029
RAMKY,20191218,31.1,34.2,31.1,33.4,386092
RANASUG,20191218,3.15,3.2,2.9,3.15,342142
RANEENGINE,20191218,202,220.9,202,208.2,6065
RANEHOLDIN,20191218,699.85,745.35,684.25,705.35,5557
RATNAMANI,20191218,1000,1007,985.35,1004.8,26234
RAYMOND,20191218,684.7,684.7,670,672.9,221483
RBL,20191218,484.7,514,478.45,504.95,31345
RBLBANK,20191218,339.55,345.15,333,342.4,8511977
RCF,20191218,45.9,46.05,45.1,45.55,550160
RCOM,20191218,0.95,0.95,0.9,0.95,16994241
RECLTD,20191218,138.25,138.6,135.65,136.85,1840432
REDINGTON,20191218,115.05,119,115.05,117.3,118856
REFEX,20191218,57.95,57.95,56,56.15,37002
REGENCERAM,20191218,1.65,1.65,1.65,1.65,548
RELAXO,20191218,608.8,610.7,600,603.25,72595
RELCAPITAL,20191218,12.45,12.45,11.35,11.7,8002764
RELIANCE,20191218,1563,1580,1562,1575.85,6739582
RELIGARE,20191218,45.4,46,44.55,46,256312
RELINFRA,20191218,24.45,24.45,22.15,22.2,6311426
REMSONSIND,20191218,76,76,70,72.2,2438
RENUKA,20191218,8,8.1,7.75,7.8,1295566
REPCOHOME,20191218,322.7,340,314.45,337.1,179861
REPRO,20191218,661,665.4,650.55,652.7,2889
RESPONIND,20191218,91,91,88.5,89.45,89526
REVATHI,20191218,343.05,359.35,340.05,340.85,698
RGL,20191218,317,324,294.4,320.05,7287
RHFL,20191218,2.75,2.85,2.65,2.65,7074796
RICOAUTO,20191218,47.2,48.25,46.5,47.25,653264
RIIL,20191218,304.3,312.7,301.6,303.65,491653
RITES,20191218,280.75,282.25,276.05,280.35,189135
RKDL,20191218,5.95,5.95,5.55,5.6,16598
RKFORGE,20191218,326.35,348,326.15,342.2,235062
RMCL,20191218,4.1,4.1,4.1,4.1,26712
RML,20191218,235.3,252,233,244.6,34808
RNAM,20191218,345,345.75,333.1,336.7,1053333
RNAVAL,20191218,5.4,5.4,5.4,5.4,75601
ROHLTD,20191218,78,79.7,75.45,78.1,697507
ROLLT,20191218,1.6,1.65,1.35,1.35,205282
ROLTA,20191218,4.4,4.45,4.3,4.35,62865
ROSSELLIND,20191218,79,82.9,77.6,81.95,2685
RPGLIFE,20191218,300.25,304,296.2,297.6,20176
RPOWER,20191218,3.65,3.7,3.4,3.4,22950516
RPPINFRA,20191218,70.95,73.55,70.95,72.4,10574
RSSOFTWARE,20191218,18.25,18.75,18,18.1,10679
RSWM,20191218,92.3,92.55,88,89.5,8588
RSYSTEMS,20191218,67.3,73,67.3,71.25,318652
RTNINFRA,20191218,1.8,1.9,1.8,1.9,160136
RTNPOWER,20191218,1.95,2,1.95,2,522402
RUBYMILLS,20191218,193.05,193.05,184.55,186.1,2337
RUCHINFRA,20191218,2.15,2.25,2.15,2.25,9229
RUCHIRA,20191218,84,84.05,77.75,79.15,62077
RUPA,20191218,186.2,187.7,184,185.75,9407
RUSHIL,20191218,121,125.5,121,125.15,2217
RVNL,20191218,23.25,23.4,23.15,23.2,971864
SABTN,20191218,1.45,1.45,1.4,1.4,16208
SADBHAV,20191218,119,119.45,115.1,115.65,86441
SADBHIN,20191218,39.3,39.4,38.4,38.45,4846
SAFARI,20191218,647.95,654,621.6,632.45,13465
SAGARDEEP,20191218,76.25,82,76.2,81.95,476
SAGCEM,20191218,491,500,490.9,495.1,1229
SAIL,20191218,40.7,41.5,40.3,41.05,35192583
SAKAR,20191218,62.5,62.5,58.1,60,8660
SAKHTISUG,20191218,8.9,9.2,8.5,8.6,39059
SAKSOFT,20191218,204,205.8,201,204.85,3977
SAKUMA,20191218,7.15,7.3,7,7.05,220276
SALASAR,20191218,101.05,103.9,101,101.9,2782
SALONA,20191218,68.45,68.45,62.25,64.4,713
SALSTEEL,20191218,2.7,2.7,2.5,2.5,5878
SALZERELEC,20191218,103.4,110,101.55,104.8,16275
SAMBHAAV,20191218,2.75,2.85,2.75,2.85,13765
SANCO,20191218,13.65,13.95,13.1,13.3,50179
SANDESH,20191218,556,567,556,559.6,410
SANDHAR,20191218,241.05,241.05,236.1,236.25,1050
SANGAMIND,20191218,56.55,61,56.55,59.4,2102
SANGHIIND,20191218,36,36.2,35.25,36,34472
SANGHVIFOR,20191218,24.55,25.95,24.4,24.55,475
SANGHVIMOV,20191218,77,79.2,75.75,78,16138
SANGINITA,20191218,154.75,154.75,150.75,151.6,15234
SANOFI,20191218,6870.35,6969,6850,6908.75,3596
SANWARIA,20191218,1.8,1.85,1.75,1.8,2405618
SARDAEN,20191218,182.95,197.85,181.5,191.85,179435
SAREGAMA,20191218,425.05,425.9,422,424.45,4554
SARLAPOLY,20191218,19.2,21.75,19.15,21.35,125038
SASKEN,20191218,594.65,597.65,592,593.85,1584
SASTASUNDR,20191218,70,74,68.05,72.2,2157
SATHAISPAT,20191218,1.65,1.65,1.65,1.65,6186
SATIA,20191218,88.95,92.8,85.5,88.25,66422
SATIN,20191218,209.15,213,202.4,202.85,120096
SBIETFQLTY,20191218,96,99,96,98.96,1821
SBILIFE,20191218,975,976.6,959,964.75,628845
SBIN,20191218,335,335.55,325.8,326.95,26449075
SCAPDVR,20191218,0.2,0.25,0.2,0.25,725754
SCHAEFFLER,20191218,4439.95,4450,4320.1,4427,7546
SCHAND,20191218,87.7,91,86.2,89.95,7774
SCHNEIDER,20191218,62.5,62.5,61.25,61.95,24794
SCI,20191218,64,64.1,62,62.3,1267408
SDBL,20191218,109.5,109.85,106.3,108.85,30232
SEAMECLTD,20191218,489.95,492,471.6,474.9,1908
SELAN,20191218,139.2,139.25,135.2,136.25,9135
SELMCL,20191218,0.9,0.9,0.8,0.85,12957
SEPOWER,20191218,3.1,3.1,2.75,2.95,23278
SEQUENT,20191218,70.95,73,69.1,69.8,356476
SESHAPAPER,20191218,174.85,175.55,169.05,171.05,25367
SETCO,20191218,13.55,14.35,13.3,14,125188
SETF10GILT,20191218,181.01,181.01,181.01,181.01,2
SETFGOLD,20191218,3410.15,3434.45,3410.15,3427.95,1218
SETFNIF50,20191218,128.5,128.5,124.94,125.85,51391
SETFNIFBK,20191218,332,332,323.38,325.16,51210
SETFNN50,20191218,286,289,285.94,288.75,1109
SETUINFRA,20191218,1,1.05,0.95,1,47188
SEYAIND,20191218,97.7,97.7,97.7,97.7,3611
SFL,20191218,1275,1290.25,1263.05,1270.3,2105
SGL,20191218,5.8,5.9,5.7,5.8,1470
SHAHALLOYS,20191218,8.35,8.35,7.8,8,3425
SHAKTIPUMP,20191218,202.35,202.35,198,198.7,14610
SHALBY,20191218,97.2,105.4,95.05,98.35,275334
SHALPAINTS,20191218,79.75,81.7,78.95,80.7,20581
SHANKARA,20191218,294.55,314.7,290,306.95,95731
SHANTIGEAR,20191218,99,100,97,99.95,18248
SHARDACROP,20191218,210,222,210,216.5,7313
SHARDAMOTR,20191218,966,985.35,965.95,972.4,751
SHARIABEES,20191218,254.5,254.5,254.5,254.5,10
SHEMAROO,20191218,142.1,142.1,137,137.7,5440
SHILPAMED,20191218,291.9,303.3,284,297.2,10516
SHIRPUR-G,20191218,7,7,6.65,6.7,18531
SHIVAMAUTO,20191218,23.15,23.5,22.5,22.8,79556
SHIVAMILLS,20191218,30.4,30.4,28.1,28.85,3070
SHIVATEX,20191218,85.5,89,85,85.35,2990
SHK,20191218,105.75,115.8,105,112.75,230950
SHOPERSTOP,20191218,354,355.05,344.6,348,14179
SHREDIGCEM,20191218,23.65,23.9,22.9,22.95,268830
SHREECEM,20191218,20510,20640,20133.25,20338.8,21054
SHREEPUSHK,20191218,89,91.2,88.9,90.5,4716
SHREERAMA,20191218,4.6,4.75,4.5,4.75,2731
SHRENIK,20191218,35,38.45,35,36.2,148738
SHREYANIND,20191218,114,115.7,111.55,113.05,30720
SHREYAS,20191218,74.45,77.8,72.1,73.6,14562
SHRIPISTON,20191218,705,720,680,693.05,76
SHRIRAMCIT,20191218,1401.5,1404.2,1393.25,1399.15,1069
SHRIRAMEPC,20191218,4.85,5,4.75,4.8,215980
SHYAMCENT,20191218,3,3,2.8,2.9,28964
SICAGEN,20191218,14.6,15.85,14.6,15.15,6105
SICAL,20191218,20.4,20.6,20.3,20.6,73707
SIEMENS,20191218,1497.6,1515.3,1493,1503.4,448321
SIGIND,20191218,19,20.25,18.95,19.5,25393
SIL,20191218,11,11.55,11,11.55,14614
SILINV,20191218,137.65,142.7,137.65,141.4,706
SIMBHALS,20191218,6.2,6.2,5.9,5.95,5614
SIMPLEXINF,20191218,28.5,29.8,28.5,28.5,339769
SINTEX,20191218,1.25,1.25,1.25,1.25,216739
SIRCA,20191218,248,248,237.6,239.85,4764
SIS,20191218,920.5,923.9,909.05,915.8,2436
SITINET,20191218,1.95,2,1.95,2,16787
SIYSIL,20191218,226.95,227,224,224.95,9627
SJVN,20191218,24.9,25,24.75,24.8,1190667
SKFINDIA,20191218,2130.1,2170,2127,2153,11897
SKIL,20191218,4.2,4.55,4.2,4.3,3161
SKIPPER,20191218,52.6,52.6,50.1,50.45,15528
SKMEGGPROD,20191218,37.7,41.6,37.7,40,125177
SMARTLINK,20191218,77.9,81.8,77,80.4,9976
SMLISUZU,20191218,550.55,562,541.05,545.15,11812
SMSLIFE,20191218,267.8,276.95,258.05,264.7,2154
SMSPHARMA,20191218,39.6,40.7,39.5,39.55,13859
SNOWMAN,20191218,38.25,39.2,37.35,38.8,454743
SOBHA,20191218,397.6,408,392.95,397.65,160306
SOLARA,20191218,426.3,428.9,421.25,421.95,3161
SOLARINDS,20191218,1044.5,1058,1040.45,1055.3,1295
SOMANYCERA,20191218,215.2,219.8,210.4,212.1,24951
SOMATEX,20191218,3.2,3.35,3.05,3.35,9426
SOMICONVEY,20191218,13.55,13.55,12.05,12.25,123
SONATSOFTW,20191218,302.85,308,299.5,302.3,199358
SORILINFRA,20191218,108.4,112.8,107.1,108.05,28757
SOTL,20191218,846,855,835.7,841.45,731
SOUTHBANK,20191218,10.5,10.55,10.4,10.45,1540281
SOUTHWEST,20191218,20.45,20.45,18,18.9,38829
SPAL,20191218,207.2,207.2,202.2,203.8,4314
SPANDANA,20191218,1204.7,1225,1182,1188.8,17788
SPARC,20191218,164,165.95,162,162.7,716915
SPCENET,20191218,1.05,1.05,1,1,2325
SPECIALITY,20191218,63.3,63.8,62.15,62.4,24588
SPENCERS,20191218,62.2,65,62,62.9,59969
SPENTEX,20191218,0.3,0.3,0.25,0.25,83649
SPIC,20191218,17.95,18.3,17.6,18.2,144203
SPICEJET,20191218,101.95,101.95,99.5,99.9,1714570
SPLIL,20191218,35.8,36.05,33.6,35,49715
SPMLINFRA,20191218,14.9,14.9,13.95,14.1,4904
SPTL,20191218,1.45,1.45,1.45,1.45,251021
SPYL,20191218,0.35,0.4,0.35,0.4,90140
SREEL,20191218,168.8,169,166.25,166.7,6682
SREINFRA,20191218,8.1,8.2,7.9,8,586342
SRF,20191218,3238.8,3249.45,3204,3228.7,114104
SRHHYPOLTD,20191218,97,98.9,95.3,98.45,5831
SRIPIPES,20191218,159.95,163,158.7,161,73291
SRTRANSFIN,20191218,1100,1126.7,1081.05,1113.6,835243
SSWL,20191218,767.55,768.8,761.25,766.05,2401
STAMPEDE,20191218,0.4,0.4,0.35,0.4,262183
STAR,20191218,375,378.85,374.3,375.85,199336
STARCEMENT,20191218,89,89.5,88.05,89.35,10020
STARPAPER,20191218,116,117.4,111.45,112.05,440239
STCINDIA,20191218,49,51.1,48.05,51.1,26540
STEELCITY,20191218,29,29.8,29,29.8,600
STEELXIND,20191218,17.55,18.4,17.1,17.7,5799
STEL,20191218,61.7,61.7,59,60.1,4333
STERTOOLS,20191218,178,178,175.05,177.15,2314
STRTECH,20191218,113.7,115.6,111.35,111.95,1327027
SUBCAPCITY,20191218,12,12,12,12,2
SUBEX,20191218,5.65,5.9,5.6,5.65,1035788
SUBROS,20191218,234.5,236.75,231.55,234.1,19226
SUDARSCHEM,20191218,398.95,400,393,395.1,43638
SUMEETINDS,20191218,1.8,1.8,1.7,1.75,22080
SUMIT,20191218,19.6,20.7,19.55,19.55,2403
SUMMITSEC,20191218,425.05,436.85,416.25,420.5,291
SUNCLAYLTD,20191218,2092.15,2092.15,2059.1,2078.75,490
SUNDARAM,20191218,1.2,1.25,1.2,1.2,64268
SUNDARMFIN,20191218,1681.25,1703,1638,1665.6,199768
SUNDARMHLD,20191218,64.7,65.6,62.6,62.95,43134
SUNDRMBRAK,20191218,224.05,230,224,228.7,572
SUNDRMFAST,20191218,435,435.65,426.5,430.15,134170
SUNFLAG,20191218,29.85,30.45,29.25,29.7,83368
SUNPHARMA,20191218,430,441.4,427.3,439.75,5341984
SUNTECK,20191218,405.1,421.85,405.1,416.65,158544
SUNTV,20191218,458,458.95,441,444.1,2649989
SUPERHOUSE,20191218,98,104.5,96,98.8,183381
SUPERSPIN,20191218,3.7,3.9,3.7,3.85,13233
SUPPETRO,20191218,144.55,146.75,144.55,146.15,5344
SUPRAJIT,20191218,173.1,174.45,168,169.9,25321
SUPREMEIND,20191218,1137.9,1138.95,1120.1,1122.05,11061
SUPREMEINF,20191218,6.65,7.15,6.65,7.15,1765
SURANASOL,20191218,5.8,5.8,5.65,5.65,8429
SURANAT&P,20191218,3.35,3.45,3.35,3.4,206
SURYALAXMI,20191218,18.35,18.35,17,17.7,80564
SURYAROSNI,20191218,156,163.8,155.95,160.5,142954
SUTLEJTEX,20191218,30.95,31.65,30.7,30.9,7299
SUVEN,20191218,290,296.5,289.9,294.95,347381
SUZLON,20191218,2,2.05,1.95,2,10690482
SWANENERGY,20191218,102.9,104.65,101.7,103.3,89127
SWARAJENG,20191218,1061.95,1076.55,1061.95,1063.3,1974
SWELECTES,20191218,114,114,109.4,110.7,5150
SWSOLAR,20191218,310,326.9,304.5,320.95,514067
SYMPHONY,20191218,1157,1168.45,1140,1163.5,7285
SYNCOM,20191218,0.95,0.95,0.85,0.9,17573
SYNDIBANK,20191218,28.55,28.9,28,28.3,503490
SYNGENE,20191218,300,304.8,296.95,304,157655
TAINWALCHM,20191218,49.15,49.9,49,49.05,244
TAJGVK,20191218,163.95,165.9,160,162.65,62168
TAKE,20191218,96,96,94.15,94.95,78513
TALBROAUTO,20191218,112.85,116.75,112.05,112.6,3806
TALWALKARS,20191218,3.2,3.2,3,3,22927
TALWGYM,20191218,3,3,2.9,2.95,14176
TANLA,20191218,64.3,64.65,62.6,63.3,87657
TANTIACONS,20191218,1.5,1.5,1.5,1.5,2000
TARAPUR,20191218,3.65,3.65,3.6,3.6,30
TARMAT,20191218,23.65,26.35,23.6,24.9,581
TASTYBITE,20191218,8410,8500.05,8311,8463.95,299
TATACHEM,20191218,657,661.2,635.85,644.15,875403
TATACOFFEE,20191218,94.4,95.05,91.2,91.8,445478
TATACOMM,20191218,387.8,424.9,382.9,395.4,342609
TATAELXSI,20191218,858.5,899,852.8,868.35,4833180
TATAGLOBAL,20191218,325,326.45,304.6,312.35,4790723
TATAINVEST,20191218,813.4,822.8,801.25,805.6,14187
TATAMETALI,20191218,586.6,618.7,586.6,604.85,379132
TATAMOTORS,20191218,182.1,184.5,170.45,174.8,63861334
TATAMTRDVR,20191218,75.9,76.85,71.65,72.85,9046293
TATAPOWER,20191218,56.25,56.25,54.8,55.5,5634510
TATASTEEL,20191218,439.4,454.8,436.05,444.75,40028398
TATASTLBSL,20191218,27.9,28.7,27.5,27.95,2238626
TATASTLLP,20191218,383.8,414.8,383.8,397.4,572677
TBZ,20191218,37.25,38.4,37.05,37.15,65272
TCI,20191218,277.75,277.75,273,273.45,4621
TCIDEVELOP,20191218,384,384,347.05,382,6060
TCIEXP,20191218,805.9,805.9,758.35,776.15,15594
TCIFINANCE,20191218,10.85,10.85,10,10,72192
TCNSBRANDS,20191218,630.05,643.9,610.1,615.75,4732
TCPLPACK,20191218,255,261.95,255,257.65,426
TCS,20191218,2174,2203.45,2153,2167.75,8251081
TDPOWERSYS,20191218,135.55,136.45,135,135.15,5832
TEAMLEASE,20191218,2480,2485,2440,2461.95,2287
TECHIN,20191218,2.7,2.7,2.7,2.7,98
TECHM,20191218,780.1,794,780.1,786.65,5676894
TECHNOE,20191218,273.45,276,270.1,272.3,2970
TECHNOFAB,20191218,14.1,14.5,13.45,14.05,6079
TEJASNET,20191218,80,81.4,78.1,79.3,46981
TERASOFT,20191218,25.45,25.45,23.6,24.35,6566
TEXINFRA,20191218,44,44.4,42,42.65,43387
TEXMOPIPES,20191218,14.1,14.3,13.6,13.8,17593
TEXRAIL,20191218,31.3,32.2,30.75,31.05,290532
TFCILTD,20191218,76.1,76.5,72,73.45,40520
TFL,20191218,6.4,6.4,5.4,6.2,42058
TGBHOTELS,20191218,4.5,4.55,4.5,4.5,12195
THANGAMAYL,20191218,337.5,338.75,330.15,336.4,1265
THEINVEST,20191218,121,121.35,111.2,114.35,2298
THEMISMED,20191218,255.15,261.95,251.4,256.55,1493
THERMAX,20191218,1039,1061,1033.8,1056.5,64765
THOMASCOOK,20191218,71,71,67,69.2,212307
THOMASCOTT,20191218,4.2,4.2,4.2,4.2,1121
THYROCARE,20191218,544.05,544.05,536,538.1,10468
TI,20191218,14.05,14.5,13.9,13.9,47378
TIDEWATER,20191218,4481.2,4537.1,4460,4473.05,608
TIIL,20191218,301.8,304.9,280,289.65,22359
TIINDIA,20191218,474.1,483.9,470.4,473.2,20305
TIJARIA,20191218,7.4,7.4,7,7.15,5260
TIL,20191218,172,173,169,170.65,6168
TIMESGTY,20191218,30.05,31.5,29.7,30.85,2775
TIMETECHNO,20191218,53.3,54.65,52.3,53.25,420539
TIMKEN,20191218,897.5,898.85,866,873.5,21197
TINPLATE,20191218,142,151.75,141,146.65,3112719
TIPSINDLTD,20191218,75,79.8,75,77,1761
TIRUMALCHM,20191218,60.95,64,60.65,63.6,377739
TITAN,20191218,1164,1167.35,1150.35,1159.1,1391631
TMRVL,20191218,12.1,12.65,11.65,11.9,20289
TNPETRO,20191218,34.35,34.4,33.8,33.95,25030
TNPL,20191218,172.95,173.1,167.1,168.75,78652
TNTELE,20191218,1.05,1.05,1,1,192
TOKYOPLAST,20191218,70.05,72,70,70.4,4192
TORNTPHARM,20191218,1831.05,1847,1813.1,1819.2,190406
TORNTPOWER,20191218,274.35,274.4,267.6,270.25,932713
TPLPLASTEH,20191218,112.15,120,112,115.8,4247
TREEHOUSE,20191218,4.9,5.2,4.85,5,28419
TREJHARA,20191218,14.95,14.95,13.35,13.35,7690
TRENT,20191218,516.3,519.65,507.6,513.1,73609
TRF,20191218,120,126.2,116.8,119.1,661182
TRIDENT,20191218,7.1,7.2,6.8,6.95,12294449
TRIGYN,20191218,43.6,45.4,42.9,43.55,131100
TRIL,20191218,6.55,6.95,6.55,6.85,61667
TRITURBINE,20191218,94.05,95.4,91,91.4,27351
TRIVENI,20191218,66.4,67.35,65.05,65.4,901701
TTKHLTCARE,20191218,480.05,485,465,468.7,1403
TTKPRESTIG,20191218,5730,5809.95,5665.05,5791.55,2953
TTL,20191218,40.85,40.85,38.5,39.65,1458
TTML,20191218,2.4,2.5,2.4,2.4,355874
TV18BRDCST,20191218,22.4,22.4,21.65,21.85,893166
TVSELECT,20191218,102.95,103.5,100.1,100.65,30341
TVSMOTOR,20191218,451.4,452.95,442.3,445.55,1153002
TVSSRICHAK,20191218,1635.5,1642.5,1605,1618.4,1115
TVTODAY,20191218,247.8,251.3,241.1,243.05,14731
TVVISION,20191218,1.05,1.05,1,1,16148
TWL,20191218,46.3,48.5,45.85,46.6,607933
UBL,20191218,1213.9,1224.6,1194.4,1217.35,535331
UCALFUEL,20191218,124.95,124.95,123,123.9,5215
UCOBANK,20191218,16.75,16.75,16.3,16.35,721638
UFLEX,20191218,194.15,194.95,190.55,192.55,18249
UFO,20191218,123.95,124.35,122.15,123.15,10437
UGARSUGAR,20191218,13.5,13.6,12.9,13,380963
UJAAS,20191218,3.05,3.15,3,3.05,131578
UJJIVAN,20191218,330.45,336.95,329.3,334.1,2790735
UJJIVANSFB,20191218,58.55,58.9,56.75,57.8,16440516
ULTRACEMCO,20191218,4113.3,4119.95,4050.5,4065.4,819336
UMANGDAIRY,20191218,34.05,39.3,34,38.55,14163
UMESLTD,20191218,0.9,0.95,0.9,0.95,20167
UNICHEMLAB,20191218,163.5,164.4,158,159.1,25880
UNIENTER,20191218,62.3,64,61.15,62.7,4161
UNIONBANK,20191218,58,58.2,55.65,56.55,14025723
UNIPLY,20191218,12.55,12.55,12.55,12.55,183092
UNITECH,20191218,0.85,0.9,0.8,0.8,2774429
UNITEDBNK,20191218,8.85,9,8.7,8.9,288071
UNITEDTEA,20191218,304.95,317.85,292,296.05,830
UNIVCABLES,20191218,159.45,168.8,156.95,164.25,45245
UPL,20191218,565.5,571.8,559.35,566.25,1833572
URJA,20191218,1.95,2.05,1.95,1.95,3147937
USHAMART,20191218,27.3,28,27.3,27.75,146404
UTINEXT50,20191218,289.89,289.89,287,287,118
UTINIFTETF,20191218,1292.94,1299,1283.86,1298.33,1611
UTISENSETF,20191218,437.49,438.99,433,435.99,215
UTISXN50,20191218,320,320,313.01,315.97,18
UTTAMSTL,20191218,9.7,9.75,8.85,8.85,151597
UTTAMSUGAR,20191218,100,102,98.8,99.35,212630
UVSL,20191218,0.15,0.15,0.1,0.1,8207606
V2RETAIL,20191218,100.25,100.25,94,96.9,52685
VADILALIND,20191218,739.8,744,725.4,738.25,13220
VAIBHAVGBL,20191218,765.3,910,760.05,828.3,6215
VAKRANGEE,20191218,41.85,43,41.2,42,3712329
VARDHACRLC,20191218,35.95,35.95,34.2,34.85,13333
VARDMNPOLY,20191218,2.65,2.65,2.65,2.65,255
VARROC,20191218,413.9,421.25,411.5,413,4721
VASCONEQ,20191218,15.6,16.75,14.3,14.4,1307100
VASWANI,20191218,5.95,6.05,5.65,6,49366
VBL,20191218,718.4,718.4,695,697.9,135877
VEDL,20191218,152.3,154,150.3,152.8,13726266
VENKEYS,20191218,1721,1744.85,1715,1727.8,150759
VENUSREM,20191218,22.6,22.7,22,22.3,8996
VESUVIUS,20191218,1109.3,1109.3,1070,1073.95,3817
VETO,20191218,36.95,36.95,35.5,35.8,13782
VGUARD,20191218,216.6,219.4,212.4,215.45,218778
VHL,20191218,1226,1250,1220.05,1241.65,144
VICEROY,20191218,1.85,1.9,1.8,1.9,16158
VIDHIING,20191218,61.7,63.3,59.35,62.65,15833
VIJIFIN,20191218,0.5,0.5,0.45,0.45,32736
VIKASECO,20191218,3,3,2.9,3,190520
VIKASMCORP,20191218,3.35,3.35,3.15,3.35,376237
VIKASPROP,20191218,6.1,6.1,6.1,6.1,20268
VIKASWSP,20191218,9.25,9.25,8.85,8.95,173946
VIMALOIL,20191218,3.95,3.95,3.8,3.8,570
VIMTALABS,20191218,99.3,99.4,94.55,95.35,40259
VINATIORGA,20191218,1987.95,1995,1945,1949.35,34204
VINDHYATEL,20191218,839.95,914,835,879.8,127884
VINYLINDIA,20191218,62.65,62.65,60.85,61.8,5878
VIPCLOTHNG,20191218,8.3,8.3,7.8,7.85,25803
VIPIND,20191218,425,425.9,422,422.7,81101
VIPULLTD,20191218,21.75,21.95,19.7,20.8,51675
VISAKAIND,20191218,240,247.5,235.15,244.8,171665
VISASTEEL,20191218,4.95,5,4.75,4.9,9718
VISESHINFO,20191218,0.05,0.1,0.05,0.05,2198817
VISHAL,20191218,248,248,248,248,1
VISHNU,20191218,105.6,108,105.5,107.85,898
VISHWARAJ,20191218,97.45,102,94.3,95.4,394085
VIVIDHA,20191218,0.4,0.4,0.4,0.4,249936
VIVIMEDLAB,20191218,13.6,13.8,12.85,12.95,88291
VLSFINANCE,20191218,52.05,52.65,51.35,51.5,3728
VMART,20191218,1683,1683,1652,1655.15,20432
VOLTAMP,20191218,1171,1230,1156.55,1208.35,47586
VOLTAS,20191218,670.95,672.5,648.9,654.15,2308117
VRLLOG,20191218,270,270.7,267,268.15,20148
VSSL,20191218,63.95,64.95,63.1,64.25,8891
VSTIND,20191218,4280,4328,4225.15,4239.45,1623
VSTTILLERS,20191218,1066.5,1087.7,1052.3,1078.25,1957
VTL,20191218,899.05,909.95,899.05,901.7,11412
WABAG,20191218,174.6,175.25,170.15,171.15,85143
WABCOINDIA,20191218,6374,6433.85,6350.5,6408,6229
WALCHANNAG,20191218,60.6,61.55,59.25,59.8,177893
WANBURY,20191218,18.85,20.6,18.85,19.2,1470
WATERBASE,20191218,115,119.55,115,116.15,94418
WEBELSOLAR,20191218,22.5,22.6,21.9,22.15,32436
WEIZFOREX,20191218,253.45,256.55,242.35,247.75,319
WEIZMANIND,20191218,21.2,21.8,18.8,19.5,8157
WELCORP,20191218,137.3,138.95,132.85,133.35,398792
WELENT,20191218,74.5,75.2,73,73.4,123006
WELINV,20191218,179,179,167.5,167.7,485
WELSPUNIND,20191218,49.4,49.9,48.8,49.05,593666
WENDT,20191218,2800,2894.9,2799.95,2815.8,69
WESTLIFE,20191218,353.25,362,348.15,353.05,85073
WHEELS,20191218,597.35,609,590.1,596.25,799
WHIRLPOOL,20191218,2165,2194.8,2150.25,2184.45,99206
WILLAMAGOR,20191218,13.2,13.5,12.95,13,2611
WINDMACHIN,20191218,18.85,18.85,18.2,18.2,9263
WIPL,20191218,56,57,53.4,53.5,1550
WIPRO,20191218,245.85,249.9,245.5,248.3,5299107
WOCKPHARMA,20191218,245.1,254.8,244.05,249.15,1435752
WONDERLA,20191218,251,251,241.8,242.9,8986
WSI,20191218,0.95,0.95,0.9,0.9,110
WSTCSTPAPR,20191218,217.2,218.9,212,212.95,105440
XCHANGING,20191218,54.45,55.8,54.2,54.85,55613
XELPMOC,20191218,64.25,64.25,60.7,62.15,2318
XPROINDIA,20191218,20.5,21.35,20.05,20.7,440
YESBANK,20191218,48,48.2,46,46.75,130282558
ZEEL,20191218,280.1,281.4,274.1,279.5,11256891
ZEELEARN,20191218,18.5,19.1,18.5,18.75,34916
ZEEMEDIA,20191218,6.55,6.7,6.25,6.55,236220
ZENITHBIR,20191218,0.6,0.6,0.55,0.55,9217
ZENITHEXPO,20191218,48.9,48.9,48.5,48.5,292
ZENSARTECH,20191218,172.5,175.5,171.25,173.5,35113
ZENTEC,20191218,56.95,57.35,55.2,55.65,8842
ZICOM,20191218,2.1,2.1,2.1,2.1,1804
ZODIACLOTH,20191218,164.05,167.05,160.5,164.1,582
ZODJRDMKJ,20191218,31,31.1,30.1,31.1,287
ZOTA,20191218,189.25,190.95,188.65,189.15,20808
ZUARI,20191218,85.9,87.3,85.25,86.05,12112
ZUARIGLOB,20191218,44.9,45.15,43.05,44.25,33626
ZYDUSWELL,20191218,1448,1479.65,1432,1471.45,7653
NSENIFTY,20191218,12197.00,12237.70,12163.45,12221.65,518854651,0
NIFTYJUNIOR,20191218,28086.15,28171.30,27908.90,28138.20,501782905,0
NIFTYMIDCAPLIQ15,20191218,3983.20,3987.50,3945.15,3957.30,43983513,0
NSE100,20191218,12280.05,12319.20,12240.75,12304.25,1029683849,0
NIFTY200,20191218,6255.25,6271.25,6233.55,6263.45,1297261707,0
NSE500,20191218,9854.75,9876.40,9821.20,9864.55,1518631027,0
NSEMIDCAP150,20191218,6257.00,6260.85,6209.75,6231.00,277155331,0
MIDCAP50,20191218,4648.30,4651.05,4598.20,4620.80,236707160,0
NSEMIDCAP,20191218,16965.70,16978.25,16826.85,16892.75,267577858,0
NSESMLCAP100,20191218,5698.70,5722.40,5678.40,5691.90,-,0
NIFTYLARGEMIDCAP250,20191218,-,-,-,6011.09,1306839180,0
NIFTYAUTO,20191218,8061.00,8111.95,8039.25,8082.35,109141213,0
BANKNIFTY,20191218,32292.25,32293.65,32017.30,32244.25,258844226,0
NIFTYFINSERVICE,20191218,14602.95,14634.40,14521.00,14618.95,105185557,0
NIFTYFMGC,20191218,30186.85,30331.90,29964.80,30291.05,34723017,0
NSEIT,20191218,15680.50,15835.80,15649.15,15710.65,46723697,0
NIFTYMEDIA,20191218,1774.35,1778.95,1754.90,1766.00,40744867,0
NIFTYMETAL,20191218,2667.75,2704.60,2648.85,2687.65,171742506,0
NIFTYPHARMA,20191218,8013.45,8100.40,7988.20,8091.10,18621966,0
NIFTYPVTBANK,20191218,17811.90,17863.05,17694.35,17836.85,189871701,0
NIFTYPSUBANK,20191218,2567.70,2569.40,2499.30,2512.85,98799471,0
NIFTYREALTY,20191218,289.00,290.95,287.20,290.55,11289920,0
NIFTYCOMMODITIES,20191218,3390.65,3399.95,3378.70,3387.30,221092814,0
NIFTYCONSUMPTION,20191218,4908.50,4923.30,4873.55,4919.75,92686030,0
NIFTYCPSE,20191218,1877.65,1882.05,1867.55,1877.80,48960147,0
NIFTYENERGY,20191218,15961.00,16000.95,15899.20,15956.85,55116295,0
NIFTY100ESG,20191218,-,-,-,2267.22,900527590,0
NIFTY100ENHESG,20191218,-,-,-,2288.71,879035862,0
NIFTYINFRA,20191218,3275.30,3277.40,3252.80,3263.45,123987578,0
NIFTYMNC,20191218,13737.15,13740.80,13634.45,13701.95,370107046,0
NIFTYPSE,20191218,3164.20,3171.55,3142.70,3152.90,131070303,0
NIFTYSMEEMERGE,20191218,-,-,-,1311.30,456900,0
NIFTYSERVSECTOR,20191218,17480.00,17511.20,17416.15,17487.50,343658808,0
NIFTYSHARIAH25,20191218,-,-,-,4291.53,64718703,0
NIFTY50SHARIAH,20191218,-,-,-,2477.34,77324357,0
NIFTY500SHARIAH,20191218,-,-,-,2957.34,244911334,0
NIFTYABGROUP,20191218,-,-,-,2987.39,344167232,0
NIFTYMAHINDRA,20191218,-,-,-,9858.38,18374209,0
NIFTYTATA,20191218,-,-,-,6939.89,148264848,0
NIFTYTATA25CAP,20191218,-,-,-,4827.34,128881295,0
NIFTYABGROUP,20191218,-,-,-,2987.39,344167232,0
NIFTYLIQ15,20191218,3799.00,3802.00,3768.55,3781.05,342983331,0
NIFTY500VALUE50,20191218,-,-,-,3618.87,312511951,0
NIFTYALPHALOWVOL30,20191218,-,-,-,12107.34,130874532,0
NIFTYQUALLOWVOL30,20191218,-,-,-,8473.96,92304665,0
NIFTYALPHAQUALLOWVOL30,20191218,-,-,-,9651.55,103626142,0
NIFTYALPHAQUALVALLOWVOL30,20191218,-,-,-,7263.59,118410730,0
NIFTY50EQUALWEIGHT,20191218,12315.90,12339.55,12270.90,12313.60,518854651,0
NIFTY100EQUALWEIGHT,20191218,13303.70,13313.25,13227.10,13293.55,1029683849,0
NIFTY100LOWVOL30,20191218,8855.40,8912.35,8847.30,8903.70,125876375,0
NSEDEFTY,20191218,-,-,-,5966.71,-,0
NIFTY50DIVPOINT,20191218,117.82,117.82,117.82,117.82,-,0
NIFTYDIVOPPS50,20191218,2528.20,2534.65,2520.00,2526.85,209478136,0
NIFTYALPHA50,20191218,12822.50,12834.15,12747.15,12798.70,106324634,0
NIFTY50ARBITRAGE,20191218,-,-,-,1877.29,-,0
NIFTY50FUTINDEX,20191218,-,-,-,4127.53,-,0
NIFTY50FUTTRINDEX,20191218,-,-,-,12348.41,-,0
NIFTYHIGHBETA50,20191218,-,-,-,1362.41,901694541,0
NIFTYLOWVOL50,20191218,-,-,-,10564.37,133882293,0
NIFTY50VALUE20,20191218,5451.60,5472.35,5438.05,5454.95,288944449,0
NIFTYGROWSECT15,20191218,6436.95,6469.85,6411.00,6464.00,69683877,0
NIFTY50TR2XLEV,20191218,6917.00,6962.90,6879.45,6944.85,-,0
NIFTY50PR2XLEV,20191218,5321.10,5356.45,5292.25,5342.55,-,0
NIFTY50TR1XINV,20191218,336.00,336.95,334.90,335.35,-,0
NIFTY50PR1XINV,20191218,383.10,384.15,381.80,382.30,-,0
NIFTY-GS-COMPSITE,20191218,2032.09,2036.99,2031.70,2036.92,-,0
NIFTY-GS-4-8YR,20191218,2126.19,2129.75,2124.87,2129.58,-,0
NIFTY-GS-8-13YR,20191218,1996.01,2000.04,1994.94,2000.51,-,0
NIFTY-GS-10YR,20191218,1838.01,1844.12,1836.24,1843.20,-,0
NIFTY-GS-10YR-CLN,20191218,930.60,933.74,929.70,933.27,-,0
NIFTY-GS-11-15YR,20191218,2114.52,2120.70,2114.52,2121.88,-,0
NIFTY-GS-15YRPLUS,20191218,2283.66,2283.66,2283.66,2290.48,-,0
VIX,20191218,12.52,12.72,11.39,12.34,0,0
