20MICRONS,20190221,34,35.55,34,34.55,7489
21STCENMGM,20190221,18.95,19.3,18.6,18.65,1719
3IINFOTECH,20190221,3.4,3.45,3.2,3.25,2418246
3MINDIA,20190221,21877,22799.9,21825,22736.1,2260
3PLAND,20190221,10.15,10.7,10.1,10.7,57
5PAISA,20190221,225.35,231.4,225.1,227.85,1158
63MOONS,20190221,74.15,76.55,74.15,75.5,160170
8KMILES,20190221,111.15,116.7,108.75,113.1,356223
A2ZINFRA,20190221,14.15,14.6,13.5,14.6,623119
AARTIDRUGS,20190221,587.9,609,579.05,591.85,5643
AARTIIND,20190221,1323,1434.9,1311.3,1382,498852
AARVEEDEN,20190221,20,21.5,20,20.65,6876
AAVAS,20190221,950,962.5,939.1,956.3,18380
ABAN,20190221,52.85,53.7,52,53.2,306157
ABB,20190221,1259,1268,1239,1245.7,50472
ABBOTINDIA,20190221,7295.1,7310,7176.25,7246.2,3112
ABCAPITAL,20190221,82,83,81.65,81.95,2638740
ABFRL,20190221,219,222,217,219.95,704841
ABMINTLTD,20190221,15.6,15.6,15.6,15.6,1
ABSLNN50ET,20190221,292.5,292.5,250.16,267.54,40
ACC,20190221,1392,1398,1382,1389.05,517181
ACCELYA,20190221,919.1,926,914,920.05,2943
ACE,20190221,73.5,75.45,73.1,74.45,185731
ADANIENT,20190221,119.8,121,117.9,119.4,2698192
ADANIGAS,20190221,96.55,99.9,95.85,98.75,426183
ADANIGREEN,20190221,31,31.8,30.35,30.85,320492
ADANIPORTS,20190221,352.1,359.25,350.8,355.75,4089677
ADANIPOWER,20190221,40.25,40.95,38.85,39.55,14132459
ADANITRANS,20190221,216.95,219,210.8,212.4,121871
ADFFOODS,20190221,225.3,230.9,221.2,228.6,19280
ADHUNIK,20190221,1.5,1.5,1.4,1.45,27631
ADHUNIKIND,20190221,39.75,40.95,37,40.05,3903
ADLABS,20190221,9.5,9.5,8.7,8.75,722032
ADORWELD,20190221,306,311.25,306,309.2,2631
ADROITINFO,20190221,15.05,15.6,15.05,15.55,51
ADSL,20190221,11.65,12.05,11.4,11.95,8726
ADVANIHOTR,20190221,63.75,65,63,64.95,9012
ADVENZYMES,20190221,158.5,158.5,155.25,155.65,57789
AEGISCHEM,20190221,187.8,194.55,187.25,192.35,95994
AGARIND,20190221,167.35,167.4,159.85,162.1,62
AGCNET,20190221,86.95,95.6,86.95,95.6,9236
AGLSL,20190221,57.55,61,56.4,61,2159
AGRITECH,20190221,49.5,51.95,49.45,51.45,1696
AHLEAST,20190221,226.05,235,226.05,232.5,265
AHLUCONT,20190221,257.35,261,255,259.4,795
AHLWEST,20190221,336.55,353.9,336.55,352.9,51
AIAENG,20190221,1616,1650,1605,1615.55,9880
AIFL,20190221,11.6,11.6,11.45,11.6,72137
AIONJSW,20190221,32.65,32.9,32,32.2,5761
AJANTPHARM,20190221,977.8,1005.65,972,992.1,579345
AJMERA,20190221,163.2,167.7,162,164.85,86730
AKSHARCHEM,20190221,318.65,327.55,318.25,324.65,2227
AKSHOPTFBR,20190221,18.6,19.05,18.2,18.4,734773
AKZOINDIA,20190221,1678,1724.85,1666.05,1710.6,5692
ALANKIT,20190221,27.55,28.25,27.35,28.2,745241
ALBERTDAVD,20190221,383.9,399,380.3,389.25,2636
ALBK,20190221,48.6,48.6,45.15,46.3,24518586
ALCHEM,20190221,1.95,1.95,1.85,1.85,1770
ALEMBICLTD,20190221,40.5,40.5,39.8,40.1,91448
ALICON,20190221,529.9,533.85,515.6,519.45,321
ALKALI,20190221,43,43.7,41.3,42.2,5762
ALKEM,20190221,1836.95,1845.2,1793.45,1803.3,128991
ALKYLAMINE,20190221,702.15,709.95,690.7,704.6,2358
ALLCARGO,20190221,101.9,101.9,98.6,99.25,102488
ALLSEC,20190221,180.35,185.45,177.35,179.2,18586
ALMONDZ,20190221,21.05,22,21.05,22,3102
ALOKTEXT,20190221,3.45,3.6,3.4,3.5,1102207
ALPA,20190221,22.05,23.65,22.05,23.3,22844
ALPHAGEO,20190221,397.55,410,384.8,402.85,18937
AMARAJABAT,20190221,720.35,740,713.55,735.15,891869
AMBER,20190221,660,680,653,670.95,6037
AMBIKCO,20190221,1146,1150,1140.85,1144.3,3624
AMBUJACEM,20190221,206.9,210.5,205.5,209.6,2197983
AMDIND,20190221,18.55,21,18.5,20.6,10793
AMJLAND,20190221,18.25,18.6,18.2,18.25,3403
AMRUTANJAN,20190221,294.95,302.95,292,299.75,12920
ANANTRAJ,20190221,30.15,30.9,29.65,30.6,257650
ANDHRABANK,20190221,25.9,26,25,25.4,2600713
ANDHRACEMT,20190221,3.65,3.85,3.65,3.8,106836
ANDHRSUGAR,20190221,304.25,307.95,300.35,305.25,19244
ANGIND,20190221,1.2,1.25,1.2,1.2,4881
ANIKINDS,20190221,16.65,17.45,15.95,16.95,6631
ANKITMETAL,20190221,0.45,0.5,0.45,0.5,32423
ANSALAPI,20190221,10.6,11.15,10.2,10.8,278627
ANSALHSG,20190221,12.65,13.7,12.05,13.35,376117
ANTGRAPHIC,20190221,0.45,0.5,0.45,0.5,20976
APARINDS,20190221,630,636.75,617.15,625.5,6101
APCL,20190221,99.6,102.8,99.55,102.05,3117
APCOTEXIND,20190221,450.45,478,446.5,466.35,5732
APEX,20190221,283,287.7,280.15,284.4,35946
APLAPOLLO,20190221,1077,1149.8,1077,1144.65,23238
APLLTD,20190221,532,535,516.4,522.8,39225
APOLLO,20190221,99.3,99.3,95,98.4,20395
APOLLOHOSP,20190221,1135,1158,1127,1152.2,1308447
APOLLOTYRE,20190221,209.95,211.5,207,208.95,2324645
APOLSINHOT,20190221,944.95,944.95,880,906.35,274
APTECHT,20190221,159.7,167,158.35,164.45,197884
ARCHIDPLY,20190221,36.95,37,35.5,36.55,19045
ARCHIES,20190221,21.25,22,21.05,21.6,45805
ARCOTECH,20190221,4.4,4.5,4.2,4.5,79040
ARIES,20190221,70.05,71,69.7,69.9,48696
ARIHANT,20190221,29.5,29.5,27.5,27.5,172
ARIHANTSUP,20190221,49,49.95,47.6,49.8,15695
ARMANFIN,20190221,362,366.8,351.55,355.8,3818
AROGRANITE,20190221,44.1,45.95,43.5,44.85,8238
ARROWGREEN,20190221,75.05,79.85,74.55,75.3,18266
ARROWTEX,20190221,15.45,15.7,14.55,15.15,3902
ARSHIYA,20190221,28.65,29,28.2,28.5,14042
ARSSINFRA,20190221,35.05,36.5,35,35.45,10027
ARVIND,20190221,76.6,77.95,76.1,77.3,1057593
ARVSMART,20190221,116.3,119,114.2,117.55,10800
ASAHIINDIA,20190221,250.55,255,250.55,253.95,6694
ASAHISONG,20190221,142,146.7,136.65,142.55,2507
ASAL,20190221,42.2,45.4,42,44.55,4878
ASHAPURMIN,20190221,19.6,21.45,19.6,20.7,52661
ASHIANA,20190221,108,108.95,107,108.25,22342
ASHIMASYN,20190221,13.25,13.25,12.65,13.05,3177
ASHOKA,20190221,111.1,124.25,109.8,121.2,657685
ASHOKLEY,20190221,81.5,81.65,80.2,81.15,18529079
ASIANHOTNR,20190221,139,144.95,138.05,144.45,921
ASIANPAINT,20190221,1399,1407.85,1390.3,1397.8,677142
ASIANTILES,20190221,166.3,169.9,163.35,168.1,86830
ASPINWALL,20190221,148.95,149,147.9,147.95,4058
ASSAMCO,20190221,2.7,2.7,2.7,2.7,81797
ASTEC,20190221,487,495,480,487.55,5118
ASTERDM,20190221,152.25,154.35,151.9,152.15,112984
ASTRAL,20190221,1089,1101,1061,1073.75,36486
ASTRAMICRO,20190221,72.55,75.5,72.55,74.95,125348
ASTRAZEN,20190221,1777.95,1868.9,1773.8,1857.65,20834
ASTRON,20190221,105.5,105.5,101.25,102.25,93990
ATFL,20190221,565.05,575.95,564.4,573.9,2193
ATLANTA,20190221,14.75,15.4,14.7,15.1,32861
ATLASCYCLE,20190221,59.5,61.95,59.5,61.05,3828
ATUL,20190221,3426.3,3429.1,3365,3372.8,5184
ATULAUTO,20190221,302.85,308,299.9,304.1,9998
AUBANK,20190221,569.9,579.9,561.25,576.4,66260
AURIONPRO,20190221,112.75,113.25,109.7,110.65,9290
AUROPHARMA,20190221,723,732.9,720.2,731.1,1818817
AUSOMENT,20190221,28.85,31.15,28.8,30.1,3395
AUTOAXLES,20190221,1120.15,1145,1120.15,1137.15,17619
AUTOIND,20190221,53.35,54.25,52.75,53,77002
AUTOLITIND,20190221,30,30,29.5,29.75,5380
AVADHSUGAR,20190221,410.35,423.8,408,411.05,32591
AVANTIFEED,20190221,324,334.3,324,331.9,187100
AVTNPL,20190221,22.4,22.7,21.6,22.35,19460
AXISBANK,20190221,700.5,706.5,695.1,697.2,6674353
AXISCADES,20190221,60,64.8,57.2,63.35,59765
AXISGOLD,20190221,2940.55,2997.95,2702.2,2929.7,378
AXISNIFTY,20190221,1094.04,1096.01,1094.03,1095.98,22
AYMSYNTEX,20190221,31.55,31.75,28.4,30.95,9855
BAFNAPHARM,20190221,8.75,9.1,8.7,9.1,15149
BAGFILMS,20190221,4.9,5.05,4.8,4.85,93162
BAJAJ-AUTO,20190221,2770,2829.9,2751.7,2813.95,281964
BAJAJCON,20190221,350,351.85,349.5,350.1,11357
BAJAJELEC,20190221,438.15,463.9,437.05,458.45,507535
BAJAJFINSV,20190221,6040,6220,5982,6169.1,230121
BAJAJHIND,20190221,7.85,7.9,7.7,7.9,1532815
BAJAJHLDNG,20190221,3159,3221.9,3107,3152.9,20575
BAJFINANCE,20190221,2610,2660,2593.05,2654.7,1139823
BALAJITELE,20190221,81.15,82,78.6,80.85,14443
BALAMINES,20190221,380.05,392,376.65,389.9,10215
BALKRISHNA,20190221,34.15,34.8,33.5,34,3992
BALKRISIND,20190221,827,839.7,820,834.95,338848
BALLARPUR,20190221,3.5,3.6,3.45,3.45,359213
BALMLAWRIE,20190221,170,171.1,167,169.35,23255
BALPHARMA,20190221,65.05,66.95,64.5,66.4,3680
BALRAMCHIN,20190221,123,126,122.5,124.85,1845987
BANARBEADS,20190221,42.85,42.85,38.7,41.25,307
BANARISUG,20190221,1510.05,1510.05,1470.1,1474.4,332
BANCOINDIA,20190221,147.1,149.1,144.1,145.2,89953
BANDHANBNK,20190221,479,494.9,478.05,488.7,1101018
BANG,20190221,42.95,44.5,42.2,43.45,32736
BANKBARODA,20190221,104.5,104.55,102.5,103,10298813
BANKBEES,20190221,2848.2,2848.2,2742.15,2747.7,705
BANKINDIA,20190221,85.1,85.8,82.95,83.25,13401572
BANSWRAS,20190221,64.7,65.5,60.15,61.45,2245
BARTRONICS,20190221,5.65,5.65,5.35,5.45,14342
BASF,20190221,1199.65,1299,1199.65,1284.15,28091
BASML,20190221,182.6,194.95,182,183.75,18
BATAINDIA,20190221,1268,1285.5,1265.05,1282.75,873596
BAYERCROP,20190221,4286.8,4311.75,4240,4291.2,15487
BBL,20190221,969.65,990,969.55,987.8,2960
BBTC,20190221,1225,1237,1207.1,1213.9,56543
BCG,20190221,3.05,3.05,2.9,3,380357
BDL,20190221,243.75,252.4,243.7,251.4,46314
BEARDSELL,20190221,16,16,14.2,15.25,3611
BEDMUTHA,20190221,14.55,15.95,14.25,15.45,12925
BEL,20190221,77.2,77.95,76.05,77.45,4870359
BEML,20190221,773.9,791.3,773.9,786.4,1313186
BEPL,20190221,60.5,60.85,59.5,59.8,242031
BERGEPAINT,20190221,294.5,297.9,292.7,294.65,475806
BFINVEST,20190221,176.85,211.1,176,211.1,933739
BFUTILITIE,20190221,154.95,182.5,152.7,178.15,3135905
BGLOBAL,20190221,2.25,2.4,2.25,2.3,7587
BGRENERGY,20190221,50,50.4,48.6,48.8,66480
BHAGERIA,20190221,224.8,230.95,219,224.7,5321
BHAGYANGR,20190221,31.4,32.35,29.45,30.85,4305
BHAGYAPROP,20190221,29.5,31.9,27.55,30.5,3110
BHANDARI,20190221,1.85,1.95,1.85,1.85,98387
BHARATFIN,20190221,924,935.35,912.2,920.5,507702
BHARATFORG,20190221,476,482.85,469.6,480.8,769754
BHARATGEAR,20190221,143,146.9,143,146.35,8459
BHARATRAS,20190221,3700,3770,3625,3703.25,1032
BHARATWIRE,20190221,59.05,62.55,56.8,61.5,13680
BHARTIARTL,20190221,305.9,311,303,309.9,5232493
BHEL,20190221,63,63.1,62.35,62.95,3138802
BIGBLOC,20190221,27.45,28.5,26.6,26.7,593
BIL,20190221,210,213.95,201.35,207.05,11365
BILENERGY,20190221,1.4,1.4,1.4,1.4,218320
BINANIIND,20190221,34.65,35,33.1,34,10235
BINDALAGRO,20190221,13.1,13.4,13.05,13.2,9123
BIOCON,20190221,620.2,624.9,617.4,621.65,789303
BIOFILCHEM,20190221,6,6.1,6,6.1,304
BIRLACABLE,20190221,156,162.7,154.5,158.75,121785
BIRLACORPN,20190221,458,462,448,451.75,31748
BIRLAMONEY,20190221,41,41.4,40,40.95,14796
BKMINDST,20190221,3.4,3.5,3.25,3.5,44856
BLBLIMITED,20190221,5,5,4.9,4.9,1051
BLISSGVS,20190221,152.65,171,149.5,169.6,3054090
BLKASHYAP,20190221,20.55,24,19.7,22.05,1612629
BLS,20190221,95.05,97,93.2,96.35,21540
BLUEBLENDS,20190221,3.45,3.45,3.35,3.35,7304
BLUEDART,20190221,3010.4,3042,2975,2992.15,757
BLUESTARCO,20190221,596.95,616,583.75,601.1,32133
BODALCHEM,20190221,95.85,96.45,93.8,95.85,48515
BOMDYEING,20190221,107.85,113.9,107.05,111.15,1349298
BOROSIL,20190221,214.95,214.95,207.35,209.6,41005
BOSCHLTD,20190221,18270,18294.5,17930.3,18048.55,8542
BPCL,20190221,328,337.65,326.25,335.3,4676884
BPL,20190221,27.2,27.7,26.8,27.15,61498
BRFL,20190221,8.2,8.45,8.2,8.45,20396
BRIGADE,20190221,198.45,200.85,195.1,196.45,42710
BRITANNIA,20190221,2943.95,3018,2935,3001.6,724297
BRNL,20190221,97.9,97.9,95.55,96.55,13536
BROOKS,20190221,40.65,41.6,39.05,40.7,23452
BSE,20190221,561,565,560.05,562.4,89652
BSELINFRA,20190221,1.65,1.7,1.65,1.7,29833
BSL,20190221,42.05,43.35,41.05,42.6,4605
BSLGOLDETF,20190221,3110,3149,3057,3057,67
BURNPUR,20190221,2.85,2.85,2.65,2.65,286762
BUTTERFLY,20190221,183.85,190.05,183.1,185.3,13836
BVCL,20190221,15.2,15.45,15.2,15.45,150
BYKE,20190221,26.15,26.6,25.7,26,77863
CADILAHC,20190221,314.95,315,310.7,313.15,884693
CALSOFT,20190221,18,18.8,17.6,17.6,11727
CAMLINFINE,20190221,42.9,45.2,42.3,44.8,142953
CANBK,20190221,225,225,220.35,221.5,4449981
CANDC,20190221,13.3,13.5,13.3,13.3,68762
CANFINHOME,20190221,250.6,277.05,250,271,4491541
CANTABIL,20190221,208.45,208.45,202.15,204.95,26305
CAPACITE,20190221,194.95,199.5,192.95,196.7,14190
CAPLIPOINT,20190221,335,344.5,329.35,341.05,37494
CAPTRUST,20190221,186.95,186.95,174.25,182.45,128
CARBORUNIV,20190221,345.05,347.15,344,345.7,17432
CAREERP,20190221,68.85,70.55,67.25,69.1,4258
CARERATING,20190221,954.8,985.95,945.05,962.25,16428
CASTEXTECH,20190221,0.9,0.9,0.85,0.9,783709
CASTROLIND,20190221,151,153.75,150.2,151.75,989976
CCCL,20190221,1.75,1.85,1.75,1.85,17166
CCHHL,20190221,6.05,6.2,5.7,6.05,23150
CCL,20190221,268.25,282.4,264.05,277.15,205439
CDSL,20190221,212.35,212.35,209.5,209.7,68878
CEATLTD,20190221,1062.8,1080,1054.4,1059.9,462039
CEBBCO,20190221,20.2,20.45,19.25,19.55,10837
CELEBRITY,20190221,7.75,8,7.65,7.75,7599
CELESTIAL,20190221,4.45,4.5,4.3,4.45,37519
CENTENKA,20190221,230.3,232,221.4,226.25,47238
CENTEXT,20190221,6.05,6.1,5.75,5.95,120209
CENTRALBK,20190221,32.9,32.9,31.3,31.8,1343761
CENTRUM,20190221,32.3,33.4,31.75,33.1,95957
CENTUM,20190221,388.75,400.5,388.75,399.85,3961
CENTURYPLY,20190221,161.95,163,158.15,159.85,70181
CENTURYTEX,20190221,737,772.35,737,767.25,736561
CERA,20190221,2201.55,2206.8,2164.4,2190.85,20521
CEREBRAINT,20190221,26.6,26.95,26.2,26.35,233426
CESC,20190221,673.1,686,664.95,667.35,380336
CESCVENT,20190221,423.9,444.95,412.1,428.65,57345
CGCL,20190221,134,135.8,133.8,134.3,254498
CGPOWER,20190221,29.85,31.95,29.65,31.2,23783335
CHALET,20190221,279.55,280.9,279.15,280.6,29462
CHAMBLFERT,20190221,160.3,161.7,156.5,157.25,111772
CHEMFAB,20190221,131.7,137.55,131.7,133.9,1223
CHENNPETRO,20190221,207.7,218.5,205.85,217.15,1375793
CHOLAFIN,20190221,1186.7,1200,1166.3,1169.95,311541
CHROMATIC,20190221,0.95,0.95,0.85,0.9,7101
CIGNITITEC,20190221,340,350,334,338.8,8427
CIMMCO,20190221,29.85,31.2,29.85,30.9,18202
CINELINE,20190221,42,42.25,41.6,42.25,8071
CINEVISTA,20190221,4.9,5.6,4.9,5.35,3494
CIPLA,20190221,542.85,547.9,540.5,545.5,1093548
CLEDUCATE,20190221,118.65,126,117.2,122.5,3781
CLNINDIA,20190221,332.1,342,326,338.5,52417
CMICABLES,20190221,121,124.2,121,123.15,10064
CNOVAPETRO,20190221,15,17.35,15,17.3,8
COALINDIA,20190221,215.05,215.7,213.2,213.7,4081685
COCHINSHIP,20190221,340.55,341.45,336.55,338.75,41687
COFFEEDAY,20190221,278.05,280.75,275.1,277.65,61976
COLPAL,20190221,1250,1250.95,1236.65,1239.2,174425
COMPINFO,20190221,17.3,17.3,15.75,15.9,80614
COMPUSOFT,20190221,8.95,9.3,8.95,9.2,5558
CONCOR,20190221,491.9,492.45,479.6,482.6,835835
CONSOFINVT,20190221,36.95,38.9,36.95,37.8,1757
CONTROLPR,20190221,262,269.85,255.3,267.1,2726
CORALFINAC,20190221,14.5,15,14.45,14.5,1083
CORDSCABLE,20190221,57.45,58.85,56.5,58.5,15729
COROMANDEL,20190221,447,448.05,438.85,445.1,145882
CORPBANK,20190221,28.95,30.2,28.55,30.05,9618256
COSMOFILMS,20190221,171.15,179,171.15,177.4,8442
COUNCODOS,20190221,2.1,2.1,1.95,2.1,5035
COX&KINGS,20190221,141.1,142,140.55,141.15,31322
CPSEETF,20190221,23.12,23.48,23.06,23.22,2806747
CREDITACC,20190221,401.5,409.5,401,405,77722
CREST,20190221,124.95,126.8,123.05,126,46584
CRISIL,20190221,1564.7,1565.05,1550,1556.8,3821
CROMPTON,20190221,203.5,211.45,196.25,209.75,377981
CTE,20190221,46,46.95,40,42.85,14910
CUB,20190221,177,179.7,175.6,178.2,179361
CUBEXTUB,20190221,13.4,13.55,12.45,12.55,1307
CUMMINSIND,20190221,680,702.7,674.15,694,1037856
CUPID,20190221,114.35,120.95,114.35,119.9,9894
CURATECH,20190221,1.15,1.15,1.15,1.15,100
CYBERMEDIA,20190221,5.4,5.4,5.4,5.4,105
CYBERTECH,20190221,40.65,41,40.1,40.85,7596
CYIENT,20190221,604,609,599,604.35,199460
DAAWAT,20190221,33.75,34.2,33.65,33.75,281181
DABUR,20190221,426,428.75,423.1,426.55,892660
DALBHARAT,20190221,1070.7,1135.95,1056.45,1129.1,95542
DALMIASUG,20190221,103,105.25,102,103.25,159616
DAMODARIND,20190221,38.85,38.85,36.85,37.85,897
DATAMATICS,20190221,84.65,86.5,82.15,84.75,41207
DBCORP,20190221,180.95,180.95,178.65,179,311476
DBL,20190221,449.8,456.2,437,440.2,353820
DBREALTY,20190221,21,22,20.6,21.3,139578
DBSTOCKBRO,20190221,8,8,8,8,6
DCAL,20190221,186.1,188,183,184.3,103772
DCBBANK,20190221,173.75,175.55,173,174.6,1083073
DCM,20190221,61.05,64.4,60.65,62,3496
DCMSHRIRAM,20190221,370.85,373,357.05,361.05,92874
DCW,20190221,14,14.3,13.9,14.2,67602
DECCANCE,20190221,343.05,354.75,342.05,350.5,2846
DEEPAKFERT,20190221,126.7,132.05,126,131.2,387039
DEEPAKNTR,20190221,216,218.9,215.3,217.4,50042
DEEPIND,20190221,111.9,114,110.25,112.15,16942
DELTACORP,20190221,229.05,232.95,229.05,229.85,385378
DELTAMAGNT,20190221,65,70.3,64.1,66.95,249
DEN,20190221,71.05,72.15,68.8,72,79372
DENABANK,20190221,11.2,11.55,11,11.25,8427600
DENORA,20190221,237.9,242.5,233.45,238,1829
DFMFOODS,20190221,186.7,186.7,178.85,179.8,34842
DHAMPURSUG,20190221,212.05,216.7,209,212.3,696419
DHANBANK,20190221,14.3,14.3,12.75,13.9,249375
DHANUKA,20190221,391.9,399,391.8,398.55,8361
DHARSUGAR,20190221,10.05,10.45,10,10.15,8415
DHFL,20190221,131.45,141.75,131.45,137.15,23133535
DHUNINV,20190221,247.05,252.35,242.9,246.8,789
DIAMONDYD,20190221,836.25,861,836.2,851.5,1447
DICIND,20190221,344.95,346.95,330.7,338.3,100
DIGJAMLTD,20190221,3.45,3.45,3.15,3.25,68788
DISHTV,20190221,35.5,37.35,34.7,36.95,29565250
DIVISLAB,20190221,1553.1,1560.65,1540,1550,799999
DIXON,20190221,2252.7,2273.95,2225,2250.05,10040
DLF,20190221,163,166.9,162.1,165.3,5377001
DLINKINDIA,20190221,72.2,72.5,70.1,71.45,9257
DMART,20190221,1445,1475.05,1444,1461.05,278988
DNAMEDIA,20190221,3,3,2.8,3,48102
DOLLAR,20190221,275.7,281.15,275.1,280.15,3224
DOLPHINOFF,20190221,44.7,44.7,42.25,43.6,148966
DONEAR,20190221,35,37.5,35,35.9,16913
DPSCLTD,20190221,12.25,12.8,12,12.75,1547
DQE,20190221,5.35,5.7,5,5.55,8520
DREDGECORP,20190221,345.95,353.25,342,347.6,224315
DRREDDY,20190221,2550,2606,2519.85,2586.3,1310397
DSSL,20190221,29.95,29.95,28.85,29.1,4489
DTIL,20190221,210,221.6,203.1,220,50704
DUCON,20190221,10.1,10.5,10.1,10.3,78049
DVL,20190221,79.6,84.85,79.55,83.5,7548
DWARKESH,20190221,24.55,25,24.25,24.55,294197
DYNAMATECH,20190221,1349.95,1468,1344.7,1359.75,56771
DYNPRO,20190221,105.35,105.4,101.25,103,1817
EASTSILK,20190221,1.7,1.75,1.7,1.75,3354
EASUNREYRL,20190221,6.75,6.85,6.5,6.8,39409
EBANK,20190221,2700,2700,2700,2700,2
ECEIND,20190221,196.95,196.95,196.95,196.95,19
ECLERX,20190221,982.05,994.5,981,982.3,40670
EDELWEISS,20190221,149.5,152.4,146.55,151.45,3165291
EDL,20190221,7.6,7.65,7.25,7.65,8649
EICHERMOT,20190221,20450,20634.7,20250,20447.45,67021
EIDPARRY,20190221,185,186.5,183.05,184.35,146466
EIHAHOTELS,20190221,325.5,331.8,315.6,326.55,1549
EIHOTEL,20190221,183.05,188.1,183.05,185.3,91759
EIMCOELECO,20190221,352.55,363,352.5,358.35,288
EKC,20190221,24.75,25.3,24.5,24.95,89226
ELAND,20190221,4,4,3.6,4,8789
ELECON,20190221,54.6,58,54.2,57.5,65543
ELECTCAST,20190221,18.5,19.5,18.15,19.3,105558
ELECTHERM,20190221,157.25,179,155.05,171.35,30176
ELGIEQUIP,20190221,244.55,249,243,247.45,1358
ELGIRUBCO,20190221,22.2,23,21.6,22.7,6878
EMAMILTD,20190221,390,410,385.45,395.5,1597468
EMAMIREAL,20190221,116.95,135.25,116.8,125.7,285205
EMCO,20190221,2.9,3,2.8,3,105051
EMKAY,20190221,71.5,77,71,74.2,35750
EMMBI,20190221,119.45,122,115.5,118.55,6497
ENDURANCE,20190221,1280,1289.95,1260,1267.75,35228
ENERGYDEV,20190221,9.1,9.2,8.8,9.15,10196
ENGINERSIN,20190221,106.25,107.9,105.5,107,2370120
ENIL,20190221,526.2,535,520.5,531.25,3433
EON,20190221,34.8,35,33.1,33.75,11371
EQ30,20190221,271,280,265,279.83,14
EQUITAS,20190221,111.8,115.45,111.55,114.7,2007544
ERIS,20190221,620.9,623.8,607,610.25,14804
EROSMEDIA,20190221,75.75,76.55,73.2,74.8,526627
ESABINDIA,20190221,851.65,865.05,820.8,841.85,9239
ESCORTS,20190221,657,664.75,652.6,655.25,1840968
ESSARSHPNG,20190221,10.85,11.65,10.25,10.3,27832
ESSDEE,20190221,14.7,15.45,14.15,14.25,30444
ESSELPACK,20190221,108.45,111,108.45,110.1,43878
ESTER,20190221,29.85,30.5,29.55,30,29277
EUROCERA,20190221,1.25,1.25,1.25,1.25,250
EUROMULTI,20190221,0.65,0.65,0.65,0.65,900
EUROTEXIND,20190221,15.05,15.05,15,15,450
EVEREADY,20190221,201.5,201.5,199.55,199.8,49207
EVERESTIND,20190221,425,427,422.2,425.15,9585
EXCEL,20190221,1.7,1.7,1.6,1.7,69471
EXCELCROP,20190221,2930,3120,2924.1,3073.7,3322
EXCELINDUS,20190221,1005,1065,1004.9,1059.05,13943
EXIDEIND,20190221,207,216.4,206.4,214.45,6249753
FACT,20190221,31.7,31.75,31,31.5,25766
FAIRCHEM,20190221,389.8,392,386,391.25,3923
FCL,20190221,33.75,33.9,33.35,33.65,61913
FCONSUMER,20190221,45,46.45,45,46.2,2710181
FCSSOFT,20190221,0.2,0.25,0.2,0.2,367714
FDC,20190221,152.5,152.9,148.3,149.75,85184
FEDERALBNK,20190221,80,80.35,79.05,79.6,6410472
FEL,20190221,33.2,34.05,32.5,33.7,172170
FELDVR,20190221,33,33,32.25,32.85,2972
FIEMIND,20190221,451,451,434.1,436.85,12799
FILATEX,20190221,46.3,47.3,45.1,45.55,119655
FINCABLES,20190221,378.6,380.2,366,371.5,67214
FINEORG,20190221,1112.05,1139.95,1101.2,1124.05,3644
FINPIPE,20190221,446.35,454.9,443,451.75,16685
FLEXITUFF,20190221,46.95,50.25,46.1,49.9,2771
FLFL,20190221,429,429,423,425.6,72345
FMGOETZE,20190221,482,493.75,478.05,486.45,641
FMNL,20190221,35.35,40,34,38.8,113153
FORTIS,20190221,135.8,137.8,135.45,135.6,1188565
FOSECOIND,20190221,1344.05,1349.9,1302,1343.55,479
FRETAIL,20190221,432.5,434.6,427.8,430,113954
FSC,20190221,613.9,634,605,622.4,1685
FSL,20190221,39.95,41.35,39.2,40.55,3490646
GABRIEL,20190221,142.95,146.2,142.5,143.55,391449
GAEL,20190221,211.8,216,211,214.4,19782
GAIL,20190221,332,336.6,324.05,331.7,7308931
GAL,20190221,5.55,5.95,5.55,5.9,42340
GALAXYSURF,20190221,1046.95,1047.9,1005.85,1027.55,6737
GALLANTT,20190221,43.45,45.95,43.05,44.5,8688
GALLISPAT,20190221,30.15,30.95,29.15,30.4,1363
GAMMNINFRA,20190221,0.55,0.6,0.55,0.55,629187
GANDHITUBE,20190221,342.4,350,342.4,349.55,1029
GANECOS,20190221,240.5,243.3,240,240.1,3860
GANESHHOUC,20190221,53,54,51.1,53.5,30866
GANGESSECU,20190221,43.25,43.25,43.25,43.25,660
GARDENSILK,20190221,15.35,16.2,15.2,15.95,23036
GARFIBRES,20190221,1007.2,1074.7,1007.2,1045.95,3966
GATI,20190221,71.95,74.3,71.15,73.45,345025
GAYAHWS,20190221,0.65,0.75,0.65,0.7,38503
GAYAPROJ,20190221,148.55,153,148.45,152.65,26820
GDL,20190221,101.4,104,98.7,103.55,158660
GEECEE,20190221,106.25,107.9,104.9,106.4,3446
GENESYS,20190221,115.95,118.5,115.1,116.15,5267
GENUSPAPER,20190221,6.5,6.65,6.3,6.6,162859
GENUSPOWER,20190221,29.85,30,29.45,29.6,74187
GEOJITFSL,20190221,33.8,34.75,33.7,34.1,123506
GEPIL,20190221,749.1,757.95,743,751.45,3742
GESHIP,20190221,275,285.5,275,281.55,99927
GET&D,20190221,275,292.4,272.6,288.35,62441
GHCL,20190221,211.05,226,211.05,222.95,200027
GICHSGFIN,20190221,229.2,239.9,229.2,237.15,105187
GICRE,20190221,221.8,226,218,224.1,50796
GILLANDERS,20190221,52,52.95,47.5,49.5,2156
GILLETTE,20190221,6516,6575,6411.4,6494.25,5187
GINNIFILA,20190221,12,12.7,12,12.6,41093
GIPCL,20190221,70.05,70.6,68.9,70,114279
GKWLIMITED,20190221,842,880,840.1,873,1732
GLAXO,20190221,1335.1,1345,1315.6,1331.1,13667
GLENMARK,20190221,591,591.75,581.2,586.85,402915
GLOBALVECT,20190221,52.05,56.1,52.05,53.85,4056
GLOBOFFS,20190221,10.25,11.4,10.2,10.9,13449
GLOBUSSPR,20190221,128.2,130.9,126.05,129.05,24720
GMBREW,20190221,508,516,498,509.45,17021
GMDCLTD,20190221,74.1,77.5,73.2,74.55,284596
GMMPFAUDLR,20190221,1058.5,1125,1049,1101.75,2498
GMRINFRA,20190221,15.65,16.25,15.5,16.15,29707215
GNA,20190221,260,267.45,258.1,264.2,87140
GNFC,20190221,246.4,256.5,246,252.35,576281
GOACARBON,20190221,413.9,419,408,411.4,52666
GOCLCORP,20190221,235.2,249.9,232,246.85,3526
GODFRYPHLP,20190221,874.35,898.55,871,893.8,106229
GODREJAGRO,20190221,480.9,482.5,477,480.05,104606
GODREJCP,20190221,675.85,676.7,659.75,664.55,1282699
GODREJIND,20190221,484.3,486.95,473,475.6,337094
GODREJPROP,20190221,715,720,710.55,719.4,65927
GOKEX,20190221,70.8,73.9,70.8,72.65,12262
GOKUL,20190221,11.1,11.1,10.55,10.55,19407
GOKULAGRO,20190221,12.95,13.5,12.35,13.35,6254
GOLDBEES,20190221,2981.95,2984.8,2951.05,2968.6,7358
GOLDENTOBC,20190221,32.55,32.55,31.05,31.1,590
GOLDIAM,20190221,83,83.9,82.7,83.35,4334
GOLDSHARE,20190221,2982,3001.05,2975.05,2987.5,898
GOLDTECH,20190221,13,13.2,12.5,13.2,2787
GOODLUCK,20190221,63.1,64.2,61.15,62.9,3066
GPIL,20190221,246,262,246,255.4,127594
GPPL,20190221,79.4,79.65,78.05,78.2,86825
GPTINFRA,20190221,42.5,42.75,40.25,42.5,8729
GRANULES,20190221,90.85,92.85,89.1,91.25,898838
GRAPHITE,20190221,411,426.8,410.45,418,1253060
GRASIM,20190221,726.3,751.65,725.05,747.8,1721402
GRAVITA,20190221,60.1,61.45,59.5,60.35,15124
GREAVESCOT,20190221,120.3,120.3,117.5,118.35,429638
GREENLAM,20190221,655.5,690,652.2,682.95,15905
GREENPLY,20190221,129.55,130.5,128.5,128.8,66196
GREENPOWER,20190221,3,3,2.8,2.85,186460
GRINDWELL,20190221,528.55,532.7,515.5,528.5,10766
GROBTEA,20190221,436.6,446.5,436.45,439.9,75
GRPLTD,20190221,953,999,953,982,85
GRSE,20190221,82,82.35,80.8,81.5,40560
GRUH,20190221,242.8,250.5,242.1,248.35,908538
GSCLCEMENT,20190221,20.15,20.45,19.65,20.05,10868
GSFC,20190221,90.3,91.55,90,90.95,1420578
GSKCONS,20190221,7210.2,7297,7210.2,7260.2,71088
GSPL,20190221,151.7,154.75,148.65,153.2,346938
GSS,20190221,101.3,102.9,98.1,101.4,186295
GTL,20190221,4.55,4.55,4.15,4.5,60783
GTLINFRA,20190221,0.85,0.85,0.8,0.8,1913156
GTNIND,20190221,8.6,8.7,7.7,8.7,6054
GTNTEX,20190221,8.25,8.55,8.2,8.3,595
GTPL,20190221,81.05,82.2,80.55,81.2,1794
GUFICBIO,20190221,72,73.4,69.15,72.45,19639
GUJALKALI,20190221,434.4,443.8,432.8,439.65,40358
GUJAPOLLO,20190221,150.45,150.45,140.55,143.35,2278
GUJFLUORO,20190221,860.6,865,840.55,851.75,25108
GUJGASLTD,20190221,119.75,120,117,117.8,125433
GUJRAFFIA,20190221,13.9,13.9,13.9,13.9,10750
GULFOILLUB,20190221,866.05,887.95,865.25,878.2,6311
GULFPETRO,20190221,61,66,58.25,60.45,192569
GULPOLY,20190221,50,52.45,49.65,50.8,11671
GVKPIL,20190221,5.65,6.3,5.6,6.15,2934669
HAL,20190221,632,694.9,632,666.2,105157
HARITASEAT,20190221,428,447.25,425.5,444.05,43541
HARRMALAYA,20190221,65,67.9,64.4,67.3,90640
HATHWAY,20190221,25.4,25.75,25.1,25.2,171276
HATSUN,20190221,660.05,661.95,660,661.05,586
HAVELLS,20190221,698.5,702.95,691.1,698.75,983594
HAVISHA,20190221,0.7,0.7,0.7,0.7,2507
HBLPOWER,20190221,23.05,23.4,22.75,22.85,94419
HBSL,20190221,6,6.6,6,6.35,883
HCC,20190221,12.5,12.7,12.25,12.6,1676732
HCG,20190221,199.15,202,193.25,196.5,13766
HCL-INSYS,20190221,17.95,18.65,17.6,18.35,573386
HCLTECH,20190221,1060,1061.5,1042.6,1053.4,1301577
HDFC,20190221,1871,1894.7,1865.1,1891.45,1578842
HDFCAMC,20190221,1338,1352.5,1326,1348.65,103403
HDFCBANK,20190221,2101.7,2119.95,2093.6,2115.9,1315386
HDFCLIFE,20190221,347.4,357.7,346.25,356.85,546373
HDFCMFGETF,20190221,3085,3085,3047.1,3049.1,587
HDFCNIFETF,20190221,1117.31,1124.44,1117.29,1122.74,932
HDFCSENETF,20190221,3739.69,3739.69,3728.26,3728.26,8
HDIL,20190221,22.35,22.8,22.15,22.55,2213947
HEG,20190221,2131,2179,2112,2135.05,218339
HEIDELBERG,20190221,153.5,154.95,149,152,122230
HERCULES,20190221,98.65,100.9,98.55,99.6,6846
HERITGFOOD,20190221,442.05,448.4,440.1,443.05,7834
HEROMOTOCO,20190221,2632,2657,2581.5,2641.25,736959
HESTERBIO,20190221,1370,1394,1370,1393.2,1357
HEXATRADEX,20190221,20.1,21.9,20.1,20.3,226
HEXAWARE,20190221,356.6,356.85,351.95,353.3,546428
HFCL,20190221,21.3,22.3,21.2,21.7,1671161
HGINFRA,20190221,193,204.95,185.55,201.95,117898
HGS,20190221,591.5,635.4,588.1,604.5,206538
HIGHGROUND,20190221,6.3,6.3,5.9,6,393173
HIKAL,20190221,147.95,148.7,146.55,148.15,48424
HIL,20190221,1585,1612.25,1575,1588.15,4229
HILTON,20190221,14.65,15.95,14.3,15,14729
HIMATSEIDE,20190221,166.7,171.05,165.5,166.45,63500
HINDALCO,20190221,193.9,195.5,192.25,194.4,6498528
HINDCOMPOS,20190221,192.3,199.65,192.3,196.6,3374
HINDCOPPER,20190221,44.7,45.45,44.25,44.8,365881
HINDMOTORS,20190221,6.5,6.65,6.35,6.55,87641
HINDNATGLS,20190221,90.35,90.55,89.95,90.25,1093
HINDOILEXP,20190221,116.9,116.9,114.6,116.4,157408
HINDPETRO,20190221,219,224,217.9,222.95,3720006
HINDUJAVEN,20190221,327.45,329,320.95,325.45,2152
HINDUNILVR,20190221,1737,1758,1736.35,1754.7,1225418
HINDZINC,20190221,255.6,257.05,253.65,255.8,673649
HIRECT,20190221,107.9,107.95,102.5,106.15,4148
HISARMETAL,20190221,35,35.65,33.85,34.6,10339
HITECH,20190221,173.8,173.8,167.55,170.85,1567
HITECHCORP,20190221,87,89.9,86,87.4,535
HITECHGEAR,20190221,284,289,284,286.75,1023
HMVL,20190221,104.75,105.7,103,104.45,7180
HNGSNGBEES,20190221,3149.7,3169.99,3120,3132.85,74
HONAUT,20190221,21399.95,21545,21301.05,21502.65,380
HONDAPOWER,20190221,1049.95,1065.45,1046.3,1057,973
HOTELEELA,20190221,12,12.15,11.45,11.7,360582
HOVS,20190221,130.2,137.3,127.05,135.4,37220
HPL,20190221,45.65,50,45.5,46.85,51958
HSCL,20190221,97.85,100.45,97.85,99.75,451839
HSIL,20190221,224.9,226.6,218.5,220.3,80299
HTMEDIA,20190221,38.1,39.6,37.6,38.8,130240
HUBTOWN,20190221,33.2,35.65,32.25,34.8,105921
HUDCO,20190221,38.5,39.4,38.2,39,614440
IBREALEST,20190221,72.8,75.2,72.1,74.5,3139524
IBULHSGFIN,20190221,650,689,644.45,683.95,12819378
IBULISL,20190221,221.5,243.35,220.25,243.35,95276
IBVENTURES,20190221,267,306.7,265.1,297.7,1828381
ICICI500,20190221,142.53,142.92,141.66,142.92,2692
ICICIB22,20190221,33.51,33.8,33.25,33.62,37189486
ICICIBANK,20190221,346.8,354.95,346.25,351.3,18631331
ICICIGI,20190221,910,930,905.55,925.75,158878
ICICIGOLD,20190221,30.5,30.7,24.5,30.4,246867
ICICILIQ,20190221,1000,1000,999.99,999.99,7521
ICICILOVOL,20190221,85.2,85.86,85.12,85.86,647
ICICIMCAP,20190221,61.37,61.73,61.13,61.73,4371
ICICINF100,20190221,115.6,116.29,115.58,116.29,70
ICICINIFTY,20190221,111.06,112.76,111.06,112.62,32840
ICICINV20,20190221,53.85,54.26,53.85,54.13,1549
ICICINXT50,20190221,26.15,26.15,25.5,26,7771
ICICIPRULI,20190221,303,317.9,301.1,315.35,1113028
ICICISENSX,20190221,377.55,378.07,377.55,378.07,20
ICIL,20190221,36,38,35.6,36.7,557863
ICRA,20190221,2924.9,2945,2915,2926.1,261
IDBI,20190221,44,45.6,42.2,45,12372549
IDBIGOLD,20190221,3002,3119,3002,3091.7,315
IDEA,20190221,30.55,31.2,30.25,31,31409768
IDFC,20190221,35.5,36.3,35.4,36.1,3363781
IDFCFIRSTB,20190221,44.85,45.45,44.8,45,9882790
IDFNIFTYET,20190221,110.58,110.58,106.06,106.39,194
IEX,20190221,162,162.85,159,160.15,118893
IFBAGRO,20190221,407,411.95,390.1,397.75,7191
IFBIND,20190221,767,785,755.1,765,5226
IFCI,20190221,12.1,12.5,12.05,12.45,3083689
IFGLEXPOR,20190221,200,205,200,204.95,2470
IGARASHI,20190221,396,402,385,394.4,5871
IGL,20190221,287,287,276.85,283.75,2829401
IGPL,20190221,231.9,255.05,231,251.65,70321
IIFL,20190221,368,371.65,361.05,364.1,210640
IITL,20190221,68.2,68.9,62.6,63.75,206
IL&FSENGG,20190221,10.15,10.5,10.1,10.1,33861
IL&FSTRANS,20190221,6.45,7.05,6.45,6.85,553322
IMFA,20190221,214.1,222.45,212.45,220.25,18689
IMPAL,20190221,864,869.35,855,860,226
IMPEXFERRO,20190221,0.35,0.35,0.35,0.35,1
INDBANK,20190221,8.9,9,8.45,8.75,34693
INDHOTEL,20190221,140.65,144.7,139.2,142.45,1682867
INDIACEM,20190221,85.2,86.45,84.4,85.85,5305395
INDIAGLYCO,20190221,243.95,249.8,242.1,248,54338
INDIANB,20190221,223.2,224.75,218.85,220.25,1961072
INDIANCARD,20190221,95,99.4,92.7,95.05,867
INDIANHUME,20190221,269.9,278.4,269.9,275.05,58168
INDIGO,20190221,1119.8,1134.3,1107.05,1111.65,1125766
INDLMETER,20190221,33.5,39.6,33.1,39.6,24429
INDNIPPON,20190221,375.05,390,375.05,384.7,3718
INDOCO,20190221,174.6,175.65,173.95,174.35,6089
INDORAMA,20190221,34.6,34.95,34.35,34.45,10141
INDOSOLAR,20190221,1.9,1.95,1.9,1.95,46134
INDOSTAR,20190221,323.7,349.7,319,339.7,53109
INDOTECH,20190221,87.75,89.55,86,86.75,7447
INDOTHAI,20190221,28.55,29.8,27.65,29.2,47901
INDOWIND,20190221,4.95,5.2,4.9,5.15,9382
INDRAMEDCO,20190221,37.3,37.35,37.05,37.15,5695
INDSWFTLAB,20190221,46.35,46.35,41.95,42.6,91489
INDSWFTLTD,20190221,5.15,5.15,4.6,4.7,7332
INDTERRAIN,20190221,119.95,120,116.2,119.65,135
INDUSINDBK,20190221,1479.45,1494.4,1455,1471.55,2297058
INEOSSTYRO,20190221,505,515.95,498.95,511.75,737
INFIBEAM,20190221,37.7,38,36.5,36.65,8135554
INFRABEES,20190221,296.81,299.8,295,299.8,187
INFRATEL,20190221,317.6,318,306.3,312.55,3996262
INFY,20190221,738,738,727.1,733.45,7202786
INGERRAND,20190221,537.55,577.3,530,564.25,26144
INOXLEISUR,20190221,274.95,284.4,271,272.6,192227
INOXWIND,20190221,63.75,63.75,61.8,63.35,20663
INSECTICID,20190221,609.55,634.5,609,627.25,11298
INSPIRISYS,20190221,45,46,44,44.55,2692
INTELLECT,20190221,162.95,171.3,162.8,168.5,499767
INTENTECH,20190221,36.95,38.3,36.2,36.25,8387
INVENTURE,20190221,14.05,14.3,14,14.25,2002
IOB,20190221,13.9,13.9,13.05,13.2,1944800
IOC,20190221,129,131.45,128.3,131.1,5912967
IOLCP,20190221,191.45,197.6,190,194.65,297643
IPAPPM,20190221,447.45,459.7,444.5,458.1,78190
IPCALAB,20190221,795,810,792.55,800.2,340746
IRB,20190221,117.5,125.2,116,123.4,3622255
IRCON,20190221,374,379.7,370,376.5,20377
ISEC,20190221,198.8,200.35,196.75,198.9,107091
ISFT,20190221,120,120,115.3,116.6,7486
ISMTLTD,20190221,7.25,7.35,6.8,7.15,30095
ITC,20190221,275.9,276.75,274.2,275.05,6995026
ITDC,20190221,251.05,257,251,255.95,6560
ITDCEM,20190221,104.1,107,99.8,101.75,168938
ITI,20190221,95.35,96.25,93.55,93.9,981379
IVC,20190221,4.75,4.75,4.6,4.7,324552
IVP,20190221,93,94.8,91,94.1,487
IVRCLINFRA,20190221,0.8,0.8,0.75,0.8,270952
IVZINGOLD,20190221,3005,3070,3005,3050,66
IZMO,20190221,48.05,56.8,48.05,53.2,98306
J&KBANK,20190221,40,40,39.3,39.4,692905
JAGRAN,20190221,96.2,96.2,92.55,93.95,94734
JAGSNPHARM,20190221,27.9,28.9,27.6,28.15,9009
JAIBALAJI,20190221,12.8,13.05,12.05,13.05,12652
JAICORPLTD,20190221,90.1,93.85,90,93.2,1038515
JAMNAAUTO,20190221,51.5,52.45,50.65,52.2,419333
JAYAGROGN,20190221,188.8,197.95,188.8,194.95,13763
JAYBARMARU,20190221,226.1,233.05,224.4,232.15,17028
JAYNECOIND,20190221,3.3,3.45,3.3,3.45,5459
JAYSREETEA,20190221,63.8,65.6,63.8,65.25,219826
JBCHEPHARM,20190221,321.8,326.55,317.1,320.25,63155
JBFIND,20190221,18.95,19.05,18.6,19,107119
JBMA,20190221,250.5,268,250,265.4,24944
JCHAC,20190221,1736.9,1736.9,1680,1709.2,1832
JETAIRWAYS,20190221,234,236.95,231.5,234.85,3635864
JHS,20190221,24.9,26,24,25.55,34774
JIKIND,20190221,0.45,0.45,0.4,0.4,800
JINDALPHOT,20190221,20,20.35,19.3,19.55,1834
JINDALPOLY,20190221,230,243.7,227.1,240.25,17027
JINDALSAW,20190221,80.15,81.35,78.55,80.65,979607
JINDALSTEL,20190221,149.95,156.7,148.2,155.5,14770698
JINDCOT,20190221,3.8,3.8,3.5,3.75,22240
JINDRILL,20190221,97.6,98.7,94.15,94.8,85644
JINDWORLD,20190221,69.65,70.3,68,69.15,309659
JISLDVREQS,20190221,38.4,39.45,38.3,39.3,30369
JISLJALEQS,20190221,55.9,57.55,55.3,57.2,4779279
JITFINFRA,20190221,15.1,15.1,14.6,14.75,3157
JKCEMENT,20190221,716.8,721,701.25,716.3,16743
JKIL,20190221,123.4,128.5,121.75,127.6,217798
JKLAKSHMI,20190221,310.75,315.3,305.7,312.65,77355
JKPAPER,20190221,125.45,127.95,123.55,126.7,691242
JKTYRE,20190221,86.3,86.45,85.4,85.9,289142
JMA,20190221,143.4,147.75,143,144,451
JMCPROJECT,20190221,93.5,94.9,91.95,93.25,25954
JMFINANCIL,20190221,77,77.5,75.4,76.5,227849
JMTAUTOLTD,20190221,2.6,2.7,2.6,2.7,53763
JOCIL,20190221,113.45,113.95,112.15,112.15,874
JPASSOCIAT,20190221,5.25,6.05,5.15,5.9,39481701
JPINFRATEC,20190221,2.9,2.9,2.9,2.9,128072
JPOLYINVST,20190221,26,28.55,26,27.1,338
JPPOWER,20190221,1.6,1.75,1.6,1.75,5368433
JSL,20190221,31.8,32.2,31.2,31.7,285411
JSLHISAR,20190221,78.7,80.25,78.25,78.9,300391
JSWENERGY,20190221,65.25,66.35,65.25,65.6,356391
JSWHL,20190221,2385.55,2490,2305.05,2346.2,3296
JSWSTEEL,20190221,276,279,273.4,277.05,8238650
JTEKTINDIA,20190221,88,94.3,87.6,93.55,52923
JUBILANT,20190221,750.05,758.35,744.35,753.95,148054
JUBLFOOD,20190221,1295,1327.9,1293.2,1316.3,2061410
JUBLINDS,20190221,103.1,105,103,104.55,6529
JUNIORBEES,20190221,265.4,267.52,264.61,267.06,16591
JUSTDIAL,20190221,474.1,543.4,473.35,522.15,3625680
JYOTHYLAB,20190221,179.45,185.5,176.2,179.3,457074
KABRAEXTRU,20190221,64.95,65.4,62.8,63.1,4659
KAJARIACER,20190221,523.9,526.9,518.35,521.9,194696
KAKATCEM,20190221,140.65,141.55,135,139.95,4602
KALPATPOWR,20190221,338.25,348.25,336.1,346.8,34741
KALYANIFRG,20190221,255,269,250.2,269,112
KAMATHOTEL,20190221,40.45,40.9,40.05,40.8,11958
KAMDHENU,20190221,146.2,152,146.2,152,13830
KANANIIND,20190221,4,4.6,4,4.5,806
KANORICHEM,20190221,56.7,57.85,56.5,57.6,13347
KANSAINER,20190221,439.75,443.7,431.1,432.6,51513
KARDA,20190221,203,206.9,197.1,205.05,19253
KARMAENG,20190221,18.5,18.5,16.2,16.75,1923
KARURVYSYA,20190221,67,67.85,66.3,67.5,930671
KAVVERITEL,20190221,4.45,4.7,4.2,4.7,35953
KAYA,20190221,665.9,666.15,654.7,660.6,10026
KCP,20190221,77.55,78.9,77.25,78.2,45489
KCPSUGIND,20190221,16.1,16.3,16.05,16.25,46820
KDDL,20190221,441.5,454.95,441,441.65,444
KEC,20190221,239.2,241.9,236.1,239,580670
KECL,20190221,15.2,15.7,15.15,15.6,37988
KEI,20190221,324.65,326.75,318.4,323.65,129594
KELLTONTEC,20190221,39,39.5,37.15,38.7,15252
KERNEX,20190221,22.75,22.75,21.75,22,1301
KESARENT,20190221,29,29,27.8,27.8,920
KESORAMIND,20190221,59,60.9,58.55,60.15,195156
KEYCORPSER,20190221,49.65,49.65,49.65,49.65,120
KGL,20190221,1.2,1.3,1.2,1.25,344992
KHADIM,20190221,372.9,372.9,360,360.75,5531
KHAITANLTD,20190221,39.75,39.75,36.15,38.95,417
KHANDSE,20190221,14.25,15.75,14.25,15.75,105
KICL,20190221,1418.05,1580,1395,1475.4,2055
KILITCH,20190221,182,188,178.95,185.8,53803
KINGFA,20190221,587.6,610,587.6,601.35,724
KIOCL,20190221,126.45,128.45,125.35,127.35,5294
KIRIINDUS,20190221,380,390.55,378.75,381.15,40427
KIRLOSBROS,20190221,145,152.05,143.25,150.75,123073
KIRLOSENG,20190221,165.9,170,165.6,169,16327
KIRLOSIND,20190221,776.95,777,751.05,764.1,274
KITEX,20190221,91.5,91.5,89.5,89.9,24374
KKCL,20190221,1188.95,1220,1161.15,1194.5,372
KMSUGAR,20190221,7.4,7.5,7.3,7.3,34273
KNRCON,20190221,201.8,203.9,198.65,200,118995
KOHINOOR,20190221,29.25,29.85,29.15,29.65,86034
KOKUYOCMLN,20190221,88.1,88.1,86.45,87.5,12555
KOLTEPATIL,20190221,241.85,244,237.1,239.15,60327
KOPRAN,20190221,36.15,37.5,36.1,36.95,89030
KOTAKBANK,20190221,1291.9,1297.6,1283.5,1289.15,1819094
KOTAKBKETF,20190221,276.24,276.6,275.47,276.34,5319
KOTAKGOLD,20190221,295,297.1,293.55,295.55,22233
KOTAKNIFTY,20190221,110,110.92,109.77,110.82,23262
KOTAKNV20,20190221,56.9,56.9,54.7,55.39,1576
KOTAKPSUBK,20190221,278.8,280,275.05,277.8,590
KOTARISUG,20190221,8.9,8.9,8.5,8.75,10022
KOTHARIPET,20190221,17.05,17.3,16.6,16.7,8841
KOTHARIPRO,20190221,81.95,81.95,75,76.2,6206
KPIT,20190221,108.7,111,107,108.2,4366009
KPRMILL,20190221,527.3,534.2,527.2,530,12631
KRBL,20190221,314.9,323.7,313.6,317.95,111810
KREBSBIO,20190221,88,91,86.8,90,805
KRIDHANINF,20190221,32.15,32.9,31.15,32.6,33214
KSB,20190221,652.1,652.1,643.5,647.05,2828
KSCL,20190221,410.2,424.15,402.05,416.9,6869153
KSERASERA,20190221,0.15,0.15,0.1,0.15,1174346
KSK,20190221,1,1.05,0.95,1.05,2076229
KSL,20190221,180.75,188.45,179.05,184.1,58519
KTIL,20190221,48.1,50,48,49.75,2244
KTKBANK,20190221,113.95,115.5,113.05,114.8,1844845
KWALITY,20190221,5.8,5.9,5.55,5.9,1691489
L&TFH,20190221,124.2,127.75,123.8,127.15,8438350
LAKSHVILAS,20190221,56,57.4,55.4,56.7,458807
LALPATHLAB,20190221,1027.8,1050,1022.95,1038.8,43497
LAMBODHARA,20190221,36.6,37.5,36.45,37.1,4808
LAOPALA,20190221,197,198,194,194.9,42600
LASA,20190221,20.2,20.2,20.15,20.2,4601
LAURUSLABS,20190221,332,339.55,329,333.5,10192
LAXMIMACH,20190221,5438.05,5493.9,5391,5461.25,1369
LEEL,20190221,19.5,19.65,18.3,19.55,234142
LEMONTREE,20190221,73.7,75.4,73.7,74.85,559399
LGBBROSLTD,20190221,391,391.95,387.25,387.95,3970
LIBERTSHOE,20190221,139.65,143.95,138.8,142,62432
LICHSGFIN,20190221,455.7,465,448.1,462.85,1846722
LICNETFGSC,20190221,17.83,17.83,17.13,17.15,76
LICNETFN50,20190221,111.7,111.75,109.9,110.31,50
LICNETFSEN,20190221,373,373,368.05,368.05,3
LINCOLN,20190221,172.9,174.45,169,171.2,41929
LINCPEN,20190221,199.95,202,197.65,198.35,23486
LINDEINDIA,20190221,438,438,425,427.2,43801
LIQUIDBEES,20190221,999.99,1000.01,999.57,1000,447433
LIQUIDETF,20190221,1000.01,1000.01,999.99,1000,43450
LOKESHMACH,20190221,40.45,42.95,40.45,42.2,10689
LOTUSEYE,20190221,28,28,23.65,24.85,8285
LOVABLE,20190221,90,98.45,89.3,97.35,92092
LPDC,20190221,3.7,3.75,3.6,3.65,7362
LSIL,20190221,0.95,0.95,0.9,0.95,551319
LT,20190221,1282,1291.5,1265.1,1284.1,2392129
LTI,20190221,1729.95,1748.2,1720,1725.55,57733
LTTS,20190221,1473.3,1495,1472.2,1486.75,161868
LUMAXIND,20190221,1591.25,1593.8,1562.95,1575.7,708
LUMAXTECH,20190221,136,140.5,134,139.35,21573
LUPIN,20190221,760.55,772,755,769.8,1554032
LUXIND,20190221,1115,1125,1080.05,1089.1,56106
LYKALABS,20190221,21.75,22.2,21.5,21.6,20797
LYPSAGEMS,20190221,5.6,5.8,5.45,5.55,52318
M&M,20190221,633.55,635.95,625,634.2,2813880
M&MFIN,20190221,385,395.9,378.85,394.55,1807003
M100,20190221,17,17.4,16.85,17.23,24945
M50,20190221,105.49,105.49,103.34,104.03,1231
MAANALU,20190221,84.95,84.95,80.7,84.5,3005
MADHAV,20190221,39.1,40,38.2,39.05,975
MADHUCON,20190221,5.55,6.2,5.5,5.95,81873
MADRASFERT,20190221,19.3,20.2,19.3,20.15,34000
MAGADSUGAR,20190221,107,110.5,107,109.15,29498
MAGMA,20190221,90,91.75,85.95,89.6,44177
MAGNUM,20190221,4.6,5.35,4.5,5.2,13423
MAHABANK,20190221,13,13.95,12.7,12.9,1293773
MAHAPEXLTD,20190221,104.6,109.8,103.55,104.95,1427
MAHASTEEL,20190221,127,131,127,130.3,21729
MAHINDCIE,20190221,219.5,226.8,214.05,224.1,452304
MAHLIFE,20190221,372.1,375,372.1,373.75,16324
MAHLOG,20190221,443,443,432.8,435.55,9674
MAHSCOOTER,20190221,3080.9,3140.95,3077,3112.25,1366
MAHSEAMLES,20190221,441.5,460.15,441.5,457.2,33204
MAITHANALL,20190221,362.55,372,362.55,367.9,21075
MAJESCO,20190221,455.85,459.75,454.3,457.25,11363
MALUPAPER,20190221,20.75,22.25,20.75,22.25,882
MANAKALUCO,20190221,6.9,7.2,6.65,7.05,2223
MANAKCOAT,20190221,5.6,6.1,5.5,6.05,6329
MANAKSIA,20190221,38.1,38.1,35.45,36.55,44047
MANAKSTEEL,20190221,17.55,18.2,17.55,18.15,2357
MANALIPETC,20190221,22.9,23.95,22.6,23.65,182280
MANAPPURAM,20190221,108.95,114.95,108.3,113.8,6414221
MANGALAM,20190221,43,44,42.6,43.55,9103
MANGCHEFER,20190221,31.8,33.9,31.05,33.55,142173
MANGLMCEM,20190221,203.1,208.75,202.1,205.5,2984
MANGTIMBER,20190221,17.05,17.5,16.5,16.85,9506
MANINDS,20190221,57.1,57.8,56.7,57.1,130260
MANINFRA,20190221,32.95,33,32.5,32.65,54227
MANPASAND,20190221,76.45,77.45,72.45,74.8,131575
MANUGRAPH,20190221,26.1,26.35,25.3,26.05,223
MARALOVER,20190221,26.95,26.95,24.55,24.9,4719
MARATHON,20190221,103.15,108.95,103.15,105.1,7042
MARICO,20190221,334.9,338.7,331.1,336.75,2342156
MARKSANS,20190221,22.6,23.5,22.15,23.2,1361626
MARUTI,20190221,6868.95,6879.65,6715,6801.55,722938
MASFIN,20190221,510,542,508.05,536.75,12641
MASTEK,20190221,372,380.9,370.1,374.65,39029
MATRIMONY,20190221,371,379.1,369.4,371.85,865
MAWANASUG,20190221,40.5,40.9,39.05,39.95,47854
MAXINDIA,20190221,77,78,77,77.75,44552
MAXVIL,20190221,42.8,43.8,42.6,42.85,7103
MAYURUNIQ,20190221,349.4,349.4,338.5,340.9,7829
MAZDA,20190221,310.35,310.35,299,306.3,324
MBECL,20190221,7.4,7.55,7.3,7.35,29177
MBLINFRA,20190221,12.05,12.65,12,12.1,37403
MCDHOLDING,20190221,22,22.6,22,22.25,2696
MCDOWELL-N,20190221,530,538.65,518.65,536.5,1377694
MCLEODRUSS,20190221,86.7,88.05,86.15,86.8,146787
MCX,20190221,670,677.6,669.35,673.65,147116
MEGASOFT,20190221,5.95,6.25,5.8,5.8,13792
MEGH,20190221,50.35,50.45,49.75,50.1,350292
MELSTAR,20190221,0.9,0.9,0.9,0.9,12
MENONBE,20190221,75.9,76.4,72.25,75.15,14252
MEP,20190221,37.85,37.85,36.85,37.25,56420
MERCATOR,20190221,6.05,6.65,6.05,6.65,459517
MERCK,20190221,2973,2978.95,2890,2923.05,27120
METALFORGE,20190221,8.3,8.3,8.3,8.3,2600
METKORE,20190221,1.05,1.1,1.05,1.05,5102
MFSL,20190221,396,410.95,394.65,407.6,1002202
MGL,20190221,865.1,889,865,879.55,262919
MHRIL,20190221,195.95,195.95,192.35,195,22137
MIC,20190221,0.85,0.85,0.8,0.85,523314
MIDHANI,20190221,115.9,115.9,112,113.45,159185
MINDACORP,20190221,128.6,128.85,124.05,125.25,50451
MINDAIND,20190221,325.5,328.7,312,317.95,498126
MINDTECK,20190221,34.2,36.85,30.55,33,13067
MINDTREE,20190221,906.95,906.95,888,898.8,1005712
MIRCELECTR,20190221,21.5,21.75,21,21.2,133302
MIRZAINT,20190221,51.55,52.5,51.55,51.9,172999
MMFL,20190221,505,534,500,531.1,3334
MMTC,20190221,25.85,26.4,25.65,26.1,677114
MODIRUBBER,20190221,42.85,45,42.85,45,650
MOHITIND,20190221,8.2,8.6,8.1,8.3,14859
MOHOTAIND,20190221,39,39,36.6,38.2,17721
MOIL,20190221,141.9,142.7,140.05,140.55,275493
MOLDTECH,20190221,42.85,43,42.35,42.65,4209
MOLDTKPAC,20190221,207.4,230,206.15,223.4,77297
MONSANTO,20190221,2613.15,2643,2546,2609.9,1966
MONTECARLO,20190221,360,366,354.15,359.9,103074
MORARJEE,20190221,19.2,19.45,17.6,18.5,4637
MOREPENLAB,20190221,15,17.25,14.55,17.05,2216054
MOTHERSUMI,20190221,135,136.2,134.05,135.75,2726852
MOTILALOFS,20190221,614.95,625.9,581.15,617.7,330160
MOTOGENFIN,20190221,40.4,44.95,40.4,44.95,40
MPHASIS,20190221,1035.95,1041.2,1014.25,1019.25,129640
MPSLTD,20190221,436.95,440,428.05,430.65,1889
MRF,20190221,54829,55250,54505,54710.65,3891
MRO-TEK,20190221,38,40.5,36.55,39,6888
MRPL,20190221,63.75,64.5,63.2,63.95,867531
MSPL,20190221,11.85,12.2,11.15,11.6,12338
MTEDUCARE,20190221,52,58,51.1,57.3,153186
MTNL,20190221,12.65,14.4,12.65,13.9,8153001
MUKANDENGG,20190221,14.25,15.25,14,14.65,14446
MUKANDLTD,20190221,50.05,51.2,49.9,50,68664
MUKTAARTS,20190221,35.3,35.95,35.1,35.85,7864
MUNJALAU,20190221,50.55,51.6,50.05,51.05,79287
MUNJALSHOW,20190221,151,163.5,150.5,160.85,178892
MURUDCERA,20190221,20.25,20.8,20.25,20.7,37273
MUTHOOTCAP,20190221,798.5,807,785.65,791.05,5729
MUTHOOTFIN,20190221,520,538.35,520,534.35,1727824
MVL,20190221,0.25,0.25,0.2,0.2,190097
N100,20190221,497,501,494,496.26,1382
NACLIND,20190221,28.75,29.4,28.6,28.75,29803
NAGAFERT,20190221,6.3,6.85,6.3,6.65,343426
NAGAROIL,20190221,0.35,0.4,0.3,0.35,2376210
NAGREEKCAP,20190221,12.7,13.5,12.55,12.7,3225
NAGREEKEXP,20190221,22,22,18.6,20.1,1516
NAHARCAP,20190221,76.05,81.4,76.05,80.6,3540
NAHARINDUS,20190221,38.25,39.6,36.8,38.75,16031
NAHARPOLY,20190221,35,38.4,35,37.4,4505
NAHARSPING,20190221,82.15,82.85,81.1,82.65,12084
NATCOPHARM,20190221,579,584.15,572.45,575.55,337998
NATHBIOGEN,20190221,401.9,409,397.2,401.75,5376
NATIONALUM,20190221,49.7,50.05,47.55,48,22884317
NATNLSTEEL,20190221,5.9,5.9,5.5,5.9,122731
NAUKRI,20190221,1715,1734.85,1661.1,1692.9,212912
NAVINFLUOR,20190221,592,603,585,600.1,27326
NAVKARCORP,20190221,39.9,40.3,39.2,40.1,165099
NAVNETEDUL,20190221,103.55,104,102.55,103.05,16497
NBCC,20190221,51.5,51.9,50.75,51.6,4754407
NBIFIN,20190221,1150,1150,1150,1150,5
NBVENTURES,20190221,102.2,104.4,101.2,101.85,121484
NCC,20190221,84.35,85.4,83.6,84.75,6136304
NCLIND,20190221,107.25,107.25,104.25,105.35,14308
NDGL,20190221,706,740,705,705,40
NDL,20190221,42.45,43.1,42,43.05,21526
NDTV,20190221,34.6,35.8,34.6,35.15,13186
NECCLTD,20190221,7.45,7.7,7.25,7.6,15697
NECLIFE,20190221,15.9,16.9,15.9,16.65,82200
NELCAST,20190221,63.8,64.2,62.75,63.7,19691
NELCO,20190221,228.1,238,224.45,232.95,43119
NESCO,20190221,427.95,431.5,427,428.35,6529
NESTLEIND,20190221,10500,10671.45,10450,10621.95,70280
NETF,20190221,108.27,108.27,108.27,108.27,11
NETWORK18,20190221,33.7,34.15,33.35,33.9,260042
NEULANDLAB,20190221,551.95,662.1,551.95,662.1,285413
NEWGEN,20190221,296.25,299.8,293,298.8,13059
NEXTMEDIA,20190221,25.65,25.7,25.55,25.65,91992
NFL,20190221,31.5,32.3,31.5,31.9,183036
NH,20190221,199.8,207,197.8,202.8,7932
NHPC,20190221,23.75,24,23.45,23.75,7958101
NIACL,20190221,172.7,180,170,176.45,31547
NIBL,20190221,20.25,21.1,18.5,19.95,2534
NIFTYBEES,20190221,1121.5,1129.99,1121.11,1127.67,27271
NIFTYEES,20190221,13390,13390,12930.1,13102,9
NIITLTD,20190221,79.1,84.65,78.65,82.4,1591125
NIITTECH,20190221,1285,1328.25,1285,1293.6,893710
NILAINFRA,20190221,6.25,6.5,6.2,6.45,48884
NILASPACES,20190221,2.4,2.5,2.4,2.4,153295
NILKAMAL,20190221,1245,1264,1240,1250.6,9018
NIPPOBATRY,20190221,621,693.9,611.2,683.45,2961
NITCO,20190221,34.6,35.8,34.55,35.15,77630
NITESHEST,20190221,5.9,5.9,5.35,5.5,66265
NITINFIRE,20190221,1.25,1.25,1.2,1.25,39619
NITINSPIN,20190221,72.05,75.15,72.05,74.2,31184
NKIND,20190221,38.8,38.85,35.5,35.8,3538
NLCINDIA,20190221,65.25,66.35,63.4,63.95,187872
NMDC,20190221,94,95.55,94,95.2,4220150
NOCIL,20190221,120.6,124.55,120.6,123.25,453094
NOIDATOLL,20190221,5.45,5.5,5.15,5.4,66342
NRAIL,20190221,269.1,274.9,265,272.9,25868
NRBBEARING,20190221,187,191,184.6,186.2,90926
NSIL,20190221,910.05,948,903.95,920.2,1179
NTL,20190221,1.2,1.2,1.2,1.2,7894
NTPC,20190221,137.8,138.5,135.5,136.45,3932612
NUCLEUS,20190221,327.5,328.45,315.4,317.3,80326
NUTEK,20190221,0.25,0.25,0.25,0.25,4486
OBEROIRLTY,20190221,483,489.95,477.95,486.7,2074915
OCCL,20190221,1082.95,1125,1082.95,1105.75,4703
OFSS,20190221,3491.9,3500,3449.3,3465.3,18825
OIL,20190221,172,174.25,169.2,172.4,2906955
OILCOUNTUB,20190221,15.9,16.1,15.2,15.4,101613
OISL,20190221,2.1,2.25,2.05,2.2,57235
OLECTRA,20190221,203.95,214,201.35,208.55,40533
OMAXAUTO,20190221,79.4,82.05,78,79.25,32345
OMAXE,20190221,210,210,207.8,208.1,197601
OMKARCHEM,20190221,15.85,16.45,15.45,15.5,39705
OMMETALS,20190221,29.15,31.05,29,30.3,42823
ONELIFECAP,20190221,10.45,10.45,10.45,10.45,195
ONGC,20190221,145,148.6,144.2,146.95,13876243
ONMOBILE,20190221,29.05,29.85,28.5,29.65,91017
ONWARDTEC,20190221,61.3,61.35,59.2,59.4,2992
OPTIEMUS,20190221,115.95,119.25,114.3,117,9457
OPTOCIRCUI,20190221,7.45,8.15,7.3,8.05,834004
ORBTEXP,20190221,92.25,92.4,87.05,87.15,4980
ORICONENT,20190221,23.85,24.55,23.85,24.3,21552
ORIENTABRA,20190221,23.85,24.45,23,23.4,8672
ORIENTALTL,20190221,12.1,13.4,12,13.15,16783
ORIENTBANK,20190221,82.9,84,81.65,82.85,3478092
ORIENTBELL,20190221,154.05,156.55,153,154.3,10406
ORIENTCEM,20190221,68.5,69.2,67,68.7,43490
ORIENTELEC,20190221,128.4,131.95,126.55,130.15,166152
ORIENTHOT,20190221,40.95,40.95,39.75,40.05,11386
ORIENTLTD,20190221,147.95,147.95,135.15,136.1,145
ORIENTPPR,20190221,32.55,32.95,32.45,32.75,129905
ORIENTREF,20190221,189.7,192.9,186,190.45,29082
ORISSAMINE,20190221,835,930,825,859.55,70704
ORTEL,20190221,3.4,3.5,3.4,3.5,745
ORTINLABSS,20190221,12.8,13.85,11.7,12.65,19795
OSWALAGRO,20190221,7.1,7.45,6.75,7.05,7773
PAGEIND,20190221,20688,21402,20572,21282.15,65511
PAISALO,20190221,302.35,307.9,300,304.8,913
PALASHSECU,20190221,33.8,34,33,33.8,8027
PALREDTEC,20190221,27.75,28.5,27.05,27.7,4559
PANACEABIO,20190221,164.65,166.5,163.85,165.05,10576
PANAMAPET,20190221,93.85,96.5,93,94.25,11911
PAPERPROD,20190221,167.95,181.8,166.15,179.95,52731
PARABDRUGS,20190221,1.6,1.6,1.6,1.6,1425
PARACABLES,20190221,10.95,11.8,10.7,11.25,341553
PARAGMILK,20190221,200.8,207.8,200.8,205.9,122616
PARSVNATH,20190221,5.2,5.55,5.2,5.45,48902
PATELENG,20190221,23.7,24.5,23.7,24.05,151951
PATINTLOG,20190221,35.95,36.75,35.4,35.9,12929
PATSPINLTD,20190221,9.7,10.8,9.2,10.55,5564
PBAINFRA,20190221,5.3,5.3,5.3,5.3,90
PCJEWELLER,20190221,67.9,68.35,67.5,68,4592302
PDMJEPAPER,20190221,17.5,17.9,17.15,17.35,36909
PDPL,20190221,7.1,7.55,7.1,7.55,600
PDSMFL,20190221,258,258,252,255.2,2248
PEARLPOLY,20190221,11.95,12,11.4,11.5,373
PEL,20190221,2192,2255,2191.1,2240.25,484063
PENIND,20190221,31.1,33.75,31.1,33.4,129630
PENINLAND,20190221,7.85,8.4,7.65,8.15,378175
PENPEBS,20190221,50.3,52.45,48.5,51.7,14391
PERSISTENT,20190221,629.9,638.35,618.1,627.35,245779
PETRONENGG,20190221,21.7,22,20.65,20.65,10171
PETRONET,20190221,214.35,216,213.75,215.2,1824628
PFC,20190221,109,112,107.75,110.45,12576391
PFIZER,20190221,2900,2973.8,2855,2940.85,36198
PFOCUS,20190221,52.55,53.85,49.8,50.35,113230
PFS,20190221,14.5,15.25,14.3,14.65,788806
PGEL,20190221,74.75,75.8,72.4,74.5,47578
PGHH,20190221,9940.05,10250,9916.6,10112.05,2569
PGIL,20190221,138,138,134.15,134.8,1948
PHILIPCARB,20190221,152,153.25,146.25,148.15,1160894
PHOENIXLTD,20190221,593,599.65,585.9,588.65,14517
PIDILITIND,20190221,1075.1,1083,1066.15,1073.95,267663
PIIND,20190221,902.8,928.05,891.15,904.55,164890
PILANIINVS,20190221,1959.25,2019,1922.05,1964.5,420
PILITA,20190221,6.15,6.3,5.85,5.95,14340
PIONDIST,20190221,130.9,132.7,130.7,131.9,2371
PIONEEREMB,20190221,19.7,20,19.5,19.65,15822
PIRPHYTO,20190221,27,28.2,26,28.15,633
PITTIENG,20190221,52.05,52.9,51.8,52.1,13155
PKTEA,20190221,157,159.1,150.05,154,747
PLASTIBLEN,20190221,163.95,168,163.95,167.6,1184
PNB,20190221,76,76,72.65,73.15,47884317
PNBGILTS,20190221,29.75,30.8,29.75,30.35,188117
PNBHOUSING,20190221,876.65,922,871.2,916.4,252523
PNC,20190221,15.1,18.8,15.1,18.65,40483
PNCINFRA,20190221,132.9,132.9,129.1,129.65,179559
PODDARHOUS,20190221,490.05,548.8,470,491.65,3888
PODDARMENT,20190221,150,152,149.3,151.85,816
POKARNA,20190221,158.05,160.2,155.6,157.65,10288
POLYMED,20190221,214.5,216.5,210.75,212,19215
POLYPLEX,20190221,458.9,469.9,456,467.4,17998
PONNIERODE,20190221,130,133,125.7,130.15,530
POWERGRID,20190221,182.7,183,180.85,181.8,5173777
POWERMECH,20190221,809.25,839.05,795,825.3,3963
PPAP,20190221,254,275,254,271.25,13800
PRABHAT,20190221,53.6,54.8,53.6,54.3,30917
PRADIP,20190221,1.25,1.25,1.25,1.25,1540
PRAENG,20190221,8.7,9.25,8.4,9.05,16137
PRAJIND,20190221,141,144.5,140.4,142.45,2889872
PRAKASH,20190221,89.15,91.4,88.05,88.75,319755
PRAKASHCON,20190221,3.35,3.5,3.25,3.45,271184
PRAKASHSTL,20190221,0.4,0.4,0.35,0.4,113815
PRAXIS,20190221,159,165,150,161,6349
PRECAM,20190221,49.3,50.5,49.25,49.95,7085
PRECOT,20190221,45.2,45.95,44.05,44.05,403
PRECWIRE,20190221,188.75,188.9,185.55,187.5,12895
PREMEXPLN,20190221,207,218.35,206.15,212.9,12157
PREMIER,20190221,6.15,6.15,5.8,6.15,5345
PREMIERPOL,20190221,24.3,24.3,23.3,23.4,820
PRESSMN,20190221,25.55,25.55,24.2,25.1,5606
PRESTIGE,20190221,210.55,211.95,206.6,207.95,208634
PRICOLLTD,20190221,35.8,36.3,35.25,35.9,33873
PRIMESECU,20190221,41.8,42.5,40.6,41.35,20646
PROSEED,20190221,0.5,0.5,0.45,0.5,83535
PROVOGE,20190221,1.25,1.25,1.25,1.25,22158
PROZONINTU,20190221,27,27.75,26.5,27.1,31224
PRSMJOHNSN,20190221,69.9,70.9,69.4,70.5,141702
PSB,20190221,25.9,26.3,25.6,25.8,77813
PSL,20190221,1.1,1.1,1.05,1.1,38526
PSPPROJECT,20190221,385.25,390,382.3,387.8,6732
PSUBNKBEES,20190221,308.9,311,303.53,305.6,799
PTC,20190221,81.45,81.45,78.7,79.6,557099
PTL,20190221,36.5,37.35,36.5,37.05,5493
PUNJABCHEM,20190221,650.35,677.9,648.6,657.5,2688
PUNJLLOYD,20190221,1.85,1.85,1.85,1.85,259003
PURVA,20190221,70.55,74,70.4,72.4,104766
PVP,20190221,3.45,3.55,3.35,3.55,36007
PVR,20190221,1472.9,1494,1472.1,1482.25,200369
QGOLDHALF,20190221,1477.05,1485.15,1476,1477.2,82
QUESS,20190221,662,684.85,659.35,680.35,92931
QUICKHEAL,20190221,178,181.6,177,180.55,60901
QUINTEGRA,20190221,0.65,0.65,0.65,0.65,500
RADAAN,20190221,2.75,2.75,2.75,2.75,6801
RADICO,20190221,365,373.15,349,369.05,1243774
RADIOCITY,20190221,56.4,57.8,55,55.8,112287
RAIN,20190221,94.9,96.6,92.3,95.8,801418
RAINBOWPAP,20190221,0.8,0.85,0.8,0.85,41530
RAJESHEXPO,20190221,567.95,574.8,555.5,560.1,549899
RAJSREESUG,20190221,19,20,18.8,19.75,8562
RAJTV,20190221,41.05,42.4,41.05,42.4,1096
RALLIS,20190221,152,154,152,152.75,594729
RAMANEWS,20190221,21.2,21.5,21,21.5,26510
RAMASTEEL,20190221,96,99.95,93.1,95.05,67542
RAMCOCEM,20190221,618,649.9,618,642.35,343596
RAMCOIND,20190221,182.8,187.5,182.5,184.8,21710
RAMCOSYS,20190221,222.05,228.7,222,226.9,4936
RAMKY,20190221,105.95,110,104.55,107.95,54572
RANASUG,20190221,3.15,3.2,3.1,3.15,67474
RANEENGINE,20190221,451.95,457.3,451,451.05,185
RANEHOLDIN,20190221,991.05,1015,967.6,1000.75,855
RATNAMANI,20190221,850.4,860,841,857.5,2081
RAYMOND,20190221,685,702.45,685,698.65,583286
RBL,20190221,528.55,542.1,527.15,537.15,2912
RBLBANK,20190221,556.5,561.85,550.55,559.5,1325462
RCF,20190221,51.6,53.3,51.45,52.7,826928
RCOM,20190221,5.85,6.55,5.7,6.35,115064994
RECLTD,20190221,127.7,130.3,126.75,128.35,8485280
REDINGTON,20190221,83,83.3,81.95,82.4,101845
REFEX,20190221,25.15,26.25,23.75,26.25,217106
REGENCERAM,20190221,3.2,3.2,3.2,3.2,500
RELAXO,20190221,748,755.8,727,730.8,542131
RELCAPITAL,20190221,143,164,140.6,161.35,33553015
RELCNX100,20190221,111.79,112.08,111.37,112.01,42
RELCONS,20190221,49.27,49.64,49.12,49.64,583
RELDIVOPP,20190221,28.51,28.63,28.41,28.63,59
RELIANCE,20190221,1236,1257.8,1229.35,1246.9,10580178
RELIGARE,20190221,19.4,20,18.7,19.4,126596
RELINFRA,20190221,118,125.8,116,124.45,18854987
RELNV20,20190221,551.8,554.95,549.87,554.54,375
REMSONSIND,20190221,81.35,85,81.35,84.95,963
RENUKA,20190221,10.1,10.25,9.9,10.1,424671
REPCOHOME,20190221,317,334.15,315,325.55,1482377
REPRO,20190221,554.35,554.35,539.2,549.3,1515
RESPONIND,20190221,92,94.85,90.2,91.35,87074
RETFMID150,20190221,58.8,58.8,58.8,58.8,100
REVATHI,20190221,361.05,376.4,361.05,376.4,45
RHFL,20190221,24.3,27.25,24,27.25,1068911
RICOAUTO,20190221,58.6,61.2,58.1,60.7,193375
RIIL,20190221,268.95,276.85,265.2,273.9,216410
RITES,20190221,211.45,214.75,207.2,212.15,341644
RJL,20190221,297.95,297.95,289.3,290.55,981
RKDL,20190221,7.8,7.8,7,7.45,29382
RKFORGE,20190221,443,459,443,451.35,8905
RMCL,20190221,20.9,21,19.5,20.45,175011
RML,20190221,340,349.95,337.9,344.2,5787
RNAM,20190221,155.5,185.2,151.05,185.2,2983605
RNAVAL,20190221,8.55,9.1,8.35,9.05,1286371
ROHITFERRO,20190221,1.1,1.15,1.1,1.1,3599
ROHLTD,20190221,93.05,95,90.2,94.35,17670
ROLLT,20190221,2.8,2.8,2.2,2.3,4377
ROLTA,20190221,5.65,5.65,5.65,5.65,116199
ROSSELLIND,20190221,64.05,67.95,64.05,66.8,1584
RPGLIFE,20190221,212.3,221.3,211.95,215.7,7835
RPOWER,20190221,10.85,11.35,10.5,11.2,61955364
RPPINFRA,20190221,107.9,107.9,101.1,103.6,25770
RRSLGETF,20190221,18.22,18.24,18.18,18.23,56323
RSSOFTWARE,20190221,27.25,28.4,27.05,27.45,27356
RSWM,20190221,158.5,177,155.85,169.45,34784
RSYSTEMS,20190221,49.6,54.9,49.4,49.7,8196
RTNINFRA,20190221,2.7,2.85,2.6,2.75,804752
RTNPOWER,20190221,2.7,2.8,2.6,2.7,1905588
RUBYMILLS,20190221,262.85,273.5,262.85,267.9,10939
RUCHINFRA,20190221,2.5,2.5,2.4,2.4,20001
RUCHIRA,20190221,87.05,90.25,86.7,89.45,30767
RUCHISOYA,20190221,5.75,5.95,5.75,5.85,474867
RUPA,20190221,307.4,312,307,311.35,2810
RUSHIL,20190221,459.3,469,446.4,467.3,100499
SABEVENTS,20190221,3,3,3,3,100
SABTN,20190221,3.15,3.15,3.15,3.15,35110
SADBHAV,20190221,173.65,177,171.65,172.65,113486
SADBHIN,20190221,83.35,100,81.65,84.6,7572
SAGARDEEP,20190221,101,101,93.25,96.7,114165
SAGCEM,20190221,552.05,568,538.05,561.85,5630
SAIL,20190221,47.5,49.2,47.3,49,23364372
SAKHTISUG,20190221,8.8,9,8.5,8.6,110118
SAKSOFT,20190221,262.95,262.95,260.1,261.55,952
SAKUMA,20190221,34.6,35.5,34,35.2,297317
SALASAR,20190221,234.65,234.8,231,232,16708
SALONA,20190221,63.05,63.5,62.5,62.9,407
SALSTEEL,20190221,4.95,5.1,4.8,4.85,33710
SALZERELEC,20190221,107.2,116.4,107.2,115.5,12395
SAMBHAAV,20190221,3.4,3.7,3.4,3.6,38018
SANCO,20190221,14.45,15.5,14.35,14.85,71385
SANDESH,20190221,674.9,674.9,654,659.75,368
SANDHAR,20190221,267,272.7,267,267.05,3161
SANGAMIND,20190221,55.2,55.25,53.4,54.05,5292
SANGHIIND,20190221,52,53.9,52,53.35,44000
SANGHVIFOR,20190221,23.95,23.95,21.15,23.45,615
SANGHVIMOV,20190221,85.5,95.9,83.7,94.5,13075
SANOFI,20190221,5979,6074,5965.4,6006.05,15419
SANWARIA,20190221,8.4,8.55,8.25,8.4,897349
SARDAEN,20190221,240.3,247.7,239.45,245.2,21313
SAREGAMA,20190221,528.05,558.85,528.05,547.75,10331
SARLAPOLY,20190221,24.7,24.95,24.25,24.85,6326
SASKEN,20190221,592,600,583,595.6,4848
SASTASUNDR,20190221,114,114,102,107.05,1910
SATHAISPAT,20190221,9.1,9.1,8.65,9.05,5087
SATIN,20190221,229,232,228,229.15,18597
SBIETFQLTY,20190221,93.32,93.81,93.05,93.48,733
SBILIFE,20190221,562,565.7,560,561.9,97421
SBIN,20190221,270.3,271,267.3,268,13760702
SCAPDVR,20190221,0.65,0.65,0.6,0.65,20014
SCHAEFFLER,20190221,5295.1,5453.85,5180.6,5232.85,42770
SCHAND,20190221,178.15,184,176.6,177.75,15738
SCHNEIDER,20190221,84.6,87.95,84.05,85.9,26999
SCI,20190221,35.9,36.35,35.35,35.45,560859
SDBL,20190221,126.8,142,110.2,137.15,316182
SEAMECLTD,20190221,325.5,327.95,320.45,322.95,12827
SELAN,20190221,167,168.5,164.1,167.25,51196
SELMCL,20190221,1,1.1,1,1.05,52617
SEPOWER,20190221,3.6,3.6,3.6,3.6,123
SEQUENT,20190221,64.45,67.7,63.6,66.7,527422
SESHAPAPER,20190221,861.7,879.9,856.55,868.25,3766
SETCO,20190221,29.95,30.45,29.5,30.05,38509
SETF10GILT,20190221,168,171,168,168,31
SETFGOLD,20190221,3030,3033.5,3010.85,3017.6,1873
SETFNIF50,20190221,109.59,110.36,109.03,109.9,11292
SETFNIFBK,20190221,272.25,273,272.04,272.75,2593
SETFNN50,20190221,263,267,261.93,263.4,635
SFL,20190221,1280,1318,1271.95,1298.95,1209
SGL,20190221,6.05,6.45,6,6.25,4452
SHAHALLOYS,20190221,12.5,12.9,12.2,12.55,9517
SHAKTIPUMP,20190221,370.6,376.95,370.6,373.45,37054
SHALBY,20190221,133,134.2,132,132.9,11309
SHALPAINTS,20190221,57.05,59.35,56.6,57.5,89020
SHANKARA,20190221,457,460,439.9,441.95,122992
SHANTIGEAR,20190221,113.75,119.5,113.05,117.9,8037
SHARDACROP,20190221,345,349,340.55,345.7,5060
SHARDAMOTR,20190221,1198.95,1222.95,1190,1213.75,525
SHARIABEES,20190221,239.01,243,239.01,243,16
SHEMAROO,20190221,348.45,354.5,348,351.7,5657
SHILPAMED,20190221,355,355,350.1,353.05,4792
SHIRPUR-G,20190221,41,42,40.65,41.5,5273
SHIVAMAUTO,20190221,26,27.75,25.5,26.85,40140
SHIVAMILLS,20190221,46,48,46,46.65,1283
SHIVATEX,20190221,135,144.95,131.5,139.3,2291
SHK,20190221,138.1,163.8,137,156.65,315251
SHOPERSTOP,20190221,490,490,485.75,489.95,16701
SHREECEM,20190221,15632,16240.6,15632,16104.65,29323
SHREEPUSHK,20190221,126.45,130,126.1,128.85,19488
SHREERAMA,20190221,5.3,5.3,5,5.15,34575
SHREYANIND,20190221,124.55,126.5,121.9,124.9,6522
SHREYAS,20190221,195.8,206,191.8,197.15,3978
SHRIPISTON,20190221,990,990,932.2,974,74
SHRIRAMCIT,20190221,1555,1577.95,1551.65,1562.45,3544
SHRIRAMEPC,20190221,7.85,7.95,7.55,7.8,62485
SHYAMCENT,20190221,5,5.5,4.9,5.25,3243081
SICAGEN,20190221,20.3,20.3,18.9,19.9,6040
SICAL,20190221,127.5,127.5,121.95,123.85,5172
SIEMENS,20190221,967,991,944.5,986.45,911063
SIGIND,20190221,41.75,42,39.25,39.7,17842
SIL,20190221,13.6,13.95,13.45,13.75,413
SILINV,20190221,160.4,168.05,160.35,166.9,1323
SIMBHALS,20190221,8.2,8.4,8,8.2,4892
SIMPLEXINF,20190221,146.65,147.75,138.85,141.9,52270
SINTEX,20190221,8.1,8.3,8.05,8.2,1192023
SIS,20190221,764.95,779.9,760.55,765.1,2136
SITASHREE,20190221,0.6,0.65,0.6,0.6,5520
SITINET,20190221,3.25,3.35,3.1,3.35,6671117
SIYSIL,20190221,341,341.4,339.8,340.25,2739
SJVN,20190221,24.85,25,24.55,24.65,493551
SKFINDIA,20190221,1978.25,1984,1953.25,1958.75,2496
SKIL,20190221,8.6,9.5,8.6,8.75,26658
SKIPPER,20190221,62.2,63.2,60.15,61.1,21498
SKMEGGPROD,20190221,49,50.5,44,49.6,72749
SMARTLINK,20190221,78.9,79.65,78.15,78.9,743
SMLISUZU,20190221,548.2,550.25,539,539.65,3951
SMPL,20190221,0.35,0.4,0.35,0.4,7033
SMSLIFE,20190221,573,573,555.25,559.45,4227
SMSPHARMA,20190221,64.65,65.8,63.6,64.3,28221
SNOWMAN,20190221,29.6,29.95,29.5,29.8,77009
SOBHA,20190221,448.45,456,441,444.3,139806
SOLARA,20190221,372.9,380.2,371,374.7,43776
SOLARINDS,20190221,958.65,958.65,924.3,947,26176
SOMANYCERA,20190221,309.95,320,309.9,318,16268
SOMATEX,20190221,3.6,3.6,3.6,3.6,500
SOMICONVEY,20190221,23.35,23.35,21.75,22.3,1787
SONATSOFTW,20190221,347,351,336.05,338.45,463145
SORILINFRA,20190221,213,230.3,213,230.3,42397
SOTL,20190221,963.95,970,960,969.25,283
SOUTHBANK,20190221,13.2,13.35,13.1,13.25,6171437
SPAL,20190221,253.75,255.5,252.3,254.35,18537
SPARC,20190221,162,166.8,160,165,549905
SPCENET,20190221,0.9,0.95,0.9,0.9,9228
SPECIALITY,20190221,91.2,94.85,90.6,91.85,95613
SPENCERS,20190221,142.05,143,138,138.95,407282
SPIC,20190221,22.45,23.3,22.45,23.2,120735
SPICEMOBI,20190221,8.4,9.7,8.4,9.35,27304
SPLIL,20190221,50.2,50.2,48,48.6,34402
SPMLINFRA,20190221,30.95,32.85,29.25,30.15,9620
SPTL,20190221,18.85,18.85,17.85,18.25,1194653
SPYL,20190221,0.25,0.3,0.25,0.25,37117
SQSBFSI,20190221,470.1,486.4,470,480.85,7772
SREEL,20190221,223,224.7,210,212.4,12138
SREINFRA,20190221,26,28,25.45,27.55,3524528
SRF,20190221,2207,2236,2192.2,2205.35,249930
SRHHYPOLTD,20190221,140,141.9,137.1,139.95,1985
SRIPIPES,20190221,169.05,172.35,167,169.2,84162
SRTRANSFIN,20190221,1055.4,1068,1049.3,1055.5,782103
SSWL,20190221,850.05,860,847,855.3,5215
STAMPEDE,20190221,1.25,1.25,1.2,1.25,402803
STAR,20190221,409.5,424.7,408.65,419.4,1686624
STARCEMENT,20190221,97.7,98.1,93.45,96.75,11771
STARPAPER,20190221,100.35,103,98.6,102.05,40367
STCINDIA,20190221,110.65,113.8,109.45,112.45,137846
STEELXIND,20190221,13.25,14.7,12,14,21777
STEL,20190221,82.2,88.9,82.15,88.5,3594
STERTOOLS,20190221,265,269.75,262.4,269.55,4376
STRTECH,20190221,238.45,248.5,236.15,246.05,1348544
SUBCAPCITY,20190221,15.8,15.8,15.8,15.8,40
SUBEX,20190221,5.65,5.75,5.45,5.65,594850
SUBROS,20190221,239.9,244.7,235,242.8,9161
SUDARSCHEM,20190221,310.05,331.55,308.45,316.75,24404
SUJANAUNI,20190221,0.3,0.3,0.25,0.25,91650
SUMEETINDS,20190221,3.65,3.65,3.4,3.5,40033
SUMMITSEC,20190221,478.95,482.65,473.95,479.85,1168
SUNCLAYLTD,20190221,2285,2359.05,2285,2348.95,938
SUNDARAM,20190221,1.85,1.85,1.75,1.8,126136
SUNDARMFIN,20190221,1441,1452.75,1395,1407.6,9879
SUNDARMHLD,20190221,81.5,83.4,80.55,80.9,39467
SUNDRMBRAK,20190221,299.95,303,293.25,300.4,307
SUNDRMFAST,20190221,508,514,505.05,510.15,29721
SUNFLAG,20190221,42,43.9,41.55,43.25,113030
SUNILHITEC,20190221,1.1,1.15,1.1,1.15,522964
SUNPHARMA,20190221,425.2,432,422.7,429.7,4736317
SUNTECK,20190221,343.15,351.95,340.75,344.4,145609
SUNTV,20190221,565,592,562.1,587.6,2753833
SUPERHOUSE,20190221,111.2,117.7,111.1,114.5,6175
SUPERSPIN,20190221,6.2,6.2,5.9,6,3127
SUPPETRO,20190221,207.4,210,205,209.85,8664
SUPRAJIT,20190221,198,200,192.15,198.65,24433
SUPREMEIND,20190221,1026,1059,1015.4,1057.25,153131
SUPREMEINF,20190221,21.15,21.15,20.2,20.7,3717
SURANASOL,20190221,8.65,8.65,7.15,7.5,11128
SURANAT&P,20190221,4.35,4.5,4.25,4.3,13747
SURYALAXMI,20190221,28.55,30,28.5,29.15,1910
SURYAROSNI,20190221,213.65,228.9,212.2,221.9,160169
SUTLEJTEX,20190221,39.35,40,38.15,38.3,16577
SUVEN,20190221,221.25,236.2,219.5,233.75,467648
SUZLON,20190221,3.7,4.6,3.6,4.45,73864633
SWANENERGY,20190221,96.5,97.4,95.8,96.9,148994
SWARAJENG,20190221,1280.85,1304.5,1280.85,1296.85,6214
SWELECTES,20190221,211.4,215.5,210.2,213.9,4438
SYMPHONY,20190221,1173.3,1184.95,1150.1,1155.1,6812
SYNCOM,20190221,1.6,1.6,1.5,1.6,28655
SYNDIBANK,20190221,33.75,34.25,32.5,33.2,6512053
SYNGENE,20190221,593.95,595.7,585.2,587.8,33673
TAINWALCHM,20190221,57.5,68.95,57.45,60.25,569
TAJGVK,20190221,175.35,179.8,175.35,179.25,10548
TAKE,20190221,97.65,100.45,97.15,98.65,328277
TALBROAUTO,20190221,194,198.7,187,191.85,3689
TALWALKARS,20190221,39.25,40.5,38.9,39.75,29888
TALWGYM,20190221,109.55,111,109.05,110.35,20212
TANLA,20190221,33.5,34.6,33.5,34.3,64029
TANTIACONS,20190221,3.3,3.55,3.3,3.55,1562
TARAJEWELS,20190221,0.55,0.55,0.45,0.5,485246
TARAPUR,20190221,3.1,3.1,3,3,951
TARMAT,20190221,34.5,36,34.5,35.35,14492
TASTYBITE,20190221,7680.05,7800,7663.05,7695.1,466
TATACHEM,20190221,569.45,572.5,563.85,565.85,337895
TATACOFFEE,20190221,82.1,84.75,81.7,83.1,253488
TATACOMM,20190221,516.2,527,510.45,523.2,448802
TATAELXSI,20190221,895,913.85,893.75,900.65,915215
TATAGLOBAL,20190221,188,194.9,187.55,190.65,2511829
TATAINVEST,20190221,838,839,825.6,834.65,44923
TATAMETALI,20190221,580,593,580,585.65,13608
TATAMOTORS,20190221,165.6,170.6,165.1,169.7,14811723
TATAMTRDVR,20190221,86,88.4,85.6,87.85,2887283
TATAPOWER,20190221,67.7,68.15,66.85,67.45,3283026
TATASPONGE,20190221,679.9,693.45,679.85,685.7,73634
TATASTEEL,20190221,492.55,502.9,490.35,498.85,11782714
TATASTLBSL,20190221,26.75,28,26.4,26.6,651345
TBZ,20190221,55.9,56.7,55,55.3,31727
TCI,20190221,283.15,283.9,280,280.05,15258
TCIDEVELOP,20190221,350.5,373.9,342.05,350.15,94
TCIEXP,20190221,626.95,630,617.7,621.65,10976
TCIFINANCE,20190221,13.95,14.4,13.2,14.1,3978
TCNSBRANDS,20190221,789.4,799.5,754.35,772.05,73416
TCPLPACK,20190221,354.15,370.95,348.5,369,1218
TCS,20190221,1914.75,1940,1897.05,1914.2,4683919
TDPOWERSYS,20190221,123.95,124,122,123.9,12325
TEAMLEASE,20190221,3100,3136.4,3075,3094.95,12058
TECHIN,20190221,6.2,6.2,6.2,6.2,351
TECHM,20190221,814,840,809.1,820.65,14193982
TECHNOE,20190221,252.05,266.35,250,262.6,224502
TECHNOFAB,20190221,87,88.95,83.5,85.45,9888
TEJASNET,20190221,154.85,178.4,150,160.8,1888719
TERASOFT,20190221,37.3,38.45,37.1,37.7,8779
TEXINFRA,20190221,54.55,55.05,53.9,54.4,4992
TEXMOPIPES,20190221,18.85,19.9,18.85,19.35,83478
TEXRAIL,20190221,56,56.2,55.35,56.05,165266
TFCILTD,20190221,144.8,149.55,139.5,141.9,119903
TFL,20190221,4.55,5.1,4.5,4.65,7014
TGBHOTELS,20190221,12.9,13.35,12.4,12.5,19349
THANGAMAYL,20190221,316,325,307.7,321.5,5193
THEINVEST,20190221,149.4,153.8,145,149.2,3840
THEMISMED,20190221,290,292.9,280,290.25,81
THERMAX,20190221,965.5,971.7,953,962.3,51997
THIRUSUGAR,20190221,16.05,16.5,16.05,16.5,1551
THOMASCOOK,20190221,208.9,215.15,207.55,213.45,67330
THOMASCOTT,20190221,6.75,6.75,6.75,6.75,21
THYROCARE,20190221,533,580.15,509.05,566.2,49972
TI,20190221,14.8,15.25,14.6,15,32558
TIDEWATER,20190221,4916.9,4942,4876.6,4901.55,233
TIFIN,20190221,433.5,447.05,433.1,443.3,13111
TIIL,20190221,523,534.95,516.15,529,1653
TIINDIA,20190221,356.75,360,352.2,355.6,12231
TIJARIA,20190221,13.15,13.45,12.8,13.45,62632
TIL,20190221,244.2,244.9,228.7,239.35,1913
TIMESGTY,20190221,29.9,29.9,29.9,29.9,30
TIMETECHNO,20190221,85.5,87.15,85.5,86.85,43619
TIMKEN,20190221,524.45,560,524.45,551.25,28193
TINPLATE,20190221,126.05,130.25,124.5,128.35,403314
TIPSINDLTD,20190221,60.5,63.5,60.2,60.4,944
TIRUMALCHM,20190221,70,76.7,69.1,76.2,655513
TITAN,20190221,1039.9,1045,1031.25,1042.5,1220939
TMRVL,20190221,29.7,31,29.5,30,5396
TNPETRO,20190221,32,32.9,32,32.65,45094
TNPL,20190221,189.55,191.5,186.5,188.6,83164
TNTELE,20190221,1.35,1.4,1.35,1.35,950
TOKYOPLAST,20190221,48.95,54,48.8,48.8,6207
TORNTPHARM,20190221,1763.2,1777.2,1761.15,1768.3,92686
TORNTPOWER,20190221,239,239.45,233.6,234.35,878392
TPLPLASTEH,20190221,117.15,124,116.15,118.55,6396
TREEHOUSE,20190221,4.2,4.2,4,4.2,31253
TREJHARA,20190221,26.05,27.65,26,26.9,11252
TRENT,20190221,331.3,332.05,325.05,331,32938
TRF,20190221,107.95,111,107,107.8,66469
TRIDENT,20190221,61,61.55,60.5,60.95,272886
TRIGYN,20190221,65.55,70.75,64.6,67.55,36614
TRIL,20190221,10.3,10.75,9.65,10.4,69020
TRITURBINE,20190221,100.45,101.5,100.05,100.4,9078
TRIVENI,20190221,50,50.6,49.5,50.2,435848
TTKHLTCARE,20190221,622.3,635.75,619.95,632.35,1108
TTKPRESTIG,20190221,7900,7947.8,7781.15,7840.65,3369
TTL,20190221,50.55,52.05,50,50.4,16839
TTML,20190221,3.05,3.2,3.05,3.15,551043
TV18BRDCST,20190221,32.85,33.45,32.2,33.25,2622942
TVSELECT,20190221,152.3,179,149.8,169.5,376725
TVSMOTOR,20190221,468.8,469,455.3,462.45,1885032
TVSSRICHAK,20190221,2248.95,2250,2211,2245.15,2056
TVTODAY,20190221,320,320,315.15,317.8,12729
TVVISION,20190221,2.8,2.8,2.8,2.8,1306
TWL,20190221,61.95,63.1,61.6,62.45,645908
UBL,20190221,1362.9,1378,1352.85,1359.3,350999
UCALFUEL,20190221,153.2,153.45,149.5,152.75,5418
UCOBANK,20190221,19.7,19.7,18.2,18.55,2133161
UFLEX,20190221,190.8,199.8,188.85,197.6,282746
UFO,20190221,221,225,201.25,223.05,23351
UGARSUGAR,20190221,15.1,15.8,14.1,15.05,177203
UJAAS,20190221,7.25,7.75,7.25,7.6,327034
UJJIVAN,20190221,274.7,284,272.05,282.9,1408760
ULTRACEMCO,20190221,3583,3654,3560,3631.25,394248
UMANGDAIRY,20190221,45.3,46.95,45.3,45.8,6560
UNICHEMLAB,20190221,192.25,192.25,190.1,191.35,66233
UNIENTER,20190221,93.15,96.5,92.45,95.4,1489
UNIONBANK,20190221,73,73.3,70.75,71.55,15866924
UNIPLY,20190221,44.15,45.5,44.15,44.7,31912
UNITECH,20190221,1.25,1.25,1.2,1.25,15505794
UNITEDBNK,20190221,11.4,11.45,10.65,10.75,1324517
UNITEDTEA,20190221,306,350.85,306,326.9,9452
UNIVCABLES,20190221,193.35,207.8,192.5,202.35,147370
UPL,20190221,825,832.7,818,826.25,1044953
URJA,20190221,2.85,2.95,2.75,2.95,1204865
USHAMART,20190221,32.5,34.4,32.2,33.95,1244519
USHERAGRO,20190221,1.9,2.1,1.9,2,1829
UTINEXT50,20190221,261,261,260,260.02,933
UTINIFTETF,20190221,1125.9,1132.7,1125.9,1132.7,76
UTISENSETF,20190221,374.05,379,373.2,377,125
UTTAMSTL,20190221,9.9,10.35,9.55,10.3,142779
UTTAMSUGAR,20190221,103.8,109.25,102.2,108.3,118684
UVSL,20190221,0.15,0.15,0.1,0.15,1446631
V2RETAIL,20190221,257.05,262.5,254.5,261.35,9017
VADILALIND,20190221,478,490,478,482.25,11968
VAIBHAVGBL,20190221,612.05,619.15,607,610.6,4520
VAKRANGEE,20190221,42,42.75,41.5,42,4804685
VARDHACRLC,20190221,38.5,40.5,36.5,37.8,43009
VARDMNPOLY,20190221,8.9,10.1,8.65,9.5,21151
VARROC,20190221,594.95,630,589.95,613,14140
VASCONEQ,20190221,14.3,15,13.9,14.6,233579
VASWANI,20190221,9,9.55,8.45,9.05,5676
VBL,20190221,785.5,812,780.5,807.35,173768
VEDL,20190221,161.7,165.6,160.3,164.6,14635838
VENKEYS,20190221,2086,2100,2062,2072.8,38744
VENUSREM,20190221,31.2,31.2,30.3,30.65,20271
VESUVIUS,20190221,1148.8,1169,1139.35,1162.95,1241
VETO,20190221,60.85,61.05,59,60,14049
VGUARD,20190221,187,191.7,186.95,190.3,687631
VHL,20190221,1890.05,1899.95,1870,1883.1,281
VICEROY,20190221,2.3,2.3,2.3,2.3,8140
VIDHIING,20190221,69.95,70.95,69.5,70.6,26022
VIJAYABANK,20190221,41.1,41.95,40.5,41.35,6325830
VIJIFIN,20190221,0.8,0.9,0.8,0.8,244083
VIJSHAN,20190221,5.85,6.05,5.55,5.55,72566
VIKASECO,20190221,8.7,9.75,8.65,9.65,5463923
VIMTALABS,20190221,207,211.9,203.85,207.1,22678
VINATIORGA,20190221,1600,1610,1585,1589.2,11568
VINDHYATEL,20190221,1360.05,1429,1359.95,1419.95,7274
VINYLINDIA,20190221,65.6,68.5,65,67.7,5474
VIPCLOTHNG,20190221,20.95,21.4,20.3,20.75,82077
VIPIND,20190221,435.45,436.8,426.05,432.4,359488
VIPULLTD,20190221,32.2,35.35,32.2,35.3,6585
VISAKAIND,20190221,342.4,352.3,342.35,349.05,9174
VISASTEEL,20190221,6.8,6.95,6.45,6.8,14234
VISESHINFO,20190221,0.1,0.1,0.05,0.05,1068226
VISHNU,20190221,137,137,130.15,132.95,1921
VIVIDHA,20190221,0.65,0.65,0.55,0.6,542730
VIVIMEDLAB,20190221,20.45,23.4,20.15,21.85,369642
VLSFINANCE,20190221,44,46,44,45,25034
VMART,20190221,2555,2599.5,2546.05,2592.05,37967
VOLTAMP,20190221,1032.3,1048.5,1019.5,1029.7,6806
VOLTAS,20190221,530,535.95,526.35,533.1,1033996
VRLLOG,20190221,240.05,247.4,238.05,239.2,24027
VSSL,20190221,87.95,92,87.95,91,2975
VSTIND,20190221,3226.9,3250,3200,3224.35,909
VSTTILLERS,20190221,1440,1465,1419,1456.75,2329
VTL,20190221,961.05,977,951,969.75,28184
WABAG,20190221,277.15,279.95,272.6,275,50881
WABCOINDIA,20190221,5950,5959.55,5852,5925.85,2116
WALCHANNAG,20190221,80,81.25,79.5,80.4,202239
WANBURY,20190221,15,15.85,15,15.7,600
WEBELSOLAR,20190221,29.25,29.25,26,26.7,174656
WEIZFOREX,20190221,510.1,521,509.6,516.2,22754
WEIZMANIND,20190221,41.3,41.3,39.35,40.75,1860
WELCORP,20190221,101.5,108.65,101,107.25,567259
WELENT,20190221,92.5,98.3,91.55,96.4,782231
WELINV,20190221,130.25,143.95,130.25,143.95,38
WELSPUNIND,20190221,48.35,54.35,47.7,52.1,659220
WENDT,20190221,2844.8,2900,2830,2843.95,492
WHEELS,20190221,751.3,760,741,747.9,1616
WHIRLPOOL,20190221,1352,1413.6,1352,1373.55,66754
WILLAMAGOR,20190221,48.1,50,47,48.25,2552
WINDMACHIN,20190221,62.05,62.95,61.55,62.65,133091
WINSOME,20190221,0.85,0.9,0.85,0.9,326
WIPL,20190221,92,101.25,92,100,756
WIPRO,20190221,372.8,376.8,370.8,374.55,2573085
WOCKPHARMA,20190221,393.6,404,392.9,397.4,1814014
WONDERLA,20190221,274,285.2,272,273.8,21702
WSTCSTPAPR,20190221,230.7,234.35,227.45,228.6,98124
XCHANGING,20190221,42.15,43.7,41.6,42.75,2393
XELPMOC,20190221,68,71,66.25,68.7,26126
XPROINDIA,20190221,32.5,32.5,32.1,32.1,1535
YESBANK,20190221,218.85,218.85,214,215.15,27975632
ZEEL,20190221,444,454.9,440,446.5,5404437
ZEELEARN,20190221,27.15,28.25,26.9,28.05,181814
ZEEMEDIA,20190221,14.2,14.8,13.5,14.8,1616635
ZENITHBIR,20190221,0.7,0.7,0.6,0.7,12713
ZENITHEXPO,20190221,44,44,40.1,42.3,108
ZENSARTECH,20190221,211.15,213,206.15,206.5,62891
ZENTEC,20190221,67,68.45,67,68.3,27500
ZICOM,20190221,4.15,4.5,4.15,4.35,21954
ZODIACLOTH,20190221,142.05,142.05,140.6,142,36
ZUARI,20190221,184.7,188.05,183.9,185.5,51960
ZUARIGLOB,20190221,98.5,101.4,97.95,99.85,35242
ZYDUSWELL,20190221,1235.45,1263.05,1235,1243.75,5327
NSENIFTY,20190221,10744.10,10808.85,10721.50,10789.85,279584955,0
NIFTYJUNIOR,20190221,25724.95,25944.70,25674.45,25896.95,156413872,0
NIFTYMIDCAPLIQ15,20190221,3777.70,3793.85,3755.85,3785.15,84210770,0
NSE100,20190221,10875.30,10940.80,10853.45,10925.05,438886110,0
NIFTY200,20190221,5590.20,5624.70,5578.65,5617.25,913861586,0
NSE500,20190221,8857.50,8912.40,8839.75,8901.70,1378298869,0
NSEMIDCAP150,20190221,5858.20,5899.85,5840.25,5895.20,483913695,0
MIDCAP50,20190221,4489.45,4520.25,4470.70,4512.65,378060240,0
NSEMIDCAP,20190221,16362.50,16490.35,16305.90,16476.30,474975476,0
NIFTYSMALLCAP250,20190221,-,-,-,4809.00,-,0
NIFTYSMALLCAP50,20190221,-,-,-,2814.50,-,0
NSESMLCAP100,20190221,5762.00,5836.60,5747.15,5828.55,-,0
NIFTYLARGEMIDCAP250,20190221,-,-,-,5511.76,922799805,0
NIFTYMIDSMALLCAP400,20190221,-,-,-,5512.05,-,0
NIFTYAUTO,20190221,8136.65,8175.55,8056.45,8156.75,55711185,0
BANKNIFTY,20190221,26994.75,27100.90,26973.00,27052.40,148275410,0
NIFTYFINSERVICE,20190221,11299.65,11401.65,11291.25,11386.80,89607198,0
NIFTYFMGC,20190221,29092.55,29229.30,29024.75,29166.35,21946832,0
NSEIT,20190221,15609.15,15691.40,15492.20,15588.90,40924365,0
NIFTYMEDIA,20190221,2363.65,2402.85,2350.50,2387.00,43835300,0
NIFTYMETAL,20190221,2775.50,2805.60,2760.65,2796.15,112682863,0
NIFTYPHARMA,20190221,8632.25,8721.95,8606.05,8706.35,13874084,0
NIFTYPVTBANK,20190221,15391.25,15463.05,15385.05,15430.25,82503015,0
NIFTYPSUBANK,20190221,2787.95,2788.05,2751.15,2756.25,132022741,0
NIFTYREALTY,20190221,228.65,230.70,227.65,229.60,26714437,0
NIFTYCOMMODITIES,20190221,3188.30,3228.45,3183.10,3218.20,193871694,0
NIFTYCONSUMPTION,20190221,4662.50,4683.35,4643.45,4677.70,77811018,0
NIFTYCPSE,20190221,1947.70,1963.70,1939.45,1954.95,62078322,0
NIFTYENERGY,20190221,14686.30,14844.35,14627.50,14796.80,77319611,0
NIFTY100ESG,20190221,-,-,-,2032.85,367784437,0
NIFTY100ENHESG,20190221,-,-,-,2068.66,339224231,0
NIFTYINFRA,20190221,2903.80,2913.35,2875.55,2906.75,314572778,0
NIFTYMNC,20190221,12810.90,12897.05,12777.30,12884.90,45811549,0
NIFTYPSE,20190221,3128.15,3147.10,3112.45,3139.60,140006010,0
NIFTYSMEEMERGE,20190221,-,-,-,1463.46,1092500,0
NIFTYSERVSECTOR,20190221,14879.35,14959.55,14842.80,14925.70,205531197,0
NIFTYSHARIAH25,20190221,-,-,-,4064.78,68500718,0
NIFTY50SHARIAH,20190221,-,-,-,2374.58,78302590,0
NIFTY500SHARIAH,20190221,-,-,-,2800.40,198203050,0
NIFTYABGROUP,20190221,-,-,-,3108.63,43382323,0
NIFTYMAHINDRA,20190221,-,-,-,11232.65,19321518,0
NIFTYTATA,20190221,-,-,-,6236.56,46704440,0
NIFTYTATA25CAP,20190221,-,-,-,4438.45,44269129,0
NIFTYABGROUP,20190221,-,-,-,3108.63,43382323,0
NIFTYLIQ15,20190221,3581.95,3623.90,3567.20,3617.15,128615363,0
NIFTY500VALUE50,20190221,-,-,-,3932.83,412193448,0
NIFTYALPHALOWVOL30,20190221,-,-,-,11167.49,83630158,0
NIFTYQUALLOWVOL30,20190221,-,-,-,8030.29,56370859,0
NIFTYALPHAQUALLOWVOL30,20190221,-,-,-,9185.86,78202767,0
NIFTYALPHAQUALVALLOWVOL30,20190221,-,-,-,6992.44,89772987,0
NIFTY50EQUALWEIGHT,20190221,11737.35,11819.70,11708.30,11804.00,279584955,0
NIFTY100EQUALWEIGHT,20190221,12342.30,12443.10,12314.50,12423.20,438886110,0
NIFTY100LOWVOL30,20190221,8380.75,8404.55,8351.50,8388.30,86236798,0
NSEDEFTY,20190221,-,-,-,5252.72,-,0
NIFTY50DIVPOINT,20190221,129.48,129.48,129.48,129.48,-,0
NIFTYDIVOPPS50,20190221,2511.20,2526.70,2503.55,2521.05,255274701,0
NIFTYALPHA50,20190221,11496.60,11590.20,11469.95,11568.75,83057061,0
NIFTY50ARBITRAGE,20190221,-,-,-,1776.57,-,0
NIFTY50FUTINDEX,20190221,-,-,-,3807.62,-,0
NIFTY50FUTTRINDEX,20190221,-,-,-,10822.92,-,0
NIFTYHIGHBETA50,20190221,-,-,-,1502.26,452718605,0
NIFTYLOWVOL50,20190221,-,-,-,9607.37,127442289,0
NIFTY200QUALITY30,20190221,-,-,-,9334.25,-,0
NIFTY50VALUE20,20190221,5236.15,5268.45,5213.15,5251.90,145857157,0
NIFTYGROWSECT15,20190221,6002.75,6033.15,5971.65,6022.80,31090201,0
NIFTY50TR2XLEV,20190221,5581.75,5648.95,5558.50,5629.25,-,0
NIFTY50PR2XLEV,20190221,4392.95,4445.80,4374.60,4430.35,-,0
NIFTY50TR1XINV,20190221,374.70,375.45,372.40,373.10,-,0
NIFTY50PR1XINV,20190221,422.25,423.10,419.70,420.45,-,0
NIFTY-GS-COMPSITE,20190221,1867.44,1867.54,1866.60,1867.70,-,0
NIFTY-GS-4-8YR,20190221,1960.87,1960.87,1959.39,1961.08,-,0
NIFTY-GS-8-13YR,20190221,1828.63,1829.34,1827.49,1829.34,-,0
NIFTY-GS-10YR,20190221,1696.16,1696.33,1694.13,1694.94,-,0
NIFTY-GS-10YR-CLN,20190221,907.79,907.88,906.69,907.13,-,0
NIFTY-GS-11-15YR,20190221,1911.00,1912.31,1911.00,1911.06,-,0
NIFTY-GS-15YRPLUS,20190221,2051.80,2052.93,2051.36,2053.12,-,0
VIX,20190221,17.06,17.17,12.13,16.05,0,0
