20MICRONS,20190212,32.5,33.95,32.5,32.95,17334
21STCENMGM,20190212,19.5,19.85,19.15,19.45,2421
3IINFOTECH,20190212,3,3.05,2.75,2.8,5426044
3MINDIA,20190212,21761.85,21761.85,20901.05,21213.65,1884
3PLAND,20190212,10.4,11.95,10.4,10.75,1632
5PAISA,20190212,232.15,239,226.25,230.25,1181
63MOONS,20190212,76.4,78.3,73.95,74.75,167653
8KMILES,20190212,113,114.75,109.35,110.75,170345
A2ZINFRA,20190212,11,11.15,10.9,11.15,165399
AARTIDRUGS,20190212,587.75,587.75,551.3,580.15,14503
AARTIIND,20190212,1545,1561,1474,1481.2,88552
AARVEEDEN,20190212,22.45,22.65,22.1,22.1,5148
AAVAS,20190212,867.4,894.9,867.4,890.95,44470
ABAN,20190212,48.4,49.1,48,48.5,376248
ABB,20190212,1244.2,1265,1227,1253.15,40551
ABBOTINDIA,20190212,7700.1,7787,7640,7754.55,5889
ABCAPITAL,20190212,79.4,80.25,79,79.9,1139394
ABFRL,20190212,211.2,212.25,210.05,211,455214
ACC,20190212,1368,1383.85,1356.45,1374.9,686009
ACCELYA,20190212,917.05,942,906.4,932.55,2086
ACE,20190212,83.6,84.65,82.8,84.05,101504
ADANIENT,20190212,117.2,120,115.35,116.95,3698931
ADANIGAS,20190212,94.8,95.75,93.55,94,178252
ADANIGREEN,20190212,33,33.4,31.85,32.1,216299
ADANIPORTS,20190212,328.8,329.95,323.25,326.8,4496913
ADANIPOWER,20190212,34.7,35.4,33.6,33.95,6570103
ADANITRANS,20190212,216.05,217.3,210.35,211.55,73224
ADFFOODS,20190212,230.85,238.85,230,230.6,17900
ADHUNIK,20190212,1.55,1.55,1.55,1.55,11954
ADHUNIKIND,20190212,41,43,40.2,41.3,5177
ADLABS,20190212,8.5,9,8.5,8.55,50085
ADORWELD,20190212,323.15,325.9,319.1,321.65,2410
ADROITINFO,20190212,16.15,16.2,15.6,16,1636
ADSL,20190212,10.8,11.45,10.6,11.15,11488
ADVANIHOTR,20190212,67.55,67.55,64.1,65.7,5729
ADVENZYMES,20190212,152.9,159.8,150.5,156.9,174825
AEGISCHEM,20190212,191.7,196,186,193.05,303344
AGARIND,20190212,156.15,163,156.15,157.5,1072
AGCNET,20190212,102.5,103,97,100.95,1576
AGLSL,20190212,61.75,62.9,56.2,57.15,1415
AGRITECH,20190212,53.1,53.5,51.05,52.1,4035
AHLEAST,20190212,244.85,245,236.1,244.05,2426
AHLUCONT,20190212,261.05,268.95,251.55,259.9,3664
AHLWEST,20190212,370,370,335.25,335.45,488
AIAENG,20190212,1647.15,1670.35,1625.9,1654.15,13463
AIFL,20190212,14.05,14.05,13.35,13.35,51461
AIONJSW,20190212,32,32,30.2,30.65,11439
AJANTPHARM,20190212,1002.5,1020.1,982.55,1008.7,1237487
AJMERA,20190212,165.2,167.4,162,162.4,44470
AKSHARCHEM,20190212,325.15,334.95,323.05,325.25,5299
AKSHOPTFBR,20190212,20.6,21.2,20.55,20.7,577186
AKZOINDIA,20190212,1700.05,1711,1700,1700,2740
ALANKIT,20190212,29.85,29.9,29.3,29.75,743073
ALBERTDAVD,20190212,406,412.85,386.05,403.25,5031
ALBK,20190212,40,40,38.95,39.25,2805526
ALCHEM,20190212,1.95,1.95,1.85,1.85,5304
ALEMBICLTD,20190212,39.95,40.4,39.8,40,57244
ALICON,20190212,533.7,542,521.05,521.4,872
ALKALI,20190212,41.5,42.95,40,42.15,793
ALKEM,20190212,1896.3,1897.9,1835,1839.95,19310
ALKYLAMINE,20190212,725.05,749,710.05,716.45,3846
ALLCARGO,20190212,102.6,105.8,100.65,103.95,120377
ALLSEC,20190212,175,179.9,166.5,175.25,8898
ALMONDZ,20190212,20.5,21.75,20.05,20.95,3533
ALOKTEXT,20190212,3.55,3.6,3.3,3.35,1380535
ALPA,20190212,24.4,24.4,23.05,23.5,6808
ALPHAGEO,20190212,411.1,411.1,391.65,394.65,9052
AMARAJABAT,20190212,734,760.85,729,740.25,903137
AMBER,20190212,707.1,715,640,649.45,72260
AMBIKCO,20190212,1139.9,1150,1122,1126.1,3100
AMBUJACEM,20190212,207.55,209,203.75,207.45,1731437
AMDIND,20190212,20.1,20.4,19,19.55,1864
AMJLAND,20190212,18.95,19,18.4,18.5,4847
AMRUTANJAN,20190212,299.8,305.95,287.6,290.95,20737
ANANTRAJ,20190212,31.55,31.55,30.3,30.65,240152
ANDHRABANK,20190212,23.6,23.65,23,23.3,1023695
ANDHRACEMT,20190212,3.5,3.9,3.3,3.65,149944
ANDHRSUGAR,20190212,304.5,309.95,302.45,306.7,9080
ANGIND,20190212,1.3,1.3,1.2,1.3,26409
ANIKINDS,20190212,13,13.65,12.75,13.25,1660
ANKITMETAL,20190212,0.45,0.5,0.45,0.5,43371
ANSALAPI,20190212,9.8,10,9.6,9.75,91523
ANSALHSG,20190212,10.4,11.15,10.4,10.55,48098
ANTGRAPHIC,20190212,0.5,0.5,0.45,0.5,1005
APARINDS,20190212,605.15,660,605.15,614.6,1770
APCL,20190212,102.55,106,100.4,105.4,1999
APCOTEXIND,20190212,444,452.7,440,444.15,2266
APEX,20190212,285,293,278.1,285.9,79178
APLAPOLLO,20190212,1090.95,1099,1080,1091.15,5576
APLLTD,20190212,550,559,525.85,550.45,87773
APOLLO,20190212,100.95,101,98.25,99.3,17682
APOLLOHOSP,20190212,1133,1189.9,1101.1,1132.25,4732005
APOLLOTYRE,20190212,202,205.15,199.25,200.9,1566055
APOLSINHOT,20190212,901.3,996.1,901.3,957.7,840
APTECHT,20190212,150.9,157,146.5,154.1,230205
ARCHIDPLY,20190212,37.3,37.3,35.9,36,11952
ARCHIES,20190212,27,27.3,26.3,26.75,55329
ARCOTECH,20190212,4.65,4.8,4.5,4.65,107979
ARIES,20190212,85.05,87.5,85.05,85.55,20790
ARIHANT,20190212,29.05,31.5,29,29.5,10410
ARIHANTSUP,20190212,49.7,49.8,48.15,48.8,18843
ARMANFIN,20190212,401.95,401.95,387.2,390,8206
AROGRANITE,20190212,47,47.45,45,45.7,9222
ARROWGREEN,20190212,83.8,83.8,76.9,79.1,10295
ARROWTEX,20190212,14.95,15.5,14.25,15.45,5963
ARSHIYA,20190212,30.5,31.75,29.6,31.25,77664
ARSSINFRA,20190212,28.5,29.2,27,27.9,8874
ARVIND,20190212,79,80.85,78.75,80.2,1381895
ARVSMART,20190212,111,112.35,109.25,110,14770
ASAHIINDIA,20190212,243.15,245.35,242,242.45,7576
ASAHISONG,20190212,151,159.8,135.25,138.25,29086
ASAL,20190212,52.85,52.85,48.85,49.15,3080
ASHAPURMIN,20190212,20.2,22,18.55,21.4,41219
ASHIANA,20190212,104.8,109.65,104.8,108.4,55486
ASHIMASYN,20190212,12.5,13.2,12.5,13,8741
ASHOKA,20190212,112.5,113.25,110.3,111.1,30160
ASHOKLEY,20190212,83,83.55,81,81.2,15898399
ASIANHOTNR,20190212,143.9,145,141.05,145,1654
ASIANPAINT,20190212,1438.5,1456.9,1435.25,1452.1,947583
ASIANTILES,20190212,153,154.55,151.55,153.05,63497
ASPINWALL,20190212,151.95,152,150.05,152,1407
ASSAMCO,20190212,1.95,2,1.9,2,501710
ASTEC,20190212,489.05,493.9,482.95,486.7,20789
ASTERDM,20190212,157.05,157.05,154.5,155.2,17450
ASTRAL,20190212,1142,1153.75,1124.25,1150,83092
ASTRAMICRO,20190212,75,76.95,74.4,75.85,67064
ASTRAZEN,20190212,1837.45,1872.3,1780.3,1813.3,17214
ASTRON,20190212,97.95,106.6,93.75,100.1,308370
ATFL,20190212,576.1,578.4,561.1,573.7,840
ATLANTA,20190212,15.7,15.9,14.8,15.9,7870
ATLASCYCLE,20190212,62.35,66.9,62.35,64,814
ATUL,20190212,3402,3425,3382,3418.55,3544
ATULAUTO,20190212,304,304.15,290,291.45,19026
AUBANK,20190212,585,586.7,576,577.8,111816
AURIONPRO,20190212,110.1,113.75,110.05,112.1,7473
AUROPHARMA,20190212,770,772,760.1,767.9,1282888
AUSOMENT,20190212,30,31.35,28.9,29.35,2178
AUTOAXLES,20190212,1100.85,1155.85,1100.7,1115.35,4998
AUTOIND,20190212,57.25,58.05,55.5,55.9,9297
AUTOLITIND,20190212,28.5,29.2,28.1,28.3,5544
AVADHSUGAR,20190212,366.8,373.75,358.8,361.55,43774
AVANTIFEED,20190212,334,335.35,323.7,327.45,250536
AVTNPL,20190212,22.25,22.55,21.45,21.55,38610
AXISBANK,20190212,701,713.4,700,705.6,15856819
AXISCADES,20190212,57.2,58,54.75,55.6,27044
AXISGOLD,20190212,2871,2894,2871,2890,92
AXISNIFTY,20190212,1110,1110,1110,1110,11
AYMSYNTEX,20190212,36,36,34,34.5,6015
BAFNAPHARM,20190212,9.15,9.7,8.95,9.25,5597
BAGFILMS,20190212,4.3,4.6,4.25,4.55,116153
BAJAJ-AUTO,20190212,2845.6,2854,2819.5,2832.35,280913
BAJAJCON,20190212,355.25,355.25,349,350.5,15012
BAJAJELEC,20190212,479.9,484.9,459.2,463.95,438611
BAJAJFINSV,20190212,6115,6174,6065.1,6096.4,148869
BAJAJHIND,20190212,7.7,8,7.5,7.55,3108581
BAJAJHLDNG,20190212,3117.25,3117.25,3067,3100.35,33654
BAJFINANCE,20190212,2668,2677.15,2616.3,2621.8,1200370
BALAJITELE,20190212,83.45,83.45,81.25,83.05,15339
BALAMINES,20190212,385.6,392,385.5,389.3,15474
BALKRISHNA,20190212,38.95,38.95,36.5,37.2,6531
BALKRISIND,20190212,812.15,846,802.7,837.65,2704329
BALLARPUR,20190212,3.65,3.9,3.55,3.65,605840
BALMLAWRIE,20190212,174.85,176,171.1,172.3,98908
BALPHARMA,20190212,72.05,72.8,70.55,71.2,3922
BALRAMCHIN,20190212,108.4,110.5,107.5,108.9,3652860
BANARBEADS,20190212,42.05,45.25,42.05,43,676
BANARISUG,20190212,1478.05,1489.95,1450,1450.05,33
BANCOINDIA,20190212,170.8,173,168,168.65,9281
BANDHANBNK,20190212,463.6,477.95,457.25,471.8,991828
BANG,20190212,50.25,52.7,50.25,51.75,37714
BANKBARODA,20190212,103.9,105.35,102.3,102.65,7360166
BANKBEES,20190212,2780.07,2780.21,2745,2749.83,2539
BANKINDIA,20190212,84.75,85.7,82.3,82.95,7317079
BANSWRAS,20190212,63,63,56.45,60.65,7355
BARTRONICS,20190212,5.65,5.95,5.65,5.95,15500
BASF,20190212,1309,1310.95,1261,1272.7,7690
BASML,20190212,175,184.95,171.15,179.5,729
BATAINDIA,20190212,1193,1205,1182.3,1190.65,1262776
BAYERCROP,20190212,4217.5,4364,4200,4312.35,4503
BBL,20190212,1022,1042.1,1021,1026.45,4185
BBTC,20190212,1180.2,1204.75,1180,1198.2,119430
BCG,20190212,2.9,2.9,2.75,2.85,387307
BDL,20190212,243.15,244,235,235.9,13591
BEARDSELL,20190212,17.05,17.95,16.25,16.5,3190
BEDMUTHA,20190212,19.3,19.3,17.85,19,6146
BEL,20190212,76.85,79.95,76.15,77.7,8781184
BEML,20190212,785,799.85,755.3,765.15,2000379
BEPL,20190212,65.8,66.3,64,64.25,215588
BERGEPAINT,20190212,299.95,306.55,297.25,305.6,742764
BFINVEST,20190212,183.95,186.65,179,182.9,49834
BFUTILITIE,20190212,154.4,158.85,151.75,157.2,263600
BGLOBAL,20190212,2.35,2.55,2.35,2.55,7590
BGRENERGY,20190212,46.2,48.2,46.2,47.35,54812
BHAGERIA,20190212,224.75,224.75,216.05,217,4369
BHAGYANGR,20190212,31.55,32.8,29.05,32,12983
BHAGYAPROP,20190212,27.8,31.35,27.3,28.2,1589
BHANDARI,20190212,1.85,1.9,1.65,1.7,238527
BHARATFIN,20190212,937,946,932.55,936.1,524497
BHARATFORG,20190212,479,486.4,477.35,483.8,580373
BHARATGEAR,20190212,149.05,152.75,147.5,148.15,5091
BHARATRAS,20190212,3789.95,3794,3660.05,3746.45,603
BHARATWIRE,20190212,56.75,58.1,55.25,57.8,17205
BHARTIARTL,20190212,311.7,315.6,309.65,311.25,2006320
BHEL,20190212,62.5,62.6,61.5,61.8,5528900
BIGBLOC,20190212,25.15,26.3,24.5,24.95,3910
BIL,20190212,221.85,221.85,215,215.8,1375
BILENERGY,20190212,1,1.05,0.95,1.05,310543
BINANIIND,20190212,33.05,33.95,32.35,33,15151
BINDALAGRO,20190212,14.75,14.75,13.2,13.45,34624
BIOCON,20190212,643,653.4,636.8,643.55,1306820
BIRLACABLE,20190212,168.8,168.8,151,164.4,334696
BIRLACORPN,20190212,473.85,473.85,453,455.55,28353
BIRLAMONEY,20190212,42.25,42.25,38.7,40.15,55817
BKMINDST,20190212,4,4.15,3.95,3.95,24850
BLBLIMITED,20190212,5,5.55,4.95,5.35,10962
BLISSGVS,20190212,146.9,151.5,146.75,149.05,1375669
BLKASHYAP,20190212,18,18.7,17.4,17.7,413056
BLS,20190212,107,109.55,105,107.3,17488
BLUEBLENDS,20190212,3.3,3.45,3.3,3.4,1678
BLUEDART,20190212,3126,3132,3076.75,3102.85,1283
BLUESTARCO,20190212,583.7,594.5,576,579.75,70283
BODALCHEM,20190212,97.95,98.4,97,97.65,38949
BOMDYEING,20190212,103.9,108.95,102.5,105.35,617565
BOROSIL,20190212,210,214,208,208.5,14245
BOSCHLTD,20190212,18780.05,18780.05,18500.1,18592.2,12840
BPCL,20190212,334,343.5,334,339.3,3040248
BPL,20190212,26.8,26.8,24.35,25.1,74292
BRFL,20190212,5.95,6.3,5.85,6.15,67168
BRIGADE,20190212,192.25,195.85,187.55,191.95,86085
BRITANNIA,20190212,3105,3107,3001,3008.6,515301
BRNL,20190212,102,104,97.1,99.45,12414
BROOKS,20190212,42.55,43.85,41.65,42.9,16417
BSE,20190212,564,572.5,560.85,571.45,47626
BSELINFRA,20190212,1.85,1.9,1.7,1.75,46837
BSL,20190212,42.2,44.35,41.8,41.85,1246
BSLGOLDETF,20190212,3071,3071.95,3045,3056,12
BSLNIFTY,20190212,115.5,115.5,112,112.36,247
BURNPUR,20190212,2.25,2.3,2.2,2.25,403529
BUTTERFLY,20190212,207.95,214.45,195.6,210.45,52878
BVCL,20190212,14.8,15,14.2,15,2527
BYKE,20190212,31.8,32.55,29.2,29.9,103188
CADILAHC,20190212,324.5,326.35,318.4,319.6,975106
CALSOFT,20190212,15.9,16.25,15.7,15.75,14831
CAMLINFINE,20190212,43.5,43.5,40.2,40.65,256802
CANBK,20190212,225,227.6,219.8,220.6,4168595
CANDC,20190212,20.5,22.35,19.25,19.95,226085
CANFINHOME,20190212,239.6,269.85,239,264.75,5413985
CANTABIL,20190212,160.65,166,154.8,164.8,45899
CAPACITE,20190212,196.85,198,188.9,190.65,63617
CAPLIPOINT,20190212,360,368.05,296.05,335.3,101302
CAPTRUST,20190212,194,194,176.8,178.45,978
CARBORUNIV,20190212,343.05,345.05,338,340.8,51387
CAREERP,20190212,66.75,69.85,65.95,67.05,5797
CARERATING,20190212,956.05,965,918.2,941.8,35791
CASTEXTECH,20190212,0.8,0.8,0.75,0.8,129110
CASTROLIND,20190212,146.7,153.55,145.75,152.75,1733889
CCCL,20190212,1.85,1.9,1.8,1.9,21846
CCHHL,20190212,6.1,7,6.1,6.25,73613
CCL,20190212,277.5,279.25,274,275.5,164753
CDSL,20190212,210.1,214.6,209.25,211.05,92169
CEATLTD,20190212,1084.9,1093.7,1050,1057.25,678529
CEBBCO,20190212,20.5,20.5,19.5,19.8,36154
CELEBRITY,20190212,8.15,8.75,7.9,8.35,15584
CELESTIAL,20190212,5,5.15,5,5.05,27475
CENTENKA,20190212,232.05,233.6,223.6,224.5,29672
CENTEXT,20190212,6.5,6.7,6.1,6.15,356176
CENTRALBK,20190212,28.6,28.9,28.25,28.45,616074
CENTRUM,20190212,29.55,30.25,28.55,29.3,214013
CENTUM,20190212,402,412.15,400.55,406.65,707
CENTURYPLY,20190212,166,168.35,164.05,164.65,73748
CENTURYTEX,20190212,730.1,747.2,729.15,734.45,505554
CERA,20190212,2301.1,2316.95,2191,2206.2,10610
CEREBRAINT,20190212,26.2,27.4,25.8,26.9,368307
CESC,20190212,676.1,691,674.9,686.75,333342
CESCVENT,20190212,436,448.9,411.1,421.15,207442
CGCL,20190212,140,140,137.3,139.15,494433
CGPOWER,20190212,34,34.7,32.8,33.7,5884724
CHALET,20190212,284,286.15,273.8,280.75,242930
CHAMBLFERT,20190212,170.05,170.8,167,168.05,187263
CHEMFAB,20190212,134.5,136.95,134.1,135,992
CHENNPETRO,20190212,216.25,219.4,214.05,216.65,293198
CHOLAFIN,20190212,1206,1226.95,1183,1195.2,354482
CHROMATIC,20190212,0.85,0.95,0.85,0.85,37451
CIGNITITEC,20190212,340,340,315.8,328.7,41755
CIMMCO,20190212,29,30.7,29,29.65,7921
CINELINE,20190212,41.45,42.6,41.4,42.35,6000
CINEVISTA,20190212,5.15,5.7,4.9,5.2,6410
CIPLA,20190212,540.05,545.7,536.1,543.3,2252766
CLEDUCATE,20190212,118.6,127,116,121,3098
CLNINDIA,20190212,383.2,383.2,370,373.25,6940
CMICABLES,20190212,119.05,123.55,118.15,122.15,11642
CNOVAPETRO,20190212,17.65,17.65,14,14.25,4249
COALINDIA,20190212,219.8,223.9,219.35,223.05,7857592
COCHINSHIP,20190212,355.8,356,347.55,349.1,37522
COFFEEDAY,20190212,254.75,255.55,248.15,250.5,386862
COLPAL,20190212,1292,1292.5,1272.4,1274.75,209471
COMPINFO,20190212,19.25,19.65,18.35,18.5,34850
COMPUSOFT,20190212,8.8,9.45,8.7,9.15,19645
CONCOR,20190212,519.45,523.9,509,512.4,465576
CONSOFINVT,20190212,40.35,40.35,40.35,40.35,604
CONTROLPR,20190212,245.35,253.35,241.1,244.5,2691
CORALFINAC,20190212,14.6,15.1,14.6,15,2807
CORDSCABLE,20190212,55.3,63,54.5,57.1,18514
COROMANDEL,20190212,458,459.95,452.2,455.75,35295
CORPBANK,20190212,26,26,24.75,25.15,818581
COSMOFILMS,20190212,180.1,182.55,176.55,177.45,28052
COUNCODOS,20190212,2,2.1,1.85,2.1,17480
COX&KINGS,20190212,155.2,156.85,152.35,153.1,53802
CPSEETF,20190212,22.9,23.35,22.65,22.9,1033468
CREDITACC,20190212,366,387.3,362.1,384.65,22478
CREST,20190212,125,129,123.1,126.4,3068
CRISIL,20190212,1560.65,1647.8,1560.65,1629.9,18905
CRMFGETF,20190212,3080,3080,3080,3080,1
CROMPTON,20190212,211.75,212.85,207.3,208.2,628143
CTE,20190212,40.5,47.45,40.5,47.45,45671
CUB,20190212,186.1,188,186.1,186.7,194760
CUBEXTUB,20190212,13.2,13.2,11.25,12.4,1886
CUMMINSIND,20190212,725,726,706,711.65,579112
CUPID,20190212,125.6,126.85,121.1,122.15,7526
CYBERTECH,20190212,35.6,35.6,34.15,35,8373
CYIENT,20190212,580.05,590.75,580.05,587.8,195278
DAAWAT,20190212,33.75,34,33.2,33.6,545000
DABUR,20190212,450.9,452.9,444,446.25,1103428
DALBHARAT,20190212,1084.05,1094.5,1050,1079.55,112186
DALMIASUG,20190212,92.1,95,92.1,93.85,114206
DAMODARIND,20190212,40.85,40.85,38.1,38.8,6303
DATAMATICS,20190212,91.35,91.4,89.1,89.9,28089
DBCORP,20190212,176,179.25,175.2,176.85,46102
DBL,20190212,360,371.45,358,367.6,394375
DBREALTY,20190212,21.65,22.55,21.5,21.65,59826
DCAL,20190212,195.45,198.35,186.6,193.8,110353
DCBBANK,20190212,177.5,180.55,177,179.25,1010281
DCM,20190212,67.95,68.45,63.45,64.9,115138
DCMSHRIRAM,20190212,333.6,344.4,333.6,340.85,30710
DCW,20190212,14,14.3,13.75,14.05,147081
DECCANCE,20190212,357.3,413,346.05,363.65,71800
DEEPAKFERT,20190212,117.65,118.55,115.5,118.25,113094
DEEPAKNTR,20190212,224.9,225.85,220,221.3,59146
DEEPIND,20190212,106,106.45,104.35,105.55,6251
DELTACORP,20190212,225,226.95,223.2,224.85,334540
DELTAMAGNT,20190212,71,71,70,70.05,53
DEN,20190212,71.75,71.85,71.5,71.7,2409890
DENABANK,20190212,11.2,11.25,11,11,1122030
DENORA,20190212,233.9,240.45,229.5,235.4,8792
DFMFOODS,20190212,199.9,213.3,199.25,210,31803
DHAMPURSUG,20190212,175.8,183,175.1,181,778520
DHANBANK,20190212,15.2,15.65,15.1,15.3,100251
DHANUKA,20190212,393.45,400,372,377.4,55646
DHARSUGAR,20190212,10.1,11,10,10.75,20800
DHFL,20190212,104.4,108.75,103.5,106.45,12866364
DHUNINV,20190212,255,258.3,242.15,244.95,1326
DIAMONDYD,20190212,883.7,893,860,888.9,6224
DICIND,20190212,335.05,349.9,319.95,323.2,2918
DIGJAMLTD,20190212,3.4,3.7,3,3.7,328041
DISHTV,20190212,29.75,34.9,29.5,33.85,37856991
DIVISLAB,20190212,1638,1651.2,1613.2,1638.1,795159
DIXON,20190212,2190,2200,2170,2182.05,1936
DLF,20190212,164,165.65,157.6,159.15,5780211
DLINKINDIA,20190212,75.65,76.35,72.55,73.05,40369
DMART,20190212,1452,1465.4,1435,1442.25,271590
DNAMEDIA,20190212,3.5,3.8,3.5,3.6,15599
DOLLAR,20190212,297,297,285.1,289.4,5074
DOLPHINOFF,20190212,37.1,39,36.1,37,90681
DONEAR,20190212,35.45,37.3,33.3,34.3,78804
DPSCLTD,20190212,12.25,12.3,10.85,11.25,8348
DQE,20190212,6.3,6.75,6,6.55,50192
DREDGECORP,20190212,371.5,378.3,357,359.4,200295
DRREDDY,20190212,2619,2676.45,2584,2652.5,1309324
DSSL,20190212,29,30,28,29.95,1179
DTIL,20190212,204.05,217.85,201.05,204.65,3498
DUCON,20190212,10,10.5,9.8,10,39969
DVL,20190212,88.5,89.1,85,85.45,30082
DWARKESH,20190212,23.5,24.8,22.9,24,611809
DYNAMATECH,20190212,1370.05,1448,1370,1414,1517
DYNPRO,20190212,100.9,101.85,99.3,99.9,14075
EASTSILK,20190212,1.65,1.65,1.65,1.65,18970
EASUNREYRL,20190212,6.75,6.75,6.45,6.5,12922
ECEIND,20190212,208,208,192.7,196.15,694
ECLERX,20190212,1025.6,1025.6,980,984.95,9443
EDELWEISS,20190212,135,136,131.6,132.2,1847885
EDL,20190212,6.1,6.65,6.05,6.3,10829
EICHERMOT,20190212,20470,21300,20070,21137.5,259036
EIDPARRY,20190212,188.2,197,186.75,191.85,101152
EIHAHOTELS,20190212,328,335,326.05,331.85,791
EIHOTEL,20190212,189.35,192,187.05,190.2,95215
EIMCOELECO,20190212,366.8,366.8,357.85,359.65,3060
EKC,20190212,26.5,27.45,25.75,26.05,61400
ELAND,20190212,4.75,4.75,4.25,4.4,22815
ELECON,20190212,57.85,58.45,57,57.5,39052
ELECTCAST,20190212,19.9,20.2,19.5,19.6,112752
ELECTHERM,20190212,134.6,138.4,132,135.75,8377
ELGIEQUIP,20190212,239.05,249,239,247.35,19977
ELGIRUBCO,20190212,22.95,23.7,22.05,23,6056
EMAMILTD,20190212,368,370.75,353,359.4,1883878
EMAMIREAL,20190212,106.85,108.7,105.05,106.95,8662
EMCO,20190212,4.1,4.1,3.8,3.8,26361
EMKAY,20190212,80.85,80.85,76.3,77.05,14620
EMMBI,20190212,117.75,117.8,116.25,116.55,2026
ENDURANCE,20190212,1255.2,1287,1246.55,1283.1,9673
ENERGYDEV,20190212,9,9.25,8.75,9,238625
ENGINERSIN,20190212,108.95,116.1,108.95,113.45,1957890
ENIL,20190212,540.05,546.9,538,540.15,254
EON,20190212,37.95,38.85,36.5,36.75,7491
EQUITAS,20190212,111,113.65,109.1,112.3,1641375
ERIS,20190212,643.35,654.95,624,626.85,5118
EROSMEDIA,20190212,70.2,72.5,69.4,71.3,830991
ESABINDIA,20190212,845,845,822.25,825.4,1615
ESCORTS,20190212,640,647.45,608.5,610.75,2587080
ESSARSHPNG,20190212,9.85,10.5,9.2,9.85,6552
ESSDEE,20190212,11.1,11.35,10.6,11.35,19189
ESSELPACK,20190212,105.25,110,105,108.35,140011
ESTER,20190212,30.9,33,30,30.3,161215
EUROCERA,20190212,1.35,1.35,1.35,1.35,17327
EUROTEXIND,20190212,17.6,17.6,17.6,17.6,3
EVEREADY,20190212,217,220,196.6,203.7,1171375
EVERESTIND,20190212,418,429.95,416,424.1,20750
EXCEL,20190212,1.9,1.95,1.85,1.85,148367
EXCELCROP,20190212,3329.85,3390,3175,3352.4,6243
EXCELINDUS,20190212,1062.05,1088.05,1030,1046,12657
EXIDEIND,20190212,210,213.95,208.1,209.05,1643281
FACT,20190212,33.8,34.6,33.65,33.85,22088
FAIRCHEM,20190212,386,392,371,379.6,3615
FCL,20190212,35.45,36.45,34.9,35.7,162408
FCONSUMER,20190212,43.25,44.4,42.3,42.75,1811485
FCSSOFT,20190212,0.25,0.25,0.2,0.2,239852
FDC,20190212,161.5,164.45,161.05,162.95,122569
FEDERALBNK,20190212,83.5,84.35,82.4,82.8,7274666
FEL,20190212,33.6,34.15,33.1,33.4,173884
FELDVR,20190212,33.45,34,33.05,33.2,506
FIEMIND,20190212,441,447.55,440.4,441.05,4405
FILATEX,20190212,48.8,52.35,48.45,50.4,529446
FINCABLES,20190212,388,389.9,376.3,378.45,35374
FINEORG,20190212,1100,1118,1079,1085.4,2665
FINPIPE,20190212,502,505,496,501,12044
FLEXITUFF,20190212,38.55,41.85,38.55,41.85,4199
FLFL,20190212,431.15,438,429.55,433.2,178323
FMGOETZE,20190212,494,502.9,490.85,498.05,6126
FMNL,20190212,38.5,45.45,38.05,42,202610
FORTIS,20190212,133.2,135.4,133.2,135,367457
FOSECOIND,20190212,1375,1380,1340,1346,167
FRETAIL,20190212,418.05,436.9,418.05,432.45,545370
FSC,20190212,610.1,635,605,615.4,2528
FSL,20190212,43.5,44.5,43.05,43.35,1085833
GABRIEL,20190212,150.6,157,150,155.75,237772
GAEL,20190212,225.55,227.9,218.45,218.8,15042
GAIL,20190212,322,326.55,321.45,325.7,2836974
GAL,20190212,5.35,5.7,5.2,5.2,259665
GALAXYSURF,20190212,1008,1008,961.5,979.1,17919
GALLANTT,20190212,47.55,50.5,45.35,46.95,14574
GALLISPAT,20190212,29.85,30,28.25,28.85,32749
GAMMNINFRA,20190212,0.65,0.65,0.55,0.6,477361
GANDHITUBE,20190212,342.4,349,342.05,348.8,1044
GANECOS,20190212,276,279.7,272.05,274.85,1124
GANESHHOUC,20190212,54.05,55.5,53.5,54.05,25365
GANGESSECU,20190212,38.25,40.45,38.25,39.25,706
GARDENSILK,20190212,18.1,18.1,16.7,16.85,87002
GARFIBRES,20190212,1074.8,1074.8,1054.95,1060.5,2564
GATI,20190212,68,68.4,64.2,64.6,542770
GAYAHWS,20190212,0.8,0.8,0.75,0.75,68905
GAYAPROJ,20190212,157.75,163,156.05,157.55,19201
GDL,20190212,103.1,103.8,101,101.95,40889
GEECEE,20190212,109.25,109.9,108.1,108.2,1034
GENESYS,20190212,122.1,125.05,122.1,124.95,12216
GENUSPAPER,20190212,6.8,6.8,6.4,6.6,38152
GENUSPOWER,20190212,30.75,31,30.25,30.4,66141
GEOJITFSL,20190212,35.15,35.8,33.8,34.5,125341
GEPIL,20190212,735,808,713.3,779.25,81196
GESHIP,20190212,289.85,295.9,275.1,281,94784
GET&D,20190212,283.05,297,277.3,292.05,253363
GHCL,20190212,228,229.7,221.15,224.35,91370
GICHSGFIN,20190212,216.15,222.25,216,218.4,51983
GICRE,20190212,215.9,216.5,207.35,209.2,110042
GILLANDERS,20190212,52,54.85,51.2,53,1099
GILLETTE,20190212,6490.05,6500,6399.85,6489.25,6637
GINNIFILA,20190212,13.3,13.3,11.45,11.8,196274
GIPCL,20190212,69.4,70.4,69.2,69.4,26619
GKWLIMITED,20190212,865,880,851.55,865.7,35
GLAXO,20190212,1400,1401.9,1372,1376.8,12999
GLENMARK,20190212,605,611,593.05,601.4,604163
GLOBALVECT,20190212,48.2,49.8,47,47.35,9400
GLOBOFFS,20190212,10.05,10.95,9.8,10.1,11882
GLOBUSSPR,20190212,135.65,137.95,133.65,134.3,17842
GMBREW,20190212,499.7,503.05,491.1,495.3,15733
GMDCLTD,20190212,77.1,77.2,75.4,76.15,147040
GMMPFAUDLR,20190212,1072.55,1078,1050.1,1074.3,1801
GMRINFRA,20190212,14.7,15.15,14.45,14.7,31216569
GNA,20190212,295.95,296,286.7,288,54267
GNFC,20190212,288,289,270.1,275.5,2120209
GOACARBON,20190212,417,429.3,409,421.7,124293
GOCLCORP,20190212,232.35,235.8,222.3,225.3,4130
GODFRYPHLP,20190212,912.9,912.9,865,874.35,400328
GODREJAGRO,20190212,482.8,487.8,478,478.65,44440
GODREJCP,20190212,701,705.45,688.95,693.55,767323
GODREJIND,20190212,488.25,497.4,485.25,492.55,334112
GODREJPROP,20190212,730,736.8,706.2,713.35,94241
GOKEX,20190212,73.4,73.6,71.5,72.1,16572
GOKUL,20190212,14.15,14.15,13.45,13.45,3676
GOKULAGRO,20190212,15.05,16.4,15.05,15.2,3809
GOLDBEES,20190212,2930,2930,2917.5,2920.55,7188
GOLDENTOBC,20190212,35,36.75,33.35,33.65,580
GOLDIAM,20190212,84.7,86.5,82.2,84.7,8383
GOLDSHARE,20190212,2926.5,2953.45,2922.05,2929.95,3606
GOLDTECH,20190212,12.9,12.9,12.2,12.4,2811
GOODLUCK,20190212,66.5,67.8,63.2,63.7,28043
GPIL,20190212,241.45,264,234.9,255.4,218763
GPPL,20190212,81.15,81.15,78.45,78.9,72726
GPTINFRA,20190212,40.5,40.8,38.9,40,30335
GRANULES,20190212,86.9,87.75,85.9,86.55,671318
GRAPHITE,20190212,417,432.7,395.1,421.95,7560144
GRASIM,20190212,717,727.9,710,718.85,1187659
GRAVITA,20190212,61.55,62.85,60.4,60.85,10673
GREAVESCOT,20190212,123,124.7,122,123.85,322629
GREENLAM,20190212,747.35,747.4,718.95,726.7,113
GREENPLY,20190212,128.6,131,128.6,129.35,22924
GREENPOWER,20190212,3.85,3.9,3.75,3.85,81357
GRINDWELL,20190212,510,513,507.65,510.2,2982
GROBTEA,20190212,430.45,475.6,430.35,472,214
GRPLTD,20190212,930.05,956,920,924.95,43
GRSE,20190212,83.1,84.3,81.85,84,20169
GRUH,20190212,245,250.4,242.5,244.2,932907
GSCLCEMENT,20190212,21.05,21.5,20.5,20.8,15334
GSFC,20190212,89.85,90.1,88.55,89.35,701461
GSKCONS,20190212,7510.05,7598,7495,7541.95,12961
GSPL,20190212,164.2,167,162.3,165.05,827135
GSS,20190212,104.9,112,104.9,107.9,236697
GTL,20190212,4.3,4.4,4.1,4.3,45761
GTLINFRA,20190212,0.85,0.85,0.85,0.85,1401924
GTNIND,20190212,7.9,8.75,7.9,8.3,1514
GTNTEX,20190212,8.7,8.7,8.7,8.7,2
GTPL,20190212,81.65,82.7,81.65,81.9,26464
GUFICBIO,20190212,75.6,76.9,73.05,73.4,51821
GUJALKALI,20190212,484,484,465.1,469.45,38213
GUJAPOLLO,20190212,154,154.95,147.2,154.85,973
GUJFLUORO,20190212,873.5,873.5,850.85,853.5,10565
GUJGASLTD,20190212,123.75,125.7,123,124.1,876388
GUJRAFFIA,20190212,14.5,15,14.5,15,122
GULFOILLUB,20190212,875.05,884.2,869.85,872.35,6992
GULFPETRO,20190212,53,54,52,53.05,14978
GULPOLY,20190212,54.05,58,53.2,57.05,20865
GVKPIL,20190212,5.45,5.7,5.4,5.6,1021609
HAL,20190212,661,661.05,637,639.2,14129
HARITASEAT,20190212,423,428.6,410.05,415.7,4100
HARRMALAYA,20190212,74.65,74.8,73.8,73.85,6672
HATHWAY,20190212,32,32,28.5,30.8,450708
HATSUN,20190212,681.2,685,679.6,680.85,1622
HAVELLS,20190212,726,733.45,705.5,708.5,1247494
HAVISHA,20190212,0.55,0.6,0.55,0.6,5288
HBLPOWER,20190212,24.55,24.55,23.55,23.7,100095
HBSL,20190212,6.45,7.05,6.45,7.05,2284
HCC,20190212,11.25,11.75,11.25,11.65,2219947
HCG,20190212,186.2,199.95,183.9,186.3,6118
HCL-INSYS,20190212,16.45,16.6,16,16.4,470400
HCLTECH,20190212,1076,1078.4,1052.75,1058.8,1394441
HDFC,20190212,1950,1956.4,1901.15,1905.05,2642567
HDFCAMC,20190212,1337.65,1337.65,1320.85,1323.55,39749
HDFCBANK,20190212,2138,2148,2124.8,2129.7,2443097
HDFCLIFE,20190212,355.3,360.3,351.35,353.35,495884
HDFCMFGETF,20190212,3000.05,3025,2991.05,2996.7,625
HDFCNIFETF,20190212,1130.49,1133.12,1127.49,1127.8,148
HDFCSENETF,20190212,3802.14,3802.21,3781.96,3781.96,13
HDIL,20190212,22.65,23.05,22.25,22.6,1805664
HEG,20190212,2170,2439.85,2025.1,2400.8,1626571
HEIDELBERG,20190212,142.2,151.45,141.4,146.45,576707
HERCULES,20190212,100,100.6,98.55,99.15,8276
HERITGFOOD,20190212,467.7,476,455.05,465,13099
HEROMOTOCO,20190212,2896.85,2896.85,2785,2799.55,627923
HESTERBIO,20190212,1335.1,1349,1302.6,1329.3,2871
HEXATRADEX,20190212,19.15,20.15,19.15,20.15,2915
HEXAWARE,20190212,354.6,362.4,349.15,358.55,811059
HFCL,20190212,21.6,21.75,21.3,21.6,1283869
HGINFRA,20190212,195,195.2,188,189.55,27510
HGS,20190212,592.05,602.9,586,589.65,3483
HIGHGROUND,20190212,7,7.35,7,7,32946
HIKAL,20190212,145,150,142.6,146.65,111355
HIL,20190212,1685,1688.6,1586.7,1675.3,18261
HILTON,20190212,15.8,16.25,14.55,15.5,7702
HIMATSEIDE,20190212,177.95,177.95,172.7,174.9,469816
HINDALCO,20190212,199,202.7,197,198.35,16467366
HINDCOMPOS,20190212,212.05,216.75,207,214.05,2048
HINDCOPPER,20190212,45,46.4,44.25,45.6,1781702
HINDMOTORS,20190212,7,7,6.9,6.9,41833
HINDNATGLS,20190212,96.4,96.4,92.05,92.1,1801
HINDOILEXP,20190212,106.1,107.9,105.5,106.95,130773
HINDPETRO,20190212,231.25,237.95,231,234.05,3953480
HINDUJAVEN,20190212,348.75,348.75,332.05,334.8,2417
HINDUNILVR,20190212,1810,1812,1789,1794.5,990035
HINDZINC,20190212,249.9,253.5,246.2,250.05,721498
HIRECT,20190212,105,115,104,110.4,123602
HISARMETAL,20190212,32.35,35.5,32.3,34.15,6226
HITECH,20190212,195.95,196.75,182.5,184.25,2919
HITECHCORP,20190212,96,96.8,93.05,94.35,9088
HITECHGEAR,20190212,295.05,297.9,287.5,288.55,7734
HMVL,20190212,110,113.7,107,112.8,62605
HNGSNGBEES,20190212,3159.94,3159.95,3159.94,3159.95,4
HONAUT,20190212,21599.95,21600,21138.55,21541.7,467
HONDAPOWER,20190212,1070.05,1070.05,1044.1,1050.4,2814
HOTELEELA,20190212,14.1,14.3,13.2,13.6,1558987
HOVS,20190212,135.15,138.4,130,137.45,8088
HPL,20190212,51,51.6,48,49.4,19646
HSCL,20190212,114.45,114.75,109.9,110.5,345729
HSIL,20190212,237.95,238,230,231.2,48818
HTMEDIA,20190212,38.15,38.75,37.65,38.2,42252
HUBTOWN,20190212,32.15,34.75,31.15,34.2,35053
HUDCO,20190212,39,39.4,38.6,38.8,508636
IBREALEST,20190212,66,67.7,65.7,67.05,1942361
IBULHSGFIN,20190212,607,623.7,593.3,598.9,10809037
IBULISL,20190212,219.75,242,217,234.05,100429
IBVENTURES,20190212,277.8,282.9,271.3,277,521855
ICICI500,20190212,142,145,142,142.91,749
ICICIB22,20190212,33.68,33.9,33.43,33.56,428526
ICICIBANK,20190212,349,352,343.25,344.3,14924394
ICICIGI,20190212,856,889,856,883.4,162584
ICICIGOLD,20190212,30,30,29.75,29.9,2801
ICICILIQ,20190212,1000,1000.01,999.99,999.99,5105
ICICILOVOL,20190212,87.21,87.33,86.67,87.01,1190
ICICIMCAP,20190212,63,63,62.2,62.22,3456
ICICINF100,20190212,116.74,117.3,116.74,117.3,859
ICICINIFTY,20190212,114,114,112.55,112.88,28781
ICICINV20,20190212,54.54,54.84,54.45,54.5,699
ICICINXT50,20190212,27.39,27.39,26.15,26.23,5063
ICICIPRULI,20190212,296,307.85,295.55,298.65,1040063
ICICISENSX,20190212,390,399,380.48,381.9,449
ICIL,20190212,38.5,38.8,37.7,37.9,315817
ICRA,20190212,2939.6,2949,2920,2926.45,150
IDBI,20190212,43.35,44.85,42.8,43.3,5068891
IDBIGOLD,20190212,3045,3068,3045,3053,89
IDEA,20190212,30.95,30.95,29.5,29.75,18874742
IDFC,20190212,37.5,37.55,35.4,35.7,5060308
IDFCFIRSTB,20190212,45.25,45.8,44.7,45.25,14979480
IDFNIFTYET,20190212,112.13,112.29,112.13,112.29,26
IEX,20190212,163.1,168.45,162.85,167.85,126253
IFBAGRO,20190212,479,479,439,444.45,7601
IFBIND,20190212,741,748.85,728.2,732.8,4269
IFCI,20190212,12.25,12.45,12.05,12.35,3541325
IFGLEXPOR,20190212,205,209.25,202,205.45,3274
IGARASHI,20190212,468.8,470.9,420.05,431.4,33397
IGL,20190212,276,276.7,257.6,269.3,7301736
IGPL,20190212,220,235,215,228.9,75388
IIFL,20190212,330,330.5,297,317.5,2161934
IITL,20190212,66.8,69.7,66.75,67,11880
IL&FSENGG,20190212,8.45,8.85,8.25,8.85,24581
IL&FSTRANS,20190212,5.2,5.7,5.2,5.7,615544
IMFA,20190212,211,225,203.2,218.15,96026
IMPAL,20190212,860.65,865,860.05,860.6,390
IMPEXFERRO,20190212,0.3,0.35,0.3,0.35,1026
INDBANK,20190212,9.35,9.35,8.95,9.1,17290
INDHOTEL,20190212,136.2,139,134.5,135.85,732535
INDIACEM,20190212,76.55,79.7,74.75,79.2,7456460
INDIAGLYCO,20190212,240,255.5,240,253.6,83538
INDIANB,20190212,205.85,206.9,200,203.45,1676121
INDIANCARD,20190212,90.5,91,84.2,90.4,701
INDIANHUME,20190212,285,298,281.95,289.8,15516
INDIGO,20190212,1184.45,1189.7,1169,1174.25,532770
INDLMETER,20190212,37.55,37.55,36,36.05,3924
INDNIPPON,20190212,404.7,408,398.55,400.3,5452
INDOCO,20190212,175.8,177,173.6,175.15,8811
INDORAMA,20190212,34.35,34.4,34,34.1,54300
INDOSOLAR,20190212,1.85,1.9,1.85,1.9,78127
INDOSTAR,20190212,323.65,325,317.3,319.4,4571
INDOTECH,20190212,93.75,94.9,92.15,94,3443
INDOTHAI,20190212,29,29,27.95,28.5,4521
INDOWIND,20190212,4.4,4.45,4,4.3,26681
INDRAMEDCO,20190212,37.55,37.7,37.05,37.35,28153
INDSWFTLAB,20190212,45.75,52.7,44.5,44.95,223485
INDSWFTLTD,20190212,5.9,5.9,5.6,5.65,1003
INDTERRAIN,20190212,122.9,122.9,116.35,118.9,2174
INDUSINDBK,20190212,1512.1,1522.75,1486.25,1497.2,1136862
INEOSSTYRO,20190212,597.55,599.95,506,518.4,27687
INFIBEAM,20190212,32.15,34.8,32.05,33.45,13865531
INFRABEES,20190212,293.83,294.83,290,293.82,988
INFRATEL,20190212,323,324.4,310.65,312.85,3518639
INFY,20190212,760.35,760.35,741,750.45,7310690
INGERRAND,20190212,550.6,557,544.35,547.35,2825
INOXLEISUR,20190212,265,265,250,252.5,56090
INOXWIND,20190212,67,69,65.2,68.35,364764
INSECTICID,20190212,609.9,618,603,610.1,140387
INSPIRISYS,20190212,42.95,43,41.1,42.9,1381
INTELLECT,20190212,170.5,171.45,165,166.5,204127
INTENTECH,20190212,38,39,36.2,37.85,9030
INVENTURE,20190212,14.1,14.55,14.05,14.05,3990
IOB,20190212,12.6,12.75,12.2,12.4,456611
IOC,20190212,137,137.9,133.9,134.75,9587846
IOLCP,20190212,215.1,216.3,185.6,198.8,1497780
IPAPPM,20190212,446.05,458.3,441,450.35,61454
IPCALAB,20190212,730.65,751.5,727,741.05,396881
IRB,20190212,123.75,126.6,120.8,121.8,1510365
IRCON,20190212,392,394,386.1,390.5,34995
ISEC,20190212,192.9,195.45,188,192.75,41615
ISFT,20190212,150,150,139.35,145.05,2654
ISMTLTD,20190212,6.6,6.7,6.3,6.4,24531
ITC,20190212,277.05,280.5,274.6,275.3,7341352
ITDC,20190212,253,258,247.25,251.2,12205
ITDCEM,20190212,110.5,113.8,108.4,109.2,225920
ITI,20190212,95.8,96.55,92.25,92.7,1130528
IVC,20190212,4.85,4.95,4.7,4.8,291370
IVP,20190212,92,97,91.9,92.1,1582
IVRCLINFRA,20190212,0.75,0.8,0.7,0.8,204846
IZMO,20190212,48.5,48.55,45.5,47.6,30811
J&KBANK,20190212,38.5,38.85,38,38.2,234021
JAGRAN,20190212,95.85,97,95.7,96.05,46286
JAGSNPHARM,20190212,30.9,30.9,28.2,28.6,724
JAIBALAJI,20190212,13.35,14.25,12.2,12.7,38257
JAICORPLTD,20190212,88.5,89.8,86.5,86.95,449353
JAINSTUDIO,20190212,3.75,3.9,3.75,3.9,1539
JAMNAAUTO,20190212,51.4,51.45,50.25,50.65,399706
JAYAGROGN,20190212,194,194,184.4,188.9,6450
JAYBARMARU,20190212,234.7,240.4,234,236.95,8899
JAYNECOIND,20190212,3.85,3.85,3.65,3.65,52414
JAYSREETEA,20190212,63,64.55,61.6,63.05,79533
JBCHEPHARM,20190212,313.05,316.85,312.2,314.55,37617
JBFIND,20190212,12.65,13.95,12.65,13.95,173126
JBMA,20190212,254,260,247.5,249.55,20576
JCHAC,20190212,1728.55,1755.25,1700,1703.25,2307
JETAIRWAYS,20190212,204.45,224.7,203.5,221.15,14259693
JHS,20190212,25.85,25.95,25.6,25.65,27836
JIKIND,20190212,0.3,0.4,0.3,0.3,8300
JINDALPHOT,20190212,21.15,21.15,19.65,19.95,3304
JINDALPOLY,20190212,234.85,235.7,228.6,229.8,13111
JINDALSAW,20190212,78.15,79.85,77.3,77.75,536606
JINDALSTEL,20190212,129,142.6,128.15,141.15,25166137
JINDCOT,20190212,4.25,4.25,3.85,3.85,7332
JINDRILL,20190212,95.75,98.3,92.7,93.85,17972
JINDWORLD,20190212,71.55,72,70.8,71.4,167234
JISLDVREQS,20190212,37.25,39.9,37.25,38.05,44564
JISLJALEQS,20190212,54,55,53.55,54.25,3358063
JITFINFRA,20190212,15,15.8,15,15.7,710
JKCEMENT,20190212,700.5,710,685,689.7,15656
JKIL,20190212,128,133,121.35,122.85,530034
JKLAKSHMI,20190212,306.4,307,292.85,300.7,45835
JKPAPER,20190212,136.7,138.95,133,133.9,723134
JKTYRE,20190212,89,89.95,87.65,88.05,364738
JMA,20190212,150,157.9,150,157,2067
JMCPROJECT,20190212,91.15,92.7,88.1,89.6,14445
JMFINANCIL,20190212,75.4,76.6,74.05,74.8,183289
JMTAUTOLTD,20190212,2.6,2.75,2.6,2.75,82545
JOCIL,20190212,112.95,117.95,109.15,114.05,747
JPASSOCIAT,20190212,5.15,5.4,5,5.05,16386484
JPINFRATEC,20190212,2.6,2.65,2.5,2.55,2193677
JPOLYINVST,20190212,29,32.85,27.15,27.95,859
JPPOWER,20190212,1.6,1.65,1.55,1.6,2096432
JSL,20190212,27.75,33.25,27.55,32.35,4378244
JSLHISAR,20190212,80.5,84.3,80.15,82.85,990836
JSWENERGY,20190212,66.3,67.5,66.25,66.65,311470
JSWHL,20190212,2618.2,2716.65,2601,2662.85,2589
JSWSTEEL,20190212,261.55,274.5,257.5,271.75,12748459
JTEKTINDIA,20190212,89.05,90.5,88.4,88.65,17785
JUBILANT,20190212,735,742.75,714.65,719.45,274084
JUBLFOOD,20190212,1327,1327.85,1275.1,1297.45,1983732
JUBLINDS,20190212,112.75,114,105.3,107.1,38756
JUNIORBEES,20190212,270,271.35,268.5,268.87,115659
JUSTDIAL,20190212,466.95,488.2,466.35,483.9,1478275
JYOTHYLAB,20190212,180.35,182.95,178.95,181.55,43141
KABRAEXTRU,20190212,64.2,65.5,63.1,64.65,7156
KAJARIACER,20190212,496.55,518.7,496,515.75,854442
KAKATCEM,20190212,157.5,158,154,155.75,10931
KALPATPOWR,20190212,350.8,352.9,343.75,351.3,32555
KALYANIFRG,20190212,264.4,273,263,263,244
KAMATHOTEL,20190212,41.15,42,41,41.7,17678
KAMDHENU,20190212,154.05,156.7,150.45,154.15,13735
KANANIIND,20190212,4.5,4.9,4.1,4.2,2108
KANORICHEM,20190212,60.25,62.6,58.4,59.05,25753
KANSAINER,20190212,458,462.6,450,458.05,146455
KARDA,20190212,198.65,202,193,200.05,34171
KARMAENG,20190212,17.25,18.6,17.25,18.5,151
KARURVYSYA,20190212,85.6,85.65,80,82.5,2152952
KAUSHALYA,20190212,0.8,0.85,0.75,0.85,1717
KAVVERITEL,20190212,5.45,5.45,4.8,5.15,6095
KAYA,20190212,709.95,724,700,716.6,4331
KCP,20190212,81.55,83.25,81.55,82.6,13495
KCPSUGIND,20190212,16.1,16.45,15.6,16.1,141595
KDDL,20190212,419.05,445,410.05,431.05,1168
KEC,20190212,250.8,251.75,247.55,250.4,195220
KECL,20190212,15.05,15.7,15,15.25,30434
KEI,20190212,349.8,352,344.6,346.4,158902
KELLTONTEC,20190212,40.5,41,39.2,40.25,29750
KERNEX,20190212,21,22.4,21,22.4,3540
KESARENT,20190212,27,27,27,27,50
KESORAMIND,20190212,61.6,63.95,61.2,61.45,70747
KGL,20190212,1.3,1.35,1.3,1.3,111375
KHADIM,20190212,377,390,371.1,384.5,9116
KHAITANLTD,20190212,33.8,33.8,33.8,33.8,476
KHANDSE,20190212,14.5,15,14.5,15,300
KICL,20190212,1422.55,1459.05,1422.55,1439,973
KILITCH,20190212,210.1,213.9,183,187.6,222533
KINGFA,20190212,643,658.95,637.9,650.55,1112
KIOCL,20190212,122.1,132.35,121.55,123.3,25988
KIRIINDUS,20190212,390.5,399.4,385.1,388.5,34354
KIRLOSBROS,20190212,140.15,142,138.15,139.45,9022
KIRLOSENG,20190212,161.35,164.5,160.8,163.45,11527
KIRLOSIND,20190212,797.05,852.7,779.45,793.75,626
KITEX,20190212,97.45,98.6,97.35,97.95,32513
KKCL,20190212,1207.05,1250.05,1190,1196.8,256
KMSUGAR,20190212,7.1,7.5,7,7.3,127060
KNRCON,20190212,197,200.8,195,200.15,49074
KOHINOOR,20190212,31,31,30.15,30.3,49289
KOKUYOCMLN,20190212,91,92.25,90.2,90.6,8603
KOLTEPATIL,20190212,250.9,252.55,240,242.3,84592
KOPRAN,20190212,37.65,38.45,37.05,37.45,30731
KOTAKBANK,20190212,1300,1310,1295.3,1298.65,1482010
KOTAKBKETF,20190212,279.61,279.78,275.86,276.03,439882
KOTAKGOLD,20190212,289.9,289.9,287.55,288,6988
KOTAKNIFTY,20190212,111.46,112,111.2,111.56,22780
KOTAKNV20,20190212,57,59.9,55,55.77,12963
KOTAKPSUBK,20190212,284,285,279.63,280.32,1416
KOTARISUG,20190212,8.95,8.95,8.2,8.7,9536
KOTHARIPET,20190212,19.05,19.05,17.5,18.15,21602
KOTHARIPRO,20190212,93,93,85.15,85.65,7613
KPIT,20190212,112,114.25,109.6,113,1593244
KPRMILL,20190212,525.05,534.25,525,530.35,7039
KRBL,20190212,324.5,332.95,312.15,314.75,147495
KREBSBIO,20190212,88,91,87.05,89.5,356
KRIDHANINF,20190212,31,31.7,30.5,31,51629
KSB,20190212,679.7,679.7,651.1,658.8,6698
KSCL,20190212,539.6,541.15,502.45,508.2,1400150
KSERASERA,20190212,0.2,0.2,0.15,0.15,882529
KSK,20190212,0.95,1,0.9,1,624828
KSL,20190212,191.95,196,188,190.4,33067
KTIL,20190212,51.1,51.95,51,51.95,1567
KTKBANK,20190212,113.85,115.8,113.1,114.5,839724
KWALITY,20190212,4.75,5.15,4.75,5.15,2571390
L&TFH,20190212,125.85,128,124.65,125.55,3046347
LAKSHVILAS,20190212,58.1,60.55,57.8,60.15,911244
LALPATHLAB,20190212,1049.95,1065.65,1001,1009.85,38096
LAMBODHARA,20190212,40,40,37.4,37.8,2527
LAOPALA,20190212,202.1,210,200.05,209.75,31373
LASA,20190212,20,20.45,19.05,19.15,26766
LAURUSLABS,20190212,340.6,341.95,330,333.6,17252
LAXMIMACH,20190212,5610.95,5640.15,5520.3,5546.9,1356
LEEL,20190212,20.05,20.05,20.05,20.05,53819
LEMONTREE,20190212,69.7,72.7,69.7,72,256900
LGBBROSLTD,20190212,408.1,411.35,403.95,404.15,2170
LIBERTSHOE,20190212,142,142,138.3,139.2,19858
LICHSGFIN,20190212,448.6,453.55,443.2,446.65,1389125
LICNETFGSC,20190212,17.9,17.9,17.35,17.56,25681
LICNETFN50,20190212,112.99,112.99,112.99,112.99,4
LICNETFSEN,20190212,382,382,375.1,375.1,4
LINCOLN,20190212,190,191.15,174.95,178.95,75968
LINCPEN,20190212,226.2,227.1,216.3,217.55,1204
LINDEINDIA,20190212,428.95,448.9,424.95,438.1,88093
LIQUIDBEES,20190212,999.55,1000.01,999.55,1000,705371
LIQUIDETF,20190212,1000,1000.01,999.99,1000,13762
LOKESHMACH,20190212,42.25,42.5,41.25,42,14923
LOTUSEYE,20190212,25.1,25.2,23.5,23.8,1399
LOVABLE,20190212,90.9,92,89.8,90.25,13138
LPDC,20190212,4,4,3.5,3.95,5448
LSIL,20190212,0.95,0.95,0.9,0.95,227592
LT,20190212,1244.5,1264.9,1241.55,1246.85,1571390
LTI,20190212,1797,1835,1770.05,1788.05,101126
LTTS,20190212,1550,1559,1526.5,1545.45,35575
LUMAXIND,20190212,1452,1514,1452,1507.9,1003
LUMAXTECH,20190212,141.35,144,137.1,138.35,31994
LUPIN,20190212,822.55,824.75,806.25,810.95,1711425
LUXIND,20190212,1157,1191,1151,1177.1,47047
LYKALABS,20190212,23,23.2,22.25,22.5,6503
LYPSAGEMS,20190212,7,7.9,6.85,6.95,28201
M&M,20190212,647,657.8,644,648.7,3357448
M&MFIN,20190212,386,392.15,378.9,381.45,1686070
M100,20190212,17.45,17.45,16.95,17.07,44943
M50,20190212,106.02,106.02,104.09,104.09,549
MAANALU,20190212,88,88,84.4,85.55,2754
MADHAV,20190212,39,40.05,37.1,39.1,10610
MADHUCON,20190212,5.5,5.5,4.35,4.65,48822
MADRASFERT,20190212,22.15,22.15,20.85,21.1,100052
MAGADSUGAR,20190212,85,85.5,82.5,84.55,4411
MAGMA,20190212,88.15,92,85,86.05,725183
MAGNUM,20190212,5,5.65,4.5,5.1,8269
MAHABANK,20190212,13.2,13.25,13,13.05,261124
MAHAPEXLTD,20190212,96.95,102.55,92.85,102.5,2770
MAHASTEEL,20190212,133,138.4,125.8,137.05,520689
MAHINDCIE,20190212,229.85,229.85,222.7,223.8,55462
MAHLIFE,20190212,370,375.35,370,370.05,5539
MAHLOG,20190212,426.1,440,418.15,438.45,14795
MAHSCOOTER,20190212,3214.8,3230,3105.05,3120.35,4748
MAHSEAMLES,20190212,464,471.9,462.1,468.25,32427
MAITHANALL,20190212,379.95,388,365,369.5,64354
MAJESCO,20190212,472.7,476.95,461.55,466.2,27075
MALUPAPER,20190212,21.9,23.25,21,22.8,9306
MAN50ETF,20190212,108.15,108.15,108.15,108.15,10
MANAKALUCO,20190212,5.95,7.4,5.95,7.2,8219
MANAKCOAT,20190212,5.7,6.75,5.6,6.75,41429
MANAKSIA,20190212,37.5,39,34.45,35.7,23158
MANAKSTEEL,20190212,18,19.45,17.6,17.95,9179
MANALIPETC,20190212,23.75,24.6,22.85,23.6,263983
MANAPPURAM,20190212,102.5,105.35,102.25,104.75,3095013
MANDHANA,20190212,2.35,2.35,2.35,2.35,15685
MANGALAM,20190212,51.3,52.9,44.35,44.7,196713
MANGCHEFER,20190212,32,32,29.9,31.15,376862
MANGLMCEM,20190212,204.9,204.9,190.35,197.6,8225
MANGTIMBER,20190212,16.2,17.9,16.2,17.55,15341
MANINDS,20190212,55.1,59,55.1,56.4,48291
MANINFRA,20190212,35.55,35.75,34.1,34.4,62319
MANPASAND,20190212,83.25,86,75,81.25,431881
MANUGRAPH,20190212,28,28,26.2,26.8,3737
MARALOVER,20190212,24.25,25.85,24.1,25.35,6830
MARATHON,20190212,103.95,104,100.45,101.95,1473
MARICO,20190212,361.8,362.85,354.25,358.15,1274113
MARKSANS,20190212,24.5,25.15,24.2,24.35,1234257
MARUTI,20190212,7193,7230,7127.95,7162.5,494592
MASFIN,20190212,531.25,550,521.1,535.9,3284
MASTEK,20190212,391.95,394.35,386.65,391.6,26646
MATRIMONY,20190212,402.95,402.95,396,399.9,774
MAWANASUG,20190212,39.05,40.8,38.9,39.8,40671
MAXINDIA,20190212,77,77.7,75.2,76.3,494335
MAXVIL,20190212,45.4,46.2,43.25,45,59522
MAYURUNIQ,20190212,347.05,351.8,347.05,349.95,2693
MAZDA,20190212,325,340,298,312,10392
MBECL,20190212,8.1,8.15,7.7,8.15,21249
MBLINFRA,20190212,12.5,12.9,12,12.5,31482
MCDHOLDING,20190212,22.65,23.45,21.65,21.95,5353
MCDOWELL-N,20190212,531.2,535.5,525.05,528.45,655752
MCLEODRUSS,20190212,92,93,90,91.15,98779
MCX,20190212,685.15,707,682,696.85,410815
MEGASOFT,20190212,5.9,6.15,5.75,6.05,8912
MEGH,20190212,55.35,55.35,51.55,52,1293363
MENONBE,20190212,80,82.5,79.55,80.15,24655
MEP,20190212,38,38.7,36.7,37.75,132019
MERCATOR,20190212,8,8.1,7.8,8,230454
MERCK,20190212,3280,3300,3232.5,3236.45,7330
METALFORGE,20190212,6.3,6.7,6.3,6.4,24796
METKORE,20190212,1.1,1.15,1.05,1.1,1976
MFSL,20190212,372,396.1,370.05,392.1,869280
MGL,20190212,919,938.65,863.5,873.35,1367309
MHRIL,20190212,195.65,195.65,189.15,191.25,41768
MIC,20190212,0.75,0.8,0.7,0.7,536975
MIDHANI,20190212,121.4,121.4,115.5,116.15,67587
MINDACORP,20190212,130.2,137,129.5,131.45,67119
MINDAIND,20190212,265,269.35,265,268.05,283555
MINDTECK,20190212,37.8,37.8,33.4,34.9,3453
MINDTREE,20190212,920.4,928.3,894,900.3,2255202
MIRCELECTR,20190212,21.75,23.2,21,21.85,141118
MIRZAINT,20190212,60.15,60.8,57.4,57.85,187087
MMFL,20190212,473,481.35,473,476.25,1820
MMTC,20190212,24.35,24.75,23.95,24.5,656691
MODIRUBBER,20190212,45.1,45.1,45.1,45.1,51
MOHITIND,20190212,8.85,8.85,8.25,8.35,4235
MOHOTAIND,20190212,43.35,43.8,40.9,42.5,63044
MOIL,20190212,158.6,158.6,155.25,155.85,128896
MOLDTECH,20190212,42.5,43.9,42,42.5,6244
MOLDTKPAC,20190212,239.2,239.2,225.55,229.1,11965
MONSANTO,20190212,2609.85,2652,2533.6,2543.8,5060
MONTECARLO,20190212,379,382,379,379.8,28711
MORARJEE,20190212,20.05,20.15,19,19.15,3636
MOREPENLAB,20190212,17.1,17.25,16.9,17,266687
MOTHERSUMI,20190212,131.15,134.2,127.15,128.75,12036272
MOTILALOFS,20190212,590,592.1,571,575.5,51738
MOTOGENFIN,20190212,47,47,43.8,44.15,1892
MPHASIS,20190212,996.7,1024.95,992.25,1021.25,167643
MPSLTD,20190212,445.8,449.8,430,435.8,2150
MRF,20190212,55750,56178,54900,55355.4,10994
MRO-TEK,20190212,36.4,36.9,35,36.25,1666
MRPL,20190212,63.8,64.8,63.5,63.85,449576
MSPL,20190212,11,11,9.7,9.9,4208
MTEDUCARE,20190212,44.75,47.95,43.7,45.1,38052
MTNL,20190212,12.25,12.35,12.2,12.2,276081
MUKANDENGG,20190212,16,16.3,15,15.45,14421
MUKANDLTD,20190212,45.45,49.9,45.15,48.3,81514
MUKTAARTS,20190212,35.15,38,35,36.3,7704
MUNJALAU,20190212,53.95,54,51.9,52.25,69462
MUNJALSHOW,20190212,159.9,160.5,158.05,159.3,5035
MURUDCERA,20190212,19.8,19.8,18.2,19.2,27311
MUTHOOTCAP,20190212,775.8,809.95,765,803.45,24095
MUTHOOTFIN,20190212,505.5,515.85,505.25,512.85,647541
MVL,20190212,0.2,0.25,0.2,0.25,467593
N100,20190212,488,495,482.05,483.22,3042
NACLIND,20190212,29.85,29.9,28.5,29,308379
NAGAFERT,20190212,6.25,6.5,6.05,6.2,334847
NAGAROIL,20190212,0.4,0.5,0.4,0.4,825112
NAGREEKCAP,20190212,13,13,12.1,12.9,1426
NAGREEKEXP,20190212,21,23.3,20.8,21.4,1350
NAHARCAP,20190212,78.25,81.95,78.25,80.7,2860
NAHARINDUS,20190212,42.75,43,42.05,42.25,5381
NAHARPOLY,20190212,36,37.15,35.6,36.65,1928
NAHARSPING,20190212,95.5,95.5,86.6,87.9,87260
NATCOPHARM,20190212,668.5,684.35,658,666.7,151057
NATHBIOGEN,20190212,342,350,331.95,344.8,10284
NATIONALUM,20190212,53.8,54.35,51.95,52.15,10210176
NATNLSTEEL,20190212,4.3,4.55,3.95,4.5,16316
NAUKRI,20190212,1703.95,1719.95,1604.3,1622.95,178731
NAVINFLUOR,20190212,600,616,590.5,614.35,28557
NAVKARCORP,20190212,41.2,41.7,39.4,39.7,222960
NAVNETEDUL,20190212,105.8,106.5,104.75,105.8,33321
NBCC,20190212,53.1,54.35,52.85,53.9,3557221
NBIFIN,20190212,1187.55,1187.55,1150.1,1150.1,15
NBVENTURES,20190212,103.5,104,99.3,100.05,275026
NCC,20190212,79.1,84.65,78.55,83.55,24202434
NCLIND,20190212,110,111,104.8,105.35,33669
NDGL,20190212,731.15,740.05,731.1,737.85,96
NDL,20190212,51.35,51.35,47.45,48.1,60768
NDTV,20190212,36.45,36.45,34.7,35.05,7212
NECCLTD,20190212,7.25,7.55,7,7.4,18863
NECLIFE,20190212,16.6,16.9,16.2,16.4,64489
NELCAST,20190212,72.55,72.55,70,70.2,48899
NELCO,20190212,229.95,234,224,229.5,16144
NESCO,20190212,442.45,445.3,423.1,438.45,37607
NESTLEIND,20190212,10835,10850,10615.7,10783.8,97576
NETF,20190212,110,110,109.27,109.27,2
NETWORK18,20190212,33.3,34.5,33.25,33.5,119809
NEULANDLAB,20190212,482.4,498.9,476.35,493.55,4745
NEWGEN,20190212,297.85,304.8,296.6,299.1,7078
NEXTMEDIA,20190212,25.55,25.6,25.25,25.55,37765
NFL,20190212,34.65,34.95,34.5,34.75,151985
NH,20190212,193.85,199,193,197.25,10991
NHPC,20190212,23.4,24.15,23.35,23.6,20483863
NIACL,20190212,170.25,174.9,169,172.55,23712
NIBL,20190212,18.8,18.85,18.8,18.85,2
NIFTYBEES,20190212,1142.15,1144.2,1134.75,1135.79,15626
NIFTYEES,20190212,12228,12228,12228,12228,1
NIITLTD,20190212,85.5,86.2,82.25,82.85,447569
NIITTECH,20190212,1332,1334,1287.05,1295.9,427669
NILAINFRA,20190212,6.75,7,6.7,6.75,132945
NILASPACES,20190212,2.85,2.9,2.75,2.8,592796
NILKAMAL,20190212,1300.1,1304,1285,1289.35,6700
NIPPOBATRY,20190212,669,669,627.1,634.75,1375
NITCO,20190212,34,34.9,33.55,34.35,60471
NITESHEST,20190212,5.4,5.9,5.4,5.4,63040
NITINFIRE,20190212,1.15,1.25,1.15,1.2,39623
NITINSPIN,20190212,81.15,82.15,78.05,80.25,29773
NKIND,20190212,39.15,39.15,36.2,37.65,3
NLCINDIA,20190212,62.1,68.8,62,64.9,293827
NMDC,20190212,94.2,96.55,93.75,95.2,3652880
NOCIL,20190212,123.6,125.15,120,120.7,408076
NOIDATOLL,20190212,5.85,6.1,5.85,6,23344
NRAIL,20190212,302.15,314.5,300.3,301.35,14577
NRBBEARING,20190212,184.5,191,181.3,189.6,80234
NSIL,20190212,1010.05,1024.9,1005.5,1006.35,205
NTPC,20190212,130.05,133.95,130,133.25,12417295
NUCLEUS,20190212,339.75,340.6,323.4,331.4,15742
NUTEK,20190212,0.25,0.3,0.25,0.25,6693
OBEROIRLTY,20190212,444.65,455.8,443,445.3,529202
OCCL,20190212,1063.25,1088,1014.95,1032.85,6769
OFSS,20190212,3780,3848.95,3762.9,3809.15,15536
OIL,20190212,170.45,172,169.05,169.8,644466
OILCOUNTUB,20190212,12.95,12.95,11.8,11.85,16948
OISL,20190212,2.15,2.3,2.15,2.3,84263
OLECTRA,20190212,203,203,192.5,199.25,24286
OMAXAUTO,20190212,84.05,84.95,81.3,82.05,26777
OMAXE,20190212,212.55,212.55,210.2,210.9,315930
OMKARCHEM,20190212,16,16.55,15.05,16.35,51959
OMMETALS,20190212,29,29.8,29,29.35,9152
ONELIFECAP,20190212,10.55,11.3,10.3,10.35,213
ONGC,20190212,138.5,140.95,136.55,137.45,6816203
ONMOBILE,20190212,32.5,33.25,32,32.6,44035
ONWARDTEC,20190212,60.75,62,58.2,61.05,651
OPTIEMUS,20190212,118.4,120.75,117.3,119.85,25304
OPTOCIRCUI,20190212,8.8,9.2,8.6,8.85,378099
ORBTEXP,20190212,100,100,98.5,100,7055
ORICONENT,20190212,25,26.15,24.6,25.55,49743
ORIENTABRA,20190212,24.4,25.2,24.2,24.35,33298
ORIENTALTL,20190212,15.45,15.5,12.1,12.7,246999
ORIENTBANK,20190212,85,86.25,83.5,83.95,2180537
ORIENTBELL,20190212,154,158.05,151,154.7,4174
ORIENTCEM,20190212,65.05,69.7,65.05,68.6,24081
ORIENTELEC,20190212,135,135.5,131.25,133.85,201559
ORIENTHOT,20190212,40.05,41.3,39.2,40.3,15634
ORIENTLTD,20190212,136.05,149,136,149,38
ORIENTPPR,20190212,32.4,34,32.4,33.25,182553
ORIENTREF,20190212,199.9,209.65,198.1,201.5,39170
ORISSAMINE,20190212,712.05,766,701.1,716.4,7583
ORTEL,20190212,3.5,3.6,3.5,3.6,4500
ORTINLABSS,20190212,13.9,14.2,13.5,13.85,2635
OSWALAGRO,20190212,7.05,7.2,6.8,7,1395
PAGEIND,20190212,23701,23962,23631,23713.45,15183
PAISALO,20190212,305,305.05,305,305.05,210
PALASHSECU,20190212,34.15,35,34.15,35,204
PALREDTEC,20190212,31.05,34.8,31,32.05,23426
PANACEABIO,20190212,154.9,157.05,148.3,153.75,39802
PANAMAPET,20190212,105.05,108.85,98.55,99.75,51366
PAPERPROD,20190212,159.1,162.4,155.8,156.4,14724
PARABDRUGS,20190212,1.85,1.85,1.75,1.75,2506
PARACABLES,20190212,11.05,11.6,10.8,11,52746
PARAGMILK,20190212,211.5,211.75,204.15,205.05,130497
PARSVNATH,20190212,5.85,6.1,5.55,5.7,65633
PATELENG,20190212,23.8,24.55,22.75,23.6,198627
PATINTLOG,20190212,37.7,39,36.2,36.95,4645
PATSPINLTD,20190212,12,12.35,11,11.5,5913
PCJEWELLER,20190212,67.3,68.45,65.3,66.45,12092433
PDMJEPAPER,20190212,19.4,20.2,18.55,18.9,27714
PDPL,20190212,8.2,8.6,7.8,7.85,17007
PDSMFL,20190212,259,259,258,258,184
PEARLPOLY,20190212,11.5,11.5,10.75,10.75,2525
PEL,20190212,2122,2193,2122,2178.8,501401
PENIND,20190212,34,35,33.9,34,111223
PENINLAND,20190212,7.55,7.75,7.35,7.5,244651
PENPEBS,20190212,56.45,58.2,52.55,54.2,3561
PERSISTENT,20190212,637.8,659.8,635,644.4,194669
PETRONENGG,20190212,28.95,28.95,27,27,682
PETRONET,20190212,223,226.15,221.75,222.55,1903967
PFC,20190212,99.9,101.5,99.25,99.75,8039012
PFIZER,20190212,2965,2965,2872.05,2899.95,17587
PFOCUS,20190212,52,52.9,50.35,52.65,12992
PFS,20190212,14.25,14.25,13.55,14,285398
PGEL,20190212,79.55,81.7,77,79.55,49199
PGHH,20190212,10160.5,10205.05,10018,10177.15,4533
PGIL,20190212,135,143,134.1,141.55,7294
PHILIPCARB,20190212,154.95,155,150.1,152.95,706506
PHOENIXLTD,20190212,590.05,597.95,578,580.7,76546
PIDILITIND,20190212,1127,1142.9,1108.5,1135.85,667613
PIIND,20190212,849.35,915,848.05,884.3,899982
PILANIINVS,20190212,1970,1970,1881,1882.1,141
PILITA,20190212,6.2,6.45,6.2,6.3,5007
PIONDIST,20190212,136.95,139.35,133,138.55,20161
PIONEEREMB,20190212,24,24,22.55,23.05,11596
PIRPHYTO,20190212,26.9,28,26.9,27.3,3227
PITTIENG,20190212,51.55,51.55,49.4,50,25835
PKTEA,20190212,151,159.6,150,151.75,532
PLASTIBLEN,20190212,171.55,172.95,170,171.65,2331
PNB,20190212,71.2,72.25,70.85,71.35,13405209
PNBGILTS,20190212,28.4,29.3,28.3,28.65,59347
PNBHOUSING,20190212,950,950,905,914.25,104870
PNC,20190212,19,19.8,16.55,17.05,5393
PNCINFRA,20190212,143.55,144.8,141.15,143.05,24268
PODDARHOUS,20190212,475,496.95,460.05,473.55,602
PODDARMENT,20190212,154.9,166,152.1,160.5,674
POKARNA,20190212,160.1,164,160.1,162.7,8944
POLYMED,20190212,216.55,219.95,215,216.25,8372
POLYPLEX,20190212,454.95,479,450.8,473.35,76810
PONNIERODE,20190212,123.15,127.95,123.15,124.25,205
POWERGRID,20190212,183,186.4,180.45,181.25,6710853
POWERMECH,20190212,823.95,859.9,821.2,847.95,2278
PPAP,20190212,260,262,251.05,258.35,29448
PRABHAT,20190212,58.55,58.55,57.5,58.55,230854
PRAENG,20190212,7.7,9.5,7.4,9,131616
PRAJIND,20190212,139.75,144,139.6,140.85,2953773
PRAKASH,20190212,86,87.2,83.5,86.2,454839
PRAKASHCON,20190212,3.4,3.45,3.1,3.25,184305
PRAKASHSTL,20190212,0.3,0.3,0.3,0.3,65686
PRAXIS,20190212,158.55,162.9,155.8,157,2461
PRECAM,20190212,53.5,55.25,52,52.5,31968
PRECOT,20190212,53.05,53.05,50.3,50.75,3139
PRECWIRE,20190212,187.35,192,174.35,177.6,37744
PREMEXPLN,20190212,211,214.9,206.1,210.75,5717
PREMIER,20190212,5.6,5.75,5.25,5.75,17183
PREMIERPOL,20190212,24.5,25.5,24.3,24.55,382
PRESSMN,20190212,24.95,26.25,24.55,24.55,1176
PRESTIGE,20190212,198.2,203,198.2,201.05,195059
PRICOLLTD,20190212,35.25,36.9,35.25,36.55,44152
PRIMESECU,20190212,42,43.5,41.35,42.85,37640
PROSEED,20190212,0.5,0.5,0.45,0.45,149591
PROVOGE,20190212,1.35,1.35,1.35,1.35,4678
PROZONINTU,20190212,27.05,27.5,26.75,27.05,20799
PRSMJOHNSN,20190212,70.5,71.9,69.5,70.6,85488
PSB,20190212,25.7,25.9,25.3,25.55,82805
PSL,20190212,0.9,0.9,0.85,0.85,22875
PSPPROJECT,20190212,399.7,399.7,385.2,392.3,16727
PSUBNKBEES,20190212,315.92,316.74,310,310.72,2606
PTC,20190212,71.05,73.6,71.05,73,819872
PTL,20190212,38,38.2,37.4,37.85,7294
PUNJABCHEM,20190212,667.9,669.95,651.55,663.25,1631
PUNJLLOYD,20190212,1.9,1.9,1.9,1.9,321386
PURVA,20190212,69.25,72,69.2,70.25,61421
PVP,20190212,3.5,3.6,3.45,3.45,56434
PVR,20190212,1500,1514.85,1446.9,1454.9,252452
QGOLDHALF,20190212,1454,1457,1449.55,1453.5,804
QNIFTY,20190212,1107,1107,1107,1107,1
QUESS,20190212,635,672.95,632.85,663.8,50414
QUICKHEAL,20190212,183.6,183.75,180.95,181.65,39379
RADAAN,20190212,2.75,2.75,2.75,2.75,8696
RADICO,20190212,418.5,426.95,414.2,417.1,235232
RADIOCITY,20190212,282.2,286,275.5,285.4,4511
RAIN,20190212,100.2,105,98.8,100.35,678735
RAINBOWPAP,20190212,0.7,0.8,0.7,0.75,7125
RAJESHEXPO,20190212,571.5,574.85,567.55,569.75,628304
RAJSREESUG,20190212,20.05,20.95,20,20.55,10531
RAJTV,20190212,43,44.1,40.5,43,3750
RALLIS,20190212,154.1,155.65,151,151.3,190808
RAMANEWS,20190212,22.7,22.75,22,22.1,14535
RAMASTEEL,20190212,90,90,82.5,83.35,43249
RAMCOCEM,20190212,593,609,593,605.25,117564
RAMCOIND,20190212,181,190.45,181,185.9,19759
RAMCOSYS,20190212,202.05,225.7,202.05,219.85,53013
RAMGOPOLY,20190212,3,3,3,3,103
RAMKY,20190212,130.95,132.95,126.55,128.2,25191
RANASUG,20190212,2.7,2.9,2.65,2.9,128533
RANEENGINE,20190212,457.1,457.1,450,450.05,2953
RANEHOLDIN,20190212,1009.5,1029.9,994.8,1013.7,2779
RATNAMANI,20190212,845.15,859.85,843.95,856.2,1983
RAYMOND,20190212,687,699,680,695.1,614403
RBL,20190212,527.9,533.65,520,525.5,2427
RBLBANK,20190212,564.5,571.85,560.2,563.5,943928
RCF,20190212,54.25,55.2,54.1,54.2,589581
RCOM,20190212,5.35,5.75,5.1,5.65,88569746
RECLTD,20190212,119.2,123,119.2,122.05,5270857
REDINGTON,20190212,66.15,77,64.25,72.25,4866712
REFEX,20190212,20.25,20.7,19.95,19.95,37110
REGENCERAM,20190212,3.4,3.4,3.4,3.4,195
RELAXO,20190212,742,750,738,746.65,3900
RELCAPITAL,20190212,134.7,140.95,126.6,136.6,19731523
RELCNX100,20190212,113.43,113.54,112.44,113.54,156
RELCONS,20190212,51,51.99,50.43,50.78,2461
RELDIVOPP,20190212,28.9,28.9,28.6,28.9,151
RELIANCE,20190212,1251.5,1272.35,1251.5,1256.4,6399485
RELIGARE,20190212,19,20.05,18.8,19.55,294635
RELINFRA,20190212,116.45,118.5,106.75,112.65,36900192
RELNV20,20190212,564,564,558,561.71,1075
REMSONSIND,20190212,101.5,103.95,84,86.8,12522
RENUKA,20190212,10.1,10.45,9.95,10.3,521457
REPCOHOME,20190212,368,375.25,357,369.6,457051
REPRO,20190212,572,572,561.4,567.15,1135
RESPONIND,20190212,92,92,87.65,90.95,100572
RETFMID150,20190212,58.85,58.85,58.85,58.85,150
REVATHI,20190212,371,380.95,353.25,373.4,371
RHFL,20190212,26.3,26.3,23.7,24.35,587289
RICOAUTO,20190212,59.2,61.1,57.6,60.7,178608
RIIL,20190212,274.45,274.75,268.9,271.35,101757
RITES,20190212,222.75,227,212,213.25,1006612
RJL,20190212,291.3,311,286.5,303.5,8181
RKDL,20190212,8.4,8.4,7.6,7.85,4640
RKFORGE,20190212,460.45,483.4,458.05,462.25,8666
RMCL,20190212,24.15,24.45,22.65,24.05,78372
RML,20190212,383.85,386.85,381,382.55,753
RNAM,20190212,152.15,160.45,152.15,157.3,249486
RNAVAL,20190212,8.65,9.05,8.2,8.6,1426158
ROHLTD,20190212,98.4,101.6,95.65,96.9,18582
ROLLT,20190212,2.15,2.35,2.15,2.3,7518
ROLTA,20190212,4.25,4.3,4,4.3,4061883
ROSSELLIND,20190212,69.1,69.5,68.05,68.4,811
RPGLIFE,20190212,205,214,205,210.05,21508
RPOWER,20190212,11,11.1,10.6,10.75,52397665
RPPINFRA,20190212,92,99,92,96.2,6169
RRSLGETF,20190212,18.21,18.21,18.21,18.21,69
RSSOFTWARE,20190212,26.9,27.3,26.05,26.55,21408
RSWM,20190212,180.1,182.35,175.05,177.25,22388
RSYSTEMS,20190212,50.35,50.65,50.05,50.2,6907
RTNINFRA,20190212,2.8,3,2.8,2.95,123403
RTNPOWER,20190212,2.85,2.9,2.75,2.85,1213848
RUBYMILLS,20190212,272.7,276,268,271.65,4773
RUCHINFRA,20190212,2.35,2.45,2.25,2.25,19232
RUCHIRA,20190212,101,104,99.15,99.65,36430
RUCHISOYA,20190212,5.65,6.1,5.6,5.8,702120
RUPA,20190212,316.9,324,307,307.85,13950
RUSHIL,20190212,511.55,511.75,461.05,473.85,15648
SABTN,20190212,3,3,2.95,2.95,75366
SADBHAV,20190212,179.55,180.35,169.5,176.1,123106
SADBHIN,20190212,85.5,88.9,84.1,87.5,4712
SAGARDEEP,20190212,100.75,105,95.55,103.8,328460
SAGCEM,20190212,604,616.8,595,605.65,1882
SAIL,20190212,44.95,47.95,44.5,47.3,31711149
SAKHTISUG,20190212,9.25,9.7,8.6,9.2,145853
SAKSOFT,20190212,255.4,256.6,246.1,250.55,3880
SAKUMA,20190212,37.85,38.25,37.1,38.05,523795
SALASAR,20190212,240.15,250,229,245.05,48110
SALONA,20190212,74.8,78,63.05,63.7,1694
SALSTEEL,20190212,5.25,5.55,5.2,5.25,20861
SALZERELEC,20190212,115.9,116,107.8,109.75,13359
SAMBHAAV,20190212,3.2,3.9,3.05,3.7,45145
SANCO,20190212,15.25,15.25,13.65,13.9,10878
SANDESH,20190212,676,693,675.95,684.15,379
SANDHAR,20190212,272.1,273,261.95,265.6,5897
SANGAMIND,20190212,57.65,59.5,57.6,58.05,4253
SANGHIIND,20190212,52,53.45,51.65,52.6,38800
SANGHVIFOR,20190212,26,26,22.55,23.55,804
SANGHVIMOV,20190212,88.15,88.15,85.1,85.35,13594
SANOFI,20190212,6284.7,6397.8,6265,6311.9,12801
SANWARIA,20190212,8.5,8.8,8.3,8.45,904630
SARDAEN,20190212,246.05,262,246.05,260.2,37141
SAREGAMA,20190212,557.1,563.35,545,548.9,8711
SARLAPOLY,20190212,23.8,24.65,23.65,23.7,32892
SASKEN,20190212,590,599.4,571.1,579.4,10771
SASTASUNDR,20190212,109.5,114.25,106.05,109.85,19808
SATHAISPAT,20190212,8.15,8.5,8.05,8.1,4294
SATIN,20190212,236.4,239,229.05,236.35,27259
SBIETFQLTY,20190212,97.1,97.1,95.68,96.25,1535
SBILIFE,20190212,569.85,585.65,562.1,574.7,288095
SBIN,20190212,280.65,282.2,274.65,275.4,15326106
SCAPDVR,20190212,0.7,0.7,0.6,0.6,32222
SCHAEFFLER,20190212,5352.6,5563.95,5352.6,5530.1,6209
SCHAND,20190212,215,220.3,214,217.1,6384
SCHNEIDER,20190212,87.2,88.7,87.2,88.05,16020
SCI,20190212,38,38.3,35,35.85,553251
SDBL,20190212,133.1,134.9,128.5,130,17679
SEAMECLTD,20190212,317.9,318.95,305,314.95,18332
SELAN,20190212,160.55,164,160.05,161.55,25069
SELMCL,20190212,1.15,1.15,1.05,1.1,152144
SEPOWER,20190212,3.4,3.95,3.4,3.45,635
SEQUENT,20190212,75.55,78.25,75,75.75,623624
SESHAPAPER,20190212,975,982.45,950.1,950.9,4649
SETCO,20190212,31.1,31.1,29.2,29.9,292008
SETFGOLD,20190212,2946.5,2967,2946.5,2962.1,4848
SETFNIF50,20190212,111.15,111.35,110.33,110.46,25529
SETFNIFBK,20190212,275.55,275.55,272.5,273.03,1955
SETFNN50,20190212,267.1,267.88,265.87,266.12,6668
SFL,20190212,1277.05,1285.25,1264.95,1279.2,1386
SGL,20190212,5.55,6.45,5.55,5.95,10586
SHAHALLOYS,20190212,17.1,17.9,16.5,17.1,4767
SHAKTIPUMP,20190212,393.2,397,381.1,387.5,94318
SHALBY,20190212,132,133,131,132.05,25947
SHALPAINTS,20190212,58.7,61.55,57.6,58.9,130853
SHANKARA,20190212,359.5,367.7,355,367.7,58061
SHANTIGEAR,20190212,115.8,120.6,115,118.05,21334
SHARDACROP,20190212,328.25,328.25,319.55,320.7,23309
SHARDAMOTR,20190212,1193.5,1230.05,1190,1209.05,744
SHARIABEES,20190212,245.6,245.97,245.6,245.97,61
SHEMAROO,20190212,358,359,345.05,350.1,9219
SHILPAMED,20190212,353.25,368.1,352.35,355.8,11902
SHIRPUR-G,20190212,47.4,49.4,45.05,45.55,9924
SHIVAMAUTO,20190212,31.5,31.5,26.45,28,179101
SHIVAMILLS,20190212,47.6,54.4,47.6,48.5,4359
SHIVATEX,20190212,154.6,159,148,150.35,809
SHK,20190212,160.1,164.65,160.1,160.8,4470
SHOPERSTOP,20190212,491.25,504.8,482,501.35,32574
SHREECEM,20190212,15950,16217.95,15731,15821.35,14344
SHREEPUSHK,20190212,128,131.3,127.35,129.25,16796
SHREERAMA,20190212,6,6,5.6,5.65,416
SHREYANIND,20190212,135.65,136.55,129.5,131.6,14034
SHREYAS,20190212,195.05,206,195.05,204.95,2579
SHRIPISTON,20190212,1038,1038,950,994.05,6
SHRIRAMCIT,20190212,1551.3,1558,1508.7,1544.6,1673
SHRIRAMEPC,20190212,9,9.45,8.85,8.95,31493
SHYAMCENT,20190212,5.4,5.4,4.65,4.9,38043
SICAGEN,20190212,18.95,19.8,18.75,18.85,6145
SICAL,20190212,126.4,135.8,124,129.8,32400
SIEMENS,20190212,1036.8,1048.6,1005,1012.8,356646
SIGIND,20190212,40,40,38.1,39.6,3887
SIL,20190212,14.25,14.7,14.05,14.6,4121
SILINV,20190212,166.15,176.85,166.1,169.25,592
SIMBHALS,20190212,9,9,8.3,8.45,17226
SIMPLEXINF,20190212,143,147,137,145,32504
SINTEX,20190212,8.6,8.85,8.2,8.25,1692346
SIS,20190212,755.1,771.95,755.1,758.9,26622
SITASHREE,20190212,0.55,0.6,0.55,0.6,15530
SITINET,20190212,4.2,4.3,4.2,4.2,340906
SIYSIL,20190212,344.95,346.45,339.95,340,5874
SJVN,20190212,25.6,25.85,25.5,25.65,373541
SKFINDIA,20190212,1921.3,1949.9,1919.95,1944.05,13694
SKIL,20190212,12.3,12.9,11.7,12.1,6216
SKIPPER,20190212,54,60,53,57.7,52791
SKMEGGPROD,20190212,54.5,54.95,53.5,53.65,11878
SMARTLINK,20190212,79.95,79.95,78.05,78.05,3995
SMLISUZU,20190212,563,565,549.2,550.5,11441
SMPL,20190212,0.35,0.4,0.35,0.4,15050
SMSLIFE,20190212,668,668,614.3,614.3,11928
SMSPHARMA,20190212,65.55,65.7,63.1,64.65,23958
SNOWMAN,20190212,29.5,30.45,29.4,29.55,148388
SOBHA,20190212,463.55,463.55,449,450.15,226363
SOLARA,20190212,373.3,385,371,378.35,29087
SOLARINDS,20190212,979.95,980,956,965.15,14322
SOMANYCERA,20190212,336,336,310,315.15,22488
SOMATEX,20190212,4,4,3.85,3.85,751
SOMICONVEY,20190212,28,29.05,26.9,27.2,2136
SONATSOFTW,20190212,325.95,334.45,325,330.3,70896
SORILINFRA,20190212,224.75,235.95,216.25,235.7,120312
SOTL,20190212,969.95,972,965,965.05,316
SOUTHBANK,20190212,13.5,13.5,13.05,13.15,15284378
SPAL,20190212,236.35,244.35,232,240.65,15264
SPARC,20190212,153.05,157.9,151.15,156.2,919041
SPCENET,20190212,0.8,0.85,0.8,0.85,8095
SPECIALITY,20190212,94.05,94.5,91.75,92.15,18858
SPENCERS,20190212,144.05,147.5,134.15,134.3,878739
SPENTEX,20190212,1.2,1.25,1.2,1.2,2700
SPIC,20190212,23.15,23.5,22.85,22.9,60763
SPICEMOBI,20190212,7.3,8.95,7.1,8.15,42646
SPLIL,20190212,58.45,58.45,57.3,58.45,54448
SPMLINFRA,20190212,29.15,31.6,28.3,29.9,13503
SPTL,20190212,17.75,18.5,17.75,17.95,979370
SPYL,20190212,0.25,0.25,0.2,0.2,144254
SQSBFSI,20190212,447,447,431.05,435.05,1140
SREEL,20190212,198.05,203,194.75,198.05,16190
SREINFRA,20190212,23.15,24.3,22.8,24.05,4945760
SRF,20190212,2223.9,2235.85,2186.65,2196.5,207479
SRHHYPOLTD,20190212,143.9,143.9,138.5,141.6,3683
SRIPIPES,20190212,182.95,183.2,180.3,180.85,34997
SRTRANSFIN,20190212,1059,1070,1033.5,1042.65,1178920
SSWL,20190212,862,888,856.05,864.85,2313
STAMPEDE,20190212,0.9,0.9,0.85,0.9,114497
STAR,20190212,401.8,417.85,400,412.25,1485899
STARCEMENT,20190212,88,88.5,85,86.4,14129
STARPAPER,20190212,118.2,121.3,115,115.2,72334
STCINDIA,20190212,101.25,107.4,98.6,105.5,163834
STEELXIND,20190212,14.1,14.95,13.25,13.85,4630
STEL,20190212,91.75,92.4,89,91.9,2034
STERTOOLS,20190212,288,292.95,267.95,269.6,30753
STRTECH,20190212,219.7,222.5,215.1,216.7,896007
SUBCAPCITY,20190212,16.65,16.65,16.65,16.65,10
SUBEX,20190212,5.7,6.1,5.7,6.05,1345758
SUBROS,20190212,243.7,252.8,242.15,247.9,33735
SUDARSCHEM,20190212,298.8,309,298.8,305.35,26939
SUJANAUNI,20190212,0.3,0.35,0.25,0.3,146444
SUMEETINDS,20190212,3.4,3.5,3.3,3.35,96373
SUMMITSEC,20190212,501.35,508.95,499.1,505.55,2632
SUNCLAYLTD,20190212,2650,2650,2525.1,2531.65,26311
SUNDARAM,20190212,1.85,1.85,1.7,1.7,206605
SUNDARMFIN,20190212,1370.7,1379.95,1369,1370.3,60547
SUNDARMHLD,20190212,84.85,87,84.75,84.9,6926
SUNDRMBRAK,20190212,323,329.85,300.2,306.2,1177
SUNDRMFAST,20190212,515.5,519.95,510.1,512.7,48415
SUNFLAG,20190212,40.35,45.5,40.35,44.15,253539
SUNILHITEC,20190212,1.1,1.2,1.1,1.15,529937
SUNPHARMA,20190212,427.2,444,424.05,436.6,8559968
SUNTECK,20190212,348.25,356.8,345.65,353.55,151932
SUNTV,20190212,570.25,578.5,558,560.8,4646752
SUPERHOUSE,20190212,118.05,118.85,114,115.15,20649
SUPERSPIN,20190212,5.9,6.4,5.85,6.3,6513
SUPPETRO,20190212,209.5,210,205,209.9,24176
SUPRAJIT,20190212,198.9,200,189.05,189.8,24458
SUPREMEIND,20190212,1000,1000,990,990.85,12438
SUPREMEINF,20190212,17.3,18.4,16.8,18.4,73360
SURANASOL,20190212,6.95,7.2,6.75,7.15,6886
SURANAT&P,20190212,4.45,4.65,4.45,4.45,10076
SURYALAXMI,20190212,35,35.05,31.5,32.25,10673
SURYAROSNI,20190212,207.8,209,205.05,206.1,41629
SUTLEJTEX,20190212,34.95,36,34.3,35,28347
SUVEN,20190212,227.45,239.15,226.5,237.1,672390
SUZLON,20190212,3.45,3.65,3.3,3.45,29672745
SWANENERGY,20190212,97,98,95.55,97.55,190037
SWARAJENG,20190212,1355.05,1371.85,1330,1340.6,1942
SWELECTES,20190212,213.7,213.7,206,207.25,5406
SYMPHONY,20190212,1184.8,1195.8,1155.7,1177.55,5576
SYNCOM,20190212,1.5,1.5,1.5,1.5,6183
SYNDIBANK,20190212,32.7,33.95,32.1,32.35,4418529
SYNGENE,20190212,597,599.05,587,595,80869
TAINWALCHM,20190212,60.2,63.8,60,63.1,981
TAJGVK,20190212,175,177.45,172.85,176.95,9297
TAKE,20190212,130.8,130.8,125.1,125.95,227612
TALBROAUTO,20190212,194,197.75,185.3,187.95,9542
TALWALKARS,20190212,39.1,40.55,39,40,166515
TALWGYM,20190212,107.8,108.8,106.05,108.2,28245
TANLA,20190212,33.85,34.75,33.6,34.25,97591
TANTIACONS,20190212,3.35,3.5,3.2,3.5,2275
TARAJEWELS,20190212,0.7,0.7,0.65,0.65,72589
TARAPUR,20190212,3.15,3.15,3.15,3.15,1
TARMAT,20190212,33.4,34.75,33.35,33.75,7225
TASTYBITE,20190212,7919,7919.8,7650,7684.75,332
TATACHEM,20190212,583,586.2,566.45,569,838047
TATACOFFEE,20190212,83.9,84.75,83.05,84.35,125643
TATACOMM,20190212,484.95,488.4,480.05,484.55,552836
TATAELXSI,20190212,907,911.7,884.55,888.3,391811
TATAGLOBAL,20190212,179.05,189,178.6,186.55,2805228
TATAINVEST,20190212,831.1,843.8,825,831.2,9675
TATAMETALI,20190212,596.45,612,593.65,599.9,38612
TATAMOTORS,20190212,152.95,154.4,150.6,151.8,14174912
TATAMTRDVR,20190212,81,81.6,80,80.35,1965087
TATAPOWER,20190212,65.65,67.25,65.5,66.3,4213698
TATASPONGE,20190212,723,749.45,718.05,729.9,96073
TATASTEEL,20190212,478.4,497.2,476.7,487.4,18836111
TATASTLBSL,20190212,29,29,27.6,28.45,260484
TBZ,20190212,57.7,57.85,56.8,57.1,54360
TCI,20190212,285,287,282.1,284.8,6840
TCIDEVELOP,20190212,341,348.05,340.5,343.9,68
TCIEXP,20190212,617,625,614,620.75,35144
TCIFINANCE,20190212,13,13.55,13,13.15,5078
TCNSBRANDS,20190212,726.1,745,716.25,741.15,51579
TCPLPACK,20190212,381.2,398.8,381.2,386.05,1851
TCS,20190212,2070,2070,2018,2051.6,2422903
TDPOWERSYS,20190212,127.4,129.2,127.4,127.75,33718
TEAMLEASE,20190212,2790,2880,2781.5,2840.4,26110
TECHM,20190212,809.9,814.9,796.45,805.15,2416559
TECHNOE,20190212,225.05,231,219.05,221.15,32648
TECHNOFAB,20190212,120.05,122,116.4,118.5,513
TEJASNET,20190212,145.15,154,138.05,140.9,94909
TERASOFT,20190212,44.9,46,42,42.9,17803
TEXINFRA,20190212,54.9,55.85,50.4,54.9,698056
TEXMOPIPES,20190212,19.8,23.9,19.8,22.3,395700
TEXRAIL,20190212,56.35,56.35,55.1,55.4,91216
TFCILTD,20190212,132.5,134.85,131.6,134.15,413249
TFL,20190212,4.55,4.95,4.2,4.75,6611
TGBHOTELS,20190212,13.05,14.1,13.05,13.4,10360
THANGAMAYL,20190212,325,335,318.25,319.35,4928
THEINVEST,20190212,142.5,155.95,142,149,6173
THEMISMED,20190212,280,284.95,280,284.95,195
THERMAX,20190212,1061,1072,1022.8,1061.6,26726
THIRUSUGAR,20190212,16.95,17,16.3,16.4,3071
THOMASCOOK,20190212,212.9,212.9,208,210.25,75354
THOMASCOTT,20190212,6.65,6.65,6.65,6.65,56
THYROCARE,20190212,488.05,502,485,495.95,29490
TI,20190212,15.75,16.1,14.7,14.85,84362
TIDEWATER,20190212,4900,4962.95,4888,4903.7,902
TIFIN,20190212,437.05,437.7,425,431.2,20496
TIIL,20190212,556.7,560.95,549,551.15,2685
TIINDIA,20190212,345.05,350,341.6,348.75,27483
TIJARIA,20190212,15,15.9,14.65,14.95,17332
TIL,20190212,211.2,213.1,208.5,209.1,1082
TIMESGTY,20190212,26.85,28.9,26.8,27.35,576
TIMETECHNO,20190212,76.75,80.85,76,77.9,117830
TIMKEN,20190212,556.7,565,550,552,7631
TINPLATE,20190212,128,130.3,126.5,127.25,213222
TIPSINDLTD,20190212,59.35,61.5,59.35,59.75,2352
TIRUMALCHM,20190212,69.5,70,67.6,68,201226
TITAN,20190212,1058,1073.95,1050.1,1066.25,3075801
TMRVL,20190212,32,32,29.5,30.25,20650
TNPETRO,20190212,32.25,33.5,31,32.15,84960
TNPL,20190212,202.1,203.45,189.2,192.3,67387
TNTELE,20190212,1.45,1.45,1.45,1.45,10
TOKYOPLAST,20190212,46.2,49.75,46.2,48.65,3024
TORNTPHARM,20190212,1803.9,1815,1788,1798.95,80129
TORNTPOWER,20190212,233.15,240.3,233.15,235.4,893704
TPLPLASTEH,20190212,119.15,123.25,117,118.1,3603
TREEHOUSE,20190212,3.6,3.8,3.45,3.75,13014
TREJHARA,20190212,29.45,29.45,29.45,29.45,4111
TRENT,20190212,342.65,344,340,340.7,81398
TRF,20190212,97.25,99,97.25,98,7879
TRIDENT,20190212,61.45,61.7,61.05,61.35,341193
TRIGYN,20190212,67,68.6,66.35,67.05,43001
TRIL,20190212,11.25,11.25,10.4,11.1,77478
TRITURBINE,20190212,101.6,103,100,101.55,29502
TRIVENI,20190212,45.2,47.4,45.1,46.1,442045
TTKHLTCARE,20190212,671.15,688.7,666,670.95,539
TTKPRESTIG,20190212,7825.05,7840,7740,7794.65,2081
TTL,20190212,59.7,59.7,56.75,58.5,1410
TTML,20190212,3.1,3.15,2.95,3,998275
TV18BRDCST,20190212,32.6,32.8,31.8,31.95,2310755
TVSELECT,20190212,166,167.5,160.9,161.85,26101
TVSMOTOR,20190212,486.2,498.75,486,490.35,538196
TVSSRICHAK,20190212,2339,2349,2226,2293.15,2222
TVTODAY,20190212,321.45,321.45,310,314.05,14463
TVVISION,20190212,2.3,2.5,2.3,2.3,44951
TWL,20190212,57.25,58.65,56.4,56.9,418876
UBL,20190212,1383,1393,1378,1389.25,318592
UCALFUEL,20190212,162.1,162.95,155.2,158.55,7765
UCOBANK,20190212,17.6,17.65,17.1,17.25,208419
UFLEX,20190212,238,240,225,230.3,133501
UFO,20190212,226.6,233.1,222.95,229.9,4152
UGARSUGAR,20190212,12.8,14.15,12.8,14,87712
UJAAS,20190212,5.65,5.75,5.45,5.55,143500
UJJIVAN,20190212,260.25,266.4,257.65,264.2,1370175
ULTRACEMCO,20190212,3440,3498.3,3415.05,3452.35,266527
UMANGDAIRY,20190212,50,50.35,49,49.9,5215
UNICHEMLAB,20190212,192.5,199.8,191.95,194.75,62704
UNIENTER,20190212,94.05,95.45,94.05,94.7,422
UNIONBANK,20190212,72.15,72.7,70.05,70.4,7899565
UNIPLY,20190212,47,47.75,45.85,46.05,73648
UNITECH,20190212,1.15,1.15,1.15,1.15,1474774
UNITEDBNK,20190212,10.25,10.35,10.05,10.15,182606
UNITEDTEA,20190212,297.2,299.75,290,290.4,915
UNIVCABLES,20190212,232,235.5,216.1,220.05,140964
UPL,20190212,807,812.5,791.65,796.2,2037705
URJA,20190212,3.45,3.55,3.2,3.2,3221016
USHAMART,20190212,29.8,29.8,26.7,28.5,635820
USHERAGRO,20190212,2,2.1,1.9,2.1,9014
UTINEXT50,20190212,275,275,268.2,268.2,904
UTINIFTETF,20190212,1145.35,1146.35,1141.2,1141.2,313
UTISENSETF,20190212,381.97,381.97,381.97,381.97,3
UTTAMSTL,20190212,10.7,10.7,10.25,10.6,270079
UTTAMSUGAR,20190212,87.55,93.3,87.45,90.3,66717
UVSL,20190212,0.15,0.15,0.1,0.1,1069857
V2RETAIL,20190212,247.05,259,247.05,250.7,20813
VADILALIND,20190212,445,465,441.4,449.4,13830
VAIBHAVGBL,20190212,624.1,625,605,607.75,6255
VAKRANGEE,20190212,45.8,46,44.25,44.4,3820281
VARDHACRLC,20190212,38.25,38.5,37.7,37.7,2251
VARDMNPOLY,20190212,9.5,10.1,9.45,9.85,6067
VARROC,20190212,595.95,609,580,604.3,11721
VASCONEQ,20190212,13.9,14.15,13.3,13.85,89518
VASWANI,20190212,9.5,9.85,9.05,9.3,7656
VBL,20190212,795.05,795.75,751.5,769.9,123992
VEDL,20190212,151.9,157.95,150.7,152.85,14116882
VENKEYS,20190212,2154,2165.85,2091,2098.2,42181
VENUSREM,20190212,35.25,36.75,34.25,35.7,12548
VESUVIUS,20190212,1145,1189,1136.05,1150.35,780
VETO,20190212,54.55,54.65,52.2,54,7591
VGUARD,20190212,195,195.9,191.6,193.95,646978
VHL,20190212,1930.1,1970.05,1925.25,1951.45,207
VICEROY,20190212,2.25,2.25,2.25,2.25,14585
VIDHIING,20190212,74.3,75.25,71.15,72.05,34078
VIJAYABANK,20190212,40.55,41.1,39.9,40.05,3501321
VIJIFIN,20190212,0.7,0.7,0.7,0.7,114835
VIJSHAN,20190212,5.95,5.95,5.5,5.7,4406
VIKASECO,20190212,10.8,11,10.5,10.6,626756
VIMALOIL,20190212,8.65,8.65,8.25,8.65,618
VIMTALABS,20190212,215.05,221.95,214.85,218.2,36333
VINATIORGA,20190212,1635.85,1668,1593.85,1611.2,19941
VINDHYATEL,20190212,1612,1612,1425.1,1455.05,40792
VINYLINDIA,20190212,69,71.3,69,69.35,3185
VIPCLOTHNG,20190212,21.5,21.5,20,20.65,30390
VIPIND,20190212,451.5,458.05,431.4,443.9,1019414
VIPULLTD,20190212,35.1,36.5,34.75,36.25,23685
VISAKAIND,20190212,336.35,343.7,328,332.8,26914
VISASTEEL,20190212,6.75,7.1,6.3,6.5,9038
VISESHINFO,20190212,0.1,0.1,0.05,0.1,325492
VISHNU,20190212,130.05,131.55,127.25,127.65,4482
VIVIDHA,20190212,0.65,0.7,0.6,0.65,125071
VIVIMEDLAB,20190212,22.25,22.75,21.05,21.55,249251
VLSFINANCE,20190212,45,47.2,44.65,46.25,24589
VMART,20190212,2647.5,2647.5,2500,2542.75,7406
VOLTAMP,20190212,1030,1045,1005.3,1036.5,4823
VOLTAS,20190212,527,528.75,520,522.3,316796
VRLLOG,20190212,252,255.05,240.65,244.3,24577
VSSL,20190212,84.95,86.2,83.5,84.3,2780
VSTIND,20190212,3195.4,3248.95,3195.4,3204,2645
VSTTILLERS,20190212,1509.15,1509.15,1485,1485.65,5175
VTL,20190212,1020.1,1020.1,997.5,998.55,14252
WABAG,20190212,272,283.3,271.4,279.1,119733
WABCOINDIA,20190212,6212.6,6212.6,6121.1,6171.25,10360
WALCHANNAG,20190212,77.8,78.2,76.25,77.7,77274
WANBURY,20190212,15.65,15.75,15.1,15.2,821
WEBELSOLAR,20190212,26.95,27.45,25.45,26.15,97730
WEIZFOREX,20190212,521.9,521.9,506.4,507.45,1216
WEIZMANIND,20190212,38.8,39.7,38.75,38.8,1495
WELCORP,20190212,95.1,99.9,95.05,97,585912
WELENT,20190212,97,99.6,95.1,96.5,467212
WELINV,20190212,135,135,135,135,25
WELSPUNIND,20190212,51.9,52,51,51,386223
WENDT,20190212,2890.05,2900,2844.95,2884,128
WHEELS,20190212,824,829.9,787.1,792.35,1737
WHIRLPOOL,20190212,1415,1429.95,1390,1392.6,31219
WILLAMAGOR,20190212,49,55.9,49,52.35,92196
WINDMACHIN,20190212,57.6,66.9,57.5,63.65,190208
WINSOME,20190212,0.95,0.95,0.95,0.95,25
WIPL,20190212,93.5,94.5,93.5,94.5,1047
WIPRO,20190212,374.15,376.25,368.35,375,2977246
WOCKPHARMA,20190212,407,415.55,403.7,407.85,818406
WONDERLA,20190212,281,286,275.5,282.5,9665
WSI,20190212,2.5,2.5,2.5,2.5,200
WSTCSTPAPR,20190212,247.85,247.85,231.2,232.1,118174
XCHANGING,20190212,42.05,43.45,41.6,41.95,3274
XELPMOC,20190212,80,80,80,80,33186
XLENERGY,20190212,0.8,0.8,0.8,0.8,182
XPROINDIA,20190212,35,35.9,33,33.4,2855
YESBANK,20190212,173,176.25,172.1,172.65,22298518
ZEEL,20190212,404,419,401.6,414.7,6978555
ZEELEARN,20190212,26.7,28.75,26.2,28.15,358506
ZEEMEDIA,20190212,14.4,15,13.6,14.65,4206814
ZENITHBIR,20190212,0.7,0.7,0.6,0.7,25751
ZENITHEXPO,20190212,39.05,42.95,39,42.25,59
ZENSARTECH,20190212,217.6,220,209.6,216.9,118458
ZENTEC,20190212,71.85,73,70.1,70.5,28023
ZICOM,20190212,4.1,4.95,3.75,4.95,44363
ZODIACLOTH,20190212,145.85,145.9,135.1,139.65,1082
ZODJRDMKJ,20190212,37.75,37.75,34,34.7,114
ZUARI,20190212,190,192.55,181.7,188.45,41630
ZUARIGLOB,20190212,102.15,107,100.95,104.05,19579
ZYDUSWELL,20190212,1275,1305,1251.1,1261.45,4545
NSENIFTY,20190212,10879.70,10910.90,10823.80,10831.40,292314643,0
NIFTYJUNIOR,20190212,26259.25,26336.60,26060.60,26094.40,164251404,0
NIFTYMIDCAPLIQ15,20190212,3791.80,3807.90,3767.80,3789.70,98057506,0
NSE100,20190212,11022.90,11054.00,10963.10,10971.40,458531134,0
NIFTY200,20190212,5655.95,5673.40,5627.90,5632.75,870145562,0
NSE500,20190212,8961.90,8987.85,8917.65,8925.30,1218532306,0
NSEMIDCAP150,20190212,5874.05,5897.70,5854.80,5865.70,417735907,0
MIDCAP50,20190212,4497.40,4524.45,4483.65,4503.85,329310894,0
NSEMIDCAP,20190212,16320.95,16414.35,16285.40,16328.15,411614428,0
NIFTYSMALLCAP250,20190212,-,-,-,4803.60,-,0
NIFTYSMALLCAP50,20190212,-,-,-,2790.95,-,0
NSESMLCAP100,20190212,5813.95,5837.35,5782.25,5805.60,-,0
NIFTYLARGEMIDCAP250,20190212,-,-,-,5510.31,876267041,0
NIFTYMIDSMALLCAP400,20190212,-,-,-,5491.15,-,0
NIFTYAUTO,20190212,8312.50,8344.85,8259.20,8278.10,54349458,0
BANKNIFTY,20190212,27166.90,27286.65,26988.90,27010.75,117431255,0
NIFTYFINSERVICE,20190212,11474.20,11516.55,11358.60,11368.80,86171231,0
NIFTYFMGC,20190212,29767.60,29817.90,29483.50,29524.00,20199811,0
NSEIT,20190212,16093.45,16094.60,15788.10,15938.60,33477588,0
NIFTYMEDIA,20190212,2249.80,2286.55,2241.35,2273.50,60230810,0
NIFTYMETAL,20190212,2724.40,2805.20,2713.00,2767.95,144981172,0
NIFTYPHARMA,20190212,8839.90,8948.05,8795.25,8904.95,19299020,0
NIFTYPVTBANK,20190212,15402.75,15474.85,15315.75,15331.05,96624152,0
NIFTYPSUBANK,20190212,2847.40,2867.30,2793.40,2799.60,69670893,0
NIFTYREALTY,20190212,223.45,225.25,220.75,221.20,10556774,0
NIFTYCOMMODITIES,20190212,3154.65,3198.90,3151.45,3175.85,254391913,0
NIFTYCONSUMPTION,20190212,4800.35,4806.40,4768.30,4774.35,67409881,0
NIFTYCPSE,20190212,1915.90,1943.90,1915.20,1925.85,63639044,0
NIFTYENERGY,20190212,14747.20,14943.80,14747.05,14802.15,92876274,0
NIFTY100ESG,20190212,-,-,-,2040.53,392827010,0
NIFTY100ENHESG,20190212,-,-,-,2077.19,362009365,0
NIFTYINFRA,20190212,2858.60,2888.55,2848.55,2854.65,276258013,0
NIFTYMNC,20190212,13051.45,13053.15,12963.30,12978.85,40767642,0
NIFTYPSE,20190212,3103.35,3144.15,3102.95,3116.05,148142308,0
NIFTYSMEEMERGE,20190212,-,-,-,1469.68,1462900,0
NIFTYSERVSECTOR,20190212,15116.40,15126.20,14978.85,14987.90,181938219,0
NIFTYSHARIAH25,20190212,-,-,-,4115.33,75037034,0
NIFTY50SHARIAH,20190212,-,-,-,2389.23,77778024,0
NIFTY500SHARIAH,20190212,-,-,-,2827.89,236603510,0
NIFTYABGROUP,20190212,-,-,-,3009.00,38446719,0
NIFTYMAHINDRA,20190212,-,-,-,11202.86,7579583,0
NIFTYTATA,20190212,-,-,-,6511.48,50580394,0
NIFTYTATA25CAP,20190212,-,-,-,4437.27,49462516,0
NIFTYABGROUP,20190212,-,-,-,3009.00,38446719,0
NIFTYLIQ15,20190212,3538.75,3561.65,3514.90,3521.70,142263787,0
NIFTY500VALUE50,20190212,-,-,-,3848.69,366388008,0
NIFTYALPHALOWVOL30,20190212,-,-,-,11361.37,70801648,0
NIFTYQUALLOWVOL30,20190212,-,-,-,8212.94,57897569,0
NIFTYALPHAQUALLOWVOL30,20190212,-,-,-,9399.76,62179429,0
NIFTYALPHAQUALVALLOWVOL30,20190212,-,-,-,7135.39,63937314,0
NIFTY50EQUALWEIGHT,20190212,11719.35,11771.95,11692.05,11709.10,292314643,0
NIFTY100EQUALWEIGHT,20190212,12408.55,12459.10,12360.90,12379.25,458531134,0
NIFTY100LOWVOL30,20190212,8561.45,8580.40,8517.30,8526.75,97864800,0
NSEDEFTY,20190212,-,-,-,5302.13,-,0
NIFTY50DIVPOINT,20190212,126.06,126.06,126.06,126.06,-,0
NIFTYDIVOPPS50,20190212,2554.85,2555.80,2536.70,2538.75,247625881,0
NIFTYALPHA50,20190212,11736.40,11762.35,11612.45,11706.15,73875168,0
NIFTY50ARBITRAGE,20190212,-,-,-,1773.78,-,0
NIFTY50FUTINDEX,20190212,-,-,-,3827.36,-,0
NIFTY50FUTTRINDEX,20190212,-,-,-,10860.70,-,0
NIFTYHIGHBETA50,20190212,-,-,-,1432.53,418111317,0
NIFTYLOWVOL50,20190212,-,-,-,9703.26,131749210,0
NIFTY200QUALITY30,20190212,-,-,-,9587.95,-,0
NIFTY50VALUE20,20190212,5326.35,5331.55,5288.35,5304.80,133292197,0
NIFTYGROWSECT15,20190212,6184.95,6192.95,6146.80,6162.95,35570736,0
NIFTY50TR2XLEV,20190212,5730.50,5763.40,5671.95,5679.65,-,0
NIFTY50PR2XLEV,20190212,4512.85,4538.80,4466.75,4472.80,-,0
NIFTY50TR1XINV,20190212,369.65,371.55,368.60,371.30,-,0
NIFTY50PR1XINV,20190212,416.45,418.55,415.25,418.30,-,0
NIFTY-GS-COMPSITE,20190212,1864.59,1865.86,1864.08,1864.21,-,0
NIFTY-GS-4-8YR,20190212,1950.63,1950.84,1949.39,1949.63,-,0
NIFTY-GS-8-13YR,20190212,1826.08,1827.50,1825.39,1825.41,-,0
NIFTY-GS-10YR,20190212,1691.23,1693.77,1689.88,1690.90,-,0
NIFTY-GS-10YR-CLN,20190212,906.79,908.15,906.06,906.61,-,0
NIFTY-GS-11-15YR,20190212,1908.04,1908.84,1908.04,1906.90,-,0
NIFTY-GS-15YRPLUS,20190212,2055.98,2057.02,2055.89,2055.54,-,0
VIX,20190212,15.84,15.98,13.23,15.75,0,0
