20MICRONS,20191213,32.4,32.4,31.5,31.75,19111
3IINFOTECH,20191213,2,2.3,1.95,2,3103189
3MINDIA,20191213,20755.1,20996.85,20713.4,20750.35,781
3PLAND,20191213,6.05,6.05,5.65,5.65,5
5PAISA,20191213,171.85,188.75,169.85,182.15,18096
63MOONS,20191213,102.2,104,101.8,102.1,105274
A2ZINFRA,20191213,8,8.3,7.95,8,60863
AARTIDRUGS,20191213,509.5,514.7,501.5,503.85,5394
AARTIIND,20191213,796.25,796.75,778,779.85,102094
AARVEEDEN,20191213,11.2,12.1,10.65,11.5,7978
AAVAS,20191213,1931,1946.05,1902.05,1927.35,40428
ABAN,20191213,23.15,25.05,23.15,25.05,22854
ABB,20191213,1492.5,1523,1470.7,1487.25,93435
ABBOTINDIA,20191213,12884.95,13038.85,12800.75,12982.15,5293
ABCAPITAL,20191213,100.4,103.3,99,100.35,1906393
ABFRL,20191213,225.1,230.5,224.55,229.5,394413
ABSLBANETF,20191213,318.69,318.97,318.05,318.05,33
ABSLNN50ET,20191213,280.66,283.6,280.66,283.6,18
ACC,20191213,1444.95,1467.9,1430.8,1465.1,563304
ACCELYA,20191213,957,965.45,947.6,962.6,5113
ACE,20191213,71.85,73.2,71,72.3,64391
ADANIENT,20191213,210.5,213.25,208.5,212.2,2867800
ADANIGAS,20191213,152,153.4,151.1,151.55,542839
ADANIGREEN,20191213,131.9,135.5,131.5,132.65,764794
ADANIPORTS,20191213,372.55,380.9,372.55,376.95,2699035
ADANIPOWER,20191213,60.5,61.7,60.3,61.3,5774996
ADANITRANS,20191213,334,339.3,330,331.55,220241
ADFFOODS,20191213,305.7,305.7,299.1,301.35,16639
ADHUNIKIND,20191213,43.75,46,43.75,43.75,40280
ADLABS,20191213,2.9,3.2,2.9,3.2,43849
ADORWELD,20191213,292.85,296.5,287,289.55,6079
ADROITINFO,20191213,7.3,7.6,7.3,7.6,775
ADSL,20191213,24.45,24.9,22.8,22.8,70240
ADVANIHOTR,20191213,55,55,52.3,53.15,1715
ADVENZYMES,20191213,157.25,159.3,156.55,157.75,35012
AEGISCHEM,20191213,186.1,190.55,180.2,183.05,112664
AFFLE,20191213,1497.8,1512,1480,1491.95,85171
AGARIND,20191213,81.3,85.8,68.15,82.7,143193
AGCNET,20191213,125.45,130,125.45,128.3,5056
AGRITECH,20191213,42.05,44.9,41.65,44.15,12957
AGROPHOS,20191213,143.85,144.65,143.8,144.3,1572747
AHLEAST,20191213,172.9,173.2,172.9,173.2,22
AHLUCONT,20191213,275.95,283.4,270.65,276.65,231946
AHLWEST,20191213,380,380,350.6,353.25,2145
AIAENG,20191213,1621.2,1649,1621.05,1646.1,8781
AIONJSW,20191213,10,10,9.55,10,51897
AIRAN,20191213,13.5,14.15,13,13.95,78197
AJANTPHARM,20191213,980.9,985.9,975.2,979.55,24756
AJMERA,20191213,113.5,116.9,113.5,116.35,25282
AKASH,20191213,62.05,68.7,62,63.5,843
AKSHARCHEM,20191213,180,187.8,180,184.6,1982
AKSHOPTFBR,20191213,7.5,7.5,6.8,6.85,385109
AKZOINDIA,20191213,1926,1990,1922,1961.75,23709
ALANKIT,20191213,11.7,11.7,11.2,11.5,45569
ALBERTDAVD,20191213,393.65,397.95,384.05,389.05,5066
ALBK,20191213,19.25,19.7,19.25,19.35,2787429
ALCHEM,20191213,0.75,0.75,0.65,0.65,22800
ALEMBICLTD,20191213,52.1,53.2,50.25,51.1,67717
ALICON,20191213,365.35,374.25,356.3,359.85,1855
ALKALI,20191213,38.9,39.9,37.1,38.8,6143
ALKEM,20191213,2085,2092.35,2061,2075.6,10862
ALKYLAMINE,20191213,1029.85,1044.95,1015,1031.1,7859
ALLCARGO,20191213,96,97.3,95.5,95.8,109248
ALLSEC,20191213,297.1,297.9,276.05,286.85,4278
ALMONDZ,20191213,10.1,10.75,10.1,10.75,4910
ALOKTEXT,20191213,2.75,2.75,2.75,2.75,1409790
ALPA,20191213,14.4,14.95,14.4,14.7,5600
ALPHAGEO,20191213,168.8,171.4,167.5,168.7,3024
ALPSINDUS,20191213,1.7,1.7,1.7,1.7,2499
AMARAJABAT,20191213,736,744.4,735.2,741.85,207471
AMBER,20191213,1036,1044.95,1015,1021.05,13282
AMBIKCO,20191213,853.95,855,840.05,849.1,2712
AMBUJACEM,20191213,194.2,199.35,193.65,197.9,2466144
AMDIND,20191213,15.7,15.7,14.75,15.45,4183
AMJLAND,20191213,18.85,19.5,18.3,18.6,14518
AMRUTANJAN,20191213,445.25,454.95,445.25,449.3,13247
ANANTRAJ,20191213,31.7,32.3,31.6,32,113451
ANDHRABANK,20191213,17.3,18.05,17.3,17.75,1334120
ANDHRACEMT,20191213,2.25,2.3,2.2,2.3,69966
ANDHRSUGAR,20191213,276,284.1,275.15,280.85,14750
ANIKINDS,20191213,8.35,8.45,8.3,8.45,860
ANKITMETAL,20191213,0.6,0.6,0.6,0.6,19811
ANSALAPI,20191213,4.6,4.6,4.3,4.6,28739
ANSALHSG,20191213,5,5.25,4.8,5.15,20949
ANTGRAPHIC,20191213,0.55,0.6,0.55,0.6,14796
ANUP,20191213,423.5,442.95,423.5,438.6,8678
APARINDS,20191213,392.5,424,386.1,405.85,21355
APCL,20191213,143.6,144.4,141,141.05,342
APCOTEXIND,20191213,151.35,153.5,145.1,145.9,42154
APEX,20191213,287.9,298.8,286,294.7,290943
APLAPOLLO,20191213,1622.75,1652.95,1622.75,1638.3,8657
APLLTD,20191213,551.45,554.95,550,551.75,19857
APOLLO,20191213,69.75,71.1,68.05,69.8,28658
APOLLOHOSP,20191213,1393,1397.75,1345,1353,2563372
APOLLOPIPE,20191213,335.3,351.5,335.25,348.85,4486
APOLLOTYRE,20191213,165.45,169.4,165.2,166.8,2822701
APOLSINHOT,20191213,663.85,663.85,645.2,650,90
APTECHT,20191213,152.7,158.5,152.7,154.9,180699
ARCHIDPLY,20191213,26.05,26.9,25.95,26.4,5637
ARCHIES,20191213,19.3,20.3,19,19.6,32451
ARCOTECH,20191213,2.15,2.2,2.05,2.05,24561
ARENTERP,20191213,9,9,9,9,300
ARIES,20191213,58.7,62.5,58.7,62.1,27624
ARIHANT,20191213,20.8,21.5,20.45,21.35,630
ARIHANTSUP,20191213,21.1,23,21.1,22.75,2868
ARMANFIN,20191213,590,648,578.95,607.75,41723
AROGRANITE,20191213,36.3,37.8,35.75,36.55,3710
ARROWGREEN,20191213,48,49.35,46.4,48.5,5404
ARROWTEX,20191213,8.55,8.95,8.4,8.7,10300
ARSHIYA,20191213,16.95,16.95,16.05,16.35,9732
ARSSINFRA,20191213,23.25,23.25,21,22.2,18965
ARVIND,20191213,35.3,39.8,35.25,38.55,5855359
ARVINDFASN,20191213,351.05,393,326.6,384.9,105335
ARVSMART,20191213,90.75,90.75,84.3,85.95,22985
ASAHIINDIA,20191213,196.25,200,196,197.85,7564
ASAHISONG,20191213,138,140.45,132,132.55,5171
ASAL,20191213,31.5,31.8,30.9,30.95,3401
ASHAPURMIN,20191213,27.3,27.3,25.15,26.5,10391
ASHIANA,20191213,88.7,90,86.15,89.3,38935
ASHIMASYN,20191213,6.35,6.85,6.15,6.4,104375
ASHOKA,20191213,94.1,95.45,94.05,94.25,268619
ASHOKLEY,20191213,78.95,82.1,78.7,80.95,22239728
ASIANHOTNR,20191213,98.05,100.75,97.55,97.65,452
ASIANPAINT,20191213,1751,1757.7,1735.55,1743.95,960033
ASIANTILES,20191213,218,231.4,218,226.9,30164
ASPINWALL,20191213,144.9,145.1,138.5,143.55,3295
ASTEC,20191213,389.9,404,381.55,398.55,9207
ASTERDM,20191213,153.6,154.15,151.5,152.45,39742
ASTRAL,20191213,1174.9,1177.55,1152.2,1168.8,66458
ASTRAMICRO,20191213,86.1,88,85.4,87,93975
ASTRAZEN,20191213,2775,2859,2752.1,2816.75,35051
ASTRON,20191213,38.65,38.95,37.9,38.15,40585
ATFL,20191213,637.05,639.85,611.9,623.3,6718
ATLANTA,20191213,6.1,6.1,5.8,5.8,41229
ATLASCYCLE,20191213,47.25,47.25,43.6,44,2541
ATUL,20191213,4006,4048.1,4006,4041.35,58635
ATULAUTO,20191213,243,243,236.3,240.1,8224
AUBANK,20191213,803,803,791.45,795.05,625298
AURIONPRO,20191213,63.65,67,63,66,3190
AUROPHARMA,20191213,447.5,452.6,440.4,449.35,2964208
AUSOMENT,20191213,33.5,35.15,33,33.5,1383
AUTOAXLES,20191213,777,803.8,777,793.15,6925
AUTOIND,20191213,24.1,26.3,23.8,25.7,9912
AUTOLITIND,20191213,20,22.4,19.2,20.05,8017
AVADHSUGAR,20191213,238.35,248.55,235.45,246.3,183807
AVANTIFEED,20191213,504.9,531.85,504.5,525.65,777431
AVTNPL,20191213,32.3,33.5,31.65,32.05,186811
AXISBANK,20191213,725.6,754.85,725,752,14834140
AXISCADES,20191213,49.4,50.9,48.1,49.25,136245
AXISGOLD,20191213,3316.55,3339,3300.35,3321,219
AXISNIFTY,20191213,1246.26,1246.27,1242,1242,52
AYMSYNTEX,20191213,31.3,31.3,29.45,30.1,17445
BAGFILMS,20191213,1.85,1.95,1.85,1.95,51205
BAJAJ-AUTO,20191213,3274.9,3274.9,3220.25,3232.9,360095
BAJAJCON,20191213,230,232.8,218,225.9,426328
BAJAJELEC,20191213,332,332.9,328.15,331.3,64696
BAJAJFINSV,20191213,9200,9274.9,9142.15,9210.3,215357
BAJAJHIND,20191213,6.2,6.55,6.15,6.45,2955681
BAJAJHLDNG,20191213,3351,3382.15,3305.55,3315.35,18923
BAJFINANCE,20191213,4070,4089.25,4041.1,4071.95,861656
BALAJITELE,20191213,51,52,50.7,50.9,73413
BALAMINES,20191213,332.25,342,330.8,338.7,11566
BALAXI,20191213,74.05,74.95,66.65,74.05,673
BALKRISHNA,20191213,16,17.45,16,16.5,1606
BALKRISIND,20191213,923,965,923,954.25,1520990
BALLARPUR,20191213,0.5,0.5,0.45,0.45,6895227
BALMLAWRIE,20191213,190,192,189.6,190.5,55521
BALPHARMA,20191213,39.85,40.4,39.3,39.95,2960
BALRAMCHIN,20191213,164.45,171.9,163,170.7,1969581
BANARBEADS,20191213,28.8,28.8,28.8,28.8,51
BANARISUG,20191213,1176,1176,1144,1167.9,343
BANCOINDIA,20191213,92.65,96.45,92.6,94.9,30642
BANDHANBNK,20191213,518.5,524.55,512,515,1185257
BANG,20191213,16.7,17.3,16.55,17,4272
BANKBARODA,20191213,98.45,102.15,98.2,101.75,34076279
BANKBEES,20191213,3238.55,3272.95,3238.5,3264.06,13332
BANKINDIA,20191213,69.15,71.3,69.1,70.9,4419601
BANSWRAS,20191213,88.8,89.7,83,89.25,6236
BARTRONICS,20191213,1.55,1.65,1.55,1.65,9908
BASF,20191213,965.25,980.5,955.7,969.85,8046
BASML,20191213,114.6,119.9,114.6,115.25,1882
BATAINDIA,20191213,1710,1737.75,1710,1722.4,589213
BAYERCROP,20191213,3510.4,3559.7,3472,3498.15,2754
BBL,20191213,781.05,790,779,781.4,1861
BBTC,20191213,1018,1041.9,1018,1024.6,69008
BCG,20191213,6.9,6.9,6.3,6.3,2102697
BCP,20191213,10.5,10.5,10,10.5,110359
BDL,20191213,292.8,299.85,287.85,290.65,88702
BEARDSELL,20191213,8,8,6.8,7.65,33674
BEDMUTHA,20191213,16.2,16.2,15.9,15.95,2047
BEL,20191213,99.8,101.2,98.5,100,9430830
BEML,20191213,991.4,1004.9,985,992.2,496100
BEPL,20191213,42.75,43.85,39.45,42.75,362942
BERGEPAINT,20191213,500,502.3,496.3,500.65,828033
BFINVEST,20191213,328.5,331.95,322.2,324.7,95961
BFUTILITIE,20191213,349,355,341.1,345.9,475884
BGLOBAL,20191213,2.1,2.1,1.9,2,5359
BGRENERGY,20191213,31,35.7,30.35,35.7,630305
BHAGERIA,20191213,93,93.5,89.6,90.3,11464
BHAGYANGR,20191213,17.95,17.95,17.05,17.35,1578
BHAGYAPROP,20191213,19,19,19,19,500
BHANDARI,20191213,1.1,1.15,1.05,1.1,40421
BHARATFORG,20191213,450.95,468,450.75,464.5,2671617
BHARATGEAR,20191213,60.05,63.4,60.05,61.75,14241
BHARATRAS,20191213,5936.4,6180,5936.35,6045.4,973
BHARATWIRE,20191213,26.3,27.85,25.05,25.95,6090
BHARTIARTL,20191213,440,440.7,426,427.8,13074677
BHEL,20191213,45.3,46.8,45.3,46.65,12783019
BIGBLOC,20191213,35.45,36,35.45,35.45,753
BIL,20191213,147.6,148.85,136.5,138.45,2599
BILENERGY,20191213,1.25,1.25,1.15,1.2,225479
BINDALAGRO,20191213,9.1,9.1,7.9,8.95,57347
BIOCON,20191213,294,295,290.6,292.35,2882337
BIOFILCHEM,20191213,13.5,13.5,13.5,13.5,5058
BIRLACABLE,20191213,55.7,56,54,55.35,47103
BIRLACORPN,20191213,643,649.15,622.2,627.3,55434
BIRLAMONEY,20191213,33.45,34.75,33,34.35,63849
BKMINDST,20191213,0.65,0.75,0.65,0.7,114366
BLBLIMITED,20191213,3.7,4.05,3.65,4.05,22346
BLISSGVS,20191213,150.2,154.5,149,153.8,291282
BLKASHYAP,20191213,9.25,10.3,9.25,10,23205
BLS,20191213,64.05,66.95,63.6,66.05,9642
BLUEBLENDS,20191213,0.95,0.95,0.9,0.9,300
BLUECOAST,20191213,3,3,3,3,500
BLUEDART,20191213,2215.4,2227.95,2161.95,2186.05,34198
BLUESTARCO,20191213,795.8,798.9,786.3,796.15,84807
BODALCHEM,20191213,57.7,58.35,57.2,57.4,46899
BOMDYEING,20191213,73,75.3,72.7,74.45,1273991
BOROSIL,20191213,165.7,169.3,165,166.15,46340
BOSCHLTD,20191213,14988.6,15550,14988.6,15197.95,29483
BPCL,20191213,492.5,500.8,486.2,496.75,7629757
BPL,20191213,19.8,20.6,19.4,19.75,1049320
BRIGADE,20191213,203.9,208.7,202.85,206.05,94528
BRITANNIA,20191213,3095,3096,3035,3054.4,249099
BRNL,20191213,61.45,61.7,59,60.1,14943
BROOKS,20191213,25.95,27.8,25.65,26.75,34164
BSE,20191213,490,499,490,496.3,36537
BSELINFRA,20191213,1,1.05,0.95,1,17827
BSL,20191213,26.85,27,25.75,26.25,6813
BSLGOLDETF,20191213,3467.95,3549,3463.95,3481,136
BSLNIFTY,20191213,130.88,131.47,130.88,131.3,1049
BSOFT,20191213,65.8,67.8,65.8,66.6,736336
BURNPUR,20191213,1.3,1.4,1.3,1.3,11814
BUTTERFLY,20191213,192.05,198,192.05,195.1,13157
BVCL,20191213,11.4,12.5,11.4,12.35,810
BYKE,20191213,17.05,17.65,16.2,16.8,37857
CADILAHC,20191213,264,264,259,261,863943
CALSOFT,20191213,14.2,14.95,14.15,14.2,24850
CAMLINFINE,20191213,75.8,77,73,73.95,494550
CANBK,20191213,219,228.65,219,227.85,10184097
CANFINHOME,20191213,411.1,421.4,408.65,416.55,186515
CANTABIL,20191213,243,265,243,255.75,55054
CAPACITE,20191213,177.25,184,177.05,181.25,25387
CAPLIPOINT,20191213,300,308.9,300,306.55,91349
CAPTRUST,20191213,79,81.1,79,81.1,140
CARBORUNIV,20191213,323.95,326.9,323.25,325.05,202147
CAREERP,20191213,113.45,116.9,113.4,114.85,32358
CARERATING,20191213,480.05,482.9,471.65,478.2,19564
CASTEXTECH,20191213,0.4,0.4,0.3,0.35,17175
CASTROLIND,20191213,130.3,131.75,129.1,130.95,1290007
CCHHL,20191213,3.3,3.3,3.15,3.3,9922
CCL,20191213,186.5,187.05,180,182.45,119750
CDSL,20191213,219.15,220.5,217,218,165432
CEATLTD,20191213,971.35,997.5,971.35,977.25,201111
CEBBCO,20191213,15,15.2,14.15,15,42572
CELEBRITY,20191213,5.35,5.6,5.35,5.5,13745
CELESTIAL,20191213,3.15,3.15,3,3.05,2468
CENTENKA,20191213,178.2,185.5,177.3,181.95,18905
CENTEXT,20191213,2.45,2.55,2.4,2.5,27317
CENTRALBK,20191213,18.6,19.5,18.6,19.15,1644673
CENTRUM,20191213,19.55,21,19.5,20.5,268113
CENTUM,20191213,360.05,371.05,355,368.8,2634
CENTURYPLY,20191213,161.85,166,161.85,165.25,152047
CENTURYTEX,20191213,496.15,507.65,494.05,501.25,1024282
CERA,20191213,2543.2,2579.7,2530.55,2556.15,1899
CEREBRAINT,20191213,23,24,22.5,23.3,126162
CESC,20191213,726,738.8,726,734,151157
CESCVENT,20191213,287,313.8,287,305.9,12578
CGCL,20191213,191.9,191.9,185.1,189.55,369744
CGPOWER,20191213,11.9,12.1,11.55,12.1,2562743
CHALET,20191213,334.9,345,330.35,344.65,2929
CHAMBLFERT,20191213,147.05,150.45,145.05,146.1,371065
CHEMBOND,20191213,207,209.95,204,204.15,4960
CHEMFAB,20191213,159.1,174.65,159.1,163.95,3431
CHENNPETRO,20191213,115.1,117.55,114.55,115.85,128594
CHOLAFIN,20191213,314,318.7,311.35,316.5,2118338
CHOLAHLDNG,20191213,485,495.05,478,491.55,19961
CHROMATIC,20191213,0.5,0.5,0.45,0.5,20174
CIGNITITEC,20191213,310,311,305.35,306.85,69755
CIMMCO,20191213,19.7,21,19.35,20.55,31282
CINELINE,20191213,26.9,29.4,26.25,29.2,39311
CINEVISTA,20191213,8.3,8.7,8,8.35,17150
CIPLA,20191213,461.05,465,456.6,461.25,1213599
CKFSL,20191213,0.55,0.55,0.45,0.5,100615
CLEDUCATE,20191213,70.15,72.75,67.6,70.35,3448
CLNINDIA,20191213,318.8,322.05,317.55,319.4,8381
CMICABLES,20191213,45,46.55,43,46,16789
CNOVAPETRO,20191213,7.65,8.5,7.6,7.65,3518
COALINDIA,20191213,191.7,196.9,191.3,196.25,5851149
COCHINSHIP,20191213,386.5,393,386.5,389.3,98331
COFFEEDAY,20191213,40,41.45,39,40.85,251433
COLPAL,20191213,1485.25,1485.25,1465.75,1476.75,357121
COMPINFO,20191213,10,10.25,9.85,10.2,87145
COMPUSOFT,20191213,7.95,9,7.6,7.95,74207
CONCOR,20191213,562,580.2,562,577.65,2211875
CONFIPET,20191213,27.45,28.45,27,27.35,280581
CONSOFINVT,20191213,35.3,38.25,35.3,35.45,1261
CONTROLPR,20191213,237.55,243,236.45,240.5,2497
CORALFINAC,20191213,11,11,10.5,10.75,12714
CORDSCABLE,20191213,42.6,43.2,40.25,40.85,8324
COROMANDEL,20191213,512.65,520,507.7,513.35,242105
CORPBANK,20191213,25,27.5,25,25.7,3207702
COSMOFILMS,20191213,233,234.95,230.3,232.65,6799
COUNCODOS,20191213,2,2,2,2,6504
COX&KINGS,20191213,1.7,1.7,1.7,1.7,344869
CPSEETF,20191213,22.8,22.98,22.73,22.95,1513072
CREATIVE,20191213,86.5,86.5,84,84,3103
CREATIVEYE,20191213,1.3,1.3,1.3,1.3,400
CREDITACC,20191213,814.65,814.65,805.55,810.1,29365
CREST,20191213,90,93.9,89,93.5,8589
CRISIL,20191213,1703,1728.95,1685.05,1716.55,20734
CROMPTON,20191213,244.3,249.85,243.25,245.15,272075
CSBBANK,20191213,220.15,239,218.5,235.7,5067316
CTE,20191213,23.95,23.95,22.5,22.8,2518
CUB,20191213,233,233.6,229.1,231.05,266387
CUBEXTUB,20191213,11.35,12.75,11.35,11.45,1665
CUMMINSIND,20191213,538.8,550,530,548.55,531553
CUPID,20191213,196,198.1,192.3,193.4,23256
CYBERMEDIA,20191213,3,3.3,3,3.3,975
CYBERTECH,20191213,42.75,42.75,40.2,40.8,10858
CYIENT,20191213,387.4,389.95,381.6,388.7,91887
DAAWAT,20191213,23,23.6,22.65,22.75,462698
DABUR,20191213,460,462.8,457.65,460,855397
DALBHARAT,20191213,815.25,826.5,797,811.85,145039
DALMIASUG,20191213,82.9,84.9,82.45,84.35,133400
DAMODARIND,20191213,25.5,26.45,23.5,24.85,4240
DATAMATICS,20191213,68.5,70.45,68.1,69.6,13941
DBCORP,20191213,133.25,135.5,133.25,134.1,28305
DBL,20191213,379.7,405.9,375.25,397.5,334420
DBREALTY,20191213,9.3,9.3,8.8,9.3,94878
DBSTOCKBRO,20191213,7.8,7.8,7.8,7.8,365
DCAL,20191213,121.5,122.7,120,120.5,92527
DCBBANK,20191213,174,174.85,169.3,172,4225415
DCM,20191213,18.95,19.6,18.4,19.6,9596
DCMNVL,20191213,29.95,34.8,29.55,34.1,82638
DCMSHRIRAM,20191213,339.95,344,334.5,337.75,86586
DCW,20191213,12.3,12.8,12.3,12.55,173594
DECCANCE,20191213,278.2,278.3,267.6,270.6,6424
DEEPAKFERT,20191213,91.55,94.8,91.25,93.25,176649
DEEPAKNTR,20191213,357.9,358.45,348.25,350.55,231398
DEEPIND,20191213,104.65,106.65,103.6,104.05,10080
DELTACORP,20191213,211.4,215.5,210.3,212.4,930181
DELTAMAGNT,20191213,37.8,38.7,34.6,35.4,155
DEN,20191213,36.25,39.4,36.25,37.95,22393
DENORA,20191213,202,202,195.55,198.4,3312
DFMFOODS,20191213,247.6,248.5,247.6,248.15,24912
DGCONTENT,20191213,6.35,6.4,5.95,6.4,89313
DHAMPURSUG,20191213,187.85,199,187.25,197.55,846321
DHANBANK,20191213,14.2,14.45,13.75,14.15,220886
DHANUKA,20191213,330.45,339.95,322.05,330.45,23738
DHARSUGAR,20191213,7,7.15,6.7,7,8557
DHFL,20191213,13.3,14.7,13.3,14.7,7441812
DHUNINV,20191213,251.35,259.05,247,253.9,8910
DIAMONDYD,20191213,832.05,868,832.05,840.05,1009
DICIND,20191213,303.3,318.85,303.3,311.4,520
DIGISPICE,20191213,5.35,5.85,5,5.1,14500
DISHTV,20191213,13.65,13.85,13.4,13.5,40594489
DIVISLAB,20191213,1833.7,1847.95,1818,1842,534166
DIXON,20191213,3486.95,3572,3461.35,3548.45,32394
DLF,20191213,226.1,231.2,225.1,228.95,14462928
DLINKINDIA,20191213,95.3,96,94.3,95.05,44300
DMART,20191213,1789.65,1800,1759,1782.75,496896
DNAMEDIA,20191213,0.45,0.5,0.45,0.5,15964
DOLAT,20191213,61.9,63,61.85,62.6,8043
DOLLAR,20191213,149,151.95,143.25,143.85,16676
DONEAR,20191213,29.05,31,29.05,30.1,35322
DPSCLTD,20191213,8.5,8.85,8.3,8.6,3165
DQE,20191213,2.15,2.35,2.15,2.25,1897
DREDGECORP,20191213,336.25,342.85,332.65,336.7,260797
DRREDDY,20191213,2865.1,2865.65,2773,2821.5,1368418
DSSL,20191213,22.6,23.55,22.2,22.25,7253
DTIL,20191213,172.9,172.9,168.15,171.5,1725
DUCON,20191213,5,5.05,4.75,4.95,61160
DVL,20191213,69.05,70.5,69,69,2656
DWARKESH,20191213,24.85,26.65,24.85,26.25,911623
DYNAMATECH,20191213,960.05,973.6,950,954,509
DYNPRO,20191213,137.85,137.85,133.05,134.3,5696
EASTSILK,20191213,1.55,1.55,1.5,1.5,9970
EBANK,20191213,3819.99,3820.5,3819.99,3820.5,21
ECLERX,20191213,514.8,515,499,502.15,17609
EDELWEISS,20191213,115.3,118.7,113.2,116.25,883959
EICHERMOT,20191213,22008.45,22459,21836.75,22034.75,140133
EIDPARRY,20191213,196.75,206.45,195.45,204.35,755674
EIHAHOTELS,20191213,305,305,295,302.6,1266
EIHOTEL,20191213,143.85,145,142.15,143.45,63620
EIMCOELECO,20191213,300.05,306.45,293.1,297.05,300
EKC,20191213,20.35,20.7,20.25,20.5,43064
ELECON,20191213,29.55,30.95,29,30.7,56020
ELECTCAST,20191213,11.4,11.9,11.35,11.6,170650
ELECTHERM,20191213,120.1,130,114.2,128.8,7419
ELGIEQUIP,20191213,247.2,250,246.45,248.25,5149
ELGIRUBCO,20191213,15.7,15.7,14.9,15.65,2674
EMAMILTD,20191213,312.2,316.6,306.3,309.95,222982
EMAMIPAP,20191213,70,72,66.15,69.7,2840
EMAMIREAL,20191213,41.9,41.9,39.7,40.95,2617
EMKAY,20191213,59.2,60.55,57,58.15,10507
EMMBI,20191213,103.1,103.8,99,99.7,5910
ENDURANCE,20191213,1059.95,1068.1,1050,1056.95,59504
ENERGYDEV,20191213,5.3,5.6,5.25,5.4,9015
ENGINERSIN,20191213,105.25,106.35,103.8,104.5,394129
ENIL,20191213,241.75,245,235,237.15,4256
EON,20191213,13.9,14.5,13.5,13.55,10285
EQUITAS,20191213,101.6,102.75,98.75,101.6,6655930
ERIS,20191213,462.15,472.95,460.4,462.4,37382
EROSMEDIA,20191213,13.2,13.35,12.55,13.25,157768
ESABINDIA,20191213,1251.85,1260,1232.1,1244.8,6571
ESCORTS,20191213,600,619.2,600,617.05,2856071
ESSARSHPNG,20191213,7.1,7.35,6.85,7.15,5035
ESSELPACK,20191213,149.7,155,149,153.05,55022
ESTER,20191213,29.85,30.15,29,29.9,33609
EUROMULTI,20191213,0.5,0.6,0.5,0.55,4812
EUROTEXIND,20191213,11.3,11.8,11.2,11.65,3499
EVEREADY,20191213,55.8,55.8,54,54.75,58676
EVERESTIND,20191213,250,250,244.6,245.45,22062
EXCEL,20191213,0.95,0.95,0.85,0.85,26092
EXCELINDUS,20191213,799.95,812.65,791,798.25,4730
EXIDEIND,20191213,184.5,186.6,184,185.8,906052
EXPLEOSOL,20191213,273.05,279.45,272,272.3,1032
FACT,20191213,39.55,39.55,38.6,38.85,77577
FAIRCHEM,20191213,471.15,504.95,471.05,489.65,11044
FCL,20191213,25.3,25.65,25,25.1,44166
FCONSUMER,20191213,23.95,24.4,23.8,23.9,578022
FCSSOFT,20191213,0.25,0.25,0.2,0.25,223336
FDC,20191213,205.15,206,200.1,203.05,36698
FEDERALBNK,20191213,85.5,87.7,85.4,86.95,12159138
FEL,20191213,22,22.4,21.7,22,212646
FELDVR,20191213,22,22.45,21.55,21.75,1521
FIEMIND,20191213,414.15,420.4,407.15,411.85,4827
FILATEX,20191213,35.75,36,32.45,34.45,190211
FINCABLES,20191213,353,357.8,351,356.95,28238
FINEORG,20191213,1800,1825,1794,1811.25,6180
FINPIPE,20191213,553.15,556.35,543.7,551,18691
FLEXITUFF,20191213,6.9,6.9,6.9,6.9,2122
FLFL,20191213,394.3,404,392.55,399.05,4619
FLUOROCHEM,20191213,579.95,590,558.05,584.45,11792
FMGOETZE,20191213,532.15,545.9,525.2,535.35,227547
FMNL,20191213,27.65,29.75,26.75,27.3,19425
FORCEMOT,20191213,973,982,961.5,964.1,33542
FORTIS,20191213,137,137.65,135.3,136.25,340302
FOSECOIND,20191213,1296.4,1302.95,1282.4,1298,397
FRETAIL,20191213,335,339,331.1,332.25,122070
FSC,20191213,494.8,495,487.45,493.5,24540
FSL,20191213,37.5,39.85,37.5,39.2,2078738
GABRIEL,20191213,119,121,117.5,119.75,102682
GAEL,20191213,129.7,131.75,127.8,129.2,70964
GAIL,20191213,119,120.9,118.4,119.8,5753924
GAL,20191213,1.8,1.9,1.7,1.85,10110
GALAXYSURF,20191213,1427,1445,1398.35,1436.95,4764
GALLANTT,20191213,28.85,28.85,26.3,27.7,8798
GALLISPAT,20191213,20.5,20.85,20.5,20.6,6164
GAMMNINFRA,20191213,0.45,0.5,0.4,0.45,928141
GANDHITUBE,20191213,281.45,288.9,280.3,282.1,598
GANECOS,20191213,239,242,235.05,237.95,4770
GANESHHOUC,20191213,29.4,29.45,28.35,28.8,10898
GANGESSECU,20191213,35,36.9,31.15,35,20958
GARDENSILK,20191213,8.9,9,8.5,8.65,18057
GARFIBRES,20191213,1142.2,1157.5,1142.2,1153.55,17093
GATI,20191213,56.95,57.75,56.7,57,878912
GAYAHWS,20191213,0.35,0.35,0.3,0.3,75070
GAYAPROJ,20191213,78.95,82.35,78,80.75,860524
GDL,20191213,95.8,96.95,94.5,96.5,89518
GEECEE,20191213,78.05,80.95,76.65,80.05,3020
GENESYS,20191213,58.75,63.85,53.8,55.95,36884
GENUSPAPER,20191213,4.95,4.95,4.75,4.9,42164
GENUSPOWER,20191213,23.05,23.65,23.05,23.3,27990
GEOJITFSL,20191213,28.9,29,28.35,28.6,83723
GEPIL,20191213,722,725,708,715.65,4764
GESHIP,20191213,297.45,302,296.15,300.05,64486
GET&D,20191213,148.15,166.1,147.2,155.7,62328
GFLLIMITED,20191213,73.6,77.25,72.05,77.25,83696
GHCL,20191213,202.55,203,193.25,197.7,342456
GICHSGFIN,20191213,148.7,151.95,148.7,150.3,73591
GICRE,20191213,230.95,239.5,230.1,236.7,533632
GILLANDERS,20191213,28.6,28.6,27.1,27.8,909
GILLETTE,20191213,6673.45,6693.95,6625,6667.2,3374
GINNIFILA,20191213,8,8.3,8,8.1,16550
GIPCL,20191213,68.3,68.4,67.2,67.75,41102
GISOLUTION,20191213,3.25,3.25,3.25,3.25,10
GKWLIMITED,20191213,691.65,691.65,691.65,691.65,1
GLAXO,20191213,1653.1,1682.1,1631.55,1674.6,72497
GLENMARK,20191213,343.65,344.65,335.2,339.6,1211329
GLOBALVECT,20191213,47.6,50,46.7,48.4,7687
GLOBOFFS,20191213,5.6,5.9,5.6,5.6,2655
GLOBUSSPR,20191213,132.7,132.7,123.95,130.1,79991
GMBREW,20191213,401.9,409,397.95,404.9,18455
GMDCLTD,20191213,56.05,56.3,55.4,55.6,106470
GMMPFAUDLR,20191213,1658.9,1670,1613.1,1621.8,9909
GMRINFRA,20191213,20.9,21.35,20.8,21.1,15404326
GNA,20191213,249.2,255.45,247.15,250.75,21966
GNFC,20191213,174.45,175.5,170,170.9,240376
GOACARBON,20191213,206.05,210.9,204,204.7,13715
GOCLCORP,20191213,281.05,285.05,276,282.6,13744
GODFRYPHLP,20191213,1250,1267.85,1236,1242.5,60155
GODREJAGRO,20191213,501.1,503.05,494.95,501.3,31430
GODREJCP,20191213,670.35,677.55,667.15,674.75,934145
GODREJIND,20191213,415,432,410.5,418.65,139127
GODREJPROP,20191213,935.45,953.5,914.5,919,267255
GOKEX,20191213,74.2,75.9,74.2,74.55,20343
GOKUL,20191213,12.3,13.4,12.3,12.85,512
GOKULAGRO,20191213,11.75,13.3,11.7,13,1950
GOLDBEES,20191213,3318.75,3329.95,3312,3322.05,5512
GOLDENTOBC,20191213,30.35,31.8,28.9,30,2296
GOLDIAM,20191213,133.75,140.8,133.75,136.45,50254
GOLDSHARE,20191213,3365,3375,3340,3368.2,194
GOLDTECH,20191213,8.9,9.15,8.6,8.75,17288
GOODLUCK,20191213,41,42.05,39.2,40.1,16313
GPIL,20191213,159,166.45,159,164.85,76705
GPPL,20191213,83,84,82.15,83,75138
GPTINFRA,20191213,40,41.7,40,40.7,560
GRANULES,20191213,129.9,133,128.55,131,1659177
GRAPHITE,20191213,315.95,316.9,306,307.25,959109
GRASIM,20191213,776.05,787.6,774.75,782.3,1454897
GRAVITA,20191213,37.95,40.95,37.95,40.1,93652
GREAVESCOT,20191213,127.45,127.85,125.65,126.65,75542
GREENLAM,20191213,981.85,995.05,972.2,982.05,1231
GREENPANEL,20191213,45.1,47.5,44,44.85,58340
GREENPLY,20191213,159.15,161.15,159.15,160.05,29900
GREENPOWER,20191213,2.2,2.2,2,2.1,63462
GRINDWELL,20191213,574.95,584,567,569.2,4083
GROBTEA,20191213,415.9,444,415.9,417.05,264
GRPLTD,20191213,780,799.95,770.95,771,117
GRSE,20191213,197.5,209,197.5,202.9,352804
GSCLCEMENT,20191213,18.3,18.75,18.1,18.25,26016
GSFC,20191213,68.65,69.45,68,68.2,213302
GSKCONS,20191213,8669,8718,8625.85,8653.55,6727
GSPL,20191213,216.7,219.95,213,218.25,1216111
GSS,20191213,32.25,33.5,32,32.45,5137
GTL,20191213,1.55,1.55,1.45,1.55,145430
GTLINFRA,20191213,0.5,0.5,0.45,0.45,22517982
GTNIND,20191213,6.2,6.75,6.2,6.75,475
GTNTEX,20191213,5.7,5.7,5.7,5.7,100
GTPL,20191213,63.75,67,63.65,64.3,117284
GUFICBIO,20191213,60.8,64.35,60.45,61.65,24713
GUJALKALI,20191213,389.8,392,382.2,383.45,31801
GUJAPOLLO,20191213,119,130.5,119,128.05,1016
GUJGASLTD,20191213,226.5,233.3,225.15,231.7,871473
GULFOILLUB,20191213,818,819.9,807.55,817.05,3386
GULFPETRO,20191213,36.1,37.95,36.05,37.65,6552
GULPOLY,20191213,38,38,36.1,37,5536
GVKPIL,20191213,4,4.8,4,4.7,4298830
HAL,20191213,756.5,770.35,755.9,758.65,9916
HARITASEAT,20191213,436.05,450.5,436.05,444.6,10037
HARRMALAYA,20191213,54.95,58.8,54.5,58.1,109468
HATHWAY,20191213,20.1,20.1,19.2,19.65,174327
HATSUN,20191213,566,570,548,550.75,12574
HAVELLS,20191213,653.65,660.05,650.25,654.5,895607
HAVISHA,20191213,0.6,0.6,0.6,0.6,300
HBLPOWER,20191213,16.6,16.6,15.7,15.8,359640
HBSL,20191213,7.1,7.1,6.8,7.1,251
HCC,20191213,9.65,10.35,9.45,10.3,3057215
HCG,20191213,94.9,95.7,92,92.65,25125
HCL-INSYS,20191213,7.45,7.55,7.25,7.5,378202
HCLTECH,20191213,538,545,536.8,543.15,2889796
HDFC,20191213,2330.7,2365.95,2318.1,2354.5,2557242
HDFCAMC,20191213,3078,3138,3070.1,3126.05,792919
HDFCBANK,20191213,1265,1272.35,1259.25,1263.85,5887593
HDFCLIFE,20191213,585.7,595.1,585.7,588.9,2095278
HDFCMFGETF,20191213,3400,3420,3385,3395.95,5334
HDFCNIFETF,20191213,1263.24,1273.07,1262.89,1270.59,719
HDFCSENETF,20191213,4315.2,4321.51,4275.14,4321.49,156
HDIL,20191213,3.4,3.4,3.4,3.4,418350
HEG,20191213,1091.8,1109.95,1072,1075.25,229487
HEIDELBERG,20191213,176.9,179,173.65,175.75,239899
HERCULES,20191213,87.7,89,86.45,88.2,4334
HERITGFOOD,20191213,348.95,364.9,331.1,333.95,35122
HEROMOTOCO,20191213,2348,2359,2320.2,2338.15,924706
HESTERBIO,20191213,1550.05,1574.45,1550,1550.65,3741
HEXATRADEX,20191213,8,8.65,8,8.65,1700
HEXAWARE,20191213,339,341.7,337,339.75,271169
HFCL,20191213,17.25,17.4,17.1,17.2,1399970
HGINFRA,20191213,233.5,238.2,230.3,232.65,13190
HGS,20191213,626.6,633,626.5,631.8,3461
HIKAL,20191213,115.85,115.9,107.4,108.85,547220
HIL,20191213,1150,1155,1130.05,1137.6,2620
HILTON,20191213,11.75,11.75,11,11.45,2405
HIMATSEIDE,20191213,123.6,124,122.3,122.85,54649
HINDALCO,20191213,207,209,205.3,208.25,14246993
HINDCOMPOS,20191213,166.3,166.3,161.15,162.8,660
HINDCOPPER,20191213,38,39.2,37.7,37.9,1004662
HINDMOTORS,20191213,5.6,5.7,5.5,5.6,53736
HINDNATGLS,20191213,25.45,25.45,23.5,24,5626
HINDOILEXP,20191213,86.5,87.5,84,85.9,136239
HINDPETRO,20191213,266.2,268.8,263.4,267.4,2356235
HINDSYNTEX,20191213,1.9,1.9,1.9,1.9,292
HINDUNILVR,20191213,2018.45,2024,2000,2006.2,1212988
HINDZINC,20191213,207.35,209.4,205.5,206,612881
HIRECT,20191213,198,208.5,197.15,204.1,27046
HISARMETAL,20191213,46.35,49.15,44.1,47.05,7337
HITECH,20191213,134.35,134.35,129.05,129.85,48636
HITECHCORP,20191213,84.85,84.85,81,81.8,2759
HITECHGEAR,20191213,159.05,163,156,158.05,2028
HMVL,20191213,72.95,72.95,70.35,72.2,3228
HNDFDS,20191213,662,684.85,653,683.8,6899
HNGSNGBEES,20191213,3159.18,3200.19,3159.17,3200.19,15
HONAUT,20191213,26397.9,27799.2,25761.1,26781.7,1585
HONDAPOWER,20191213,1236.4,1238.35,1215.1,1227.4,2244
HOTELEELA,20191213,6.2,6.3,6.1,6.3,158832
HOVS,20191213,49.1,49.2,47.05,47.8,7725
HPL,20191213,37.6,39.2,37.5,38.3,26928
HSCL,20191213,56.9,58.25,56.35,57.85,1049316
HSIL,20191213,44.2,44.7,43.4,43.8,278963
HTMEDIA,20191213,15,15.2,14.35,14.8,111869
HUBTOWN,20191213,13.25,14.5,13.25,14.1,15181
HUDCO,20191213,35.95,37.25,35.95,37,1120809
IBMFNIFTY,20191213,119,124,117.52,123.99,806
IBREALEST,20191213,59.25,62.25,58.6,61.05,2424465
IBULHSGFIN,20191213,293,315.4,292.1,309.05,73596154
IBULISL,20191213,79.8,83.75,76.55,78.95,513938
IBVENTURES,20191213,158.7,167.1,157.6,166.95,1693710
ICICI500,20191213,157.93,162,155.78,158.8,19298
ICICIB22,20191213,33.5,34.29,33.5,34.13,329449
ICICIBANK,20191213,537.9,542.8,535.7,537.05,17884861
ICICIBANKN,20191213,318.16,321.79,318.16,321.54,159149
ICICIBANKP,20191213,176.74,177.72,175.78,176.3,788
ICICIGI,20191213,1338.25,1366,1338,1349.9,441649
ICICIGOLD,20191213,33.3,35,33.3,34,13226
ICICILIQ,20191213,999,1000.01,993.95,999.99,21596
ICICILOVOL,20191213,91.9,91.9,90.1,90.5,3014
ICICIMCAP,20191213,64.68,65.19,64.55,65.04,22672
ICICINF100,20191213,129.35,130.5,129.35,130.13,612
ICICINIFTY,20191213,126,127.5,125.52,127.2,75580
ICICINV20,20191213,57.25,57.25,56.24,56.76,5805
ICICINXT50,20191213,28.6,28.6,28.11,28.26,5963
ICICIPRULI,20191213,496,499,493.45,495.7,1045943
ICICISENSX,20191213,433.11,436.99,433.11,436.99,351
ICIL,20191213,48.55,50,48.25,48.65,67948
ICRA,20191213,2754.9,2779.95,2740.65,2753.95,11294
IDBI,20191213,40.5,40.55,38.2,38.45,12683784
IDBIGOLD,20191213,3548,3548,3531,3541.95,5
IDEA,20191213,6.85,7.1,6.75,6.9,264918506
IDFC,20191213,33.2,34.2,33.1,33.95,1124864
IDFCFIRSTB,20191213,43.35,43.8,43.05,43.65,11531697
IDFNIFTYET,20191213,121.9,121.9,118.51,121.49,330
IEX,20191213,140.5,141.9,138.65,140.05,114803
IFBAGRO,20191213,378.05,397.5,377,381.85,5134
IFBIND,20191213,627.9,642.55,594.05,598.1,42832
IFCI,20191213,6.5,6.7,6.5,6.6,2636844
IFGLEXPOR,20191213,134.25,139.9,134.25,138,543
IGARASHI,20191213,221,242.95,221,239.85,78794
IGL,20191213,412.9,415.5,409.05,412,1345667
IGPL,20191213,127,132.35,127,128.05,11692
IIFL,20191213,151.85,155,148.2,151.7,239895
IIFLSEC,20191213,33.6,34.5,32.15,34.5,179602
IIFLWAM,20191213,1141.3,1174,1120,1128.95,12198
IITL,20191213,55,59.6,55,59.6,60
IMFA,20191213,178.85,178.85,175,175.6,4367
IMPAL,20191213,563.55,568.25,558.3,560.15,799
IMPEXFERRO,20191213,0.35,0.4,0.3,0.3,6716
INDBANK,20191213,6.75,6.75,6.5,6.7,26709
INDHOTEL,20191213,144,147.9,143.3,146.65,1426877
INDIACEM,20191213,72.1,74.3,72.1,73.3,1752974
INDIAGLYCO,20191213,215,220.8,213,215.3,311640
INDIAMART,20191213,2090,2137.95,2080.65,2113,9962
INDIANB,20191213,118.7,121,117.2,118.1,2111307
INDIANCARD,20191213,100.6,105.9,100.6,101.45,887
INDIANHUME,20191213,198,206.25,196.55,203,11322
INDIGO,20191213,1347,1367.95,1310,1322.05,1540569
INDLMETER,20191213,21.55,21.55,19.8,20,79
INDNIPPON,20191213,296,304,296,297.5,5582
INDOCO,20191213,146.85,150.95,145.4,147.4,16620
INDORAMA,20191213,29.05,29.75,28.8,28.9,6983
INDOSTAR,20191213,171,187,167.55,178,147679
INDOTECH,20191213,95.5,95.5,92.75,93.4,1096
INDOTHAI,20191213,22.45,23.15,21.9,22.2,5000
INDOWIND,20191213,2.95,3.05,2.9,2.95,38544
INDRAMEDCO,20191213,39.1,39.1,37.6,38.9,56845
INDSWFTLAB,20191213,24.35,24.85,24.25,24.5,100886
INDSWFTLTD,20191213,3.1,3.2,3.05,3.05,9009
INDTERRAIN,20191213,62.75,64.6,60.05,61.45,2302
INDUSINDBK,20191213,1449.75,1493.95,1449.75,1485.4,3512530
INEOSSTYRO,20191213,683,725,683,708.95,21352
INFIBEAM,20191213,46.4,47,46.4,46.85,3030980
INFOBEAN,20191213,63.05,68.4,63.05,66.45,554
INFRABEES,20191213,337.5,338.2,334.9,335.94,72
INFRATEL,20191213,253.75,256.45,246.05,252.4,7635565
INFY,20191213,700.35,712.9,700.35,711.3,10302412
INGERRAND,20191213,667,687,660,662.6,86391
INOXLEISUR,20191213,366.1,376,366.1,373.4,148491
INOXWIND,20191213,34.25,35,33.5,34.15,173806
INSECTICID,20191213,421,443.5,417.65,434.25,19785
INSPIRISYS,20191213,41.8,41.85,36.5,37,2609
INTEGRA,20191213,0.25,0.25,0.25,0.25,76
INTELLECT,20191213,151,153.7,149.1,152.05,87783
INTENTECH,20191213,26.8,27.45,26.35,26.95,8130
INVENTURE,20191213,12.9,13.1,12.75,13,28468
IOB,20191213,10.15,10.4,10.15,10.25,796045
IOC,20191213,128.65,129.7,127.6,128.25,5428475
IOLCP,20191213,166.05,172.7,166.05,169.65,192710
IPAPPM,20191213,282,283.1,277.05,279.75,4976
IPCALAB,20191213,1126,1144.7,1122.95,1133.05,52893
IRB,20191213,66.6,68.1,66.15,67.6,923881
IRCON,20191213,393.85,400.95,391,393.85,44696
IRCTC,20191213,874.25,903.4,870.1,890.5,1400505
ISEC,20191213,356.05,357.45,352.1,355.05,106041
ISFT,20191213,62,67.1,62,66.55,2021
ISMTLTD,20191213,4.3,4.65,4.15,4.4,7101
ITC,20191213,240,242.5,239.2,241.6,8205457
ITDC,20191213,319.6,346.8,319,338.35,770187
ITDCEM,20191213,52.3,53.9,50.7,51.55,134464
ITI,20191213,93.95,94.75,92.5,93.35,3586952
IVC,20191213,3.4,3.5,3.35,3.4,72532
IVP,20191213,54,58.8,53.1,53.5,1365
IVZINGOLD,20191213,3449.9,3449.9,3449.9,3449.9,1
IVZINNIFTY,20191213,1286.65,1286.65,1286.65,1286.65,30
IZMO,20191213,22,22.8,21.05,21.95,15182
J&KBANK,20191213,30.1,31.05,29.75,30.05,1355911
JAGRAN,20191213,55.95,57,55.9,56.75,125299
JAGSNPHARM,20191213,25.5,25.5,24.1,24.5,3378
JAIBALAJI,20191213,22.8,23.3,21.8,22.2,17255
JAICORPLTD,20191213,88,92.3,87.8,90.9,1175447
JAINSTUDIO,20191213,1.8,1.8,1.8,1.8,138
JAMNAAUTO,20191213,40.5,41.25,40.15,40.35,624012
JASH,20191213,121,127.7,112,122.95,695
JAYAGROGN,20191213,132,132,127.25,130.15,7619
JAYBARMARU,20191213,216.9,225.2,216,223.1,161614
JAYNECOIND,20191213,3.55,3.85,3.3,3.4,52070
JAYSREETEA,20191213,45.95,47.95,45.65,47.75,111815
JBCHEPHARM,20191213,414.4,423,412.25,419.95,381855
JBFIND,20191213,7.65,8.15,7.65,8.15,23324
JBMA,20191213,247,260,247,252.45,149221
JCHAC,20191213,1891,1928.5,1881.05,1908.25,4447
JHS,20191213,14.8,15.45,14.2,15.25,38314
JIKIND,20191213,0.3,0.35,0.3,0.35,9486
JINDALPHOT,20191213,12,12.8,12,12.65,1655
JINDALPOLY,20191213,219.7,219.9,216,216.65,12008
JINDALSAW,20191213,74,76.1,73.2,75.6,423310
JINDALSTEL,20191213,143.25,149.25,137.2,138.85,43391119
JINDCOT,20191213,1.8,1.9,1.8,1.8,4572
JINDRILL,20191213,74.65,75.65,73.65,75.25,8418
JINDWORLD,20191213,61.5,63.1,61,61.5,254375
JISLDVREQS,20191213,7.7,7.9,7.45,7.45,136905
JISLJALEQS,20191213,7.6,8,7.6,7.65,9580935
JITFINFRA,20191213,6.2,6.2,6.05,6.05,9811
JIYAECO,20191213,26.75,27.6,26.4,26.7,118873
JKCEMENT,20191213,1136,1144.7,1125.25,1140.55,35863
JKIL,20191213,141.6,143,139.6,142.2,90694
JKLAKSHMI,20191213,267.2,269.35,265.3,267.8,43695
JKPAPER,20191213,117.95,121.65,117.65,120.35,779527
JKTYRE,20191213,71.75,73.15,71.7,72.55,518485
JMA,20191213,22.3,22.8,21.05,22,2632
JMCPROJECT,20191213,97.15,103.9,95.8,101.5,92719
JMFINANCIL,20191213,86,92,86,91.3,751105
JMTAUTOLTD,20191213,1.35,1.4,1.3,1.35,86404
JOCIL,20191213,111.35,111.35,104.15,105.6,505
JPASSOCIAT,20191213,2.4,2.4,2.3,2.4,3998620
JPINFRATEC,20191213,1.55,1.55,1.55,1.55,311853
JPOLYINVST,20191213,12.2,13.2,12.2,12.65,1666
JPPOWER,20191213,1.4,1.45,1.35,1.4,8358765
JSL,20191213,38,38.75,37.6,37.95,256152
JSLHISAR,20191213,65.45,66.8,64.1,64.75,172038
JSWENERGY,20191213,71.45,71.7,70.25,71.35,391546
JSWHL,20191213,2250,2295,2240.5,2249.75,281
JSWSTEEL,20191213,263,264.4,255.55,257.6,12372614
JTEKTINDIA,20191213,79.1,81.75,79.1,81.35,40826
JUBILANT,20191213,530,531.9,521.05,526.55,69640
JUBLFOOD,20191213,1600.25,1637.15,1599.25,1619.95,889376
JUBLINDS,20191213,92,95,91,93.55,10009
JUMPNET,20191213,58.2,58.2,44.8,56.2,1242101
JUNIORBEES,20191213,287,291.88,287,290.71,41721
JUSTDIAL,20191213,570,577.8,567.25,574.3,1356599
JYOTHYLAB,20191213,150,153.5,148,149.75,170888
KABRAEXTRU,20191213,60.95,61,58.55,59.05,3000
KAJARIACER,20191213,539,539.9,534,538.9,91139
KAKATCEM,20191213,139.95,142.5,136.2,138.75,5434
KALPATPOWR,20191213,431.95,433,417.15,421.75,101092
KALYANIFRG,20191213,152,152,148.5,148.5,109
KAMATHOTEL,20191213,33,33.45,31.6,32.1,54025
KAMDHENU,20191213,85.5,87.95,85.1,87.5,8970
KANANIIND,20191213,3,3.2,2.9,3.2,587
KANORICHEM,20191213,36.05,36.15,35.5,35.65,21755
KANSAINER,20191213,523.3,536.55,516.5,529.85,308531
KARDA,20191213,95,97.85,93.05,94.05,10018
KARMAENG,20191213,14.15,14.15,14.15,14.15,125
KARURVYSYA,20191213,62.25,62.95,60.45,60.75,402972
KAUSHALYA,20191213,0.5,0.5,0.45,0.5,33409
KAVVERITEL,20191213,2.5,2.6,2.4,2.4,245
KAYA,20191213,325.85,338,322.6,335.5,6146
KCP,20191213,58.95,60.75,58.9,60.1,28003
KCPSUGIND,20191213,12.7,13.3,12.6,13.15,178601
KDDL,20191213,330,330,319.05,323.15,2659
KEC,20191213,286.5,291,282.55,290,203287
KECL,20191213,10,10.45,9.8,9.9,29142
KEI,20191213,460.9,466.75,443,445.25,260575
KELLTONTEC,20191213,16,16.5,15.5,16.1,77759
KENNAMET,20191213,986.4,986.4,966,972.75,1220
KERNEX,20191213,22.25,22.55,20.65,22.3,9911
KESARENT,20191213,35,37.45,34.4,35.3,8908
KESORAMIND,20191213,57,58,56.65,57.4,262448
KHADIM,20191213,169,176.4,166.3,170.15,159558
KICL,20191213,1563,1663,1563,1608.4,645
KILITCH,20191213,122,126.05,118.7,120.15,6549
KINGFA,20191213,614,627,606.25,612.45,1900
KIOCL,20191213,110.6,112.75,109.6,110.1,13301
KIRIINDUS,20191213,351.95,356.3,350,350.15,95698
KIRLFER,20191213,64,64,61.25,61.65,1330
KIRLOSBROS,20191213,123.5,124.2,119.9,122.65,25854
KIRLOSENG,20191213,147.75,154.9,147.25,152.1,8743
KIRLOSIND,20191213,600,615,598.05,605.9,603
KITEX,20191213,94,95,93,94.7,18537
KKCL,20191213,937.25,965,937.25,951.85,455
KMSUGAR,20191213,5.95,6.3,5.95,6.15,95381
KNRCON,20191213,240.9,249.9,235,246.6,211973
KOHINOOR,20191213,8.9,8.9,8.4,8.6,7574
KOKUYOCMLN,20191213,79.35,83,76,77.6,30060
KOLTEPATIL,20191213,215.2,218.95,212.5,214.55,38432
KOPRAN,20191213,28.6,30.1,28.35,29.5,37520
KOTAKBANK,20191213,1716.2,1719,1687.25,1692.75,3527634
KOTAKBKETF,20191213,326,329.7,326,328.96,46079
KOTAKGOLD,20191213,338,340.75,333.65,336.55,18913
KOTAKNIFTY,20191213,124.24,125.45,124.21,125.12,33313
KOTAKNV20,20191213,58.14,58.23,57,57.63,8152
KOTAKPSUBK,20191213,246,254.9,244,252.17,19534
KOTARISUG,20191213,9.4,9.7,9.3,9.55,26644
KOTHARIPET,20191213,15.9,16.25,15.85,15.85,1923
KOTHARIPRO,20191213,58.2,61.55,58.2,60.55,3289
KPITTECH,20191213,86,89.45,86,88,773887
KPRMILL,20191213,654.85,666.95,652,663.45,6894
KRBL,20191213,214.25,221.9,213.75,218.25,184438
KREBSBIO,20191213,89,89,83,87.2,549
KRIDHANINF,20191213,2.8,3,2.8,2.85,218366
KRISHANA,20191213,53,53,50,50,805
KSB,20191213,655.75,665.05,646.5,650.45,8638
KSCL,20191213,478.1,485.25,475.2,480.35,36217
KSERASERA,20191213,0.1,0.15,0.1,0.1,838779
KSK,20191213,0.6,0.6,0.5,0.55,206542
KSL,20191213,224.5,226.7,222.5,225.25,32462
KTIL,20191213,28.85,31.25,28.1,29,2199
KTKBANK,20191213,72.4,73,71.65,71.9,892445
KUANTUM,20191213,434.5,459.95,434.5,445.35,596
KWALITY,20191213,2.4,2.6,2.4,2.4,374316
L&TFH,20191213,115.2,117.6,115.05,116.1,7360278
LAKSHVILAS,20191213,18.9,19.75,18.9,19.4,1011830
LALPATHLAB,20191213,1520,1520,1455,1467.7,163315
LAMBODHARA,20191213,28,31,28,29.85,9297
LAOPALA,20191213,135,141.05,134.8,138.65,114148
LASA,20191213,18.3,18.3,17.5,17.75,23027
LAURUSLABS,20191213,338.55,342.6,338.05,340.55,23183
LAXMIMACH,20191213,3224,3299,3200.1,3240.85,4630
LEMONTREE,20191213,59.75,61.3,59.75,60.85,186489
LFIC,20191213,48.15,50.5,48.15,50,139
LGBBROSLTD,20191213,241.05,247.85,239,240.55,9845
LGBFORGE,20191213,2.35,2.35,2.2,2.25,20656
LIBAS,20191213,45.4,47.5,45.4,45.55,322
LIBERTSHOE,20191213,127.45,135.95,127.45,134.2,539496
LICHSGFIN,20191213,436.1,442.6,435.5,439,2536431
LICNETFGSC,20191213,20.49,20.49,19.77,19.92,2223
LICNETFN50,20191213,125.99,126.01,124.01,125.41,76
LICNFNHGP,20191213,128.4,128.4,128.4,128.4,2
LINCOLN,20191213,168.9,171.45,167.6,169.05,13514
LINCPEN,20191213,194.4,195,190,190.5,2141
LINDEINDIA,20191213,617.1,620,610,612.65,9749
LIQUIDBEES,20191213,999.99,1000.01,999.99,999.99,605654
LIQUIDETF,20191213,1000.04,1000.04,999.99,999.99,7798
LOKESHMACH,20191213,33.35,35.85,32.8,35.2,13292
LOTUSEYE,20191213,23.35,23.35,22.35,22.7,1668
LOVABLE,20191213,65.3,69.1,65.25,66.35,22711
LPDC,20191213,1.75,1.75,1.7,1.7,1108
LSIL,20191213,0.5,0.55,0.5,0.55,480977
LT,20191213,1287.95,1308,1285.3,1305.3,3655956
LTI,20191213,1636,1650,1635,1640.15,31741
LTTS,20191213,1502,1526,1497,1520.45,74209
LUMAXIND,20191213,1110,1199.9,1110,1188.75,2294
LUMAXTECH,20191213,94.5,98.45,94.4,95.45,10251
LUPIN,20191213,753.55,758.5,748.15,756.25,662206
LUXIND,20191213,1365.55,1395,1348,1379.05,43129
LYKALABS,20191213,15.25,15.9,15.05,15.35,5008
LYPSAGEMS,20191213,4.15,4.15,3.35,3.9,9125
M&M,20191213,514.55,522.8,513.75,516.2,4066433
M&MFIN,20191213,340.55,345,336.45,341.15,1896170
M100,20191213,17.7,17.79,17.52,17.76,37806
M50,20191213,118,118.89,117.85,118.85,1215
MAANALU,20191213,58.8,59.7,57.45,58.75,4042
MADHAV,20191213,24.4,25.35,23.8,25,1319
MADHUCON,20191213,3.7,3.7,3.6,3.6,9161
MADRASFERT,20191213,18.7,19.1,18.6,18.8,81809
MAGADSUGAR,20191213,100.45,103.4,99.5,101.9,17767
MAGMA,20191213,55.25,55.25,52.6,55.25,590684
MAGNUM,20191213,3.8,4.2,3.8,3.8,11718
MAHABANK,20191213,11.65,11.95,11.65,11.75,556184
MAHAPEXLTD,20191213,91.05,97.5,91,93.3,1133
MAHASTEEL,20191213,99.15,107,98.2,105.4,28869
MAHESHWARI,20191213,231.75,231.75,226.8,228.25,38257
MAHINDCIE,20191213,165,165.8,159,161.15,158839
MAHLIFE,20191213,387.55,395.7,386.05,390.2,10480
MAHLOG,20191213,379.7,380,372,374.35,21429
MAHSCOOTER,20191213,4430.85,4571.35,4409,4512.4,4048
MAHSEAMLES,20191213,369.1,372.95,362.65,368.45,11239
MAITHANALL,20191213,478,478,461,468.9,13045
MAJESCO,20191213,404.65,411.45,397,399.55,30440
MALUPAPER,20191213,24.2,25.6,24.1,24.85,20930
MAN50ETF,20191213,122.25,122.25,122.25,122.25,6
MANAKALUCO,20191213,4,4.2,3.9,4.2,10019
MANAKCOAT,20191213,3.9,4.05,3.7,4.05,25856
MANAKSIA,20191213,34.15,34.15,33,33.15,4413
MANAKSTEEL,20191213,8.1,8.1,7.2,7.65,16101
MANALIPETC,20191213,16.95,18.1,16.75,17.75,494294
MANAPPURAM,20191213,173.25,174.65,171.5,173,4219146
MANGALAM,20191213,27.25,28.9,27.25,28.35,14378
MANGCHEFER,20191213,27,28,26.4,27.85,16657
MANGLMCEM,20191213,267.4,269.45,266,267.95,5789
MANGTIMBER,20191213,8.1,8.6,8.1,8.6,15021
MANINDS,20191213,39.75,40.6,39.2,39.95,17798
MANINFRA,20191213,23,24.5,22.65,23.85,215735
MANUGRAPH,20191213,14.5,14.85,13.75,14.45,8758
MARALOVER,20191213,15.2,15.25,14.15,14.5,1549
MARATHON,20191213,81.65,81.7,73.45,75.4,2824
MARICO,20191213,331.9,335,330.65,334.1,1914038
MARKSANS,20191213,13.9,14.45,13.9,14.25,575149
MARUTI,20191213,7043.95,7249,7030.15,7214.95,1199360
MASFIN,20191213,819.8,820.55,805.05,809.6,13064
MASTEK,20191213,364.55,393,364.55,378.15,646704
MATRIMONY,20191213,466,480,466,472.75,740
MAWANASUG,20191213,31.1,32.3,31.05,32.05,94431
MAXINDIA,20191213,75.55,77.95,75.55,76.7,72634
MAXVIL,20191213,42,43.4,41.8,42.2,187412
MAYURUNIQ,20191213,221,224,217,221.35,11809
MAZDA,20191213,384,390,381.05,385.5,7016
MBAPL,20191213,70,70,69,69,200
MBECL,20191213,4.55,4.75,4.35,4.65,41355
MBLINFRA,20191213,4.35,4.5,4.3,4.45,12397
MCDHOLDING,20191213,16.75,16.8,16.2,16.4,7358
MCDOWELL-N,20191213,595,595,587.25,590.2,829328
MCLEODRUSS,20191213,5.65,5.75,5.3,5.4,329632
MCX,20191213,1112,1118,1104.4,1112.2,171987
MEGASOFT,20191213,6.35,6.55,6.35,6.5,4919
MEGH,20191213,49,50.8,48.95,50,414462
MELSTAR,20191213,1.2,1.2,1.2,1.2,370
MENONBE,20191213,58.2,59.75,58.05,59.15,37641
MEP,20191213,40.2,40.45,39.05,39.35,81091
MERCATOR,20191213,1.05,1.1,1,1.05,1065452
METALFORGE,20191213,5.25,5.5,5.1,5.15,47573
METROPOLIS,20191213,1291,1299.8,1256.85,1294.8,43491
MFSL,20191213,507.45,512,499.5,501.6,923299
MGL,20191213,1041,1057.7,1023.2,1044.5,480231
MHRIL,20191213,215.65,217.85,213.05,214.15,15534
MIC,20191213,0.75,0.75,0.75,0.75,16945
MIDHANI,20191213,152.55,157.6,152.55,155.65,780450
MINDACORP,20191213,93.8,93.95,91.15,91.8,101322
MINDAIND,20191213,337.9,346.5,337.3,345.85,117880
MINDTECK,20191213,28.9,28.9,26.15,27.2,5212
MINDTREE,20191213,751,770,747.65,763.95,883468
MIRCELECTR,20191213,7.1,7.1,6.65,6.85,106952
MIRZAINT,20191213,54.3,58.4,54.3,57.45,641562
MMFL,20191213,329.05,335.5,329.05,334.85,3759
MMTC,20191213,18.2,18.3,17.6,18,709168
MODIRUBBER,20191213,37.85,40.75,37.85,37.85,277
MOHITIND,20191213,4.65,5,4.6,4.6,1609
MOHOTAIND,20191213,8.05,8.45,7.65,8.15,5210
MOIL,20191213,137.6,139.9,137,139.1,104545
MOLDTECH,20191213,48.85,49.8,46.25,46.9,5186
MOLDTKPAC,20191213,271.25,277.5,271.25,275.95,16674
MONTECARLO,20191213,263.05,263.95,260.15,261.35,8641
MORARJEE,20191213,13.75,13.75,12.8,12.85,1187
MOREPENLAB,20191213,15.2,15.3,15.1,15.15,196383
MOTHERSUMI,20191213,136.2,143.4,136.2,140.9,24339392
MOTILALOFS,20191213,765,775,755.25,766.55,1155731
MOTOGENFIN,20191213,38.45,42,34.65,37.5,204703
MPHASIS,20191213,868,877.35,854.35,865.6,101712
MPSLTD,20191213,463.05,465,459,460.2,2379
MRF,20191213,62800,64100,62800,63926.35,4829
MRO-TEK,20191213,29.5,32.45,29.5,32,5612
MRPL,20191213,45.1,45.4,44.3,44.45,326223
MSPL,20191213,5.5,5.5,5,5.2,8711
MSTCLTD,20191213,140.3,150.5,138.05,148,745873
MTEDUCARE,20191213,16.65,16.95,15.2,15.6,38334
MTNL,20191213,8.25,8.25,8.25,8.25,116167
MUKANDENGG,20191213,11.65,12.3,11.65,12.3,3855
MUKANDLTD,20191213,28.1,29.45,27.75,28.2,15514
MUKTAARTS,20191213,36.3,37.45,35.5,36.55,18143
MUNJALAU,20191213,44.8,44.8,43.1,43.9,152523
MUNJALSHOW,20191213,121.35,124.15,120.75,121.45,8574
MURUDCERA,20191213,15.6,15.75,15.25,15.45,17258
MUTHOOTCAP,20191213,480.8,492.9,479.75,490.25,4799
MUTHOOTFIN,20191213,712.9,720.05,709.55,717,714323
N100,20191213,589,592,587,591.16,3449
NACLIND,20191213,25.95,26.3,25.5,25.9,10357
NAGAFERT,20191213,3.6,3.75,3.5,3.65,58963
NAGREEKCAP,20191213,6.75,7.2,6.75,7.2,380
NAGREEKEXP,20191213,13,14.8,13,13.3,1005
NAHARCAP,20191213,71.35,71.35,68.75,70,502
NAHARINDUS,20191213,20.3,21.8,19.2,20.35,35085
NAHARPOLY,20191213,31.4,32.25,31.4,31.95,2122
NAHARSPING,20191213,40.95,41.65,40.95,41.15,4362
NATCOPHARM,20191213,579.5,583.7,575.1,582.8,27613
NATHBIOGEN,20191213,331.9,344.65,326.35,342.4,23736
NATIONALUM,20191213,43.6,44.7,43.25,43.5,10883884
NATNLSTEEL,20191213,1.85,1.85,1.8,1.85,1280
NAUKRI,20191213,2539,2688.9,2530.6,2621.5,434263
NAVINFLUOR,20191213,930,945.7,920.25,937.85,181824
NAVKARCORP,20191213,29.05,30.4,28.15,29.75,191801
NAVNETEDUL,20191213,90,91.95,89,89.65,34968
NBCC,20191213,34.6,35.4,34.3,35.25,11030110
NBIFIN,20191213,1490,1520,1490,1495,227
NBVENTURES,20191213,70.15,71.4,66.4,68.5,58896
NCC,20191213,52.6,54.2,52.3,53.85,14757708
NCLIND,20191213,83.9,87,82.1,86.3,111136
NDL,20191213,26.05,27.4,26,26.75,11610
NDTV,20191213,27.15,27.15,25.8,26.4,6054
NECCLTD,20191213,5.25,5.7,5.2,5.45,25872
NECLIFE,20191213,12.05,12.6,12.05,12.3,61184
NELCAST,20191213,51,52.05,50.3,51.7,142207
NELCO,20191213,230.2,234.8,226.65,230.05,40453
NEOGEN,20191213,352,360,349.9,353.5,14295
NESCO,20191213,622,648.5,622,632.85,47294
NESTLEIND,20191213,14190,14389.5,14011,14301.6,156050
NETF,20191213,122.08,122.78,122.08,122.78,18
NETFCONSUM,20191213,52.25,52.54,52.06,52.17,1607
NETFDIVOPP,20191213,29.01,29.19,28.85,29.19,7
NETFLTGILT,20191213,19.91,19.91,19.84,19.9,4106
NETFMID150,20191213,62.16,62.47,62.16,62.24,132552
NETFNIF100,20191213,124.32,125.5,124.32,125.5,29
NETFNV20,20191213,570.75,578.58,570.75,576.41,430
NETWORK18,20191213,25.95,26.4,24.65,26.4,94005
NEULANDLAB,20191213,398.45,406,397.05,399.5,14604
NEWGEN,20191213,198.95,199,194.05,197.8,5065
NEXTMEDIA,20191213,8.75,10,8.75,9.7,9655
NFL,20191213,25.1,25.55,25,25.1,142208
NH,20191213,304.25,314.65,304.25,310.1,155166
NHPC,20191213,23.8,24.25,23.8,23.9,1897031
NIACL,20191213,136,138.7,135.35,136.55,305055
NIBL,20191213,6.8,7.15,6.7,7.1,830
NIFTYBEES,20191213,1271.09,1280,1271.04,1279.06,33899
NIFTYEES,20191213,14800.01,15399.99,14800.01,15100,5
NIITLTD,20191213,105.5,106,104.5,105.6,203012
NIITTECH,20191213,1478,1495,1462.7,1490.6,167754
NILAINFRA,20191213,4.25,4.85,4.2,4.75,239545
NILASPACES,20191213,1.1,1.1,1,1.1,48185
NILKAMAL,20191213,1265.05,1295,1265.05,1289.85,15122
NIPPOBATRY,20191213,463.55,484.75,463.5,475.05,1201
NITCO,20191213,27.15,28,27.15,27.55,16063
NITINSPIN,20191213,48.55,50.5,48.5,49.8,23983
NKIND,20191213,17.2,17.2,15.6,17.2,202
NLCINDIA,20191213,53.9,54.25,53.45,53.7,81683
NMDC,20191213,114.25,116,112.6,114.25,6917391
NOCIL,20191213,99,99.65,98,98.4,509579
NOIDATOLL,20191213,3.15,3.2,3,3.05,54206
NPBET,20191213,178.16,179.64,177.71,179.53,12386
NRAIL,20191213,209.95,209.95,200,204.5,8305
NRBBEARING,20191213,91.6,93.25,90.75,91.5,13635
NSIL,20191213,739.05,744.9,725,735.8,578
NTL,20191213,0.45,0.5,0.45,0.5,716
NTPC,20191213,115.05,116.15,114.5,115.65,4293299
NUCLEUS,20191213,292,293.55,285.7,288.6,7473
NXTDIGITAL,20191213,380.15,389.45,377.05,378.9,4308
OAL,20191213,173.85,181.95,173.85,176.45,2472
OBEROIRLTY,20191213,511.2,532,510.05,523.75,294014
OCCL,20191213,979.8,990,952.25,986.3,4531
OFSS,20191213,2928.5,2949.8,2890,2933.1,54755
OIL,20191213,155.85,157.25,153.25,154.5,495370
OILCOUNTUB,20191213,6.65,6.65,5.6,5.75,20795
OISL,20191213,3.2,3.3,3.2,3.3,843
OLECTRA,20191213,169.55,185,165.85,177.65,145737
OMAXAUTO,20191213,43,44.4,41.75,42.6,20509
OMAXE,20191213,153.7,154.45,152.6,153.6,128159
OMKARCHEM,20191213,3.6,3.6,3.3,3.45,13057
OMMETALS,20191213,25.45,25.45,23.3,23.9,31864
ONELIFECAP,20191213,6.35,6.35,6.3,6.3,2444
ONEPOINT,20191213,12.95,12.95,12.3,12.85,103303
ONGC,20191213,126.45,127.45,126,126.5,6663052
ONMOBILE,20191213,34.4,34.4,33.9,34,82084
ONWARDTEC,20191213,66.6,69,66.6,68.75,2444
OPTIEMUS,20191213,28.95,28.95,26.3,26.3,4423
OPTOCIRCUI,20191213,2.85,2.95,2.75,2.85,269181
ORBTEXP,20191213,85.1,89,84.15,86.55,5735
ORICONENT,20191213,17.65,17.65,17.15,17.25,31968
ORIENTABRA,20191213,16.1,17,16,16.5,13739
ORIENTALTL,20191213,10.5,10.8,10,10.35,6599
ORIENTBANK,20191213,52.9,56.6,52.85,55.5,1923056
ORIENTBELL,20191213,134.85,134.9,130.25,130.95,6962
ORIENTCEM,20191213,70.05,74.85,70.05,73.6,71244
ORIENTELEC,20191213,188.8,189.8,183.8,185.7,90632
ORIENTHOT,20191213,35.35,36,34.25,35.05,17526
ORIENTLTD,20191213,93.25,114.4,93.2,94.95,2830
ORIENTPPR,20191213,23.8,24.05,23.4,23.95,240670
ORIENTREF,20191213,230.7,236.9,227,227.8,52274
ORISSAMINE,20191213,1280,1449,1280,1372.9,121624
ORTINLABSS,20191213,9.25,9.25,8.35,8.55,5248
OSWALAGRO,20191213,5.15,5.15,4.9,5,12748
PAEL,20191213,3.15,3.3,3.15,3.3,131
PAGEIND,20191213,21934,22510,21900,22303.4,18241
PAISALO,20191213,433.3,437,426.05,431.75,44968
PALASHSECU,20191213,25.5,26.95,25.5,26.8,266
PALREDTEC,20191213,16.75,16.75,16,16.05,3384
PANACEABIO,20191213,112.45,116.2,112.4,113.75,15928
PANAMAPET,20191213,59.9,59.9,58.05,59,47273
PAPERPROD,20191213,258.6,258.6,249.2,250.25,8891
PARABDRUGS,20191213,3.15,3.15,3.1,3.15,141553
PARACABLES,20191213,8.75,8.9,8.55,8.65,53149
PARAGMILK,20191213,140.55,141,137.5,138.2,98537
PARSVNATH,20191213,1.65,1.75,1.6,1.7,232794
PATELENG,20191213,14.15,14.45,13.85,13.95,192661
PATINTLOG,20191213,19.35,20,19,19.85,5377
PATSPINLTD,20191213,4.7,5.45,4.7,5.1,5549
PCJEWELLER,20191213,24.45,27.25,24.4,26.6,12183075
PDMJEPAPER,20191213,13.4,13.8,13.3,13.6,47181
PDSMFL,20191213,330.95,340,326,327,20607
PEARLPOLY,20191213,14,14.5,14,14.5,2703
PEL,20191213,1660,1695,1657,1677.55,1076652
PENIND,20191213,28.65,28.8,27.8,28.05,181753
PENINLAND,20191213,4.05,4.25,3.95,4.05,1236249
PERSISTENT,20191213,671.95,675,665,672.75,148551
PETRONENGG,20191213,8.05,8.45,7.65,8.45,107
PETRONET,20191213,273.3,276,271.1,274.45,2884627
PFC,20191213,116,116.5,114.5,115.5,3425318
PFIZER,20191213,4315,4375,4291.05,4340.7,19527
PFOCUS,20191213,43.35,45.35,43,43.8,28214
PFS,20191213,12.9,13.15,12.85,12.95,265790
PGEL,20191213,39.1,39.7,38,38.2,56937
PGHH,20191213,11277.05,11500,11261,11409.35,1910
PGHL,20191213,4168,4168,4120,4136.3,42280
PGIL,20191213,162,162,155.6,160,4276
PHILIPCARB,20191213,112.85,114.2,112.2,113.05,514205
PHOENIXLTD,20191213,759,774.4,755.2,764.85,14696
PIDILITIND,20191213,1337.9,1337.9,1318.7,1324.45,287140
PIIND,20191213,1469.9,1490,1462.35,1479.35,52748
PILANIINVS,20191213,1789,1789,1700.1,1721.7,3325
PILITA,20191213,6.4,6.4,5.6,5.9,33139
PIONDIST,20191213,117.55,125.85,117.55,120.35,7252
PIONEEREMB,20191213,27.35,27.9,26.25,26.25,19125
PITTIENG,20191213,44,44.8,42.2,42.9,41093
PKTEA,20191213,131.3,139.8,131.3,138.85,140
PLASTIBLEN,20191213,172.3,180,172.3,176,2855
PNB,20191213,61.25,64.65,61.1,64.45,29859768
PNBGILTS,20191213,28.1,29.2,27.6,27.95,287623
PNBHOUSING,20191213,427.65,438,422,431.6,767980
PNC,20191213,14.6,14.6,14,14.05,222
PNCINFRA,20191213,193,196.3,190.5,191.65,268975
PODDARHOUS,20191213,333,333,310,315.75,123
PODDARMENT,20191213,163,168,163,166.55,504
POKARNA,20191213,96,99.7,93,95.4,43849
POLYCAB,20191213,995.95,1008.9,978.2,981.45,131495
POLYMED,20191213,207.1,210.35,206.45,208.6,9048
POLYPLEX,20191213,477,499,477,492,53517
PONNIERODE,20191213,150,150,139.95,142.65,3503
POWERGRID,20191213,185.7,187.55,185,185.7,7305323
POWERMECH,20191213,590.6,617.95,590.6,608.75,6511
PPAP,20191213,168.3,173,168,170.8,5967
PPL,20191213,67.9,68.6,65.25,66.95,11799
PRABHAT,20191213,87.55,89,87,87.05,21136
PRADIP,20191213,0.5,0.6,0.5,0.6,19440
PRAENG,20191213,6.35,6.35,6.05,6.25,3550
PRAJIND,20191213,101.15,102.65,100.55,101.7,1051965
PRAKASH,20191213,42,42.75,41.5,41.8,458075
PRAKASHSTL,20191213,0.25,0.25,0.2,0.2,7700
PRAXIS,20191213,59.6,61.8,57.35,59.55,644
PRECAM,20191213,36.1,38.7,35.2,37,26815
PRECOT,20191213,27.7,27.7,25.3,26,329
PRECWIRE,20191213,145.45,149.85,144,144.9,4717
PREMEXPLN,20191213,134.9,156.7,131.25,149.65,156756
PREMIER,20191213,2.5,2.5,2.5,2.5,998
PREMIERPOL,20191213,17,17,16.6,16.65,869
PRESSMN,20191213,19.9,20.05,19.25,19.9,14552
PRESTIGE,20191213,310.65,329.65,309.75,324.15,309871
PRICOLLTD,20191213,42,43.55,41.2,43.1,153560
PRIMESECU,20191213,44,45,42.15,43,24992
PROSEED,20191213,0.3,0.3,0.25,0.25,62111
PROZONINTU,20191213,18,18.75,18,18.5,16469
PRSMJOHNSN,20191213,61.3,64,61.2,61.95,179264
PSB,20191213,19.35,20.45,19.35,19.7,41490
PSL,20191213,0.6,0.6,0.55,0.55,13160
PSPPROJECT,20191213,507,524.9,505.85,511.25,44662
PSUBNKBEES,20191213,273,283.83,273,282.56,6169
PTC,20191213,53.6,54.3,52.95,53.55,398386
PTL,20191213,35,36.55,34.4,36.15,11417
PUNJABCHEM,20191213,467.1,475,464,466.15,1140
PURVA,20191213,55.15,62.5,55.15,58.45,83647
PVR,20191213,1736.2,1762,1736.2,1752.2,225603
QGOLDHALF,20191213,1685.95,1685.95,1650,1655,1123
QNIFTY,20191213,1236,1238.5,1236,1238.5,6
QUESS,20191213,475.2,483.5,474,477.15,79639
QUICKHEAL,20191213,127.5,128.9,126.35,126.95,104749
RADAAN,20191213,1.15,1.15,1.15,1.15,2500
RADICO,20191213,302.8,305.4,298,299.4,186777
RADIOCITY,20191213,28.25,29.45,28.25,28.8,65237
RAIN,20191213,95.9,97.2,94.4,95.75,388027
RAJESHEXPO,20191213,669.85,694.55,667,684.2,276053
RAJSREESUG,20191213,17.2,17.2,16.7,17.2,5499
RAJTV,20191213,43.85,43.85,41,41.55,2149
RALLIS,20191213,173.9,175.6,172,173.75,97002
RAMANEWS,20191213,13.95,13.95,13.25,13.45,7767
RAMASTEEL,20191213,36.55,36.55,34.5,36.15,6060
RAMCOCEM,20191213,778.95,782.45,771.85,775.55,269378
RAMCOIND,20191213,185,187.05,185,185.35,10614
RAMCOSYS,20191213,138.95,140,135,135.55,15280
RAMKY,20191213,31.1,32.4,30.5,31.1,187646
RANASUG,20191213,2.75,2.85,2.65,2.85,53408
RANEENGINE,20191213,205,209.05,199,200.4,1044
RANEHOLDIN,20191213,710.15,720,664.7,683.15,3178
RATNAMANI,20191213,989,997,970.9,996.1,35316
RAYMOND,20191213,681.8,694.9,675.55,681.05,365536
RBL,20191213,479.9,484.15,465,480.95,5565
RBLBANK,20191213,334.6,348.5,334.6,345.4,14824345
RCF,20191213,45.1,46.2,45,45.9,654392
RCOM,20191213,0.9,0.9,0.9,0.9,1895911
RECLTD,20191213,135.1,136.8,134.15,136.15,2992534
REDINGTON,20191213,117.6,118.5,115.1,116.15,995923
REFEX,20191213,56,57.75,55.25,57.7,192498
RELAXO,20191213,615.25,621.5,608.1,610.15,80436
RELCAPITAL,20191213,10.1,10.9,9.95,10.85,5039033
RELIANCE,20191213,1580,1590,1572.4,1582.9,5791522
RELIGARE,20191213,45.5,46,42.85,42.85,131964
RELINFRA,20191213,20.35,21.15,20.05,21.15,1062766
REMSONSIND,20191213,72.75,73.35,70.05,71.8,2685
RENUKA,20191213,7.65,8,7.65,7.95,790107
REPCOHOME,20191213,307.5,307.5,303.45,306.05,59524
REPRO,20191213,677,677,661.35,673.05,1384
RESPONIND,20191213,93.6,93.6,86.15,88.55,95986
REVATHI,20191213,363.95,364,343.65,350.25,71
RGL,20191213,300,310,290,305.15,17518
RHFL,20191213,2.75,2.95,2.75,2.75,5651856
RICOAUTO,20191213,46.3,48.5,45.8,47.15,856446
RIIL,20191213,284.5,292.95,284.5,290.35,218569
RITES,20191213,267.5,274,265.8,267.7,453552
RKDL,20191213,5.5,5.9,5.5,5.65,1166
RKFORGE,20191213,330,339,326,330.15,12114
RMCL,20191213,3.65,3.65,3.65,3.65,9004
RML,20191213,228.15,248,226.25,231.8,11214
RNAM,20191213,350.9,352.75,342,347.75,1180748
RNAVAL,20191213,6.2,6.2,6.2,6.2,66038
ROHLTD,20191213,64.4,65.5,63.45,64.65,17335
ROLLT,20191213,1.55,1.8,1.55,1.65,28354
ROLTA,20191213,4.3,4.5,4.25,4.35,81312
ROSSELLIND,20191213,74,79,74,78.4,4863
RPGLIFE,20191213,294.9,304.7,291.05,292.85,84410
RPOWER,20191213,3.05,3.25,3.05,3.25,14541771
RPPINFRA,20191213,72.3,74.7,70.9,71.8,4704
RSSOFTWARE,20191213,16.95,17.75,16.95,17.75,19586
RSWM,20191213,90.25,90.8,86.75,87.3,18397
RSYSTEMS,20191213,59.95,61.8,59.9,61.3,19470
RTNINFRA,20191213,1.75,1.75,1.7,1.75,77898
RTNPOWER,20191213,2.1,2.1,2.05,2.1,761191
RUBYMILLS,20191213,183,191.3,183,187.9,2347
RUCHINFRA,20191213,2.15,2.15,2.05,2.15,7156
RUCHIRA,20191213,74.3,76,74.3,75.05,32378
RUPA,20191213,185.95,188.7,184.2,184.8,17155
RUSHIL,20191213,131.25,131.3,127.1,127.5,875
RVNL,20191213,23.4,23.65,23.3,23.4,1308438
SABTN,20191213,1.55,1.55,1.5,1.5,4531
SADBHAV,20191213,118.1,125,118.1,122.1,105637
SADBHIN,20191213,39.1,42.4,37.15,41.15,71941
SAFARI,20191213,590.05,605,586,600.45,10846
SAGARDEEP,20191213,80,81,78,81,811
SAGCEM,20191213,499.95,503.05,495,496.05,1439
SAIL,20191213,40.9,41.75,40.15,40.6,46128763
SAKAR,20191213,54.2,56.9,54.2,56.4,9064
SAKHTISUG,20191213,8.05,8.7,7.85,8.55,15460
SAKSOFT,20191213,200.7,204.1,200.05,200.35,2416
SAKUMA,20191213,6.8,7,6.5,7,585506
SALASAR,20191213,102.5,106.95,100,102.2,10504
SALSTEEL,20191213,2.5,2.65,2.5,2.6,11235
SALZERELEC,20191213,102,107.3,100.3,104.2,10752
SAMBHAAV,20191213,2.95,2.95,2.8,2.9,37252
SANCO,20191213,13.05,13.5,12.7,13,27711
SANDESH,20191213,559.05,567.95,545,555.95,410
SANDHAR,20191213,247.8,247.8,239,239.7,3196
SANGAMIND,20191213,64.4,64.4,60,61.15,2519
SANGHIIND,20191213,35.6,36.1,35,35.65,28364
SANGHVIFOR,20191213,25.65,26.95,25.65,25.65,1012
SANGHVIMOV,20191213,76,76,73.7,74.95,59577
SANGINITA,20191213,153.5,153.5,150,151.85,28654
SANOFI,20191213,6954.5,6995.75,6921,6964.15,6246
SANWARIA,20191213,1.8,1.8,1.8,1.8,494896
SARDAEN,20191213,176,178.6,174.1,175.25,21635
SAREGAMA,20191213,433.95,433.95,419.95,426.1,41383
SARLAPOLY,20191213,20.1,20.1,19,19.15,274383
SASKEN,20191213,601.4,609.55,600,604.3,1252
SASTASUNDR,20191213,69.85,69.85,64.55,68.05,8265
SATHAISPAT,20191213,1.6,1.6,1.5,1.5,542160
SATIA,20191213,90.5,92.8,86.8,87.05,88602
SATIN,20191213,206.35,213.8,203.95,210.5,55743
SBIETFQLTY,20191213,98.45,98.45,97.42,97.97,3769
SBILIFE,20191213,964.9,982.7,963.25,974.9,1119572
SBIN,20191213,325.2,333.45,325,332.55,40955226
SCAPDVR,20191213,0.3,0.3,0.25,0.25,29303
SCHAEFFLER,20191213,4369.95,4379,4311.3,4344.4,858
SCHAND,20191213,84,87.4,82.5,84,1032
SCHNEIDER,20191213,62.3,63.5,62.25,62.7,17213
SCI,20191213,60,65.95,60,63.9,14316762
SDBL,20191213,111,112.9,106,108.7,15667
SEAMECLTD,20191213,468.45,468.45,460,461.55,1111
SELAN,20191213,138.05,139.8,137.6,138.55,15435
SELMCL,20191213,0.85,0.9,0.8,0.8,45227
SEPOWER,20191213,2.75,3,2.75,2.95,11954
SEQUENT,20191213,65,66.45,65,65.25,47813
SESHAPAPER,20191213,169.35,169.4,163.2,164.15,10790
SETCO,20191213,13,13.4,13,13.25,96697
SETF10GILT,20191213,182,184,182,184,156
SETFGOLD,20191213,3394.75,3394.95,3380.1,3388.35,402
SETFNIF50,20191213,123.5,124.73,123.5,124.66,292167
SETFNIFBK,20191213,319.49,324,319.49,323.79,18317
SETFNN50,20191213,286.71,289.56,286.7,289.45,4586
SETUINFRA,20191213,1.05,1.05,0.95,1.05,72948
SEYAIND,20191213,84.45,84.45,84.45,84.45,6236
SFL,20191213,1292.3,1292.3,1274.15,1279.85,2836
SGL,20191213,5.7,5.85,5.6,5.85,2515
SHAHALLOYS,20191213,8.35,8.7,8,8.7,1104
SHAKTIPUMP,20191213,205,209.75,200.7,204.45,15670
SHALBY,20191213,96.05,97.35,94,94.6,58528
SHALPAINTS,20191213,82.3,82.75,79.6,80.7,26941
SHANKARA,20191213,299.1,306.8,291,295.2,43853
SHANTIGEAR,20191213,100.9,100.9,98.05,98.4,5026
SHARDACROP,20191213,217.15,224.1,215.45,217.05,17341
SHARDAMOTR,20191213,936,955,928.8,946.45,726
SHEMAROO,20191213,135.4,140,132.8,137.25,29704
SHILPAMED,20191213,295.85,299,292.1,294.05,6127
SHIRPUR-G,20191213,6.55,7,6.55,6.65,7165
SHIVAMAUTO,20191213,21.6,22.85,21.15,22.6,84890
SHIVAMILLS,20191213,29.95,29.95,27.7,28.95,2699
SHIVATEX,20191213,93.9,93.9,85.3,87.85,2296
SHK,20191213,104.85,108.2,103.95,107.15,20884
SHOPERSTOP,20191213,350,350.5,342,348.05,9519
SHREDIGCEM,20191213,23.35,24.9,22.95,24,294976
SHREECEM,20191213,20211.5,20469.65,20101,20383.9,22287
SHREEPUSHK,20191213,85.45,91,85,90.05,24595
SHREERAMA,20191213,4.3,4.55,4.15,4.55,34206
SHRENIK,20191213,41,43,36.1,39.55,44257
SHREYANIND,20191213,107.6,113.4,106.15,109.2,17899
SHREYAS,20191213,70.9,72.5,70.3,71.75,10436
SHRIPISTON,20191213,690,698.75,650,698.75,619
SHRIRAMCIT,20191213,1398.2,1447,1398,1400.1,13884
SHRIRAMEPC,20191213,5.1,5.5,5.1,5.35,185380
SHYAMCENT,20191213,2.85,2.9,2.65,2.85,12586
SICAGEN,20191213,15.95,15.95,15.05,15.3,21575
SICAL,20191213,17.6,18.4,17.6,17.9,146793
SIEMENS,20191213,1493.7,1499,1424.65,1484.1,354061
SIGIND,20191213,19,19.05,18.6,18.85,2197
SIL,20191213,10.55,10.55,10.05,10.05,1429
SILINV,20191213,135.35,141.95,135.35,139.4,518
SIMBHALS,20191213,6,6,5.8,5.9,13231
SIMPLEXINF,20191213,34.3,34.55,33,33.1,258830
SINTEX,20191213,1.4,1.4,1.4,1.4,269259
SIRCA,20191213,239.95,248,234.7,242.75,14186
SIS,20191213,928.95,930,918.7,924.9,1687
SITINET,20191213,1.9,2,1.9,1.95,39008
SIYSIL,20191213,224.95,231.25,214,219.35,14568
SJVN,20191213,24.9,25,24.7,24.9,482461
SKFINDIA,20191213,2129.6,2158.4,2126,2130.75,9628
SKIL,20191213,4.4,4.4,4.4,4.4,2100
SKIPPER,20191213,50.1,52.4,50.1,51.5,14159
SKMEGGPROD,20191213,37.2,38.6,37,37.85,16543
SMARTLINK,20191213,75.2,76.3,75.1,75.8,3870
SMLISUZU,20191213,560.1,569.95,545,552.45,15105
SMSLIFE,20191213,262,280,260.35,264.8,4394
SMSPHARMA,20191213,39.05,40,39,39.7,6151
SNOWMAN,20191213,37.35,38.85,37.05,38.4,410476
SOBHA,20191213,393.8,397.85,390.1,395.55,86797
SOLARA,20191213,419.05,427.15,419.05,420.6,7802
SOLARINDS,20191213,1050.35,1053.95,1035,1036.55,25106
SOMANYCERA,20191213,206,214,206,211.5,25399
SOMATEX,20191213,3.45,3.55,3.3,3.3,3408
SOMICONVEY,20191213,12.5,12.95,12.5,12.95,53
SONATSOFTW,20191213,294,298.95,293.75,297.9,43539
SORILINFRA,20191213,108.95,119,108.05,115.55,165053
SOTL,20191213,841.1,857.95,841.1,849.1,182
SOUTHBANK,20191213,10.65,10.7,10.55,10.55,2782897
SOUTHWEST,20191213,18.3,19.2,18.3,18.8,4620
SPAL,20191213,202.15,205.95,200.45,204.3,6268
SPANDANA,20191213,1185,1208.85,1180.4,1192.55,14929
SPARC,20191213,164,168.15,162.7,167,955647
SPCENET,20191213,1,1.05,1,1,13065
SPECIALITY,20191213,61,63.7,60,62.6,38132
SPENCERS,20191213,63.1,65,62.75,63.95,120954
SPENTEX,20191213,0.3,0.3,0.25,0.3,11171
SPIC,20191213,18.4,18.4,17.85,18,7078
SPICEJET,20191213,105,105,102.7,104.1,892412
SPLIL,20191213,31.55,32.85,31.4,32.05,18769
SPMLINFRA,20191213,14.25,14.95,13.55,14.8,76877
SPTL,20191213,1.6,1.6,1.6,1.6,381952
SPYL,20191213,0.4,0.45,0.35,0.4,167126
SREEL,20191213,170.05,172,168,169.85,1625
SREINFRA,20191213,8.15,8.4,7.9,8,682473
SRF,20191213,3305.8,3342.95,3291,3303,289853
SRHHYPOLTD,20191213,93.4,95.3,93,94.25,5784
SRIPIPES,20191213,145.7,160,145.7,158.95,156309
SRTRANSFIN,20191213,1106.7,1119.7,1099.55,1105.2,877993
SSWL,20191213,757,769.7,757,768.45,3278
STAMPEDE,20191213,0.4,0.4,0.35,0.4,258888
STAR,20191213,365.5,371.5,365.5,369.05,216069
STARCEMENT,20191213,85.6,88.15,85.6,86.35,33603
STARPAPER,20191213,98.95,102.7,97.6,102.05,70325
STCINDIA,20191213,45,47,44.3,47,20780
STEELCITY,20191213,30.95,30.95,29.6,29.65,207
STEELXIND,20191213,18.2,18.2,17.25,17.65,3184
STEL,20191213,59,59.5,55.5,57.7,39748
STERTOOLS,20191213,172,177.75,172,176.1,3065
STRTECH,20191213,119.9,122.8,118.05,121.15,2112843
SUBCAPCITY,20191213,11.25,11.25,11.25,11.25,4
SUBEX,20191213,5.75,5.75,5.4,5.55,718571
SUBROS,20191213,234,238,230,232.5,28720
SUDARSCHEM,20191213,394,400.8,393.1,394.4,34649
SUMEETINDS,20191213,1.75,1.85,1.75,1.75,28440
SUMIT,20191213,20.05,20.6,20.05,20.55,198
SUMMITSEC,20191213,428.85,428.85,413.05,421.4,1054
SUNCLAYLTD,20191213,2136,2139.45,2125,2127.1,230
SUNDARAM,20191213,1.15,1.2,1.15,1.2,64356
SUNDARMFIN,20191213,1599.15,1716.95,1595.3,1688.55,202403
SUNDARMHLD,20191213,67.65,69.9,65.05,65.4,19286
SUNDRMBRAK,20191213,222.55,235,222.5,225.95,2895
SUNDRMFAST,20191213,447.85,449.9,438.2,439.2,51442
SUNFLAG,20191213,28.8,29.75,28.7,29.05,86160
SUNPHARMA,20191213,437.6,441.9,425.6,439.25,5386394
SUNTECK,20191213,392.8,406.75,392.8,403.9,123748
SUNTV,20191213,464.55,469.5,458.2,460.75,1164468
SUPERHOUSE,20191213,82,86,82,83.15,4481
SUPERSPIN,20191213,3.9,3.95,3.7,3.75,4920
SUPPETRO,20191213,146.15,148.55,145,145.55,6715
SUPRAJIT,20191213,173.1,175.7,170.3,173.7,40372
SUPREMEIND,20191213,1127,1138,1120.35,1128.55,11919
SUPREMEINF,20191213,6.5,6.85,6.25,6.85,15577
SURANASOL,20191213,6,6,5.55,5.75,2299
SURANAT&P,20191213,3.55,3.75,3.4,3.55,4863
SURYALAXMI,20191213,18.35,18.35,17.35,17.75,2184
SURYAROSNI,20191213,157.9,159.8,154.8,158.95,49247
SUTLEJTEX,20191213,30.1,31,29.55,30.5,10333
SUVEN,20191213,273.45,277.5,270.2,276.95,553237
SUZLON,20191213,2.1,2.15,2.05,2.1,16727436
SWANENERGY,20191213,102.05,102.95,101,102,136580
SWARAJENG,20191213,1048,1069,1030.1,1061.25,1212
SWELECTES,20191213,98.95,103.7,95.8,101.55,9450
SWSOLAR,20191213,299.05,299.05,299.05,299.05,25220
SYMPHONY,20191213,1090,1125.05,1090,1118.7,10757
SYNCOM,20191213,0.9,0.95,0.85,0.95,4054
SYNDIBANK,20191213,27.2,28.5,27.2,28.1,1363137
SYNGENE,20191213,302.45,309,299.15,301.6,727191
TAINWALCHM,20191213,49.9,53.35,49.9,50.2,2261
TAJGVK,20191213,159.2,163.8,159.2,161.55,17835
TAKE,20191213,95.05,96.65,94.05,94.9,60651
TALBROAUTO,20191213,113.6,115,107.45,111.85,13023
TALWALKARS,20191213,3.4,3.55,3.25,3.45,28830
TALWGYM,20191213,2.95,3.1,2.85,3,69162
TANLA,20191213,70,70.8,67.5,68.4,412764
TANTIACONS,20191213,1.45,1.45,1.45,1.45,940
TARAPUR,20191213,3.2,3.5,3.2,3.5,24
TARMAT,20191213,25.4,26.45,23.7,26.05,2032
TASTYBITE,20191213,8211.65,8495,8211.65,8426.95,258
TATACHEM,20191213,662.9,676.95,658,666.65,1143617
TATACOFFEE,20191213,94.5,95.05,93.2,94,237096
TATACOMM,20191213,390.85,399.9,389.5,392.95,60546
TATAELXSI,20191213,853.35,879.75,853,858.65,2208206
TATAGLOBAL,20191213,323.9,330.05,321.6,328.05,4606412
TATAINVEST,20191213,816.9,830,815,816.8,5727
TATAMETALI,20191213,596.95,606,583.45,586.05,37384
TATAMOTORS,20191213,177.25,183.95,175.5,176.7,93019636
TATAMTRDVR,20191213,72.25,74.8,71.5,72.85,12529513
TATAPOWER,20191213,53.6,54.6,52.9,54,13996578
TATASTEEL,20191213,430.25,434.6,423.45,428.4,21628183
TATASTLBSL,20191213,27,27.4,26.75,26.95,1078864
TATASTLLP,20191213,385,392.8,376,378.35,74189
TBZ,20191213,37,37.85,36.1,37.05,55481
TCI,20191213,276.4,279.05,269.5,272.4,10295
TCIEXP,20191213,798.95,815,787,811,24845
TCIFINANCE,20191213,9.9,10.3,9.35,9.55,82991
TCNSBRANDS,20191213,637,647.6,635.05,638.95,1964
TCPLPACK,20191213,258.15,271.5,258,265,1249
TCS,20191213,2023,2077.4,2007,2071.25,5711133
TDPOWERSYS,20191213,135.5,137.85,135,135,16472
TEAMLEASE,20191213,2407,2429.85,2375.05,2421.25,5274
TECHIN,20191213,2.65,2.7,2.6,2.7,1358
TECHM,20191213,758.95,763.95,748.25,761.85,2019424
TECHNOE,20191213,274.35,283.1,273.15,275.95,3138
TECHNOFAB,20191213,15.75,16.35,15,15,4292
TEJASNET,20191213,83.9,83.9,80,81.1,76470
TERASOFT,20191213,25.55,26.4,24.8,25.1,8249
TEXINFRA,20191213,43.8,44.4,42.4,43.4,11063
TEXMOPIPES,20191213,12.9,14.5,12.1,13.65,48104
TEXRAIL,20191213,33.5,35.75,33.5,34.05,411165
TFCILTD,20191213,76.7,76.7,74.15,74.7,48150
TFL,20191213,6.1,6.1,6.1,6.1,32501
TGBHOTELS,20191213,4.8,4.85,4.75,4.85,43089
THANGAMAYL,20191213,324.15,339.85,324.15,334.05,718
THEINVEST,20191213,119.2,121.8,116,117,1823
THEMISMED,20191213,246.95,247,238,243.6,490
THERMAX,20191213,1015,1015.65,1002.7,1010.25,8682
THOMASCOOK,20191213,67.4,67.4,63.05,65.9,94372
THOMASCOTT,20191213,4.2,4.2,4.2,4.2,10
THYROCARE,20191213,542,556,533.2,536.15,28418
TI,20191213,16.15,16.95,16.15,16.15,40158
TIDEWATER,20191213,4595.95,4595.95,4500,4521.55,1071
TIIL,20191213,295.6,299.4,288.05,291.95,11115
TIINDIA,20191213,476.1,485,476.1,481.6,62844
TIJARIA,20191213,7.6,7.6,6.85,7,38314
TIL,20191213,164.5,176.5,164.5,172.1,4182
TIMESGTY,20191213,29.9,33.7,28.5,33.15,24525
TIMETECHNO,20191213,49.8,50.9,48.4,48.8,201083
TIMKEN,20191213,880,888,860.1,884.25,64775
TINPLATE,20191213,135.6,137.95,134.8,135.7,336322
TIPSINDLTD,20191213,78.85,78.85,73.55,75.1,4152
TIRUMALCHM,20191213,60.15,60.6,59.3,59.85,332014
TITAN,20191213,1193,1203.5,1182.6,1186.15,1624478
TMRVL,20191213,11.8,12.5,11.65,11.75,28873
TNPETRO,20191213,35.8,35.8,34.2,34.55,27555
TNPL,20191213,173,173,169.9,171.75,163491
TNTELE,20191213,1.1,1.1,1.1,1.1,1
TOKYOPLAST,20191213,69.1,70.8,69.1,70.05,2218
TORNTPHARM,20191213,1860.1,1874.9,1832.4,1865.6,165343
TORNTPOWER,20191213,272.1,275.3,271.2,272.2,387143
TPLPLASTEH,20191213,116,118.4,112.1,113.3,1832
TREEHOUSE,20191213,5.25,5.25,4.75,5.15,62735
TREJHARA,20191213,14.5,15.15,13.1,14.9,1469
TRENT,20191213,502.7,514.9,500.8,505.35,336658
TRF,20191213,103.95,106.6,102.15,103,28114
TRIDENT,20191213,6.8,7.85,6.65,7.5,15896505
TRIGYN,20191213,43.35,44.95,43.3,44.4,50156
TRIL,20191213,6.6,7,6.5,6.55,135956
TRITURBINE,20191213,94,95.6,92.1,92.7,353374
TRIVENI,20191213,62.4,65.6,62.3,65,553109
TTKHLTCARE,20191213,477.45,484.9,476,476.55,962
TTKPRESTIG,20191213,5685.3,5815,5662.35,5785.6,4502
TTL,20191213,40.7,41,38.6,39.3,1870
TTML,20191213,2.35,2.5,2.35,2.45,460251
TV18BRDCST,20191213,21.3,22.6,21.3,22.25,1944620
TVSELECT,20191213,102.1,102.1,102.1,102.1,23714
TVSMOTOR,20191213,443.5,461.25,443.5,457.3,1858870
TVSSRICHAK,20191213,1600,1634.9,1600,1622.7,1398
TVTODAY,20191213,236.1,247.6,235.7,243.75,46025
TVVISION,20191213,1.15,1.15,1.1,1.1,963
TWL,20191213,42.05,47.75,42.05,46.8,3475661
UBL,20191213,1212,1224.6,1202.35,1221.3,361089
UCALFUEL,20191213,120.95,123.6,120.9,123.1,7107
UCOBANK,20191213,16.05,18,16.05,17,4601448
UFLEX,20191213,198.7,206.05,194.65,195.9,86558
UFO,20191213,118.5,125.2,118.5,122.9,20665
UGARSUGAR,20191213,12.15,12.85,12.1,12.7,85704
UJAAS,20191213,3.2,3.2,3.1,3.15,100988
UJJIVAN,20191213,330.85,331.45,321.55,327.1,4356049
UJJIVANSFB,20191213,55.4,55.4,51.1,52,40886357
ULTRACEMCO,20191213,4034,4091.5,3999.5,4082.6,548283
UMANGDAIRY,20191213,33.05,34.5,32.05,33.5,4561
UMESLTD,20191213,0.9,1,0.9,0.9,1110
UNICHEMLAB,20191213,159.6,159.95,158.5,158.95,11642
UNIENTER,20191213,62.4,63.85,61.1,61.45,2414
UNIONBANK,20191213,56.2,59.95,56.15,59.6,21625185
UNIPLY,20191213,14.55,14.55,14.55,14.55,671714
UNITECH,20191213,0.9,0.9,0.85,0.85,4826246
UNITEDBNK,20191213,8.5,8.9,8.5,8.85,413643
UNITEDTEA,20191213,284.2,310,284,305.15,805
UNIVCABLES,20191213,156.9,159.05,155.4,157.85,12049
UPL,20191213,573.45,578.1,563.5,565,1888212
URJA,20191213,2.25,2.25,2.25,2.25,621491
USHAMART,20191213,27.1,28.05,27.1,27.8,259077
UTINEXT50,20191213,285.76,288,284,287.85,2017
UTINIFTETF,20191213,1265.81,1289,1265.81,1284.65,1056
UTISENSETF,20191213,433.97,437.95,430,431,1251
UTISXN50,20191213,315.5,315.5,315.5,315.5,11
UTTAMSTL,20191213,8.65,8.75,8.5,8.5,58676
UTTAMSUGAR,20191213,93.85,98.3,93.05,97.7,171257
UVSL,20191213,0.1,0.15,0.1,0.15,9202722
V2RETAIL,20191213,95.45,97,93.45,94.85,43900
VADILALIND,20191213,713.05,726,706.4,709.85,10288
VAIBHAVGBL,20191213,820.05,828.4,790,798.25,8810
VAKRANGEE,20191213,41.6,41.9,41.05,41.7,2275701
VARDHACRLC,20191213,35.3,36.3,35.3,35.65,67404
VARDMNPOLY,20191213,2.6,2.75,2.6,2.65,2977
VARROC,20191213,420,429.95,410.55,414.85,37922
VASCONEQ,20191213,13.8,13.95,13.3,13.8,208007
VASWANI,20191213,5.35,5.85,5.35,5.35,27145
VBL,20191213,702,708.75,698,700.7,80229
VEDL,20191213,147.6,150.7,147.6,149.4,20297117
VENKEYS,20191213,1715.25,1742.05,1702.15,1717.05,135075
VENUSREM,20191213,22.5,22.95,22,22.9,8839
VESUVIUS,20191213,1111,1111.05,1091.9,1100.4,2536
VETO,20191213,38.5,38.5,35.55,36,19053
VGUARD,20191213,213.1,217.9,212.65,217.55,177974
VHL,20191213,1262,1293.85,1235,1244.7,1158
VICEROY,20191213,1.9,1.95,1.85,1.9,5945
VIDHIING,20191213,58.9,58.9,56.3,57.7,8398
VIJIFIN,20191213,0.45,0.5,0.4,0.45,103081
VIKASECO,20191213,2.55,2.7,2.5,2.7,365959
VIKASMCORP,20191213,3.3,3.3,3,3.2,817418
VIKASPROP,20191213,5.8,5.8,5.8,5.8,8910
VIKASWSP,20191213,9.4,10.25,9.3,9.45,409643
VIMALOIL,20191213,4.35,4.35,4.35,4.35,214
VIMTALABS,20191213,90.45,92.15,89.35,90,25137
VINATIORGA,20191213,1963.2,1969,1949.95,1958.05,26872
VINDHYATEL,20191213,821.8,830,818.45,824.25,5220
VINYLINDIA,20191213,60.55,61.8,60.55,61,5372
VIPCLOTHNG,20191213,7.9,8,7.7,7.75,39169
VIPIND,20191213,425.8,432,424.1,429.2,103431
VIPULLTD,20191213,21.2,21.75,20.5,21.35,81422
VISAKAIND,20191213,215,234,215,224,105594
VISASTEEL,20191213,4.75,4.85,4.6,4.75,11689
VISESHINFO,20191213,0.05,0.1,0.05,0.1,3220588
VISHAL,20191213,267,268,256.5,268,14
VISHNU,20191213,108.05,111.65,106.25,107.7,868
VISHWARAJ,20191213,79.95,86.8,78,84.9,329928
VIVIDHA,20191213,0.25,0.3,0.25,0.3,40702
VIVIMEDLAB,20191213,12.4,12.95,11.65,12.45,188843
VLSFINANCE,20191213,49.95,52,49.35,50.95,14129
VMART,20191213,1719,1719,1680.25,1690.1,36747
VOLTAMP,20191213,1159,1181.15,1141.3,1175.15,9520
VOLTAS,20191213,695,698.55,672.55,679.55,1896945
VRLLOG,20191213,270.7,274.85,268.3,272.5,31704
VSSL,20191213,67.75,67.75,62.55,63.5,3807
VSTIND,20191213,3966,4100,3966,4076,1948
VSTTILLERS,20191213,1084,1101.1,1080,1091.1,1379
VTL,20191213,905.15,924,903.05,907.25,4511
WABAG,20191213,179.2,182.55,174.3,174.85,151405
WABCOINDIA,20191213,6275.1,6363.7,6271.2,6336.2,8298
WALCHANNAG,20191213,57.35,59.8,57,58.75,240649
WANBURY,20191213,19,20.3,18.7,20.1,5340
WATERBASE,20191213,114.25,117.4,111.75,116.15,260537
WEBELSOLAR,20191213,23.5,23.5,22.4,22.5,42593
WEIZFOREX,20191213,256.4,258.95,250,254.05,1285
WEIZMANIND,20191213,19.25,21.8,19.25,20.45,1000
WELCORP,20191213,136.75,141.9,135.3,139.05,521535
WELENT,20191213,76,78.95,75,75.6,165338
WELINV,20191213,161.15,168.6,161.15,168.6,630
WELSPUNIND,20191213,50,50.4,49.5,50.05,190222
WENDT,20191213,2799,2799,2717.95,2740,279
WESTLIFE,20191213,351.15,356,341.6,347.25,27118
WHEELS,20191213,566.1,617,562,587.75,1657
WHIRLPOOL,20191213,2301.9,2340,2289,2299.2,25788
WILLAMAGOR,20191213,13.25,13.95,12.8,13.3,9414
WINDMACHIN,20191213,18.75,18.8,17.9,18.65,234212
WIPL,20191213,52.55,55.65,52.5,52.65,530
WIPRO,20191213,242,244.85,240,243.85,4311833
WOCKPHARMA,20191213,241.3,243.25,239.65,242,408448
WONDERLA,20191213,245,246.4,242.2,244.65,8830
WSI,20191213,0.85,0.85,0.85,0.85,3848
WSTCSTPAPR,20191213,208.25,209.8,206.7,208.3,67616
XCHANGING,20191213,58,58,55.1,56.3,55774
XELPMOC,20191213,64,65,62.3,64.1,1264
XPROINDIA,20191213,22.35,22.35,20.2,20.5,7387
YESBANK,20191213,45.5,47.65,45.4,46.65,201459985
ZEEL,20191213,283,286.25,278,279.7,12476782
ZEELEARN,20191213,19,19.3,18.5,18.75,107069
ZEEMEDIA,20191213,6.3,6.65,6.3,6.45,652660
ZENITHBIR,20191213,0.6,0.6,0.5,0.6,65682
ZENITHEXPO,20191213,57.45,61.95,56.5,56.5,548
ZENSARTECH,20191213,172.6,174.95,171,171.6,41465
ZENTEC,20191213,54.55,56.35,54.1,55.15,29924
ZICOM,20191213,2.4,2.4,2.4,2.4,4607
ZODIACLOTH,20191213,165.95,171.9,165.7,170.8,1551
ZODJRDMKJ,20191213,29.7,31,29.7,29.7,277
ZOTA,20191213,191.1,193.9,190,190.55,21302
ZUARI,20191213,86.8,89,85.8,87.7,17156
ZUARIGLOB,20191213,44.95,46,44.2,44.65,10066
ZYDUSWELL,20191213,1451.9,1468,1437,1448.45,1911
NSENIFTY,20191213,12026.40,12098.85,12023.60,12086.70,597712516,0
NIFTYJUNIOR,20191213,27906.20,28102.00,27893.30,28076.70,521367672,0
NIFTYMIDCAPLIQ15,20191213,3955.00,3981.10,3945.45,3974.80,49949078,0
NSE100,20191213,12120.15,12194.60,12118.25,12182.70,1131609701,0
NIFTY200,20191213,6176.95,6215.00,6176.05,6209.55,1464404145,0
NSE500,20191213,9732.35,9791.05,9731.15,9783.60,1718730748,0
NSEMIDCAP150,20191213,6205.15,6248.70,6204.35,6243.00,348893265,0
MIDCAP50,20191213,4609.75,4645.70,4608.15,4641.70,292441601,0
NSEMIDCAP,20191213,16826.40,16947.05,16822.15,16932.40,332794444,0
NSESMLCAP100,20191213,5623.10,5655.55,5621.85,5652.20,-,0
NIFTYLARGEMIDCAP250,20191213,-,-,-,5986.57,1480502966,0
NIFTYAUTO,20191213,7989.55,8090.75,7986.65,8069.70,154790506,0
BANKNIFTY,20191213,31775.55,32105.05,31770.50,32014.25,390513196,0
NIFTYFINSERVICE,20191213,14344.50,14460.65,14334.30,14410.45,177235540,0
NIFTYFMGC,20191213,30380.00,30489.25,30245.85,30426.25,20934519,0
NSEIT,20191213,14987.90,15221.45,14965.15,15200.55,30121794,0
NIFTYMEDIA,20191213,1760.90,1775.05,1758.60,1765.70,57855107,0
NIFTYMETAL,20191213,2620.30,2645.30,2607.55,2626.75,184004809,0
NIFTYPHARMA,20191213,8050.60,8066.00,7947.80,8045.05,18163252,0
NIFTYPVTBANK,20191213,17545.50,17721.30,17542.70,17668.15,285888310,0
NIFTYPSUBANK,20191213,2490.15,2576.95,2488.95,2570.70,152305669,0
NIFTYREALTY,20191213,284.15,288.55,284.15,287.65,18088782,0
NIFTYCOMMODITIES,20191213,3375.20,3389.95,3365.00,3385.30,239722462,0
NIFTYCONSUMPTION,20191213,4918.25,4921.05,4898.55,4911.75,75814820,0
NIFTYCPSE,20191213,1884.45,1895.75,1880.85,1893.65,47181747,0
NIFTYENERGY,20191213,16028.55,16093.90,15965.35,16068.05,59438406,0
NIFTY100ESG,20191213,-,-,-,2241.81,997846851,0
NIFTY100ENHESG,20191213,-,-,-,2262.26,972744392,0
NIFTYINFRA,20191213,3257.25,3271.10,3249.05,3267.15,140261532,0
NIFTYMNC,20191213,13670.30,13766.80,13652.70,13744.25,319732757,0
NIFTYPSE,20191213,3152.30,3177.40,3150.95,3171.95,143285916,0
NIFTYSMEEMERGE,20191213,-,-,-,1333.34,656500,0
NIFTYSERVSECTOR,20191213,17052.20,17200.15,17049.10,17172.65,474839275,0
NIFTYSHARIAH25,20191213,-,-,-,4296.39,68440602,0
NIFTY50SHARIAH,20191213,-,-,-,2446.09,66268971,0
NIFTY500SHARIAH,20191213,-,-,-,2930.48,228544051,0
NIFTYABGROUP,20191213,-,-,-,3014.26,283533334,0
NIFTYMAHINDRA,20191213,-,-,-,9749.75,8189521,0
NIFTYTATA,20191213,-,-,-,6738.69,161023285,0
NIFTYTATA25CAP,20191213,-,-,-,4803.84,145390517,0
NIFTYABGROUP,20191213,-,-,-,3014.26,283533334,0
NIFTYLIQ15,20191213,3722.80,3790.10,3722.00,3783.20,505787936,0
NIFTY500VALUE50,20191213,-,-,-,3621.79,409714587,0
NIFTYALPHALOWVOL30,20191213,-,-,-,11991.60,109128764,0
NIFTYQUALLOWVOL30,20191213,-,-,-,8393.74,66131871,0
NIFTYALPHAQUALLOWVOL30,20191213,-,-,-,9557.45,72247514,0
NIFTYALPHAQUALVALLOWVOL30,20191213,-,-,-,7201.33,88122440,0
NIFTY50EQUALWEIGHT,20191213,12205.75,12252.45,12180.60,12242.65,597712516,0
NIFTY100EQUALWEIGHT,20191213,13178.40,13256.10,13175.55,13245.80,1131609701,0
NIFTY100LOWVOL30,20191213,8776.05,8818.55,8763.70,8810.80,87206902,0
NSEDEFTY,20191213,-,-,-,5913.22,-,0
NIFTY50DIVPOINT,20191213,117.82,117.82,117.82,117.82,-,0
NIFTYDIVOPPS50,20191213,2500.45,2518.95,2500.05,2515.20,238192984,0
NIFTYALPHA50,20191213,12707.60,12765.10,12706.05,12753.30,120261256,0
NIFTY50ARBITRAGE,20191213,-,-,-,1873.41,-,0
NIFTY50FUTINDEX,20191213,-,-,-,4093.55,-,0
NIFTY50FUTTRINDEX,20191213,-,-,-,12237.44,-,0
NIFTYHIGHBETA50,20191213,-,-,-,1372.91,1072676903,0
NIFTYLOWVOL50,20191213,-,-,-,10510.29,96017258,0
NIFTY50VALUE20,20191213,5371.80,5410.95,5368.15,5406.20,332206787,0
NIFTYGROWSECT15,20191213,6370.00,6393.25,6351.90,6384.90,59047896,0
NIFTY50TR2XLEV,20191213,6730.45,6810.45,6730.15,6797.65,-,0
NIFTY50PR2XLEV,20191213,5177.65,5239.15,5177.40,5229.35,-,0
NIFTY50TR1XINV,20191213,340.60,340.65,338.55,338.90,-,0
NIFTY50PR1XINV,20191213,388.30,388.35,386.00,386.35,-,0
NIFTY-GS-COMPSITE,20191213,2027.69,2027.69,2022.98,2025.71,-,0
NIFTY-GS-4-8YR,20191213,2123.13,2123.13,2119.43,2121.36,-,0
NIFTY-GS-8-13YR,20191213,1991.01,1991.01,1986.30,1989.31,-,0
NIFTY-GS-10YR,20191213,1833.01,1833.01,1825.04,1831.51,-,0
NIFTY-GS-10YR-CLN,20191213,928.89,928.89,924.80,928.13,-,0
NIFTY-GS-11-15YR,20191213,2106.72,2106.72,2100.91,2104.33,-,0
NIFTY-GS-15YRPLUS,20191213,2273.67,2273.67,2268.15,2271.02,-,0
VIX,20191213,13.35,14.67,12.19,13.30,0,0
