20MICRONS,20191128,34.65,34.65,33.95,34.1,25836
21STCENMGM,20191128,13.35,13.35,13.1,13.1,301
3IINFOTECH,20191128,2,2,1.95,2,558857
3MINDIA,20191128,22498,22600,22312.45,22352.65,1452
3PLAND,20191128,6.15,6.25,5.85,6.15,1271
5PAISA,20191128,159.95,167.35,159.05,162.95,13350
63MOONS,20191128,107.9,107.9,102.5,104.15,195489
A2ZINFRA,20191128,8.75,9.05,8.7,8.95,101329
AARTIDRUGS,20191128,523.7,525.3,518.7,520.95,7251
AARTIIND,20191128,819,855,808.6,847.8,104629
AARVEEDEN,20191128,12.7,12.9,12.1,12.6,5789
AAVAS,20191128,1780.6,1801,1764.05,1794.3,19437
ABAN,20191128,27.4,27.4,25.85,26.3,39956
ABB,20191128,1430.1,1457,1430.1,1447,31618
ABBOTINDIA,20191128,12549.95,12805,12501,12743.1,7661
ABCAPITAL,20191128,109,112.5,107.1,110.15,6977307
ABFRL,20191128,220.4,223.2,217.25,220.9,314077
ABSLBANETF,20191128,318.45,319.51,318.31,319.51,52
ABSLNN50ET,20191128,288,290.24,288,289.18,46
ACC,20191128,1505,1523.15,1493.15,1516.4,521547
ACCELYA,20191128,960,961.45,949.55,953.6,4656
ACE,20191128,75.4,79.6,75.4,76.7,119879
ADANIENT,20191128,212.8,216.2,210.5,213.1,4234343
ADANIGAS,20191128,146.9,151.95,146.7,149.45,2975528
ADANIGREEN,20191128,127.25,132.15,127.25,132.15,3053265
ADANIPORTS,20191128,376,377.7,370.5,372.6,1649478
ADANIPOWER,20191128,62,62.45,61.3,61.55,5416336
ADANITRANS,20191128,280.1,284.4,278.15,279.85,180181
ADFFOODS,20191128,291.8,292.5,287.3,289.85,18989
ADHUNIKIND,20191128,117.45,127,117.45,118.8,86100
ADLABS,20191128,4,4,4,4,23545
ADORWELD,20191128,309.1,318,309.1,312.8,9557
ADROITINFO,20191128,9.4,10.1,9.3,9.35,3573
ADSL,20191128,23.5,26.25,23.5,25.7,2000669
ADVANIHOTR,20191128,55,55.75,54.45,55.4,5206
ADVENZYMES,20191128,170,171.95,167.55,168.4,118812
AEGISCHEM,20191128,187.05,199.5,187.05,194.15,200406
AFFLE,20191128,1598,1619.8,1550,1567.6,120084
AGARIND,20191128,101.4,106.95,98.45,100.95,11902
AGCNET,20191128,120.05,125,120.05,125,950
AGRITECH,20191128,43.35,44,42.3,42.7,6100
AGROPHOS,20191128,131.6,132.65,131.55,132.45,804331
AHLEAST,20191128,187,187.8,175,175.8,2005
AHLUCONT,20191128,278.3,278.4,272.25,274.65,1685
AHLWEST,20191128,325.15,336,315,334.25,1788
AIAENG,20191128,1632.9,1653,1620.15,1647.75,12198
AIONJSW,20191128,10.05,10.1,9.9,9.95,90446
AIRAN,20191128,11.2,11.25,10.5,10.9,28255
AJANTPHARM,20191128,1001.3,1005,991.05,999.9,48149
AJMERA,20191128,119.65,121,117.5,120.15,40410
AKASH,20191128,64,65,63.65,64,2110
AKSHARCHEM,20191128,193.9,194.9,187.6,190.4,5213
AKSHOPTFBR,20191128,6.85,7.1,6.85,6.9,135297
AKZOINDIA,20191128,1925,1949.95,1890,1935.95,12964
ALANKIT,20191128,13.6,14.5,13.25,13.3,163498
ALBERTDAVD,20191128,412.05,414,405,406.95,1327
ALBK,20191128,23.4,24.1,23.2,23.85,3280292
ALCHEM,20191128,0.85,0.95,0.85,0.9,15685
ALEMBICLTD,20191128,53.9,54.15,52.45,52.95,96088
ALICON,20191128,379.6,379.75,370,370.95,1109
ALKALI,20191128,42,42,39.1,39.55,5065
ALKEM,20191128,2008,2037.95,1999.95,2025.45,33966
ALKYLAMINE,20191128,1077.8,1088.5,1062.15,1074.7,12617
ALLCARGO,20191128,92.5,93.9,92.5,92.8,78769
ALLSEC,20191128,278.6,283,271.5,280,3991
ALMONDZ,20191128,9.15,9.8,9.15,9.8,400
ALOKTEXT,20191128,2.9,2.9,2.9,2.9,159298
ALPA,20191128,15.95,16.5,15.6,15.8,8992
ALPHAGEO,20191128,171.9,176.55,171.1,176.55,7531
ALPSINDUS,20191128,1.1,1.15,1.1,1.15,5153
AMARAJABAT,20191128,761.1,768.95,752,754.75,522114
AMBER,20191128,1011,1034.9,1006.05,1016.4,46084
AMBIKCO,20191128,878.6,878.85,865,870.6,1162
AMBUJACEM,20191128,204.15,206.25,203.3,204.95,3042069
AMDIND,20191128,17,17,15.9,16.5,2330
AMJLAND,20191128,18.6,19.55,18.6,19.35,1902
AMRUTANJAN,20191128,458.8,468,452.7,459.85,29451
ANANTRAJ,20191128,33.95,34.4,33.2,33.45,217614
ANDHRABANK,20191128,18.8,19.55,18.55,19.05,2397214
ANDHRACEMT,20191128,2.5,2.5,2.35,2.35,169502
ANDHRSUGAR,20191128,291.25,293.5,290.4,291.9,10029
ANIKINDS,20191128,8.35,8.8,8.3,8.75,5702
ANKITMETAL,20191128,1.05,1.05,1.05,1.05,42657
ANSALAPI,20191128,4.95,5,4.8,4.85,37354
ANSALHSG,20191128,6,6.3,5.9,6.05,33459
ANTGRAPHIC,20191128,0.55,0.6,0.55,0.6,8590
ANUP,20191128,455,463.8,451,459.8,8180
APARINDS,20191128,459,462.9,453,456.1,4322
APCL,20191128,151,152,144.1,145.55,8438
APCOTEXIND,20191128,160.55,184,160.55,172.2,74637
APEX,20191128,310.7,311.9,302,303.85,86052
APLAPOLLO,20191128,1587,1595,1552.2,1562.9,37730
APLLTD,20191128,579.8,587.6,562.1,567.3,63134
APOLLO,20191128,73.35,73.8,69,70.4,48746
APOLLOHOSP,20191128,1465.35,1476.4,1440,1444.5,397266
APOLLOPIPE,20191128,340.9,349.45,339.95,347,2334
APOLLOTYRE,20191128,171.75,172.75,169.4,171.35,2719784
APOLSINHOT,20191128,698,698,666.05,685.15,606
APTECHT,20191128,161.9,163.2,160.35,161.4,95667
ARCHIDPLY,20191128,27.05,29,27.05,28.25,14029
ARCHIES,20191128,19.15,19.8,19.15,19.45,13280
ARCOTECH,20191128,2.65,2.65,2.65,2.65,5068
ARIES,20191128,68.05,68.7,66.1,66.75,16879
ARIHANT,20191128,23.45,23.45,22.3,23.25,2553
ARIHANTSUP,20191128,23.7,24.75,23.25,23.45,223705
ARMANFIN,20191128,531.05,547,526.35,544.1,1809
AROGRANITE,20191128,38.95,39,37.65,37.8,4892
ARROWGREEN,20191128,50.95,51,49.35,50,4022
ARROWTEX,20191128,9.75,10,9.3,9.5,16439
ARSHIYA,20191128,15.6,15.8,15.6,15.8,48080
ARSSINFRA,20191128,25.5,25.8,25.4,25.8,79922
ARVIND,20191128,45.1,45.15,44.2,44.4,849541
ARVINDFASN,20191128,341.55,344.9,333.05,339.85,99399
ARVSMART,20191128,88.85,90.05,88.25,89.35,9152
ASAHIINDIA,20191128,206.95,206.95,204.1,204.9,9383
ASAHISONG,20191128,143.65,143.65,138.05,139.85,894
ASAL,20191128,31.65,32.8,31.5,31.75,7106
ASHAPURMIN,20191128,29.5,29.5,28.65,29.5,27767
ASHIANA,20191128,92,95.05,91.2,94.05,124619
ASHIMASYN,20191128,7,7.15,6.9,7.05,21792
ASHOKA,20191128,95,96,94.1,95,418015
ASHOKLEY,20191128,82.2,82.3,80.9,81.45,15337865
ASIANHOTNR,20191128,99,101.8,97.35,99,1144
ASIANPAINT,20191128,1718.25,1727.55,1701.75,1714.6,691147
ASIANTILES,20191128,243,258,242.6,254.7,279367
ASPINWALL,20191128,149.9,149.9,135.05,140,3307
ASTEC,20191128,388.1,397,376.1,383.15,5610
ASTERDM,20191128,152.75,154.4,151.05,153.9,55162
ASTRAL,20191128,1088.9,1164,1081.3,1134.95,89485
ASTRAMICRO,20191128,88.1,90.9,87.15,88.55,89445
ASTRAZEN,20191128,2733.95,2751,2658.35,2672.25,15098
ASTRON,20191128,39.95,41.05,39.2,40.15,327626
ATFL,20191128,599,599,580.1,584,4121
ATLANTA,20191128,6.55,7.05,6.5,7,3326
ATLASCYCLE,20191128,52.5,53,50.5,51.1,2272
ATUL,20191128,4060,4110,4025.1,4085.5,3241
ATULAUTO,20191128,232.9,244.8,230.05,240.95,68445
AUBANK,20191128,825.5,855,805,808.8,551539
AURIONPRO,20191128,69.15,70.9,68,68.55,1543
AUROPHARMA,20191128,455,458.3,446.7,449.65,2622919
AUSOMENT,20191128,37.1,39.75,37.1,37.65,3212
AUTOAXLES,20191128,796,832.9,785.7,819.35,12851
AUTOIND,20191128,28.7,28.7,28,28.7,34378
AUTOLITIND,20191128,22.45,22.8,21.35,22.8,28418
AVADHSUGAR,20191128,222.45,228,219.35,224.65,65650
AVANTIFEED,20191128,518,522.85,502.25,505.9,304785
AVTNPL,20191128,28.5,29.7,28.1,29.45,86904
AXISBANK,20191128,752.3,755.65,745.75,750.6,9235443
AXISCADES,20191128,66.25,66.9,63.5,63.95,96714
AXISGOLD,20191128,3330,3336,3309,3318.25,248
AXISNIFTY,20191128,1250,1254.79,1230,1244.98,131
AYMSYNTEX,20191128,34,35,31.3,31.6,2781
BAGFILMS,20191128,2.05,2.1,2,2,56433
BAJAJ-AUTO,20191128,3210,3216.75,3182.8,3196.4,194094
BAJAJCON,20191128,248.5,248.5,244,245.05,117178
BAJAJELEC,20191128,343.75,348,339.1,342.55,126416
BAJAJFINSV,20191128,9254.5,9284.75,9190.05,9240.1,164635
BAJAJHIND,20191128,6.5,6.6,6.4,6.45,1323694
BAJAJHLDNG,20191128,3653.15,3675.95,3610.25,3634.65,37306
BAJFINANCE,20191128,4120,4139.05,4065,4102.05,969708
BALAJITELE,20191128,57.95,58.9,55.5,56.8,54623
BALAMINES,20191128,367.7,379,360.05,366.8,251371
BALAXI,20191128,77.45,77.5,70.25,77.45,1050
BALKRISHNA,20191128,16.2,16.65,15.8,16.25,4246
BALKRISIND,20191128,888,941.25,883.25,933.05,2446005
BALLARPUR,20191128,0.65,0.65,0.65,0.65,733678
BALMLAWRIE,20191128,196.75,196.75,194.3,194.75,62628
BALPHARMA,20191128,39.9,40.7,39.3,39.7,3136
BALRAMCHIN,20191128,148,151.3,147.15,149.1,467093
BANARBEADS,20191128,31.4,31.4,30.05,30.05,308
BANARISUG,20191128,1144,1144.55,1114,1132.5,940
BANCOINDIA,20191128,95.7,96.45,93.5,94.1,54440
BANDHANBNK,20191128,551.6,591.9,547.25,583.1,4071514
BANG,20191128,17.4,18.05,16.4,17.5,8526
BANKBARODA,20191128,102.85,106.8,102.6,106.4,46186176
BANKBEES,20191128,3250,3284,3248,3278.26,55869
BANKINDIA,20191128,77.15,79.8,76.25,77.4,16993173
BANSWRAS,20191128,89.45,90,88.25,89.75,13358
BARTRONICS,20191128,1.75,1.75,1.7,1.75,4630
BASF,20191128,977,1000,963,988,18028
BASML,20191128,121.2,124.4,120.8,120.95,590
BATAINDIA,20191128,1616.25,1638,1612.85,1634.1,473768
BAYERCROP,20191128,3570,3644,3557.65,3601.05,5820
BBL,20191128,815,847.2,815,841.45,5512
BBTC,20191128,1109.9,1117.9,1088.35,1100.55,77536
BCG,20191128,4.2,4.6,4.2,4.2,1789805
BCP,20191128,9.6,9.8,9.6,9.6,52727
BDL,20191128,340.9,345,334.9,337.75,36147
BEARDSELL,20191128,10.1,10.1,9.6,9.75,3576
BEDMUTHA,20191128,18.35,18.7,16.5,18.35,52967
BEL,20191128,103.05,105.25,102.25,104.3,7479942
BEML,20191128,1003.35,1020,995,1000.85,668438
BEPL,20191128,47.9,48.5,47.05,47.4,213536
BERGEPAINT,20191128,488,503.75,483.95,495.6,4008751
BFINVEST,20191128,334,335.7,327,328.7,51453
BFUTILITIE,20191128,273.15,278.3,268.5,269.45,145158
BGLOBAL,20191128,1.8,1.9,1.8,1.9,12036
BGRENERGY,20191128,31.6,32.65,30.5,31.25,129487
BHAGERIA,20191128,96.55,97.9,96.45,97.3,3721
BHAGYANGR,20191128,18.1,18.85,17.7,18.15,1753
BHAGYAPROP,20191128,19.2,21.35,19.2,19.2,1211
BHANDARI,20191128,1.15,1.2,1.1,1.1,97420
BHARATFORG,20191128,470,471.85,463,468.05,1430002
BHARATGEAR,20191128,73.4,74,70.2,71.45,19807
BHARATRAS,20191128,6449,6500,6161.15,6292.95,4233
BHARATWIRE,20191128,29.5,30.5,29.1,30.35,3396
BHARTIARTL,20191128,433.35,443.9,428.5,436.65,21940833
BHEL,20191128,53.6,54.7,53.3,54.25,12670853
BIGBLOC,20191128,41,41,35.55,38,21693
BIL,20191128,160,168.4,156.05,165.7,457
BILENERGY,20191128,1.25,1.25,1.25,1.25,34296
BINDALAGRO,20191128,9.55,10.05,9.4,9.8,29599
BIOCON,20191128,275.1,284.9,273.85,283.75,7459630
BIOFILCHEM,20191128,8.1,8.1,8.1,8.1,1091
BIRLACABLE,20191128,63.5,63.5,61.8,62.1,47038
BIRLACORPN,20191128,659,659,640.6,650.35,25341
BIRLAMONEY,20191128,36.3,36.9,35.45,35.8,82223
BKMINDST,20191128,0.6,0.6,0.55,0.6,148246
BLBLIMITED,20191128,3.5,3.8,3.4,3.45,4316
BLISSGVS,20191128,144.55,144.9,142,144.15,115230
BLKASHYAP,20191128,10.4,10.4,10.1,10.1,50695
BLS,20191128,73.45,77.55,73.45,75.5,212716
BLUEBLENDS,20191128,0.75,0.75,0.75,0.75,1200
BLUECOAST,20191128,2.3,2.3,2.3,2.3,148
BLUEDART,20191128,2060,2077,2050,2062.55,7222
BLUESTARCO,20191128,788.75,788.75,772.2,776.3,44606
BODALCHEM,20191128,65.45,66.5,65.45,65.75,44855
BOMDYEING,20191128,79.25,79.75,78.2,78.6,1271002
BOROSIL,20191128,177.75,179.5,174.3,178.3,48381
BOSCHLTD,20191128,16618,16903.1,16155.55,16209.7,34275
BPCL,20191128,506.5,514.25,502.1,510,7832976
BPL,20191128,18.8,19.75,18.5,19.25,220416
BRIGADE,20191128,195.1,203.9,195.1,200.85,87220
BRITANNIA,20191128,3110.4,3110.4,3060,3098.25,234706
BRNL,20191128,63.5,63.5,62.05,62.65,15954
BROOKS,20191128,31.4,31.6,30,30.45,11814
BSE,20191128,502.35,505.45,501.2,503.75,69283
BSELINFRA,20191128,1,1.05,1,1.05,26315
BSL,20191128,28,29.65,28,28.55,1578
BSLGOLDETF,20191128,3477,3517.95,3477,3480.65,49
BSLNIFTY,20191128,132.45,132.6,131.69,132,247
BSOFT,20191128,68.25,70.9,68.25,69.85,160175
BURNPUR,20191128,1.3,1.3,1.25,1.3,58735
BUTTERFLY,20191128,216.5,217.9,209,210.25,45199
BVCL,20191128,11,11,11,11,20
BYKE,20191128,18.35,18.95,18.25,18.25,33472
CADILAHC,20191128,254.95,259.9,253.6,258.8,1533842
CALSOFT,20191128,15.9,16.8,15.85,16.1,10603
CAMLINFINE,20191128,58,59.5,57,57.5,165365
CANBK,20191128,228.55,232.9,227.4,232.15,11256998
CANFINHOME,20191128,392,399.8,387.25,393.8,254451
CANTABIL,20191128,249,249,243.35,246.95,25050
CAPACITE,20191128,213,215.45,210,211.2,17537
CAPLIPOINT,20191128,319.95,323.3,315.95,317.8,41580
CAPTRUST,20191128,79.8,82,79.8,82,785
CARBORUNIV,20191128,317.7,320.2,316.05,317,22778
CAREERP,20191128,115.05,115.55,113,113.6,25230
CARERATING,20191128,470.1,480,470.1,478.6,84895
CASTEXTECH,20191128,0.5,0.5,0.4,0.45,40458
CASTROLIND,20191128,145.2,145.8,141.75,142.3,1858572
CCHHL,20191128,3.45,3.45,3.25,3.3,22635
CCL,20191128,208,210,204.2,206.2,77026
CDSL,20191128,216,229.4,216,225.7,1885707
CEATLTD,20191128,945,948,936.25,941.2,92194
CEBBCO,20191128,17.05,17.1,15.95,16.35,87510
CELEBRITY,20191128,5.55,5.9,5.4,5.8,53990
CELESTIAL,20191128,3.2,3.5,3.2,3.45,21940
CENTENKA,20191128,182,182,178.8,180.35,8734
CENTEXT,20191128,2.75,2.75,2.65,2.7,15752
CENTRALBK,20191128,22.25,23,22.15,22.5,1368085
CENTRUM,20191128,23.1,23.8,22.2,23.3,162864
CENTUM,20191128,377.05,381.5,368.1,377.1,4911
CENTURYPLY,20191128,174,176.8,171.1,172.2,91504
CENTURYTEX,20191128,455,466.9,450,463.1,757693
CERA,20191128,2499,2549,2472,2500.2,16454
CEREBRAINT,20191128,26.5,26.5,25.1,25.55,66944
CESC,20191128,747.8,755,736.6,749.4,292257
CESCVENT,20191128,309,309,301.1,303.95,7826
CGCL,20191128,191.7,193.7,187.15,190.7,351226
CGPOWER,20191128,13.7,14.1,13.55,13.7,803205
CHALET,20191128,346.5,356.95,340,340.5,4186
CHAMBLFERT,20191128,152.05,152.7,150,151.1,181653
CHEMBOND,20191128,225,233,222,226.85,1416
CHEMFAB,20191128,170.05,170.05,165,165,379
CHENNPETRO,20191128,128.75,129,126,126.55,159129
CHOLAFIN,20191128,314.2,319,312.55,317.05,1517615
CHOLAHLDNG,20191128,469.1,482.95,467.7,479.8,16814
CHROMATIC,20191128,0.45,0.5,0.45,0.45,16350
CIGNITITEC,20191128,324.05,329,317,322,90393
CIMMCO,20191128,21.8,22,21.25,21.3,10503
CINELINE,20191128,28.55,29.5,28.55,28.95,3810
CINEVISTA,20191128,9.15,9.2,8.55,9.05,14411
CIPLA,20191128,472,476.5,464.1,468.35,2933958
CKFSL,20191128,0.5,0.6,0.5,0.55,748030
CLEDUCATE,20191128,74.75,74.8,71.5,73,3240
CLNINDIA,20191128,333.75,339,332,334.95,21611
CMICABLES,20191128,59.35,59.35,57.15,57.5,16564
CNOVAPETRO,20191128,7.3,8.8,7.3,8,2346
COALINDIA,20191128,200.55,206.35,199.8,205.85,7855291
COCHINSHIP,20191128,396.8,403.85,391,396.8,190352
COFFEEDAY,20191128,42.95,47.45,42.95,47.45,2449879
COLPAL,20191128,1480,1485,1471.35,1476.75,408225
COMPINFO,20191128,9.35,9.6,8.95,9.1,187762
COMPUSOFT,20191128,8.2,8.2,7.9,7.95,11221
CONCOR,20191128,552.5,557.4,547.7,552.85,1222592
CONFIPET,20191128,25,27.8,22.5,27.25,872364
CONSOFINVT,20191128,37,38.7,36.6,36.7,316
CONTROLPR,20191128,237.25,241.3,235,236.55,2313
CORALFINAC,20191128,11.3,12.5,11.3,11.7,9169
CORDSCABLE,20191128,44.45,44.8,43.3,44,6027
COROMANDEL,20191128,474.05,477,471,474.4,47317
CORPBANK,20191128,23.2,25.3,23.2,25.3,8261415
COSMOFILMS,20191128,240,241,234.2,236.95,13137
COUNCODOS,20191128,1.65,1.75,1.65,1.7,1842
COX&KINGS,20191128,1.9,1.9,1.9,1.9,674033
CPSEETF,20191128,23.5,23.72,23.26,23.66,1887807
CREATIVE,20191128,78.5,79.25,74.85,74.9,17168
CREATIVEYE,20191128,1.25,1.25,1.25,1.25,300
CREDITACC,20191128,780,824.45,778.7,805.45,254011
CREST,20191128,90,92.65,90,91.75,2487
CRISIL,20191128,1548,1582,1529.3,1572.65,16075
CROMPTON,20191128,245.5,250.25,244.35,247.55,724449
CTE,20191128,24,26.95,24,26.4,4296
CUB,20191128,219.65,222.75,218.4,220.45,1433710
CUBEXTUB,20191128,12.1,12.1,12,12.1,1308
CUMMINSIND,20191128,560.6,564.75,544.65,547.3,1473537
CUPID,20191128,185.45,204.85,184.35,200,203726
CURATECH,20191128,1.8,1.8,1.8,1.8,150
CYBERMEDIA,20191128,3.5,3.5,3.5,3.5,100
CYBERTECH,20191128,48.9,52,47.7,48.35,29568
CYIENT,20191128,393,397.9,393,395.25,139083
DAAWAT,20191128,22.45,22.9,22.1,22.75,353181
DABUR,20191128,467,471.75,464.3,466.25,893025
DALBHARAT,20191128,887.2,888,868,875.55,55813
DALMIASUG,20191128,83.5,85,82.85,83.35,61452
DAMODARIND,20191128,27.05,27.1,27,27.05,4661
DATAMATICS,20191128,74.3,75.6,72.1,72.45,21424
DBCORP,20191128,141.35,141.4,139,139.5,15080
DBL,20191128,399.8,404,394.4,396,193980
DBREALTY,20191128,11,11,11,11,42290
DBSTOCKBRO,20191128,10.4,10.4,10.4,10.4,2
DCAL,20191128,135.5,138.9,133.3,134.15,581505
DCBBANK,20191128,176,177.9,175.05,176.1,270835
DCM,20191128,21.65,21.65,20,20.9,3899
DCMNVL,20191128,31.25,31.25,29.7,30.1,2181
DCMSHRIRAM,20191128,341.25,349.8,335.95,340.2,103885
DCW,20191128,14.25,14.3,14,14.05,69796
DECCANCE,20191128,305.05,309,300,303.8,9155
DEEPAKFERT,20191128,97.5,97.5,95.3,96.3,169513
DEEPAKNTR,20191128,344.05,346.35,337,338,195105
DEEPIND,20191128,113,119.75,109.45,116.5,51637
DELTACORP,20191128,216.8,222.8,214.8,219.25,2580626
DELTAMAGNT,20191128,39.5,39.5,35.95,36.35,552
DEN,20191128,39.9,39.9,38.9,39.75,8739
DENORA,20191128,224.85,224.85,214.5,215.8,1525
DFMFOODS,20191128,247.5,248,246.55,247.8,15956
DGCONTENT,20191128,3.95,3.95,3.95,3.95,984
DHAMPURSUG,20191128,169.85,173.55,168.2,169.6,312694
DHANBANK,20191128,15.1,15.35,15,15.2,184818
DHANUKA,20191128,297.95,305.3,293,299.9,38819
DHARSUGAR,20191128,7.35,7.65,7.15,7.3,3969
DHFL,20191128,20,20.1,19,19.9,3778342
DHUNINV,20191128,212,212.8,202.5,207.1,826
DIAMONDYD,20191128,890,913.95,890,900.85,436
DICIND,20191128,331.15,334,311,318.5,167
DIGISPICE,20191128,6.3,6.5,5.9,6.5,3233
DISHTV,20191128,13.9,15.3,13.2,15,86595194
DIVISLAB,20191128,1824,1825,1787.7,1793,633764
DIXON,20191128,3284.9,3348.6,3262,3339.15,41637
DLF,20191128,216.5,220.8,214.7,217.95,10068332
DLINKINDIA,20191128,87.15,89.85,87.15,89.45,22981
DMART,20191128,1850,1869,1830,1844.25,540008
DNAMEDIA,20191128,0.6,0.65,0.6,0.6,30002
DOLAT,20191128,66.45,66.8,65.4,65.9,39092
DOLLAR,20191128,148,150.85,145.05,145.75,10856
DONEAR,20191128,30.4,31.5,30.2,30.95,13240
DPSCLTD,20191128,10,10.4,9.75,9.75,18633
DQE,20191128,2.7,2.8,2.7,2.8,3001
DREDGECORP,20191128,352.45,354.7,346.1,348,163794
DRREDDY,20191128,2968.1,2982.6,2943.05,2976.75,256436
DSSL,20191128,27.6,27.6,23.4,24.55,12624
DTIL,20191128,179.85,184.9,162.95,170.7,44186
DUCON,20191128,5.4,5.7,5.35,5.55,36987
DVL,20191128,70.7,70.7,67.25,68.65,4437
DWARKESH,20191128,24.1,24.6,23.9,24,239957
DYNAMATECH,20191128,1004,1017.95,950.4,959.65,4506
DYNPRO,20191128,133.95,133.95,127.9,129.6,13094
EASTSILK,20191128,1.05,1.05,1.05,1.05,1716
EBANK,20191128,3832.99,3833,3832.99,3833,2
ECLERX,20191128,538.5,539.9,515.6,521.35,192818
EDELWEISS,20191128,119,125.8,119,121,1733720
EICHERMOT,20191128,23165.5,23165.5,22905,23091.6,94321
EIDPARRY,20191128,178,183.6,176.7,178.15,141518
EIHAHOTELS,20191128,301.05,312,301.05,306.95,1486
EIHOTEL,20191128,153.55,154.75,152.45,154.25,58846
EIMCOELECO,20191128,298.5,310,298.5,309.75,668
EKC,20191128,23.15,23.85,23.05,23.45,63988
ELECON,20191128,33,33.5,32.2,32.45,70209
ELECTCAST,20191128,11.1,11.5,11.1,11.25,298914
ELECTHERM,20191128,131,137.95,126,134.6,71203
ELGIEQUIP,20191128,260,262.4,252,254.45,9915
ELGIRUBCO,20191128,16.05,16.9,15.8,16,8260
EMAMILTD,20191128,316.7,318,314.5,315.9,47176
EMAMIPAP,20191128,70.95,70.95,67.45,70.15,1381
EMAMIREAL,20191128,41.1,43.9,41.1,43.15,6122
EMCO,20191128,0.95,1,0.95,1,4728
EMKAY,20191128,61.6,64.85,61.6,62.9,2997
EMMBI,20191128,104.85,106.05,100.6,103.4,17052
ENDURANCE,20191128,1078,1116,1075,1110.55,16585
ENERGYDEV,20191128,6.95,6.95,6.9,6.95,40987
ENGINERSIN,20191128,105,106.35,103,103.6,1028148
ENIL,20191128,237.7,239,228.95,232.85,3931
EON,20191128,16,16.8,16,16.1,6697
EQUITAS,20191128,95.85,102.35,95.7,101.45,6232462
ERIS,20191128,433,447.7,426.25,445.55,163216
EROSMEDIA,20191128,14.65,15,14.5,14.8,193324
ESABINDIA,20191128,1224.1,1248,1211,1238.05,2957
ESCORTS,20191128,646.05,648.75,636.75,644.45,1428911
ESSARSHPNG,20191128,7.5,7.8,7.3,7.4,3355
ESSELPACK,20191128,142.2,151.8,137,150.4,468518
ESTER,20191128,33.55,33.65,32.9,33.45,8926
EUROMULTI,20191128,0.65,0.65,0.55,0.65,19005
EUROTEXIND,20191128,12.15,12.9,12.15,12.85,542
EVEREADY,20191128,53.7,55.55,52.7,55.1,417472
EVERESTIND,20191128,262.05,266.65,253.25,261.5,73112
EXCEL,20191128,1,1,0.95,1,14600
EXCELINDUS,20191128,853.5,858,835.05,851.6,4719
EXIDEIND,20191128,192.4,194.85,192.4,194.2,1249436
EXPLEOSOL,20191128,272.35,282.95,272.2,275.2,3820
FACT,20191128,38.35,38.95,38.05,38.4,92766
FAIRCHEM,20191128,435.55,470,432.05,441.85,12943
FCL,20191128,26.3,27.1,26.1,26.35,117361
FCONSUMER,20191128,26.4,26.4,25.15,25.3,1700188
FCSSOFT,20191128,0.25,0.25,0.2,0.25,555081
FDC,20191128,189.95,193.9,186,190.95,63926
FEDERALBNK,20191128,88,91.3,87.75,90.9,18824318
FEL,20191128,22.5,22.85,21.75,22.25,149829
FELDVR,20191128,22,22.15,21.25,21.75,4512
FIEMIND,20191128,442.75,448.95,430.65,432.6,15724
FILATEX,20191128,36.25,37.8,35.2,36.1,210555
FINCABLES,20191128,367.6,371.65,360,366,159678
FINEORG,20191128,1873.9,1906,1843.35,1870,13872
FINPIPE,20191128,579.9,583.35,572.15,581.4,20659
FLEXITUFF,20191128,4.2,4.2,4.2,4.2,3144
FLFL,20191128,407.5,413.9,401,406.2,7758
FLUOROCHEM,20191128,488.35,488.35,450,452.05,28906
FMGOETZE,20191128,583.8,592.35,583.8,589.65,3298
FMNL,20191128,28,28,26.75,27,41619
FORCEMOT,20191128,1049,1049,1026.6,1031.3,16037
FORTIS,20191128,139.1,141.8,138.7,139.85,339178
FOSECOIND,20191128,1323,1350,1321.05,1336.7,490
FRETAIL,20191128,328.2,330.7,325,328.7,390576
FSC,20191128,495.95,518,490,494.7,4991
FSL,20191128,40.15,40.2,39.5,39.85,849986
GABRIEL,20191128,120.8,120.8,118.3,119.4,96614
GAEL,20191128,153.1,153.1,149.4,150.85,12953
GAIL,20191128,125.2,126.35,124.15,125.8,8177000
GAL,20191128,2,2.1,1.95,2,14268
GALAXYSURF,20191128,1477.3,1496.95,1461.05,1482.15,13809
GALLANTT,20191128,27.35,28.4,26.75,27.5,29832
GALLISPAT,20191128,20.2,20.8,20,20.6,4413
GAMMNINFRA,20191128,0.35,0.4,0.3,0.35,2776294
GANDHITUBE,20191128,299.35,299.35,286.25,288.05,1372
GANECOS,20191128,245.05,248.1,243,243.65,1382
GANESHHOUC,20191128,30.2,30.8,30,30.2,19718
GANGESSECU,20191128,37.65,40,37.65,38.15,21744
GARDENSILK,20191128,9.75,10,9.4,9.6,24603
GARFIBRES,20191128,1161.05,1210,1161,1205.75,6485
GATI,20191128,60.25,64.5,60.25,63.15,551716
GAYAHWS,20191128,0.25,0.3,0.25,0.3,152887
GAYAPROJ,20191128,59.2,64,58.5,63.25,1673993
GDL,20191128,99.95,102.9,99.4,102.15,274224
GEECEE,20191128,80.55,80.8,78.75,79.35,4911
GENESYS,20191128,68.1,72.85,67.35,68.05,13153
GENUSPAPER,20191128,4.8,4.85,4.75,4.8,29852
GENUSPOWER,20191128,23.85,24.5,23.45,23.55,31905
GEOJITFSL,20191128,29.6,29.9,29.25,29.6,162685
GEPIL,20191128,720,720.05,693.05,698.7,16943
GESHIP,20191128,318.25,322.4,314.4,317.15,328189
GET&D,20191128,166.05,166.8,160.75,161.35,45412
GFLLIMITED,20191128,60.65,64.3,59.9,64.1,42242
GHCL,20191128,202.15,205.8,202.15,203.85,28154
GICHSGFIN,20191128,154.55,162.3,150.1,157.45,228659
GICRE,20191128,264.4,268.4,258.1,259.3,397188
GILLANDERS,20191128,28.15,29,28.15,29,105
GILLETTE,20191128,6926.75,6977.75,6856,6873,3295
GINNIFILA,20191128,8.45,8.5,8.25,8.35,33479
GIPCL,20191128,67.35,68.2,67.1,67.9,30880
GKWLIMITED,20191128,692.75,709.95,692.75,709.9,69
GLAXO,20191128,1679.85,1737,1662.2,1697.65,116650
GLENMARK,20191128,347.2,351.4,341.95,344.45,2212909
GLFL,20191128,0.6,0.7,0.6,0.7,7325
GLOBALVECT,20191128,49.65,51.75,48.05,48.8,5667
GLOBOFFS,20191128,5.9,5.95,5.7,5.9,2549
GLOBUSSPR,20191128,140.35,147,140,142.35,949366
GMBREW,20191128,415.2,420,413.05,416.2,21085
GMDCLTD,20191128,55.65,57,55.4,56.85,119564
GMMPFAUDLR,20191128,1628,1659,1628,1651.55,5841
GMRINFRA,20191128,21.4,22.15,21.2,21.95,20205074
GNA,20191128,269.85,270,266.1,268.15,6644
GNFC,20191128,191.3,194.5,190.3,192.65,110445
GOACARBON,20191128,226,231.7,212,221.2,19512
GOCLCORP,20191128,306.2,306.2,296.6,299.65,3783
GODFRYPHLP,20191128,1327.05,1374.9,1292.1,1362.15,465557
GODREJAGRO,20191128,485.45,491.95,481,488.65,25718
GODREJCP,20191128,719.95,725,714,722.3,300913
GODREJIND,20191128,436.1,446.4,433,435.85,64622
GODREJPROP,20191128,910.1,914.4,892.55,899.75,100657
GOKEX,20191128,79.4,83.9,78.2,79.45,107178
GOKUL,20191128,14,14.6,13.6,14.35,11974
GOKULAGRO,20191128,13.35,14.45,13.35,14.2,20025
GOLDBEES,20191128,3329.75,3337,3321.55,3333.65,8353
GOLDENTOBC,20191128,32,32.35,30.75,31.5,1059
GOLDIAM,20191128,130.95,131.25,128.05,128.85,23746
GOLDSHARE,20191128,3371,3375.95,3350.1,3359.8,558
GOLDTECH,20191128,8.8,9.15,8.6,9.05,32343
GOODLUCK,20191128,44.05,46.75,43.2,45,10890
GPIL,20191128,166.7,167.5,161,166.95,39399
GPPL,20191128,87.35,89.75,86.4,87,733901
GPTINFRA,20191128,40.95,41.85,39,41.25,352
GRANULES,20191128,135,135.9,128.2,129.35,3886838
GRAPHITE,20191128,334.5,337.4,324.1,327.25,2493585
GRASIM,20191128,791.9,802.7,783.05,800.15,2148249
GRAVITA,20191128,40.75,41.2,40.25,40.8,19280
GREAVESCOT,20191128,136,136.9,134.15,134.85,231222
GREENLAM,20191128,1001,1001,957,982.35,1778
GREENPANEL,20191128,47.45,47.8,45.05,45.95,85675
GREENPLY,20191128,162.2,162.2,160.3,160.7,14721
GREENPOWER,20191128,2.4,2.4,2.4,2.4,2347
GRINDWELL,20191128,567.4,572.2,565.15,568.45,6888
GROBTEA,20191128,508.3,508.3,508.3,508.3,1757
GRPLTD,20191128,802,831,802,831,2
GRSE,20191128,208.45,208.45,200.8,202.45,149458
GSCLCEMENT,20191128,19.65,19.95,19.2,19.65,20291
GSFC,20191128,70.4,70.55,70.1,70.4,199765
GSKCONS,20191128,8992.9,9070.95,8901.4,8984.45,25390
GSPL,20191128,218.9,218.9,215,216.2,119322
GSS,20191128,35.05,35.05,33.15,34.1,30533
GTL,20191128,1.35,1.4,1.35,1.4,201347
GTLINFRA,20191128,0.45,0.5,0.45,0.5,7292392
GTNIND,20191128,6.1,6.4,6.1,6.25,486
GTNTEX,20191128,6.25,6.25,6.25,6.25,100
GTPL,20191128,67.9,68.1,65.5,67.05,16144
GUFICBIO,20191128,67.4,69.5,67.3,68.3,26825
GUJALKALI,20191128,394.9,403.9,394.9,401.7,21302
GUJAPOLLO,20191128,134.95,134.95,120.4,123.45,7418
GUJGASLTD,20191128,204,208,204,204.8,439028
GUJRAFFIA,20191128,7.55,7.6,7.55,7.6,240
GULFOILLUB,20191128,834.3,844.95,809,814.8,22301
GULFPETRO,20191128,39.95,41,37.5,39.4,16093
GULPOLY,20191128,38.25,40.4,38.1,38.55,2024
GVKPIL,20191128,4.2,4.4,4.1,4.4,1318170
HAL,20191128,780,785.05,770.05,773.75,9527
HARITASEAT,20191128,447.4,454.85,444.65,447.65,3551
HARRMALAYA,20191128,52.2,52.5,50.4,50.95,53980
HATHWAY,20191128,20.15,20.65,20,20.1,129627
HATSUN,20191128,593.9,595,579,587.3,1476499
HAVELLS,20191128,675.1,683.55,670.05,673.6,1328679
HAVISHA,20191128,0.55,0.6,0.5,0.55,19841
HBLPOWER,20191128,15.15,15.65,15.1,15.45,88891
HCC,20191128,12.45,12.5,11.2,11.2,10219140
HCG,20191128,109.95,109.95,106,106.55,16501
HCL-INSYS,20191128,8.75,9.05,8.35,8.5,615409
HCLTECH,20191128,1139,1143.4,1125.5,1132.65,1206558
HDFC,20191128,2339,2346,2295,2309.75,3668406
HDFCAMC,20191128,3625,3689,3616.2,3660.55,455638
HDFCBANK,20191128,1280.2,1283.05,1262,1265.3,6183020
HDFCLIFE,20191128,588,588.65,575,576.2,2761394
HDFCMFGETF,20191128,3400,3407,3392.05,3404.7,3202
HDFCNIFETF,20191128,1270.48,1273,1268.05,1270.97,721
HDFCSENETF,20191128,4335.72,4350,4303.24,4339.93,71
HDIL,20191128,3.3,3.3,3.3,3.3,76673
HEG,20191128,1157,1170.9,1131,1145.55,663745
HEIDELBERG,20191128,190,190,186.3,187.8,139744
HERCULES,20191128,95,98,94.95,96.15,8798
HERITGFOOD,20191128,344,346.8,331,345.45,18134
HEROMOTOCO,20191128,2517,2520,2460,2466.3,544359
HESTERBIO,20191128,1610.15,1620.05,1585,1586.7,1716
HEXATRADEX,20191128,9.55,9.65,9.55,9.65,33968
HEXAWARE,20191128,340.7,346.5,337.05,345.1,401398
HFCL,20191128,17.1,17.2,17.05,17.1,794596
HGINFRA,20191128,246,249.4,241.1,243.35,24052
HGS,20191128,614.65,614.65,592.05,599.65,3343
HIKAL,20191128,113.9,114.8,112,112.4,121545
HIL,20191128,1208,1229.9,1190.7,1214.05,4701
HILTON,20191128,13.2,13.95,13.15,13.7,5733
HIMATSEIDE,20191128,132.35,133.5,131,132,35906
HINDALCO,20191128,203,205.3,200.1,204.1,5421765
HINDCOMPOS,20191128,169,175,168.05,169.4,3111
HINDCOPPER,20191128,40.75,41.3,40.25,40.75,497594
HINDMOTORS,20191128,6,6.4,5.9,6.2,205584
HINDNATGLS,20191128,29.5,29.5,28.7,28.7,419
HINDOILEXP,20191128,93.55,93.55,92.35,92.75,111413
HINDPETRO,20191128,287.8,293.45,284.35,290.7,4012844
HINDSYNTEX,20191128,2.25,2.3,2.25,2.3,801
HINDUNILVR,20191128,2097.95,2098.35,2067,2087.15,1026831
HINDZINC,20191128,212.1,215.95,212.1,215.1,643776
HIRECT,20191128,215.05,217.9,211.5,212.6,15410
HISARMETAL,20191128,50,50,47.45,49.65,698
HITECH,20191128,137.2,146,137.2,144.8,8397
HITECHCORP,20191128,80.05,81.95,79.5,79.5,1023
HITECHGEAR,20191128,166.25,170.5,166.25,168.1,1651
HMVL,20191128,74.15,74.9,73.05,73.5,1287
HNDFDS,20191128,592,599.9,580,586.35,1932
HNGSNGBEES,20191128,3349.98,3349.98,3300,3320,11
HONAUT,20191128,28339,28339,27525.05,27922.35,500
HONDAPOWER,20191128,1309,1315.15,1265,1276.55,2243
HOTELEELA,20191128,7.2,7.2,7.05,7.05,135197
HOVS,20191128,44.9,46,44.9,45.8,6855
HPL,20191128,39.3,40.9,39.3,39.8,12776
HSCL,20191128,68.55,69.25,67,67.7,709132
HSIL,20191128,46.6,47.05,46.5,46.9,56197
HTMEDIA,20191128,16.25,16.8,16.15,16.2,113555
HUBTOWN,20191128,16.35,17.05,16.25,17.05,40587
HUDCO,20191128,40.85,41.75,40.4,41.25,1369083
IBMFNIFTY,20191128,119.24,121,119.2,121,592
IBREALEST,20191128,68.6,71.6,67.8,71.6,4052586
IBULHSGFIN,20191128,274.5,347.8,272.2,334.75,168963840
IBULISL,20191128,65.7,68.35,64.75,68.35,903319
IBVENTURES,20191128,170.9,178,170.45,178,1149371
ICICI500,20191128,159.39,159.89,158.65,159.78,1929
ICICIB22,20191128,34.81,35.34,34.81,35.3,501549
ICICIBANK,20191128,509.55,520,508,519.15,35706498
ICICIBANKN,20191128,321.24,323.57,319.1,322.48,96239
ICICIBANKP,20191128,177.04,178.05,176.5,178.01,106
ICICIGI,20191128,1335,1351.2,1334.9,1339.1,345329
ICICIGOLD,20191128,33.3,34.65,33.3,34.15,11810
ICICILIQ,20191128,1000,1000,999.99,999.99,14932
ICICILOVOL,20191128,94,94,91.74,92.12,469
ICICIMCAP,20191128,65.9,65.9,64.81,65.44,47384
ICICINF100,20191128,131,131.5,130.61,131.03,550
ICICINIFTY,20191128,129.31,129.31,125,128.07,1290215
ICICINV20,20191128,57.8,57.8,57.08,57.43,4485
ICICINXT50,20191128,23,29.08,23,28.99,14348
ICICIPRULI,20191128,498.45,502.55,495,498.15,1618349
ICICISENSX,20191128,436,439,435.57,438.69,287
ICIL,20191128,48.7,50.65,48.4,50.25,125715
ICRA,20191128,2771.95,2866,2761.95,2849.15,534
IDBI,20191128,37.1,39.4,36.75,38.05,13078019
IDBIGOLD,20191128,3444,3484,3441,3470,105
IDEA,20191128,5.9,6.85,5.9,6.6,559329516
IDFC,20191128,33.35,35.95,33.1,35,3816385
IDFCFIRSTB,20191128,43.55,44.35,43.2,44.3,31160796
IDFNIFTYET,20191128,122.4,122.4,118.01,118.06,66
IEX,20191128,141.75,146.8,140.55,144.95,3135716
IFBAGRO,20191128,397.05,410,390.9,395.85,5904
IFBIND,20191128,671.3,684.05,667.25,669.85,2739
IFCI,20191128,6.95,7.3,6.9,7.1,3548689
IFGLEXPOR,20191128,140,144.75,139.1,139.5,13734
IGARASHI,20191128,258.75,259.2,245.4,251.05,79155
IGL,20191128,408,413.75,408,411.9,1030851
IGPL,20191128,140.2,141.9,139,140.15,5404
IIFL,20191128,152,178.9,152,170.7,2818670
IIFLSEC,20191128,24.6,24.6,24.1,24.6,2982162
IIFLWAM,20191128,1301,1350,1270.05,1339.8,16743
IITL,20191128,60,60,60,60,10
IMFA,20191128,200,200,196.55,197.7,7137
IMPAL,20191128,586.4,592.95,580,585.95,3380
IMPEXFERRO,20191128,0.4,0.4,0.3,0.4,47598
INDBANK,20191128,7.2,7.35,7.15,7.2,41929
INDHOTEL,20191128,150,151.3,148.15,148.75,535571
INDIACEM,20191128,79,79.8,78.4,78.85,1001302
INDIAGLYCO,20191128,207.2,211,205,209.75,69708
INDIAMART,20191128,2170,2179.95,2149.75,2158.45,26617
INDIANB,20191128,121.4,128.9,121.2,125.85,4926208
INDIANCARD,20191128,100,104.1,98.55,99.05,551
INDIANHUME,20191128,218.25,223.95,217.05,220,26872
INDIGO,20191128,1420,1444.75,1418,1433.55,1070836
INDLMETER,20191128,22.05,22.45,22.05,22.45,122
INDNIPPON,20191128,329.95,329.95,322.2,323.4,2869
INDOCO,20191128,166.1,171.5,164.05,165.4,16901
INDORAMA,20191128,27.2,29.4,27.2,28.4,33429
INDOSTAR,20191128,198.15,198.15,193.1,193.8,305269
INDOTECH,20191128,98.5,102.85,98.05,101.85,2693
INDOTHAI,20191128,23.35,24.15,23.1,23.4,3475
INDOWIND,20191128,2.95,3.1,2.95,3,40583
INDRAMEDCO,20191128,42.05,42.65,41.5,42.15,49266
INDSWFTLAB,20191128,24,25.5,23.35,25,83406
INDSWFTLTD,20191128,3.05,3.05,2.9,3,31495
INDTERRAIN,20191128,69,71.4,66.2,69.6,777056
INDUSINDBK,20191128,1526,1575.8,1520,1568.25,5080043
INEOSSTYRO,20191128,669.1,695,666.05,691.1,1811
INFIBEAM,20191128,51.5,52.2,50.8,51.15,4388410
INFOBEAN,20191128,67.1,67.8,67,67,5927
INFRABEES,20191128,343,343.7,340.81,342.94,177
INFRATEL,20191128,227,261,227,256.6,44381478
INFY,20191128,699.1,703.35,694.05,701.85,4837683
INGERRAND,20191128,647.85,658.1,640.05,651.25,19483
INOXLEISUR,20191128,360,362.75,358.4,360,120478
INOXWIND,20191128,36.7,36.8,35.2,35.45,175715
INSECTICID,20191128,524.65,528.9,517,519.9,4596
INSPIRISYS,20191128,37.15,39.9,36,38.05,8256
INTEGRA,20191128,0.25,0.25,0.25,0.25,251
INTELLECT,20191128,151.5,152.55,149.3,149.9,117916
INTENTECH,20191128,28.25,30.7,28.25,29.7,3460
INVENTURE,20191128,12.55,13,12.45,12.85,39471
IOB,20191128,10.65,10.95,10.65,10.7,2153695
IOC,20191128,130.95,132.9,130.1,132.55,9785746
IOLCP,20191128,179.25,179.85,175.7,176.3,142853
IPAPPM,20191128,290,299,290,293.95,5478
IPCALAB,20191128,1127.7,1134.95,1102,1128.6,87596
IRB,20191128,77.9,79.5,74.4,75.05,1373250
IRCON,20191128,419,425,415.85,422.15,57612
IRCTC,20191128,884.95,887.8,878.1,882.45,415748
ISEC,20191128,323.8,340,323.8,329.9,371974
ISFT,20191128,66,70,65.75,68.45,4372
ISMTLTD,20191128,4,4.35,4,4.1,16873
ITC,20191128,247.3,247.95,245.65,246.7,10992718
ITDC,20191128,341.3,343.5,333.1,335.25,61000
ITDCEM,20191128,62.15,64.75,62.15,63.15,275847
ITI,20191128,87.35,89.9,86.5,88.25,1013531
IVC,20191128,3.8,3.8,3.6,3.6,61302
IVP,20191128,60.35,63,59,59.1,582
IVZINGOLD,20191128,3448,3448,3411,3436.55,14
IVZINNIFTY,20191128,1287.3,1305.4,1287.3,1305.4,5
IZMO,20191128,26.5,26.5,24.85,26,8494
J&KBANK,20191128,31.9,34.65,31.6,34.2,3287254
JAGRAN,20191128,56.45,57.25,55.65,56.1,224190
JAGSNPHARM,20191128,26.4,26.8,25.65,26,4537
JAIBALAJI,20191128,21.35,22.75,20.5,22.75,289503
JAICORPLTD,20191128,96.5,98.3,95.55,97.15,1142603
JAINSTUDIO,20191128,1.75,1.8,1.75,1.8,102
JAMNAAUTO,20191128,45,45.6,44.5,45.1,570693
JASH,20191128,133,133,133,133,330
JAYAGROGN,20191128,120.95,123,116.9,119.45,14935
JAYBARMARU,20191128,236.6,245,231.05,237.65,252378
JAYNECOIND,20191128,3.45,3.55,3.35,3.55,11620
JAYSREETEA,20191128,50.4,50.4,48.6,49.25,81578
JBCHEPHARM,20191128,405,405,394,396.05,81470
JBFIND,20191128,7.2,7.2,7,7.1,12655
JBMA,20191128,240.3,242.55,235.35,236.85,53722
JCHAC,20191128,1958.3,1995.9,1914.95,1955.75,3999
JHS,20191128,16.4,17.15,16.4,16.95,15395
JIKIND,20191128,0.35,0.35,0.25,0.25,46085
JINDALPHOT,20191128,13.4,13.65,12.75,13.4,941
JINDALPOLY,20191128,219.15,226.75,219.15,222.6,12103
JINDALSAW,20191128,78.6,79.2,77.85,78.35,229636
JINDALSTEL,20191128,159.3,166.4,158.2,165.05,19601225
JINDCOT,20191128,1.85,1.85,1.8,1.85,5415
JINDRILL,20191128,77,77.6,75.6,76,14185
JINDWORLD,20191128,68.75,71.8,65,66.4,237481
JISLDVREQS,20191128,8.45,8.85,8.05,8.05,111614
JISLJALEQS,20191128,10.6,10.65,10.25,10.5,2230879
JITFINFRA,20191128,6,6.2,5.8,5.8,13186
JIYAECO,20191128,35,35,33.5,34.1,53547
JKCEMENT,20191128,1150.5,1172.35,1148.05,1154.65,24724
JKIL,20191128,157.6,161.75,154.25,157.3,127367
JKLAKSHMI,20191128,287.05,289.65,281.9,285.55,460563
JKPAPER,20191128,122.95,123,120,120.75,622093
JKTYRE,20191128,70,71.5,69.5,70.95,535669
JMA,20191128,22.6,24.75,22.25,22.5,1811
JMCPROJECT,20191128,102.45,107,102.05,103.45,318504
JMFINANCIL,20191128,84.35,90,82.1,88.6,985164
JMTAUTOLTD,20191128,1.35,1.35,1.25,1.3,103737
JOCIL,20191128,113.95,117.5,109,109.7,1416
JPASSOCIAT,20191128,2.1,2.15,2.05,2.15,6222045
JPINFRATEC,20191128,1.4,1.4,1.3,1.3,2844251
JPOLYINVST,20191128,10.05,11,10.05,11,706
JPPOWER,20191128,1.05,1.1,1.05,1.05,2564319
JSL,20191128,38.25,40.25,37.5,38.3,1615525
JSLHISAR,20191128,71.4,74.2,71.05,72.85,160521
JSWENERGY,20191128,73.7,75.8,72.2,72.55,447930
JSWHL,20191128,2310.2,2359.9,2233.4,2340.55,2888
JSWSTEEL,20191128,253.6,264.9,252.25,263.95,9945852
JTEKTINDIA,20191128,86.75,87.8,85,86.9,36931
JUBILANT,20191128,514,521,506.3,516.6,120685
JUBLFOOD,20191128,1630,1646.6,1614,1626,706197
JUBLINDS,20191128,100.75,103,99.95,101.7,8943
JUMPNET,20191128,71.5,73,67.3,67.95,1400058
JUNIORBEES,20191128,297.3,298.7,292.5,297.6,167069
JUSTDIAL,20191128,560.55,573.75,560.55,568.95,1762784
JYOTHYLAB,20191128,177.65,179.9,176.8,178.95,77211
KABRAEXTRU,20191128,64.15,66.1,63.25,64.5,3845
KAJARIACER,20191128,516.95,524.9,516.95,521,93251
KAKATCEM,20191128,150.9,150.9,146,148.35,6847
KALPATPOWR,20191128,458,461,450.15,459.65,43162
KALYANIFRG,20191128,155.05,159.95,154.6,158.8,598
KAMATHOTEL,20191128,37.25,38.4,36.1,36.5,129092
KAMDHENU,20191128,99,99.7,97,98.3,4971
KANANIIND,20191128,3,3.05,2.7,3.05,7676
KANORICHEM,20191128,39.15,39.5,38.5,38.6,11095
KANSAINER,20191128,525,529.9,524.2,528.5,115877
KARDA,20191128,148.5,151.1,143.65,145.7,42303
KARMAENG,20191128,11.75,11.75,11.75,11.75,1968
KARURVYSYA,20191128,59.05,59.9,58.8,59.5,386383
KAUSHALYA,20191128,0.45,0.45,0.45,0.45,1950
KAVVERITEL,20191128,2.3,2.3,2.3,2.3,2984
KAYA,20191128,348.95,353.45,336.2,340.15,6813
KCP,20191128,62.4,62.5,61.5,62.05,12472
KCPSUGIND,20191128,13,13.2,12.9,12.95,64502
KDDL,20191128,340.9,344,314.2,339,833
KEC,20191128,278.5,279.6,275.05,276.25,239723
KECL,20191128,10.95,10.95,10.3,10.45,9738
KEI,20191128,535.15,538.15,514,524.95,66197
KELLTONTEC,20191128,15.2,15.4,14.6,15.05,36131
KENNAMET,20191128,980,990,959.8,984.65,3157
KERNEX,20191128,23.2,23.2,21.2,22,757
KESARENT,20191128,28.55,30,28.55,29.05,1445
KESORAMIND,20191128,62,62.25,60.45,60.75,263538
KGL,20191128,0.35,0.4,0.35,0.35,133422
KHADIM,20191128,189.9,191,186.5,187.15,39587
KHAITANLTD,20191128,17.5,17.6,17.5,17.6,50
KICL,20191128,1735.05,1751.4,1694.05,1750,1391
KILITCH,20191128,116.95,117.35,115.25,116.15,4085
KINGFA,20191128,624.9,642,615.3,631.65,7560
KIOCL,20191128,119.85,119.85,117.35,117.85,16157
KIRIINDUS,20191128,372.2,373.55,367.5,368.95,66641
KIRLFER,20191128,61,63.3,60.1,60.9,13528
KIRLOSBROS,20191128,139.15,139.65,136,136.25,14835
KIRLOSENG,20191128,157.3,158.6,156.5,157.65,14108
KIRLOSIND,20191128,626.6,635.55,620,623.55,650
KITEX,20191128,99,100.6,97.5,98.35,28731
KKCL,20191128,955.2,974.45,940,942.85,593
KMSUGAR,20191128,6.2,6.25,6.1,6.1,69627
KNRCON,20191128,233.7,238,232.6,233.55,121096
KOHINOOR,20191128,10.5,11.05,10.5,10.8,10844
KOKUYOCMLN,20191128,72.05,73.35,71.5,72.1,8334
KOLTEPATIL,20191128,228.1,239,227.2,236.3,40633
KOPRAN,20191128,35,35.25,34.1,34.2,63115
KOTAKBANK,20191128,1617,1626.1,1607.1,1615,2237760
KOTAKBKETF,20191128,327,330.58,326,330.31,416159
KOTAKGOLD,20191128,332.65,334.25,332.05,333.9,13564
KOTAKNIFTY,20191128,124.74,126.45,124.74,126.3,948845
KOTAKNV20,20191128,57.81,58.69,57.81,58.49,6585
KOTAKPSUBK,20191128,261,268.7,261,267.45,25928
KOTARISUG,20191128,10,10.15,9.95,10,19997
KOTHARIPET,20191128,16.15,16.5,16.15,16.5,2756
KOTHARIPRO,20191128,58.75,60.4,58.35,58.85,4187
KPITTECH,20191128,93.75,97.3,92.4,94.95,195196
KPRMILL,20191128,678,678,658.3,660.35,15292
KRBL,20191128,206.35,210,204,204.5,113035
KREBSBIO,20191128,95.95,95.95,90,90.15,805
KRIDHANINF,20191128,3.75,4,3.75,3.75,406973
KRISHANA,20191128,53.1,57.8,53.1,54,1239
KSB,20191128,682.3,687.5,673.1,676.05,3301
KSCL,20191128,492,494.95,478,485.5,111050
KSERASERA,20191128,0.1,0.1,0.05,0.1,2519324
KSK,20191128,0.6,0.6,0.5,0.6,2193312
KSL,20191128,227.45,229.7,225,225.95,67753
KTIL,20191128,33.95,33.95,30.6,30.75,3111
KTKBANK,20191128,74.7,77.45,74.1,76.75,1842068
KUANTUM,20191128,440,458,435.25,436.85,1282
KWALITY,20191128,2.75,2.75,2.75,2.75,168267
L&TFH,20191128,108,115.4,107.7,114.5,33588744
LAKSHVILAS,20191128,19.05,19.75,18.45,18.9,3463865
LALPATHLAB,20191128,1615.95,1615.95,1575.05,1588.85,42242
LAMBODHARA,20191128,30.8,32,30.75,31,4649
LAOPALA,20191128,142.05,144.25,142.05,143.7,25331
LASA,20191128,17.95,17.95,17.6,17.85,42396
LAURUSLABS,20191128,353,358.55,346.5,349.4,202916
LAXMIMACH,20191128,3442.05,3455.05,3400,3431.25,1790
LEMONTREE,20191128,61.4,62,60.5,61.25,799559
LGBBROSLTD,20191128,273.9,273.9,262.85,265.55,3679
LGBFORGE,20191128,2.25,2.35,2.2,2.35,23646
LIBAS,20191128,48.1,48.1,44.3,45.1,2391
LIBERTSHOE,20191128,128.95,134,128.15,132.95,230166
LICHSGFIN,20191128,444.95,470.4,442.5,467.7,5619481
LICNETFGSC,20191128,20.88,20.88,20.21,20.76,325
LICNETFN50,20191128,127,127,124.1,125.22,24
LICNETFSEN,20191128,509,514.8,509,510,16
LICNFNHGP,20191128,127,128.45,125.75,125.75,3
LINCOLN,20191128,174.5,175.35,171.1,171.85,12279
LINCPEN,20191128,197.15,199.4,191.1,195,5714
LINDEINDIA,20191128,633.05,659.7,632.1,650.4,72648
LIQUIDBEES,20191128,1000,1000.01,999.99,1000,741651
LIQUIDETF,20191128,999.99,1000.01,999.99,1000,12740
LOKESHMACH,20191128,34.3,35.35,33.25,34.9,7525
LOTUSEYE,20191128,24,24.4,23.4,23.85,7108
LOVABLE,20191128,67.4,67.4,64.95,65.8,7579
LPDC,20191128,1.75,1.8,1.7,1.75,1130
LSIL,20191128,0.6,0.6,0.5,0.55,505956
LT,20191128,1344,1354,1327.2,1349.9,4503913
LTI,20191128,1655,1674.7,1651,1664.15,39715
LTTS,20191128,1465,1477,1456.85,1470.85,22331
LUMAXIND,20191128,1250,1262.05,1245,1254.5,1522
LUMAXTECH,20191128,103.85,103.85,100.1,100.85,5624
LUPIN,20191128,788,806,788,804.35,1589978
LUXIND,20191128,1410,1424,1365.2,1377.45,63666
LYKALABS,20191128,16.85,17.25,16.5,16.9,8438
LYPSAGEMS,20191128,4.45,4.45,4,4.1,10729
M&M,20191128,541.9,543.3,536.25,541.95,2426425
M&MFIN,20191128,347.15,362,347.15,356.1,2233462
M100,20191128,17.99,17.99,17.71,17.86,51996
M50,20191128,118.85,119,118.08,119,420692
MAANALU,20191128,62.9,62.9,60.35,60.9,965
MADHAV,20191128,24.4,25,23.2,24.75,6766
MADHUCON,20191128,3.9,3.9,3.7,3.9,59021
MADRASFERT,20191128,19.45,19.7,19.3,19.6,55450
MAGADSUGAR,20191128,97,97.25,93.95,94.6,7590
MAGMA,20191128,49.8,49.8,49.8,49.8,71371
MAGNUM,20191128,3.8,4.15,3.8,3.8,6288
MAHABANK,20191128,12.25,12.8,12,12.65,1154192
MAHAPEXLTD,20191128,89.8,89.8,84.5,86.75,1000
MAHASTEEL,20191128,149.3,149.4,146.1,147.35,7395
MAHESHWARI,20191128,233.95,233.95,228.55,230.25,47196
MAHINDCIE,20191128,152.95,155.7,148.25,152.05,249201
MAHLIFE,20191128,388.4,391.25,384,384.7,61097
MAHLOG,20191128,397.85,397.85,388.25,389.75,8510
MAHSCOOTER,20191128,4825.9,4838,4752,4777.6,1396
MAHSEAMLES,20191128,377.95,378.95,375,377.45,13106
MAITHANALL,20191128,470,480,470,475.5,4049
MAJESCO,20191128,426.05,436.9,418,420.7,79138
MALUPAPER,20191128,23.75,23.75,22.8,22.9,17838
MAN50ETF,20191128,122.85,123,122.75,122.95,515
MANAKALUCO,20191128,4.3,4.55,4,4.4,33323
MANAKCOAT,20191128,3.85,4,3.75,3.8,2668
MANAKSIA,20191128,34.6,35,34.1,34.85,52249
MANAKSTEEL,20191128,8.9,9.75,8.9,9.25,17601
MANALIPETC,20191128,16.55,16.85,16.4,16.55,89646
MANAPPURAM,20191128,159.7,160.85,156.2,158.25,2305679
MANGALAM,20191128,27.4,28.95,27.4,28.65,5129
MANGCHEFER,20191128,28.35,28.8,28.05,28.35,30351
MANGLMCEM,20191128,288.45,288.45,279,280.75,6464
MANGTIMBER,20191128,6.3,6.3,5.85,6.3,2973
MANINDS,20191128,40.8,41.6,40.8,41.3,28628
MANINFRA,20191128,23.15,23.15,22.5,22.9,76231
MANUGRAPH,20191128,15.25,15.25,14.2,14.35,1879
MARALOVER,20191128,15.05,15.4,14.75,15,4875
MARATHON,20191128,73,83.55,68.25,83.55,36769
MARICO,20191128,358,361.9,355.2,361.15,828082
MARKSANS,20191128,14.65,14.95,14.55,14.65,743473
MARUTI,20191128,7299.8,7321.1,7220.95,7261.25,602077
MASFIN,20191128,714.5,718,710,715.05,6913
MASTEK,20191128,372.5,424.75,372.5,404.15,671527
MATRIMONY,20191128,483.05,483.05,476,480.25,1187
MAWANASUG,20191128,31.6,32.6,31.6,32.45,41372
MAXINDIA,20191128,75.45,77.5,75.45,76.55,52296
MAXVIL,20191128,39.2,41.85,38.9,41.35,82864
MAYURUNIQ,20191128,220.75,223.95,214.6,221.9,19607
MAZDA,20191128,392,403.9,392,399.85,2213
MBAPL,20191128,70,71,69.05,69.05,318
MBECL,20191128,5.4,5.4,4.9,4.9,16738
MBLINFRA,20191128,4.85,5.15,4.75,4.85,4923
MCDHOLDING,20191128,17.7,18.3,17.7,17.95,9477
MCDOWELL-N,20191128,608.8,611.3,601,604.7,1403539
MCLEODRUSS,20191128,6.6,6.7,6.45,6.7,1216490
MCX,20191128,1165.75,1175.25,1158,1166.35,131790
MEGASOFT,20191128,6.1,6.9,6.1,6.65,18535
MEGH,20191128,52.4,52.65,51.8,52.1,278222
MELSTAR,20191128,0.7,0.7,0.7,0.7,50
MENONBE,20191128,55.85,57.3,55.85,56.3,5433
MEP,20191128,40.5,43.9,39.9,43,601430
MERCATOR,20191128,1.05,1.05,1,1,529708
METALFORGE,20191128,6.8,7.15,6.75,6.9,16131
METROPOLIS,20191128,1402.1,1414.05,1373.35,1402.55,21983
MFSL,20191128,496.1,515.9,496.1,511.4,1468416
MGL,20191128,1038,1064,1038,1043.2,1118947
MHRIL,20191128,217,218.05,213.1,217.75,19380
MIC,20191128,0.85,0.85,0.75,0.75,40138
MIDHANI,20191128,162.2,165.15,161.8,162.35,257597
MINDACORP,20191128,93.25,93.25,91,91.65,83696
MINDAIND,20191128,350,353.3,345.05,346.85,103812
MINDTECK,20191128,30,30,28.35,28.7,2054
MINDTREE,20191128,698.4,707.15,697.2,703.35,208039
MIRCELECTR,20191128,7.45,7.75,7.3,7.5,147997
MIRZAINT,20191128,57.4,57.7,56.7,57,172166
MMFL,20191128,362,362,350,352.45,5228
MMTC,20191128,18.15,18.3,17.8,17.95,384528
MODIRUBBER,20191128,39,39,39,39,1
MOHITIND,20191128,5.1,5.7,5.1,5.6,921
MOHOTAIND,20191128,6.95,7.15,6.75,7.1,5450
MOIL,20191128,139,139.55,138.3,139.1,103962
MOLDTECH,20191128,50,52.5,48.45,51.65,18695
MOLDTKPAC,20191128,285.95,299.45,282.55,286,50945
MONTECARLO,20191128,265.3,267.05,262,264.5,9882
MORARJEE,20191128,13.75,14.5,13.3,13.65,4569
MOREPENLAB,20191128,16.15,16.3,15.9,15.95,503535
MOTHERSUMI,20191128,133.9,135.1,132.3,134.35,4660559
MOTILALOFS,20191128,785.3,809.55,770,774.45,324884
MOTOGENFIN,20191128,36.65,38.4,36.6,38,199
MPHASIS,20191128,837.85,867.8,836.65,855.15,247582
MPSLTD,20191128,476.1,480,475.05,476.95,1721
MRF,20191128,63200,64298.9,62812,63982.6,4581
MRO-TEK,20191128,29.6,30,29.6,30,1684
MRPL,20191128,47.6,48.15,47.4,47.8,116917
MSPL,20191128,5.75,5.9,5.5,5.8,1993
MSTCLTD,20191128,148,151,143.3,148.9,265711
MTEDUCARE,20191128,16.8,17.2,16.1,16.65,35993
MTNL,20191128,8,8.6,7.8,8.6,503111
MUKANDENGG,20191128,14.85,15.95,13.25,15.6,64258
MUKANDLTD,20191128,28.7,28.8,25.7,26.7,80409
MUKTAARTS,20191128,40.5,40.6,38.05,38.3,53812
MUNJALAU,20191128,48.8,49.15,48,48.25,177719
MUNJALSHOW,20191128,134.95,135,127,127.95,13007
MURUDCERA,20191128,16.25,16.5,16.25,16.25,15721
MUTHOOTCAP,20191128,471.05,486.8,468.8,475.55,4954
MUTHOOTFIN,20191128,695,701,686.5,689.25,568950
MVL,20191128,0.1,0.1,0.05,0.1,290082
N100,20191128,594.94,594.94,591.5,593.79,8140
NACLIND,20191128,26.55,27.75,25,25.9,190542
NAGAFERT,20191128,3.8,4,3.8,4,66714
NAGAROIL,20191128,0.35,0.4,0.35,0.35,352864
NAGREEKCAP,20191128,7.6,7.6,7.25,7.25,600
NAGREEKEXP,20191128,14.3,14.4,13.65,14,446
NAHARCAP,20191128,74.5,78.8,73.1,75,2277
NAHARINDUS,20191128,22.5,23.8,22.25,22.65,24037
NAHARPOLY,20191128,33.5,35.45,33.15,33.4,2215
NAHARSPING,20191128,43.1,43.5,41.2,43.4,5924
NATCOPHARM,20191128,575,576.9,567.8,575.3,63521
NATHBIOGEN,20191128,318.05,323.05,318,319.6,3472
NATIONALUM,20191128,43.85,45.5,43.4,45.35,15496130
NATNLSTEEL,20191128,1.95,2.15,1.95,2.1,10418
NAUKRI,20191128,2549.9,2564.4,2524,2542.9,162653
NAVINFLUOR,20191128,893,899,875,882.95,51993
NAVKARCORP,20191128,32.15,32.35,29.7,31.3,117813
NAVNETEDUL,20191128,99.35,100.9,99,99.85,19922
NBCC,20191128,35.8,36.65,35.65,36.45,16043882
NBIFIN,20191128,1450,1465,1435,1451,29
NBVENTURES,20191128,66,68.9,66,67.75,97554
NCC,20191128,57.4,59,56.85,58.6,17580353
NCLIND,20191128,78.4,83,78.05,82.4,478135
NDGL,20191128,536,617.9,536,551,40
NDL,20191128,27.9,28.85,27.2,27.75,22306
NDTV,20191128,28.1,29,27.8,28.25,38082
NECCLTD,20191128,5.2,5.35,5.1,5.25,10633
NECLIFE,20191128,12.85,13.15,12.75,12.9,62267
NELCAST,20191128,52.5,52.5,49,49.6,99822
NELCO,20191128,229.9,235.8,228.3,231.1,45924
NEOGEN,20191128,354,366,353.75,362.9,15983
NESCO,20191128,612,617.75,605.3,612.85,23628
NESTLEIND,20191128,14635.5,14700,14574,14659.55,45678
NETF,20191128,122.55,123.36,122.55,123.36,147
NETFCONSUM,20191128,53.79,53.79,53.32,53.51,939
NETFDIVOPP,20191128,29.54,29.54,29.25,29.54,1209
NETFLTGILT,20191128,20.21,20.27,20.21,20.27,600
NETFMID150,20191128,62.5,63.25,62.5,63.24,434147
NETFNIF100,20191128,125.36,126.55,125.36,125.56,13
NETFNV20,20191128,583.26,586,583.03,585.95,1177
NETWORK18,20191128,29.15,32,28.25,29.85,2813829
NEULANDLAB,20191128,477.7,477.7,460,460.95,6754
NEWGEN,20191128,185.35,187.95,182.1,184.95,20770
NEXTMEDIA,20191128,10.15,10.4,10,10.15,14926
NFL,20191128,26.25,26.6,26.1,26.3,136512
NH,20191128,298.4,300.9,291.15,294.5,60111
NHPC,20191128,23.85,24,23.7,23.75,2649890
NIACL,20191128,152.05,155,150.05,150.85,279519
NIBL,20191128,6.6,7.15,6.6,7.15,1337
NIFTYBEES,20191128,1278,1285,1278,1284.06,350321
NIFTYEES,20191128,15600,15600,14850,15000,11
NIITLTD,20191128,106.05,108,105.25,105.65,365018
NIITTECH,20191128,1490,1512.4,1484.55,1504.9,166495
NILAINFRA,20191128,4.65,4.85,4.65,4.75,91042
NILASPACES,20191128,1.25,1.3,1.2,1.25,81528
NILKAMAL,20191128,1293,1318.85,1287,1303.95,4730
NIPPOBATRY,20191128,560.3,565,540.1,548.95,2687
NITCO,20191128,31.45,31.8,29.15,29.3,82846
NITINSPIN,20191128,52,52,50.1,50.8,8931
NKIND,20191128,19,19.05,19,19.05,102
NLCINDIA,20191128,56.2,57,54.55,54.85,387041
NMDC,20191128,102.4,105.9,101.8,105,4613828
NOCIL,20191128,103.35,105,102.8,104.6,986463
NOIDATOLL,20191128,4.15,4.15,3.95,3.95,119760
NPBET,20191128,178,179.7,178,179.7,40
NRAIL,20191128,217.95,217.95,207.7,212.5,9721
NRBBEARING,20191128,99.25,99.85,97.4,98.4,21980
NSIL,20191128,809,809,767.95,790.15,702
NTL,20191128,0.35,0.45,0.35,0.4,20871
NTPC,20191128,116.15,116.25,115.05,115.55,10014250
NUCLEUS,20191128,300.4,305.15,300.4,303.15,3572
NXTDIGITAL,20191128,416.1,428.95,416.05,425.95,1633
OAL,20191128,185,185,182.4,184.05,523
OBEROIRLTY,20191128,496.6,512,496.2,507.8,465894
OCCL,20191128,969.8,975,955.3,961.35,3839
OFSS,20191128,2943,2948.4,2911.05,2934.65,4410
OIL,20191128,156,156.45,153.6,156.05,529199
OILCOUNTUB,20191128,5.9,6.15,5.85,6.1,4673
OISL,20191128,3.75,3.9,3.7,3.75,6128
OLECTRA,20191128,181.3,181.3,177.3,177.85,18571
OMAXAUTO,20191128,53.2,53.2,50,50.5,7023
OMAXE,20191128,182.4,184.5,181.5,181.95,166754
OMKARCHEM,20191128,4,4.05,3.75,3.75,33174
OMMETALS,20191128,22.6,26.2,21.8,22.45,40547
ONEPOINT,20191128,9.7,9.9,8.1,9.65,25873
ONGC,20191128,132.4,133.55,131.1,133.15,6663638
ONMOBILE,20191128,33.6,34.9,33.6,34.3,68455
ONWARDTEC,20191128,72,72,70,70.6,4411
OPTIEMUS,20191128,38.75,38.75,38.75,38.75,1099
OPTOCIRCUI,20191128,3.05,3.05,3.05,3.05,105584
ORBTEXP,20191128,85,85,83,84.4,751
ORICONENT,20191128,18.8,18.8,18.2,18.4,38928
ORIENTABRA,20191128,17.35,17.95,17.25,17.35,15267
ORIENTALTL,20191128,11.25,11.5,11.15,11.45,35276
ORIENTBANK,20191128,56.8,61,56.4,59.8,3727036
ORIENTBELL,20191128,126,129.35,125,126.65,9647
ORIENTCEM,20191128,74.6,76,74.5,75.5,49745
ORIENTELEC,20191128,200.85,214.4,198.05,210.65,984246
ORIENTHOT,20191128,35.3,36,35.05,36,35135
ORIENTLTD,20191128,98.1,98.1,97.9,98,17
ORIENTPPR,20191128,25.05,25.1,24.4,24.5,188993
ORIENTREF,20191128,229,234,221.25,222.8,40959
ORISSAMINE,20191128,1277,1300,1245.05,1259.45,7045
ORTINLABSS,20191128,8.65,9,8.6,8.6,4863
OSWALAGRO,20191128,5.15,5.45,5.1,5.15,7869
PAEL,20191128,2.75,2.85,2.75,2.85,4987
PAGEIND,20191128,21980,22321.9,21761,22189.4,29978
PAISALO,20191128,432,435.9,421.55,429.05,27763
PALASHSECU,20191128,30.6,31.9,28.6,29.25,11321
PALREDTEC,20191128,20.25,20.25,19.1,19.85,545
PANACEABIO,20191128,127.3,127.3,125.1,125.35,8356
PANAMAPET,20191128,61.05,63.7,58.5,60,149809
PAPERPROD,20191128,247.35,250,243,243.95,12707
PARABDRUGS,20191128,2,2,2,2,1655
PARACABLES,20191128,8.15,8.85,8.15,8.55,42078
PARAGMILK,20191128,147,150.75,146,148.45,203193
PARSVNATH,20191128,2.1,2.1,2.05,2.1,221085
PATELENG,20191128,14.15,14.5,13.55,14.25,210741
PATINTLOG,20191128,22,22.4,21.4,21.75,11886
PATSPINLTD,20191128,5.5,5.65,5.35,5.55,1845
PCJEWELLER,20191128,30.25,30.45,29.9,30.1,3243549
PDMJEPAPER,20191128,14.85,15.15,14.3,14.4,29564
PDPL,20191128,2.35,2.35,2.35,2.35,317
PDSMFL,20191128,322.05,322.05,316.95,317,6292
PEARLPOLY,20191128,16.3,16.3,14.9,15.3,5894
PEL,20191128,1773.8,1837.35,1745.65,1805.5,1801987
PENIND,20191128,29.95,30,29.5,29.7,107168
PENINLAND,20191128,4.05,4.15,3.95,3.95,262079
PERSISTENT,20191128,676,683,670.75,679.4,45039
PETRONENGG,20191128,9.7,9.7,9.7,9.7,201
PETRONET,20191128,273.7,276,272.8,274.75,572760
PFC,20191128,115.05,117.45,113.75,116.9,3988808
PFIZER,20191128,3990,4084,3968,4016.85,48192
PFOCUS,20191128,45.9,47,44.3,46.75,53927
PFS,20191128,13.3,13.55,13.1,13.2,260047
PGEL,20191128,37.5,37.7,36.55,36.95,37254
PGHH,20191128,11399.45,11675,11299.5,11576.85,4281
PGHL,20191128,4245.65,4279.5,4229,4242.75,5170
PGIL,20191128,165.15,172.45,164.05,164.25,2496
PHILIPCARB,20191128,127,128,124.55,125.4,686871
PHOENIXLTD,20191128,752,752,733.6,743.1,342618
PIDILITIND,20191128,1313.25,1327.5,1304.65,1310.6,619223
PIIND,20191128,1487,1502.15,1445.85,1482.85,224068
PILANIINVS,20191128,1778.35,1790,1760,1769.7,5798
PILITA,20191128,5.85,6.05,5.8,5.8,44139
PIONDIST,20191128,133.3,139.15,133.3,137.5,9924
PIONEEREMB,20191128,22.3,26.45,22,25.5,162458
PIRPHYTO,20191128,22.4,24,22.4,23.95,13565
PITTIENG,20191128,46.25,46.8,45.05,45.25,19483
PKTEA,20191128,138.35,138.35,130.25,138.35,934
PLASTIBLEN,20191128,173.05,174.85,169,171,4542
PNB,20191128,64.3,67.5,64.05,66.95,45071597
PNBGILTS,20191128,28.75,29.25,27.95,29.1,571974
PNBHOUSING,20191128,547.75,571.95,540.4,553.7,744315
PNC,20191128,15,15,14.25,14.3,2663
PNCINFRA,20191128,191.95,198.15,191.6,193.85,442831
PODDARHOUS,20191128,340,340,335,336.15,592
PODDARMENT,20191128,175.65,177.9,171,176.4,290
POKARNA,20191128,85.75,86,82.1,83,30295
POLYCAB,20191128,935.8,935.8,917.05,922.4,89721
POLYMED,20191128,209.2,209.2,204.85,207.35,9938
POLYPLEX,20191128,464,465,458.75,463,16220
PONNIERODE,20191128,129,137,129,135.25,1096
POWERGRID,20191128,196.2,197.75,194.2,196.15,3782357
POWERMECH,20191128,615.15,630,610,611.7,16660
PPAP,20191128,165.1,173.2,165.1,172.5,5094
PPL,20191128,72.8,72.9,71,72.1,37121
PRABHAT,20191128,85,87.8,85,87.5,13267
PRADIP,20191128,0.5,0.55,0.45,0.55,6781
PRAENG,20191128,6.45,6.8,6.45,6.65,2997
PRAJIND,20191128,107,107.8,105.8,106.1,593499
PRAKASH,20191128,45.7,46.3,44.9,45.2,348631
PRAKASHSTL,20191128,0.25,0.25,0.2,0.2,33050
PRAXIS,20191128,61.05,64.75,61.05,63,1168
PRECAM,20191128,44.25,44.6,42,42.55,107269
PRECOT,20191128,30.05,32,28.3,28.45,7238
PRECWIRE,20191128,151,151.45,149,149.6,1873
PREMEXPLN,20191128,161,162,153.45,154.5,20541
PREMIER,20191128,1.9,1.9,1.9,1.9,32
PRESSMN,20191128,20.5,21.1,20.5,20.5,7809
PRESTIGE,20191128,299.65,305,298,300.85,246290
PRICOLLTD,20191128,41.8,41.8,40,40.5,248413
PRIMESECU,20191128,44.55,48,44.15,46.95,26060
PROSEED,20191128,0.25,0.35,0.25,0.3,64667
PROZONINTU,20191128,18.75,18.8,18.05,18.2,28759
PRSMJOHNSN,20191128,67.8,68.6,66.1,68.25,141438
PSB,20191128,19.75,20.6,19.5,20.45,315167
PSL,20191128,0.65,0.65,0.6,0.6,530
PSPPROJECT,20191128,503.5,516.95,503.5,512.9,15604
PSUBNKBEES,20191128,288,299.97,287.8,299.06,16205
PTC,20191128,56.1,56.3,55.65,55.95,355623
PTL,20191128,36.45,36.5,35.95,36,2295
PUNJABCHEM,20191128,484.5,487.8,480,483.5,940
PURVA,20191128,61.55,62,60.6,61.1,44253
PVR,20191128,1773.05,1792,1758.8,1788.95,163825
QGOLDHALF,20191128,1650.05,1660,1650.05,1659.5,286
QUESS,20191128,524.35,530.1,522,525.55,50240
QUICKHEAL,20191128,135,138.1,132.35,132.8,199790
RADAAN,20191128,1.15,1.2,1.1,1.15,17226
RADICO,20191128,313,319.4,309.25,317.3,215025
RADIOCITY,20191128,29.9,29.95,28.6,29,143510
RAIN,20191128,103.9,104.95,101.5,102.2,769293
RAJESHEXPO,20191128,663.5,672,661.5,662.75,93951
RAJSREESUG,20191128,17.25,17.95,17,17.55,3299
RAJTV,20191128,44.9,44.9,40.9,42.25,3973
RALLIS,20191128,184.55,188,184,185,137418
RAMANEWS,20191128,14.3,14.65,14.25,14.3,10689
RAMASTEEL,20191128,40.05,40.85,39.05,39.95,6588
RAMCOCEM,20191128,803.1,809,791.1,804.65,289530
RAMCOIND,20191128,192.95,193,189,190.25,43490
RAMCOSYS,20191128,147.1,147.2,143.1,144.1,15247
RAMKY,20191128,39.55,39.85,37.5,38.15,77451
RANASUG,20191128,3.35,3.4,3.2,3.2,221213
RANEENGINE,20191128,219.5,221.7,214.2,214.7,441
RANEHOLDIN,20191128,784.95,784.95,741.15,764.65,3719
RATNAMANI,20191128,985,988.95,975.25,979.3,29615
RAYMOND,20191128,702.75,725,695.15,715.75,566859
RBL,20191128,501.2,520,494,507.4,41306
RBLBANK,20191128,372,391.2,364,381,33059498
RCF,20191128,48.5,49.3,48.1,49,689649
RCOM,20191128,0.95,0.95,0.95,0.95,5775678
RECLTD,20191128,135.9,139,134.75,138.5,2700359
REDINGTON,20191128,112.1,114.7,112.1,112.9,156214
REFEX,20191128,66,66,63.4,63.4,104975
RELAXO,20191128,580,596.35,576.1,587.55,89454
RELCAPITAL,20191128,15.5,15.75,14.8,15.75,6208637
RELIANCE,20191128,1572.65,1584.15,1563.95,1580.3,6284885
RELIGARE,20191128,48.6,50.15,47.25,47.3,207322
RELINFRA,20191128,28,28.35,26.05,27.75,17243813
REMSONSIND,20191128,80.05,80.1,79.65,79.85,16
RENUKA,20191128,8.35,8.45,8.05,8.15,834091
REPCOHOME,20191128,291.5,305,291.1,297.1,424853
REPRO,20191128,627.55,627.65,612.2,615.8,1861
RESPONIND,20191128,89.75,89.85,87.25,88.6,118279
REVATHI,20191128,372.45,385.6,367.1,383.25,750
RGL,20191128,235,235,221,224.9,1869
RHFL,20191128,4.45,4.45,4.05,4.15,3598650
RICOAUTO,20191128,48.3,48.6,46.55,46.85,410111
RIIL,20191128,308.55,319,305.15,312.5,309962
RITES,20191128,282.2,283.6,275.55,279.95,656156
RKDL,20191128,5.9,6.1,5.7,5.85,7979
RKFORGE,20191128,339.8,345.95,331,342.95,26751
RMCL,20191128,3.4,3.4,3.2,3.2,169989
RML,20191128,250,257.5,249.1,249.5,2853
RNAM,20191128,372,372.75,365,367.7,1373786
RNAVAL,20191128,7.95,7.95,7.95,7.95,243588
ROHITFERRO,20191128,0.9,0.9,0.9,0.9,1741
ROHLTD,20191128,72.6,72.6,68.55,69.1,99928
ROLLT,20191128,1.85,1.85,1.85,1.85,410
ROLTA,20191128,5,5,4.75,4.9,138464
ROSSELLIND,20191128,83.75,88.65,75.25,79.1,182733
RPGLIFE,20191128,273,279.95,270,270.9,32727
RPOWER,20191128,3.75,3.8,3.6,3.8,20270647
RPPINFRA,20191128,73.6,80.45,73.6,80.35,26713
RSSOFTWARE,20191128,19.3,20.3,19.3,19.45,4603
RSWM,20191128,103.55,105.2,103,104.5,4264
RSYSTEMS,20191128,48.05,50.2,47.7,49.65,5916
RTNINFRA,20191128,1.75,1.75,1.75,1.75,143428
RTNPOWER,20191128,1.75,1.85,1.75,1.85,1222409
RUBYMILLS,20191128,217.9,218,206.25,216,843
RUCHINFRA,20191128,2.3,2.3,2.15,2.2,24874
RUCHIRA,20191128,78.65,80.5,77.8,78.4,29640
RUPA,20191128,187.2,194.8,187.2,191.25,29922
RUSHIL,20191128,148.05,153,143.45,143.45,7035
RVNL,20191128,24.35,24.7,24,24.15,3430891
SABTN,20191128,1.7,1.7,1.6,1.6,23710
SADBHAV,20191128,120.55,126.8,120.3,125.2,82839
SADBHIN,20191128,40.5,40.5,38.5,39.15,6037
SAFARI,20191128,561.1,575,561,566,21483
SAGARDEEP,20191128,81.7,81.7,75.55,80.55,5432
SAGCEM,20191128,539.95,539.95,527.5,529.05,2444
SAIL,20191128,39,40.4,38.9,39.9,28968362
SAKAR,20191128,52.6,53,51.95,52,6393
SAKHTISUG,20191128,8.9,9.05,8.8,8.8,28028
SAKSOFT,20191128,204.9,215,200.5,211.75,9739
SAKUMA,20191128,6.8,6.8,6.6,6.65,119387
SALASAR,20191128,113.45,125,113.15,117.8,34343
SALONA,20191128,64.15,67.8,64,65.75,175
SALSTEEL,20191128,2.8,3,2.8,2.8,8074
SALZERELEC,20191128,109.05,109.8,103.4,105.6,15473
SAMBHAAV,20191128,2.8,3.1,2.8,2.9,27556
SANCO,20191128,14.35,14.45,13.65,14.2,70693
SANDESH,20191128,586.85,586.9,552,565.6,1049
SANDHAR,20191128,242.25,252,242.25,250,2495
SANGAMIND,20191128,48.35,51.6,48.35,49.75,4957
SANGHIIND,20191128,40.35,40.7,39.25,39.4,40953
SANGHVIFOR,20191128,28,29.85,27.1,29.85,1901
SANGHVIMOV,20191128,86,86,81.5,82.9,56786
SANGINITA,20191128,152,152.75,142.35,151.1,88651
SANOFI,20191128,6890,7025,6821.55,7002.2,11444
SANWARIA,20191128,1.75,1.75,1.75,1.75,479175
SARDAEN,20191128,186.9,191.8,183.35,187.05,33337
SAREGAMA,20191128,407.5,416,407,409.6,5223
SARLAPOLY,20191128,20.55,21,20.5,20.6,50019
SASKEN,20191128,649.8,649.8,632.1,639.55,5214
SASTASUNDR,20191128,80.9,80.9,74,74.35,4342
SATHAISPAT,20191128,2,2.1,2,2,45313
SATIA,20191128,91,97.95,87,89.1,138484
SATIN,20191128,232,243,232,236.05,616894
SBIETFQLTY,20191128,101,101,99.25,99.94,1231
SBILIFE,20191128,953.85,972.7,948.2,971.15,1885171
SBIN,20191128,346.85,351,344.5,349.3,42538227
SCAPDVR,20191128,0.45,0.5,0.4,0.5,75350
SCHAEFFLER,20191128,4300.7,4493.95,4231.95,4324.1,23288
SCHAND,20191128,95,99.9,95,98.5,23053
SCHNEIDER,20191128,69.65,69.65,67.6,68.9,50067
SCI,20191128,60,60.8,59.3,59.55,1843330
SDBL,20191128,103.15,108,103.15,105.2,5778
SEAMECLTD,20191128,504.15,533,500,518.6,19599
SELAN,20191128,140.05,140.45,137,138.15,15510
SELMCL,20191128,0.9,0.9,0.9,0.9,47162
SEPOWER,20191128,3.1,3.1,2.85,3.05,830
SEQUENT,20191128,67.1,70,67.1,68.6,82675
SESHAPAPER,20191128,167.55,168.85,166.5,167,28204
SETCO,20191128,14.65,14.65,14.3,14.4,103011
SETF10GILT,20191128,178.1,192,178.07,189,68
SETFGOLD,20191128,3408.5,3418.95,3385.5,3406.55,1666
SETFNIF50,20191128,124.69,125,124.24,124.91,34598
SETFNIFBK,20191128,324,346,321.97,323.77,44442
SETFNN50,20191128,292,300,291.7,297.47,137264
SETUINFRA,20191128,1.3,1.35,1.25,1.25,51442
SEYAIND,20191128,90.55,90.55,90.55,90.55,2580
SFL,20191128,1305.55,1305.7,1285.25,1299.95,24288
SGL,20191128,5.75,5.9,5.65,5.85,4105
SHAHALLOYS,20191128,8.9,8.9,8.5,8.65,4643
SHAKTIPUMP,20191128,223.3,223.3,215.5,216.2,21370
SHALBY,20191128,114.45,116.45,112,113.25,75005
SHALPAINTS,20191128,90.95,97.5,90.9,93.7,68148
SHANKARA,20191128,314.7,318,310.05,312,34969
SHANTIGEAR,20191128,98.2,99,97.45,97.6,17013
SHARDACROP,20191128,222.25,222.25,212.15,214.25,10263
SHARDAMOTR,20191128,1131.95,1133,1081.25,1102.5,1634
SHARIABEES,20191128,252.25,252.25,252.25,252.25,75
SHEMAROO,20191128,143.65,148.65,141.05,142.55,15273
SHILPAMED,20191128,300,304.95,291.65,300.85,6489
SHIRPUR-G,20191128,6.3,6.8,6.3,6.65,13918
SHIVAMAUTO,20191128,25.25,25.4,24.95,25,44450
SHIVAMILLS,20191128,33.15,34.9,31.25,31.4,1454
SHIVATEX,20191128,100.5,100.8,95.2,96.95,2360
SHK,20191128,112,113.5,111.5,111.8,108615
SHOPERSTOP,20191128,362,362,345.1,348,10076
SHREDIGCEM,20191128,23.45,23.45,22.7,22.9,224395
SHREECEM,20191128,21237.8,21438,21104,21185.4,15537
SHREEPUSHK,20191128,97,97.5,94.9,95.45,14745
SHREERAMA,20191128,4.05,4.25,3.95,4.05,4651
SHRENIK,20191128,51.45,52,49.8,51.2,95526
SHREYANIND,20191128,112.05,116.05,110.9,112.25,17395
SHREYAS,20191128,80.6,82.8,77.55,79.15,6374
SHRIPISTON,20191128,711,745,701,728.9,75
SHRIRAMCIT,20191128,1323,1327.65,1314,1320,20892
SHRIRAMEPC,20191128,6.3,6.35,6.25,6.35,79674
SHYAMCENT,20191128,2.8,3,2.8,2.9,11153
SHYAMTEL,20191128,8.6,8.6,8.6,8.6,536
SICAGEN,20191128,19.4,20.25,19.15,19.35,7542
SICAL,20191128,20.7,21.4,20,21.1,75280
SIEMENS,20191128,1481,1493.9,1465.7,1486.85,476410
SIGIND,20191128,22,22.25,21.05,21.65,27905
SIL,20191128,10.25,10.9,10.1,10.9,448
SILINV,20191128,152.7,152.7,141.1,141.5,9209
SIMBHALS,20191128,6.4,6.5,6.2,6.5,4791
SIMPLEXINF,20191128,43.5,44.2,41.8,42.1,118680
SINTEX,20191128,1.3,1.3,1.3,1.3,1934594
SIRCA,20191128,251.75,251.75,240.55,244.85,4979
SIS,20191128,935,940,915.2,928.85,15301
SITINET,20191128,2.2,2.3,2.1,2.25,149639
SIYSIL,20191128,228.9,232.75,224.5,227.8,16147
SJVN,20191128,24.95,24.95,24.55,24.6,773523
SKFINDIA,20191128,2130.05,2149.45,2120.6,2131.2,47990
SKIL,20191128,4.7,4.85,4.5,4.85,22804
SKIPPER,20191128,52.9,54,51,53.45,15034
SKMEGGPROD,20191128,39.1,39.7,38.95,39.05,11475
SMARTLINK,20191128,77.05,80.75,73.05,75.25,3393
SMLISUZU,20191128,530,538,519,521.7,20724
SMSLIFE,20191128,282.9,283.95,272.5,275.75,2563
SMSPHARMA,20191128,40.1,42.45,39,39.4,118622
SNOWMAN,20191128,39.05,39.65,38.85,39.1,144920
SOBHA,20191128,405.3,412,400,404.7,552210
SOLARA,20191128,453,453,444.6,445.05,7687
SOLARINDS,20191128,1048.9,1055,1034.45,1045.65,3449
SOMANYCERA,20191128,192,196.05,188.5,195.3,52206
SOMATEX,20191128,2.65,2.85,2.65,2.85,7860
SOMICONVEY,20191128,12.45,12.8,12.2,12.75,342
SONATSOFTW,20191128,306.4,308.9,303.15,306.8,27247
SORILINFRA,20191128,112.1,116.3,108.45,116.3,164031
SOTL,20191128,892,900,892,898.2,227
SOUTHBANK,20191128,10.9,11.15,10.9,11.1,4728701
SOUTHWEST,20191128,17.1,17.25,17,17.05,60996
SPAL,20191128,200,204,197,199.8,11600
SPANDANA,20191128,1220,1270,1202,1253,55806
SPARC,20191128,171.8,171.8,163.1,166.05,762791
SPCENET,20191128,1,1.05,0.95,1.05,1608
SPECIALITY,20191128,73.55,74.7,68.3,69.35,1206623
SPENCERS,20191128,62.3,65,62.3,64.4,80794
SPENTEX,20191128,0.25,0.3,0.2,0.3,79875
SPIC,20191128,19.15,19.55,19.1,19.25,30950
SPICEJET,20191128,104.1,106.45,103.95,105.1,1222208
SPLIL,20191128,34.8,35.65,34.55,35.05,13315
SPMLINFRA,20191128,10.6,10.9,10.05,10.65,6430
SPTL,20191128,1.55,1.55,1.5,1.55,2084844
SPYL,20191128,0.3,0.35,0.3,0.3,217851
SREEL,20191128,160.25,171.9,160.25,168.9,8995
SREINFRA,20191128,8.25,8.7,8.25,8.65,2241376
SRF,20191128,3183.6,3239.95,3132.5,3224.95,375030
SRHHYPOLTD,20191128,99.05,103.8,98.6,99.15,2175
SRIPIPES,20191128,165,167.8,163.55,165.7,22370
SRTRANSFIN,20191128,1137.9,1159,1128.8,1144.65,1348965
SSWL,20191128,768,769.6,765.1,768.2,4160
STAMPEDE,20191128,0.45,0.45,0.4,0.45,3996490
STAR,20191128,391.3,394.7,386.1,388.4,235653
STARCEMENT,20191128,97,99.5,92.6,93.25,197022
STARPAPER,20191128,100.5,101.8,99.1,99.35,29108
STCINDIA,20191128,51.3,53.5,51.1,51.9,6736
STEELCITY,20191128,31.2,31.2,29.65,30.05,1768
STEELXIND,20191128,17.95,18.45,17.1,18.3,61154
STEL,20191128,67.9,67.9,66.1,66.55,3408
STERTOOLS,20191128,177.9,182,172,180.1,2835
STINDIA,20191128,5.05,5.05,5.05,5.05,200
STRTECH,20191128,122.7,125.7,122.15,123.2,871893
SUBCAPCITY,20191128,8,8,8,8,125
SUBEX,20191128,5.65,5.65,5.45,5.5,590297
SUBROS,20191128,244.4,247.9,239.75,243.55,31163
SUDARSCHEM,20191128,402.9,412.2,395.65,398.7,569279
SUJANAUNI,20191128,0.2,0.2,0.15,0.15,191515
SUMEETINDS,20191128,1.95,2,1.9,1.9,61523
SUMIT,20191128,20.1,23.9,19.9,22.6,143300
SUMMITSEC,20191128,431,431,395,396.75,6208
SUNCLAYLTD,20191128,2099.85,2148,2038,2123.45,1236
SUNDARAM,20191128,1.3,1.35,1.3,1.3,194187
SUNDARMFIN,20191128,1669,1678.75,1625.65,1639.45,47034
SUNDARMHLD,20191128,67.5,68.1,66.6,67.75,9015
SUNDRMBRAK,20191128,238,244.7,234.15,239.35,2342
SUNDRMFAST,20191128,475.3,478,459.95,466.05,39337
SUNFLAG,20191128,30.7,32.45,30.65,32.2,149788
SUNPHARMA,20191128,456.2,462.4,455.15,457.35,4005893
SUNTECK,20191128,368.9,381,368.9,378.1,131450
SUNTV,20191128,483,488.9,478.25,486.9,1100053
SUPERHOUSE,20191128,88.15,91.9,85.2,90.35,7098
SUPERSPIN,20191128,4.4,4.65,4.25,4.25,32375
SUPPETRO,20191128,164.85,168,160,160.8,23866
SUPRAJIT,20191128,177.8,178,175.2,177.25,23097
SUPREMEIND,20191128,1146,1146,1125,1129,9637
SUPREMEINF,20191128,9.25,9.25,9.25,9.25,1596
SURANASOL,20191128,5.65,6.05,5.65,5.95,10877
SURANAT&P,20191128,3.4,3.6,3.35,3.55,7872
SURYALAXMI,20191128,17.65,18.5,17.6,17.7,1258
SURYAROSNI,20191128,173.75,174,167.8,168.55,52407
SUTLEJTEX,20191128,31.85,32.95,31.25,31.75,55979
SUVEN,20191128,315,315.5,311.15,312.5,358263
SUZLON,20191128,2.25,2.3,2.2,2.3,11406956
SWANENERGY,20191128,101.45,103.45,101.3,101.9,95111
SWARAJENG,20191128,1051.35,1074,1049,1049.8,4830
SWELECTES,20191128,124.7,124.7,120.6,121.3,2781
SWSOLAR,20191128,331.5,336,320,324.95,142372
SYMPHONY,20191128,1150,1163.85,1120,1135.4,25146
SYNCOM,20191128,0.9,0.9,0.85,0.9,6334
SYNDIBANK,20191128,28.4,30.95,28.2,29.7,2687203
SYNGENE,20191128,315.05,320,312.2,314.6,191361
TAINWALCHM,20191128,50.5,50.5,49.3,49.5,1465
TAJGVK,20191128,166,167.9,161.2,162.35,79144
TAKE,20191128,100,101.45,99.15,100.75,71012
TALBROAUTO,20191128,114.95,115.7,112.2,112.85,11333
TALWALKARS,20191128,4.5,4.7,4.3,4.45,130524
TALWGYM,20191128,3.5,3.65,3.5,3.65,68344
TANLA,20191128,65,68.5,63.5,68.5,1107090
TANTIACONS,20191128,1.2,1.2,1.2,1.2,540
TARAPUR,20191128,3.5,3.7,3.5,3.5,2412
TARMAT,20191128,25.9,25.9,24.7,25.05,3653
TASTYBITE,20191128,8710,8790,8599,8678.95,187
TATACHEM,20191128,658,672.6,656.05,671.2,422148
TATACOFFEE,20191128,85.5,89.5,85.4,87.1,1100988
TATACOMM,20191128,423,464.8,413.8,447.95,4038702
TATAELXSI,20191128,800.85,805.9,788.7,799.35,446686
TATAGLOBAL,20191128,308.1,321.75,307.5,318.7,8388284
TATAINVEST,20191128,837.5,837.5,830.05,831.9,5837
TATAMETALI,20191128,577.2,619,577.2,610,99059
TATAMOTORS,20191128,165.75,166.3,163.55,164.8,16609775
TATAMTRDVR,20191128,73.6,74,72.05,73.3,4213575
TATAPOWER,20191128,56.6,56.8,55.7,56.45,12572613
TATASTEEL,20191128,422.2,434.3,422.15,432.1,15766073
TATASTLBSL,20191128,26.55,27.35,26.55,27.15,1036832
TATASTLLP,20191128,385,398.4,382.3,394.4,63686
TBZ,20191128,39.3,39.4,38.5,38.7,33251
TCI,20191128,272.65,278,271.8,274.1,10622
TCIDEVELOP,20191128,355,384.9,343.1,361.7,115
TCIEXP,20191128,759.5,760.25,740.2,750.75,18436
TCIFINANCE,20191128,8,8.1,7.7,7.9,6614
TCNSBRANDS,20191128,700,728,691,693.45,2456
TCPLPACK,20191128,280,288.95,280,280.45,753
TCS,20191128,2067.05,2094.4,2060,2077.35,2924429
TDPOWERSYS,20191128,150,150,138,139.3,9659
TEAMLEASE,20191128,2525,2539,2453.05,2506.6,14540
TECHIN,20191128,3.25,3.25,3.15,3.15,133
TECHM,20191128,765.15,772.1,762,766.25,1096867
TECHNOE,20191128,257.55,264.55,257.55,262.55,6433
TECHNOFAB,20191128,18.05,19.2,17.7,18.45,1657
TEJASNET,20191128,100,102.9,96.1,99.8,197079
TERASOFT,20191128,26.4,26.4,25.7,25.95,4865
TEXINFRA,20191128,44.2,46.8,44.2,45.55,11025
TEXMOPIPES,20191128,14.8,14.95,14.6,14.65,34731
TEXRAIL,20191128,40.9,41.35,40.5,40.85,118928
TFCILTD,20191128,77.7,79,75,76.95,42870
TFL,20191128,3.6,4.1,3.6,3.8,1155
TGBHOTELS,20191128,3.7,3.8,3.5,3.75,16832
THANGAMAYL,20191128,356.35,359.95,349.95,350.3,4696
THEINVEST,20191128,122.5,125,107.95,119.85,5987
THEMISMED,20191128,240.1,241,240,240.2,284
THERMAX,20191128,1008,1014.4,996.1,1001.6,13150
THOMASCOOK,20191128,147.9,154.8,142.55,150.85,565750
THOMASCOTT,20191128,4.9,4.9,4.7,4.7,630
THYROCARE,20191128,573.95,573.95,560,563.45,16085
TI,20191128,17.55,20.15,17.55,18.8,1515423
TIDEWATER,20191128,4761.1,4761.3,4660,4711.9,574
TIIL,20191128,330.2,330.2,314.8,319.65,3244
TIINDIA,20191128,455.65,460.65,450.2,454.85,42687
TIJARIA,20191128,7.7,8,7.7,7.75,10466
TIL,20191128,182.65,195,182.45,190.2,6363
TIMESGTY,20191128,29.05,31.4,29,29.1,256
TIMETECHNO,20191128,51.6,52.55,51.4,51.8,257037
TIMKEN,20191128,855,855,835.05,851.75,24403
TINPLATE,20191128,142.5,145.4,141.75,144.35,335177
TIPSINDLTD,20191128,93.95,98.5,86.3,92.85,129924
TIRUMALCHM,20191128,63,63,61.65,62.15,211414
TITAN,20191128,1172,1172,1160.35,1169.5,1031591
TMRVL,20191128,14.5,14.5,13.25,13.25,17904
TNPETRO,20191128,36.25,36.3,34.8,36.1,76372
TNPL,20191128,180.95,181.05,179.35,180.1,48873
TNTELE,20191128,1.25,1.25,1.25,1.25,840
TOKYOPLAST,20191128,70.05,74.5,70.05,73.55,2524
TORNTPHARM,20191128,1870,1895,1850.8,1883.85,288801
TORNTPOWER,20191128,281.9,281.9,278,279.85,1112486
TPLPLASTEH,20191128,123.05,127.3,120.5,122.05,2004
TREEHOUSE,20191128,6,6,5.7,5.75,21727
TREJHARA,20191128,14.2,15.2,14.2,14.55,1168
TRENT,20191128,505,517.85,503.15,515.2,70188
TRF,20191128,103,104.9,102.45,103.95,18295
TRIDENT,20191128,67,67,65.7,66.25,444459
TRIGYN,20191128,53,54.8,51.3,52.35,121521
TRIL,20191128,7.2,7.2,6.9,7,38823
TRITURBINE,20191128,96.7,96.9,93.2,94.5,22887
TRIVENI,20191128,60.5,61.9,60.3,61,189833
TTKHLTCARE,20191128,530.3,544,521,523.05,892
TTKPRESTIG,20191128,5859.8,5891,5755.55,5784.7,13774
TTL,20191128,43.5,43.75,42.1,42.35,4319
TTML,20191128,2.8,2.85,2.75,2.75,470140
TV18BRDCST,20191128,23.4,24.85,23.05,23.9,4957828
TVSELECT,20191128,105,105.95,102.25,103.8,15981
TVSMOTOR,20191128,473.4,490,470.25,487.8,3469572
TVSSRICHAK,20191128,1768.6,1800,1741.1,1778.5,1757
TVTODAY,20191128,286.65,287.15,283.05,284.35,20093
TVVISION,20191128,1.35,1.35,1.3,1.3,1749
TWL,20191128,47.5,47.8,46.15,46.6,444167
UBL,20191128,1249,1284.95,1248.7,1277.8,621679
UCALFUEL,20191128,132.35,132.35,128.65,130.3,11347
UCOBANK,20191128,17.3,18.95,16.95,17.95,7649922
UFLEX,20191128,202.25,204.7,200.5,201.75,28441
UFO,20191128,124.5,127.35,123.55,124.55,14912
UGARSUGAR,20191128,13.15,13.3,13,13.2,57465
UJAAS,20191128,3.2,3.25,3.15,3.2,110013
UJJIVAN,20191128,325.5,330.2,320.55,327.7,3829715
ULTRACEMCO,20191128,4249.95,4300,4208.2,4294.7,782062
UMANGDAIRY,20191128,38.3,39.85,37.05,37.6,14087
UMESLTD,20191128,0.9,0.9,0.9,0.9,104
UNICHEMLAB,20191128,165.2,169.4,162.1,163.15,23584
UNIENTER,20191128,63.5,68.05,63.5,67.05,5560
UNIONBANK,20191128,59.05,65.2,58.8,64.8,32833625
UNIPLY,20191128,23.55,23.55,22.4,22.4,367362
UNITECH,20191128,1.3,1.3,1.3,1.3,3878625
UNITEDBNK,20191128,9,9.35,8.95,9.15,779210
UNITEDTEA,20191128,350,375.75,321,356.75,66132
UNIVCABLES,20191128,169.9,173,169,172.1,15818
UPL,20191128,554.8,582.8,554.05,579.9,7529348
URJA,20191128,1.65,1.65,1.65,1.65,716495
USHAMART,20191128,30.3,30.85,29.5,29.75,564118
UTINEXT50,20191128,290,294.25,288.5,293.81,2729
UTINIFTETF,20191128,1278.75,1290,1278.75,1289.3,34717
UTISENSETF,20191128,432.6,435,432.59,433.96,1695
UTISXN50,20191128,308,320,295.1,302.84,418
UTTAMSTL,20191128,9.45,9.45,9.05,9.45,174967
UTTAMSUGAR,20191128,93.4,95.5,92.1,94.8,51732
UVSL,20191128,0.1,0.1,0.05,0.1,3448501
V2RETAIL,20191128,108.3,113.35,108.3,111.85,28089
VADILALIND,20191128,717.85,722.9,712.45,721,4742
VAIBHAVGBL,20191128,820.2,846.75,820,820.7,2606
VAKRANGEE,20191128,39.9,40.75,39.55,40.35,4036496
VARDHACRLC,20191128,32.7,33.95,32.7,32.95,79450
VARDMNPOLY,20191128,2.75,2.75,2.75,2.75,326
VARROC,20191128,454.55,459.65,447,448.7,10215
VASCONEQ,20191128,11.95,12.35,11.95,12.25,91345
VASWANI,20191128,5,5,4.4,4.6,10546
VBL,20191128,729,729,715.1,721.1,97598
VEDL,20191128,146.7,148.2,145.1,147.4,8002957
VENKEYS,20191128,1769,1825,1764.8,1788.2,169430
VENUSREM,20191128,22,23.65,22,22.75,4841
VESUVIUS,20191128,1055.7,1072.35,1055.25,1064.35,3354
VETO,20191128,44.7,46.05,43.25,43.65,33058
VGUARD,20191128,237.95,239.45,235,235.75,209730
VHL,20191128,1425,1440,1381.05,1435,91
VICEROY,20191128,1.6,1.7,1.6,1.7,12863
VIDHIING,20191128,60.55,61.8,60.45,60.55,5968
VIJIFIN,20191128,0.45,0.45,0.4,0.45,51322
VIKASECO,20191128,2.9,3,2.85,2.9,731942
VIKASMCORP,20191128,3.3,3.6,3.3,3.45,85211
VIKASPROP,20191128,4.85,4.85,4.85,4.85,3632
VIKASWSP,20191128,9.55,9.7,9.2,9.25,273581
VIMTALABS,20191128,99.25,100.5,95.05,97.7,21791
VINATIORGA,20191128,1944,2031,1943,1975.55,37117
VINDHYATEL,20191128,811.05,835.05,800,832.5,6648
VINYLINDIA,20191128,62.9,63.8,62.2,62.35,11695
VIPCLOTHNG,20191128,8.2,8.55,8.2,8.5,134742
VIPIND,20191128,437.35,442,435,436.95,525071
VIPULLTD,20191128,21.1,22.35,20.9,21,14281
VISAKAIND,20191128,221.9,224,217.5,218.5,43007
VISASTEEL,20191128,4.75,5.1,4.7,5,21037
VISESHINFO,20191128,0.1,0.1,0.05,0.1,3973371
VISHAL,20191128,300,301,300,301,40
VISHNU,20191128,114.3,117.5,113.5,115.2,3708
VISHWARAJ,20191128,72,72.8,68,70.4,41626
VIVIDHA,20191128,0.25,0.25,0.2,0.2,29304
VIVIMEDLAB,20191128,13.5,14.35,12.75,13.25,173834
VLSFINANCE,20191128,52.45,53.15,51,51.8,26251
VMART,20191128,1725,1729,1690.95,1702.35,14040
VOLTAMP,20191128,1052.05,1079.95,1040,1055.25,2816
VOLTAS,20191128,704.9,714.2,697.7,710.4,841453
VRLLOG,20191128,268,273,265.1,266.25,42801
VSSL,20191128,65.85,67.5,64.05,65,4070
VSTIND,20191128,4445.7,4445.7,4330.15,4346.75,1495
VSTTILLERS,20191128,1112.1,1128.9,1080.2,1107.95,3230
VTL,20191128,876.75,885,868.6,878.8,6466
WABAG,20191128,167.6,170.05,167.4,169.55,83886
WABCOINDIA,20191128,6274.75,6275.5,6222.8,6229.1,917
WALCHANNAG,20191128,63.95,65.4,63.85,64.45,214152
WANBURY,20191128,18.55,20.4,18.55,20.4,3967
WATERBASE,20191128,119,119,115,115.35,75520
WEBELSOLAR,20191128,23.05,23.9,23,23.9,98393
WEIZFOREX,20191128,265.1,265.6,257.1,264.9,985
WEIZMANIND,20191128,21.3,22.1,21.3,21.95,2400
WELCORP,20191128,134.25,135.95,133.75,134.85,281929
WELENT,20191128,73.15,80.45,70.1,78.3,767164
WELINV,20191128,160.9,160.9,147,159.75,101
WELSPUNIND,20191128,53.2,54.15,52.75,52.9,351371
WENDT,20191128,2951.05,3008.95,2951.05,3000,361
WESTLIFE,20191128,369.7,375,368.2,371.2,27926
WHEELS,20191128,602.15,609.45,596,597.4,1874
WHIRLPOOL,20191128,2206,2214.9,2152.5,2192.15,51005
WILLAMAGOR,20191128,14,14.45,13.6,13.8,2750
WINDMACHIN,20191128,20,20,19.25,19.3,517
WIPL,20191128,56.95,57,56.95,57,497
WIPRO,20191128,239.95,240.5,238.25,239.8,1599370
WOCKPHARMA,20191128,254.6,257.5,253.8,254.7,597113
WONDERLA,20191128,260.85,264.8,253,254.65,27749
WSTCSTPAPR,20191128,214.55,214.95,210.95,211.75,38979
XCHANGING,20191128,51.6,52.4,51.6,52.05,10322
XELPMOC,20191128,56.2,64.9,56.2,63.1,5976
XLENERGY,20191128,0.45,0.45,0.4,0.4,24272
XPROINDIA,20191128,22.9,24.5,21.1,21.95,1509
YESBANK,20191128,69,70.65,68.35,70.05,223021365
ZEEL,20191128,315,327.35,302.2,311,55851231
ZEELEARN,20191128,21.05,21.5,19.35,19.8,626002
ZEEMEDIA,20191128,8.5,8.5,8.5,8.5,218203
ZENITHBIR,20191128,0.6,0.6,0.55,0.6,20296
ZENITHEXPO,20191128,58.7,59.5,58.65,59.5,6116
ZENSARTECH,20191128,188.2,189.75,187.45,188.35,21095
ZENTEC,20191128,63.5,63.5,60,60.55,41585
ZICOM,20191128,2.1,2.1,2.1,2.1,5237
ZODIACLOTH,20191128,198,198,185.05,186.85,525
ZODJRDMKJ,20191128,29.5,32.5,29.5,31.8,1103
ZOTA,20191128,189.5,192,184.8,185.2,28416
ZUARI,20191128,97.8,97.8,95,95.25,35600
ZUARIGLOB,20191128,51.8,51.8,49.5,49.95,31552
ZYDUSWELL,20191128,1446.9,1471,1446.45,1456.15,5810
NSENIFTY,20191128,12132.10,12158.80,12099.95,12151.15,620479403,0
NIFTYJUNIOR,20191128,28500.85,28835.35,28454.95,28765.60,945905087,0
NIFTYMIDCAPLIQ15,20191128,4010.20,4080.15,4004.45,4073.30,80472425,0
NSE100,20191128,12246.75,12286.60,12216.35,12278.45,1570598065,0
NIFTY200,20191128,6244.35,6267.50,6229.80,6264.00,1958938332,0
NSE500,20191128,9838.45,9874.90,9816.75,9869.75,2287411104,0
NSEMIDCAP150,20191128,6266.25,6311.20,6258.10,6307.55,417034656,0
MIDCAP50,20191128,4693.55,4755.20,4690.40,4751.80,335787917,0
NSEMIDCAP,20191128,17076.75,17222.55,17055.35,17211.75,388340267,0
NIFTYSMALLCAP250,20191128,-,-,-,4797.05,-,0
NIFTYSMALLCAP50,20191128,-,-,-,2767.95,-,0
NSESMLCAP100,20191128,5732.55,5763.60,5725.80,5760.85,-,0
NIFTYLARGEMIDCAP250,20191128,-,-,-,6040.58,1987632721,0
NIFTYMIDSMALLCAP400,20191128,-,-,-,5765.80,-,0
NIFTYAUTO,20191128,8213.95,8223.15,8150.20,8179.75,49899239,0
BANKNIFTY,20191128,31981.70,32157.05,31905.90,32122.95,498304741,0
NIFTYFINSERVICE,20191128,14303.25,14330.10,14239.55,14287.00,289838015,0
NIFTYFMGC,20191128,31277.60,31290.30,31101.10,31263.40,25965956,0
NSEIT,20191128,15069.15,15136.20,15042.65,15121.75,14650309,0
NIFTYMEDIA,20191128,1875.50,1899.15,1857.05,1881.20,152412987,0
NIFTYMETAL,20191128,2604.00,2662.80,2597.90,2656.85,117266089,0
NIFTYPHARMA,20191128,8247.10,8288.55,8216.75,8273.65,25051316,0
NIFTYPVTBANK,20191128,17600.20,17720.05,17567.00,17698.80,365942451,0
NIFTYPSUBANK,20191128,2646.60,2725.85,2637.45,2716.95,214155874,0
NIFTYREALTY,20191128,277.45,280.00,276.35,279.30,16108354,0
NIFTYCOMMODITIES,20191128,3424.65,3465.15,3416.60,3461.55,192310894,0
NIFTYCONSUMPTION,20191128,5036.45,5041.85,5012.85,5031.75,123383531,0
NIFTYCPSE,20191128,1933.55,1956.45,1924.85,1952.80,63521320,0
NIFTYENERGY,20191128,16302.45,16402.00,16215.15,16367.05,69306490,0
NIFTY100ESG,20191128,-,-,-,2257.51,1413789797,0
NIFTY100ENHESG,20191128,-,-,-,2280.33,1370674067,0
NIFTYINFRA,20191128,3320.00,3346.80,3306.95,3340.80,179926255,0
NIFTYMNC,20191128,13894.60,13908.05,13823.80,13894.85,595696435,0
NIFTYPSE,20191128,3253.35,3283.80,3239.25,3277.25,139120772,0
NIFTYSMEEMERGE,20191128,-,-,-,1338.58,898000,0
NIFTYSERVSECTOR,20191128,17141.35,17175.40,17084.80,17157.40,676143180,0
NIFTYSHARIAH25,20191128,-,-,-,4392.89,54114797,0
NIFTY50SHARIAH,20191128,-,-,-,2475.28,54603219,0
NIFTY500SHARIAH,20191128,-,-,-,2968.31,211798237,0
NIFTYABGROUP,20191128,-,-,-,3091.63,575055199,0
NIFTYMAHINDRA,20191128,-,-,-,9992.28,6099772,0
NIFTYTATA,20191128,-,-,-,6736.77,65750155,0
NIFTYTATA25CAP,20191128,-,-,-,4781.26,59162125,0
NIFTYABGROUP,20191128,-,-,-,3091.63,575055199,0
NIFTYLIQ15,20191128,3849.15,3879.50,3837.70,3875.90,518316028,0
NIFTY500VALUE50,20191128,-,-,-,3696.49,406329870,0
NIFTYALPHALOWVOL30,20191128,-,-,-,12068.41,113064879,0
NIFTYQUALLOWVOL30,20191128,-,-,-,8520.13,60413874,0
NIFTYALPHAQUALLOWVOL30,20191128,-,-,-,9639.38,64431689,0
NIFTYALPHAQUALVALLOWVOL30,20191128,-,-,-,7304.94,77425806,0
NIFTY50EQUALWEIGHT,20191128,12460.15,12541.50,12426.55,12530.60,620479403,0
NIFTY100EQUALWEIGHT,20191128,13436.85,13574.85,13413.90,13555.05,1570598065,0
NIFTY100LOWVOL30,20191128,8965.45,8969.95,8928.30,8949.70,79973221,0
NSEDEFTY,20191128,-,-,-,5879.17,-,0
NIFTY50DIVPOINT,20191128,117.35,117.35,117.35,117.35,-,0
NIFTYDIVOPPS50,20191128,2545.30,2562.80,2539.85,2561.00,384908521,0
NIFTYALPHA50,20191128,12719.10,12775.70,12682.20,12768.60,122015937,0
NIFTY50ARBITRAGE,20191128,-,-,-,1874.19,-,0
NIFTY50FUTINDEX,20191128,-,-,-,4108.28,-,0
NIFTY50FUTTRINDEX,20191128,-,-,-,12253.61,-,0
NIFTYHIGHBETA50,20191128,-,-,-,1424.52,1449331602,0
NIFTYLOWVOL50,20191128,-,-,-,10590.03,92179276,0
NIFTY200QUALITY30,20191128,-,-,-,9872.00,-,0
NIFTY50VALUE20,20191128,5476.30,5500.65,5460.20,5495.65,330562581,0
NIFTYGROWSECT15,20191128,6447.80,6457.35,6401.60,6424.20,124606129,0
NIFTY50TR2XLEV,20191128,6864.50,6893.45,6828.70,6885.95,-,0
NIFTY50PR2XLEV,20191128,5281.15,5303.45,5253.65,5297.70,-,0
NIFTY50TR1XINV,20191128,337.10,338.00,336.40,336.55,-,0
NIFTY50PR1XINV,20191128,384.25,385.30,383.45,383.65,-,0
NIFTY-GS-COMPSITE,20191128,2059.40,2061.30,2059.38,2061.06,-,0
NIFTY-GS-4-8YR,20191128,2147.79,2149.56,2147.79,2149.13,-,0
NIFTY-GS-8-13YR,20191128,2025.62,2027.73,2025.60,2027.51,-,0
NIFTY-GS-10YR,20191128,1867.84,1870.43,1867.84,1869.79,-,0
NIFTY-GS-10YR-CLN,20191128,949.31,950.64,949.31,950.32,-,0
NIFTY-GS-11-15YR,20191128,2142.43,2143.98,2142.43,2144.26,-,0
NIFTY-GS-15YRPLUS,20191128,2305.24,2310.58,2305.24,2310.37,-,0
VIX,20191128,14.62,14.62,12.89,13.99,0,0
