20MICRONS,20190118,41.2,42.15,41.2,41.7,7469
21STCENMGM,20190118,23,23.45,22.55,22.55,199
3IINFOTECH,20190118,3.8,4.1,3.6,3.9,9652435
3MINDIA,20190118,20979.95,21040,20790.05,20984.5,952
3PLAND,20190118,12.4,12.4,10.8,10.95,3679
5PAISA,20190118,288,290,270,273.1,61102
63MOONS,20190118,93.45,93.95,90,90.15,154785
8KMILES,20190118,145.6,152.75,145.6,151.8,608056
A2ZINFRA,20190118,12.85,12.85,12.65,12.7,75787
AARTIDRUGS,20190118,604.7,609.05,600,600.3,4537
AARTIIND,20190118,1534.8,1558,1495.5,1549.55,35355
AARVEEDEN,20190118,25.9,25.95,25.15,25.65,1812
AAVAS,20190118,860,860,836.8,842.6,3431
ABAN,20190118,74.3,74.3,72.65,72.95,316806
ABB,20190118,1290,1294.3,1274,1276.1,32134
ABBOTINDIA,20190118,8177.9,8177.9,8060.75,8098.35,965
ABCAPITAL,20190118,95.5,95.75,93.5,93.7,977308
ABFRL,20190118,203.4,207.7,200.45,203.25,1525355
ACC,20190118,1468,1468,1435,1439.75,335850
ACCELYA,20190118,938.05,945,905.3,932,83571
ACE,20190118,97.95,97.95,95,95.75,105883
ADANIENT,20190118,149.7,149.8,144.55,146.75,2306520
ADANIGAS,20190118,99.1,99.5,97,98.6,378266
ADANIGREEN,20190118,39.65,40.15,38.35,38.75,180157
ADANIPORTS,20190118,396.5,399.95,392.25,399.3,3617922
ADANIPOWER,20190118,51.55,52.1,50.05,50.75,11090779
ADANITRANS,20190118,221.15,221.45,215.05,216,64014
ADFFOODS,20190118,271.55,272.4,263.5,265.35,26365
ADHUNIK,20190118,2.45,2.45,2.35,2.35,38177
ADHUNIKIND,20190118,47.6,47.6,44.45,45.55,4534
ADLABS,20190118,10.9,11,10.45,10.5,237296
ADORWELD,20190118,382.45,382.45,372.45,373.8,10545
ADROITINFO,20190118,19.5,19.5,17.65,18.45,2304
ADSL,20190118,14.15,14.6,13.85,14.45,16088
ADVANIHOTR,20190118,73.1,74.9,72.25,72.5,13561
ADVENZYMES,20190118,170.65,172.5,165.2,170.4,40685
AEGISCHEM,20190118,206.6,207.35,196.1,197.35,57731
AGARIND,20190118,175.5,175.65,171.9,174.3,1428
AGCNET,20190118,119,119.2,107.95,112.2,9879
AGLSL,20190118,70,71,67.55,69,22172
AGRITECH,20190118,59.35,60.1,58.5,59.2,5291
AHLEAST,20190118,249,257,248.1,253.6,2385
AHLUCONT,20190118,315,315,306.1,308.05,5583
AHLWEST,20190118,309.75,309.75,304.95,304.95,62
AIAENG,20190118,1646,1690,1646,1682.35,16178
AIFL,20190118,24.35,24.35,23.3,23.35,59145
AIONJSW,20190118,38.6,38.7,37,38.05,28314
AJANTPHARM,20190118,1149.4,1151.65,1129.1,1140.8,171263
AJMERA,20190118,188.05,190.75,180.5,182.6,250910
AKSHARCHEM,20190118,431.4,431.4,424.05,425.7,676
AKSHOPTFBR,20190118,23.75,23.85,23.35,23.4,531330
AKZOINDIA,20190118,1747,1747,1725,1725.3,2315
ALANKIT,20190118,27.1,27.25,26.8,26.95,314456
ALBERTDAVD,20190118,414.95,414.95,402.15,404.35,2060
ALBK,20190118,44.6,44.6,43.55,43.8,2404477
ALCHEM,20190118,2.7,2.7,2.5,2.7,26646
ALEMBICLTD,20190118,44.95,45.9,44.2,44.35,219027
ALICON,20190118,570.3,575,567,567.85,1538
ALKALI,20190118,54.75,54.75,53.15,53.85,2633
ALKEM,20190118,1890.9,1969,1877,1897.25,46132
ALKYLAMINE,20190118,800.85,801,790.1,794.65,2458
ALLCARGO,20190118,111.5,111.8,110,111.2,60864
ALLSEC,20190118,187,188.8,182.35,183.9,5082
ALMONDZ,20190118,25.85,25.85,23.9,25.8,379
ALOKTEXT,20190118,3.6,3.7,3.6,3.65,1321395
ALPA,20190118,26,30.35,24.5,30.35,616006
ALPHAGEO,20190118,479.95,480.3,468.1,474.55,1442
AMARAJABAT,20190118,785.2,787.75,775,782.05,395333
AMBER,20190118,899.6,899.6,885,889.65,1186
AMBIKCO,20190118,1153.05,1155.6,1138,1142.3,1473
AMBUJACEM,20190118,215.7,216,212.2,212.65,787152
AMDIND,20190118,26.3,26.95,26.05,26.85,13054
AMJLAND,20190118,22,25.5,22,22.45,93274
AMRUTANJAN,20190118,311.5,317.4,306.25,310.5,66406
ANANTRAJ,20190118,34.9,35.15,34.25,34.5,217078
ANDHRABANK,20190118,28.8,28.85,28.5,28.6,347821
ANDHRACEMT,20190118,5.85,5.85,5.7,5.8,45977
ANDHRSUGAR,20190118,328.1,330.75,321.05,325.95,14388
ANGIND,20190118,1.2,1.25,1.15,1.15,369
ANIKINDS,20190118,22.8,23.9,22.2,22.25,12289
ANKITMETAL,20190118,0.5,0.5,0.45,0.45,40593
ANSALAPI,20190118,14.3,14.3,13.5,13.6,197689
ANSALHSG,20190118,14.5,14.6,13.6,13.85,128973
ANTGRAPHIC,20190118,0.45,0.5,0.45,0.5,12877
APARINDS,20190118,626.5,627,620.55,621.25,2143
APCL,20190118,131.65,132,126.15,129.4,1517
APCOTEXIND,20190118,522,534,518,518.8,3100
APEX,20190118,361.4,362.85,352,353.95,16450
APLAPOLLO,20190118,1141.9,1198,1139,1189.2,23246
APLLTD,20190118,594.8,614,583.75,588.5,461074
APOLLO,20190118,124.45,127.8,121.65,123.4,26332
APOLLOHOSP,20190118,1350,1372.9,1335.05,1366.3,702678
APOLLOTYRE,20190118,219.5,221,217.5,217.9,1519378
APOLSINHOT,20190118,1025,1074,1012.5,1012.5,1092
APTECHT,20190118,203.65,203.65,191.6,193.2,249248
ARCHIDPLY,20190118,42.95,43,41.7,41.8,9027
ARCHIES,20190118,28.7,28.7,28.1,28.35,33471
ARCOTECH,20190118,7.3,7.4,7.05,7.15,30445
ARIES,20190118,99.85,100.5,97.45,98.15,33453
ARIHANT,20190118,37,37.6,35.1,36.65,2648
ARIHANTSUP,20190118,54.5,55.9,54.5,54.8,21259
ARMANFIN,20190118,408.85,408.85,397.1,397.2,916
AROGRANITE,20190118,55.05,55.15,53.15,53.2,6011
ARROWGREEN,20190118,107.5,107.5,99,100.15,5985
ARROWTEX,20190118,20.75,21,20.5,20.7,14320
ARSHIYA,20190118,32,32,30.8,31,54265
ARSSINFRA,20190118,36.75,37.2,34.75,36.05,19293
ARVIND,20190118,94.6,95.2,92.8,93.1,914293
ARVSMART,20190118,125.05,128.25,123.25,124.3,37083
ASAHIINDIA,20190118,257.25,257.45,255,255,7863
ASAHISONG,20190118,213.3,215,212,213.95,1315
ASAL,20190118,81.3,83,80,82.2,11794
ASHAPURMIN,20190118,28.5,29.2,28.05,28.3,41760
ASHIANA,20190118,118.7,119.75,115.75,116.3,14916
ASHIMASYN,20190118,16.5,17.2,16.1,16.8,76980
ASHOKA,20190118,135,135.5,131.65,133.75,42260
ASHOKLEY,20190118,93.35,93.55,92,92.3,10880766
ASIANHOTNR,20190118,151.95,151.95,148,149.65,2988
ASIANPAINT,20190118,1391,1404.75,1383,1400.45,1092189
ASIANTILES,20190118,156.45,160.8,151.3,153.45,120300
ASPINWALL,20190118,166,169.5,164,165.95,552
ASSAMCO,20190118,1.85,1.95,1.85,1.95,125344
ASTEC,20190118,517.75,520,510.5,512.1,4518
ASTERDM,20190118,164,165.8,161.2,163.35,37105
ASTRAL,20190118,1120,1120,1095,1099.1,25946
ASTRAMICRO,20190118,82.9,83.9,81.3,81.85,102107
ASTRAZEN,20190118,1603.15,1626.15,1599.95,1600.3,3213
ASTRON,20190118,114,124.5,112,120.85,425173
ATFL,20190118,616.3,619,601.1,604.4,3767
ATLANTA,20190118,22.1,22.2,21.5,21.55,33752
ATLASCYCLE,20190118,77,78,77,77.4,1649
ATUL,20190118,3566,3584,3510.1,3552.85,55762
ATULAUTO,20190118,331.45,344.05,325.8,334.35,93452
AUBANK,20190118,625,641.8,606.1,622.2,645567
AURIONPRO,20190118,132.7,133,128.85,130.4,8787
AUROPHARMA,20190118,780.1,781,763,770.05,2473473
AUSOMENT,20190118,42.95,42.95,40,41.05,9857
AUTOAXLES,20190118,1220,1232,1208,1211.45,4838
AUTOIND,20190118,67.15,67.4,65.05,65.8,13500
AUTOLITIND,20190118,40.75,40.9,40.1,40.15,511
AVADHSUGAR,20190118,393,393,381.6,384.6,13973
AVANTIFEED,20190118,382.9,382.9,372.1,373.6,97464
AVTNPL,20190118,26.3,26.55,26.2,26.25,13972
AXISBANK,20190118,674.9,676.05,661.45,664.6,7037386
AXISCADES,20190118,81.3,82.4,81.05,81.45,13418
AXISGOLD,20190118,2862,2865,2841,2841,40
AXISNIFTY,20190118,1103.65,1103.65,1103.65,1103.65,30
AYMSYNTEX,20190118,40.65,40.65,38.35,38.5,21659
BAFNAPHARM,20190118,11.4,11.55,11.05,11.3,8489
BAGFILMS,20190118,5,5.25,5,5,88414
BAJAJ-AUTO,20190118,2741,2746.5,2696.65,2720.75,269686
BAJAJCON,20190118,369.05,372,368.5,370.05,90514
BAJAJELEC,20190118,473.25,473.25,464.4,468.6,89186
BAJAJFINSV,20190118,6366.1,6379.95,6230,6249.9,191626
BAJAJHIND,20190118,9.15,9.2,8.9,8.95,1725174
BAJAJHLDNG,20190118,2976.95,2988,2952.1,2960.4,5107
BAJFINANCE,20190118,2545,2555,2525.1,2542.9,753775
BALAJITELE,20190118,99.7,99.7,97.6,97.9,49103
BALAMINES,20190118,486.15,486.15,472.5,476.1,9699
BALKRISHNA,20190118,49.05,49.5,48.1,48.3,4894
BALKRISIND,20190118,874.45,875.3,865.15,868.4,252535
BALLARPUR,20190118,4.65,4.65,4.4,4.5,588832
BALMLAWRIE,20190118,200.3,200.3,194.1,194.8,45047
BALPHARMA,20190118,79.95,80,78.5,78.75,5845
BALRAMCHIN,20190118,111.15,111.25,107.2,108.75,1910598
BANARBEADS,20190118,48.4,48.4,47,47.2,544
BANARISUG,20190118,1460,1462,1440.1,1445.8,291
BANCOINDIA,20190118,180.8,182.5,179.4,180.6,27390
BANDHANBNK,20190118,452,452.6,439,440.15,518541
BANG,20190118,58.5,60.2,57.4,58.25,127452
BANKBARODA,20190118,119.2,119.9,117.55,118,6772442
BANKBEES,20190118,2811.78,2811.78,2796.35,2798.44,1727
BANKINDIA,20190118,104.4,104.8,102.25,102.65,5684518
BANSWRAS,20190118,83.9,83.9,80.1,80.6,198
BARTRONICS,20190118,7.35,7.35,7.25,7.25,13659
BASF,20190118,1525,1544,1507,1512.9,4207
BASML,20190118,204.05,207.55,200,203.25,875
BATAINDIA,20190118,1156.8,1162.75,1148,1155.85,273012
BAYERCROP,20190118,4331,4351.95,4305.05,4325.9,4954
BBL,20190118,1122.2,1122.2,1110.2,1111.9,2403
BBTC,20190118,1255,1272,1245,1252.2,54583
BCG,20190118,2.95,3.15,2.7,3.05,1378448
BDL,20190118,291.6,292.65,282.3,284.35,23292
BEARDSELL,20190118,22.9,22.9,21.1,21.25,1914
BEDMUTHA,20190118,21.5,22.3,21.5,21.75,445
BEL,20190118,87.9,88.25,86.05,86.35,3889202
BEML,20190118,895.5,908.5,883.05,892.1,1609645
BEPL,20190118,84.6,84.95,82.05,82.4,310380
BERGEPAINT,20190118,327,327.05,322.75,326.15,329669
BFINVEST,20190118,248.4,248.4,238.85,240,71467
BFUTILITIE,20190118,225.7,227.2,211.15,213.75,594665
BGLOBAL,20190118,2.75,2.8,2.75,2.75,211
BGRENERGY,20190118,60.05,60.2,58.55,58.7,36082
BHAGERIA,20190118,292,293.3,287.1,292.55,18425
BHAGYANGR,20190118,36.6,37.25,35.25,35.4,8171
BHAGYAPROP,20190118,30.5,31.75,29.85,30.95,4828
BHANDARI,20190118,2.05,2.1,2.05,2.05,65800
BHARATFIN,20190118,963.2,968.2,955.6,957.9,191279
BHARATFORG,20190118,492.2,492.6,473,479.8,1490363
BHARATGEAR,20190118,177,178.4,174.55,177.35,54013
BHARATRAS,20190118,4950,5047.95,4700,4758.7,2173
BHARATWIRE,20190118,65.05,65.95,64.9,65.05,14910
BHARTIARTL,20190118,330.5,332.45,304.3,311.15,14744448
BHEL,20190118,70.4,71.15,69.7,70.95,17158253
BIGBLOC,20190118,34.6,35.85,34.45,34.9,4601
BILENERGY,20190118,0.55,0.55,0.45,0.5,351398
BINANIIND,20190118,67.2,67.45,66.5,66.9,10505
BINDALAGRO,20190118,17.05,17.05,16.7,16.7,12352
BIOCON,20190118,660,672.5,650,652.05,3525582
BIOFILCHEM,20190118,6.5,6.6,6.5,6.6,483
BIRLACABLE,20190118,186.25,186.95,181.55,183.15,42683
BIRLACORPN,20190118,559.6,561,552.9,555,12511
BIRLAMONEY,20190118,54.4,55,52.95,53.05,30414
BKMINDST,20190118,6.4,6.9,6.4,6.75,8051
BLBLIMITED,20190118,6.3,6.4,5.5,5.85,48909
BLISSGVS,20190118,164.1,166.4,162.15,162.65,405190
BLKASHYAP,20190118,22.25,22.25,21.6,21.8,61563
BLS,20190118,121.2,121.75,119,119.75,62553
BLUEBLENDS,20190118,4.15,4.2,4.05,4.15,827
BLUEDART,20190118,3335.7,3335.7,3313,3327.15,1522
BLUESTARCO,20190118,615,615.4,605.05,610.25,46633
BODALCHEM,20190118,113.2,113.6,111.75,112.1,41895
BOMDYEING,20190118,124.1,125,119.45,120.5,530270
BOROSIL,20190118,223,223,219.05,219.65,21952
BOSCHLTD,20190118,19234,19290,19019.6,19210.45,7530
BPCL,20190118,353.9,357.7,351.3,354.2,2504157
BPL,20190118,39.75,39.75,38.6,38.85,56983
BRFL,20190118,9,9.05,8.9,8.95,31937
BRIGADE,20190118,213.8,213.8,209.3,210.65,126639
BRITANNIA,20190118,3214.85,3217.35,3134.25,3171.35,161433
BRNL,20190118,97.75,97.75,92,93.05,7054
BROOKS,20190118,56.15,56.5,54.55,55.05,30365
BSE,20190118,598.5,598.5,592,592.7,24560
BSELINFRA,20190118,2.1,2.15,2.05,2.05,22595
BSL,20190118,49,49,47.25,48,15518
BSLGOLDETF,20190118,2985,3009.9,2965,3000.45,52
BSLNIFTY,20190118,116.1,116.1,112.85,112.85,36
BURNPUR,20190118,3.95,3.95,3.8,3.8,75034
BUTTERFLY,20190118,255,257.95,242.65,245.8,11841
BVCL,20190118,17.55,17.9,16.9,17.85,706
BYKE,20190118,55.65,56.25,55,55.15,38963
CADILAHC,20190118,353.3,354.45,343.05,347.05,1220994
CALSOFT,20190118,19.4,19.7,18.9,19.2,25980
CAMLINFINE,20190118,57.15,57.6,56.15,56.95,163246
CANBK,20190118,277.45,277.8,271.85,272.6,2620498
CANDC,20190118,28.05,28.05,27.15,27.5,7983
CANFINHOME,20190118,277,278.15,267.45,268.95,853929
CANTABIL,20190118,131.05,136.95,130.05,131.95,36928
CAPACITE,20190118,243.25,244.55,237.15,238.5,30360
CAPLIPOINT,20190118,426.9,435,386.6,398.95,113321
CAPTRUST,20190118,225.25,229.55,215.05,227,905
CARBORUNIV,20190118,362.8,362.95,359.5,359.9,261021
CAREERP,20190118,75.95,76,74.9,75.5,7054
CARERATING,20190118,1003.85,1020,997,1017.35,29892
CASTEXTECH,20190118,1.15,1.15,1.1,1.1,620717
CASTROLIND,20190118,167.45,167.45,164.45,165.65,737706
CCCL,20190118,2.15,2.2,2.05,2.15,153265
CCHHL,20190118,7.4,7.4,7.15,7.3,38058
CCL,20190118,264.25,275,263,272.45,40723
CDSL,20190118,233.85,234.65,230.6,233.05,186665
CEATLTD,20190118,1247,1247,1224,1232.1,311955
CEBBCO,20190118,24.5,25.5,24,24.5,33022
CELEBRITY,20190118,9.35,9.45,9.3,9.3,7369
CELESTIAL,20190118,7.8,8,7.75,7.95,15915
CENTENKA,20190118,261.55,263,260,260.75,7691
CENTEXT,20190118,7.2,7.25,7.05,7.15,71026
CENTRALBK,20190118,35.9,35.9,34.8,34.95,215034
CENTRUM,20190118,35.85,35.85,34.1,34.4,84025
CENTUM,20190118,394.8,395,376.15,388.7,6051
CENTURYPLY,20190118,183.15,184.75,178.05,179.15,65676
CENTURYTEX,20190118,895,897.5,877.5,882.15,214695
CERA,20190118,2658.35,2690,2609,2683.85,5067
CEREBRAINT,20190118,28.6,30.15,28.55,29.35,1124559
CESC,20190118,686.15,694.75,682.1,689,375606
CGCL,20190118,132.3,132.3,131.1,131.5,373474
CGPOWER,20190118,44,44,42.8,43.05,2458045
CHAMBLFERT,20190118,168.7,169.35,162.9,163.5,114240
CHEMFAB,20190118,146,147.5,143.6,144.75,5250
CHENNPETRO,20190118,267.6,267.6,261,263.1,259019
CHOLAFIN,20190118,1203.9,1205.75,1172.75,1176.15,111078
CHROMATIC,20190118,1.2,1.2,1.2,1.2,4560
CIGNITITEC,20190118,375,375,365.5,367.05,4040
CIMMCO,20190118,39.15,39.2,37.5,37.7,10014
CINELINE,20190118,47.4,47.9,47.25,47.35,4529
CINEVISTA,20190118,6,6.4,5.95,6.35,15959
CIPLA,20190118,510.2,513,507.3,509.4,1502360
CLEDUCATE,20190118,118.85,124,116.3,120.85,6036
CLNINDIA,20190118,403.1,409.95,401.05,402.85,5419
CMICABLES,20190118,153.35,153.35,145.35,146.9,14713
CNOVAPETRO,20190118,20.8,21.95,20.8,21.45,277
COALINDIA,20190118,232.15,232.55,229.6,230,2944908
COCHINSHIP,20190118,367.05,367.95,361.5,362.85,36189
COFFEEDAY,20190118,293,296,286.5,294.35,218655
COLPAL,20190118,1330,1331.75,1306.15,1310.8,204682
COMPINFO,20190118,21.95,21.95,21.25,21.45,10431
COMPUSOFT,20190118,11.05,11.05,10.8,10.85,9356
CONCOR,20190118,696,697.8,680.1,683.85,505951
CONSOFINVT,20190118,48.05,51,48,48.6,40
CONTROLPR,20190118,297.7,297.7,283,285.9,4924
CORALFINAC,20190118,15.15,15.5,15.15,15.2,5404
CORDSCABLE,20190118,66.8,67.7,66.5,67.05,10667
COROMANDEL,20190118,456.2,456.2,449.35,451.9,24073
CORPBANK,20190118,28.55,28.6,27.9,28,114858
COSMOFILMS,20190118,208.7,208.7,205.55,206,5800
COUNCODOS,20190118,2.45,2.55,2.35,2.4,40039
COX&KINGS,20190118,170.1,170.5,164.4,164.95,50169
CPSEETF,20190118,24.1,24.15,23.95,24,2140895
CREDITACC,20190118,395,406.8,391.2,402.15,39662
CREST,20190118,141.85,142.4,139.2,141.55,4060
CRISIL,20190118,1659.95,1669.9,1651.65,1663.9,6527
CRMFGETF,20190118,3010,3020,3010,3010,3
CROMPTON,20190118,229.2,231.1,227.55,229.2,1135036
CTE,20190118,46.45,46.45,43.8,45,2360
CUB,20190118,190.75,192.05,188.6,190.7,291852
CUBEXTUB,20190118,14.95,15.35,14.4,14.4,571
CUMMINSIND,20190118,845,849.7,837.3,844.35,350513
CUPID,20190118,152.9,154.15,151.05,151.7,8905
CYBERMEDIA,20190118,6.9,7.25,6.9,6.9,561
CYBERTECH,20190118,41.55,41.55,41.3,41.35,2996
CYIENT,20190118,599,619,575.25,612.1,1231524
DAAWAT,20190118,40.8,40.85,39.7,39.85,1201575
DABUR,20190118,422.95,427,418.55,424.1,2301927
DALMIASUG,20190118,104,104.35,99.95,101.05,141962
DAMODARIND,20190118,46,46,45,45.15,1208
DATAMATICS,20190118,109.25,109.35,107.1,107.6,35763
DBCORP,20190118,177.2,179.4,175.75,176.35,13663
DBL,20190118,387.9,389.9,375.5,377.35,216824
DBREALTY,20190118,27.15,27.9,26.5,26.7,137141
DBSTOCKBRO,20190118,8.4,8.4,8.4,8.4,71
DCAL,20190118,231.9,231.9,227,227.75,35264
DCBBANK,20190118,186.3,187.2,184.6,185.55,1234401
DCM,20190118,74,77.6,73.75,74.75,3038
DCMSHRIRAM,20190118,348.95,352.8,340,346.1,38184
DCW,20190118,17.8,18,17.35,17.6,121766
DECCANCE,20190118,399.95,404.65,397.95,400,1710
DEEPAKFERT,20190118,138.9,138.9,125.3,130.55,601942
DEEPAKNTR,20190118,226.8,232.5,225,231.05,227900
DEEPIND,20190118,124.85,124.85,121.35,123.15,13070
DELTACORP,20190118,249.3,250.75,245,246.65,505019
DELTAMAGNT,20190118,74.55,79.2,74.5,74.55,353
DEN,20190118,70.15,70.25,69.85,69.9,195836
DENABANK,20190118,13.55,13.65,13.45,13.5,1084567
DENORA,20190118,289.8,294,276.1,279.6,13388
DFMFOODS,20190118,199.25,202.8,199,199.1,1428
DHAMPURSUG,20190118,181.95,182,176.15,177.25,456368
DHANBANK,20190118,18.4,19.15,17.5,17.6,2735635
DHANUKA,20190118,418.85,418.9,413.9,415.1,5344
DHARSUGAR,20190118,12.1,12.1,11.75,11.8,2475
DHFL,20190118,221.2,222.85,214.65,216.05,4305225
DHUNINV,20190118,274,282,265,269.2,1353
DIAMONDYD,20190118,1102,1102,1036,1044.55,1312
DICIND,20190118,370.7,370.7,362.5,365.95,572
DIGJAMLTD,20190118,4.9,4.9,4.55,4.6,20098
DISHTV,20190118,35,35.1,33.4,33.65,6693586
DIVISLAB,20190118,1512.75,1520,1483.45,1509.15,454592
DIXON,20190118,2150.1,2188,2150.1,2175.9,2639
DLF,20190118,184.5,184.6,179.3,180.35,4243642
DLINKINDIA,20190118,80.25,81.45,78.55,78.85,15841
DMART,20190118,1371,1388.8,1361,1383.05,580661
DNAMEDIA,20190118,5.75,6,5.55,5.85,4088
DOLLAR,20190118,298.4,300,292,298.55,3207
DOLPHINOFF,20190118,52.7,52.8,50.1,50.8,112200
DONEAR,20190118,42,43.8,41.8,42.15,38846
DPSCLTD,20190118,13.9,13.95,13.5,13.5,4417
DQE,20190118,7.8,7.95,7.25,7.5,23879
DREDGECORP,20190118,438.45,439.4,420.65,422.65,209586
DRREDDY,20190118,2605,2629.35,2594.5,2596.8,536273
DSSL,20190118,34.1,34.7,34.05,34.05,1037
DTIL,20190118,249.85,249.9,243.5,243.6,610
DUCON,20190118,12.2,12.25,11.5,11.6,79452
DVL,20190118,101.6,103.95,100.6,102.85,5514
DWARKESH,20190118,25.3,25.3,24.3,24.35,215679
DYNAMATECH,20190118,1471.95,1490.05,1455.95,1470,352
DYNPRO,20190118,118.7,123,116.5,122.75,4226
EASTSILK,20190118,2.55,2.65,2.45,2.45,2131
EASUNREYRL,20190118,9.3,9.3,9.3,9.3,13249
EBANK,20190118,3079,3079,2900,2900.01,4
ECEIND,20190118,233,233,225,226.2,81
ECLERX,20190118,1097.9,1098.2,1075.35,1080.05,769
EDELWEISS,20190118,168.9,169.7,165.1,165.8,862632
EDL,20190118,9.1,9.1,8.65,8.95,16369
EICHERMOT,20190118,20400,20425,19950,20122.75,108140
EIDPARRY,20190118,221.35,224.4,212.15,213.35,118665
EIHAHOTELS,20190118,388.95,398.9,384.95,393.8,3145
EIHOTEL,20190118,180.1,181.5,178.5,180.25,33712
EIMCOELECO,20190118,377.05,380,375,378.25,122
EKC,20190118,32.65,33.2,31.7,31.85,112758
ELAND,20190118,5.85,6.05,5.8,6.05,2759
ELECON,20190118,71.65,71.9,69.5,69.7,40058
ELECTCAST,20190118,21.15,21.5,21.1,21.4,71038
ELECTHERM,20190118,151.5,152.65,147.1,147.75,9973
ELGIEQUIP,20190118,266.3,270,256.7,260.2,16292
ELGIRUBCO,20190118,26.5,26.5,26,26.35,3757
EMAMILTD,20190118,437,437.3,430,433.5,238313
EMAMIREAL,20190118,150.95,150.95,142.1,143.3,14967
EMCO,20190118,6.7,6.75,6.55,6.6,17806
EMKAY,20190118,103.25,104,99,100.35,10187
EMMBI,20190118,129.2,129.2,122.3,123.35,3146
ENDURANCE,20190118,1179.35,1179.35,1163.05,1169.25,19938
ENERGYDEV,20190118,10.75,10.8,10.2,10.5,17125
ENGINERSIN,20190118,119.25,119.25,115.7,116.95,1500283
ENIL,20190118,585.05,586,575.55,578.95,1583
EON,20190118,44.05,44.85,42.65,43.4,16932
EQ30,20190118,290,290,276.05,283,412
EQUITAS,20190118,120,120.25,117.75,118.95,1006503
ERIS,20190118,695.05,709.2,686.5,701.55,13390
EROSMEDIA,20190118,82.4,82.5,80.2,81,134488
ESABINDIA,20190118,898.05,909.9,898,906.2,1128
ESCORTS,20190118,734.8,741,726,728.95,838252
ESSARSHPNG,20190118,13.3,13.35,12.9,13.1,4294
ESSDEE,20190118,18.25,18.6,17.35,17.35,36726
ESSELPACK,20190118,110.3,114.95,110.3,113.8,431825
ESTER,20190118,35,35,34.2,34.35,19790
EUROCERA,20190118,1.7,1.75,1.65,1.65,1272
EUROMULTI,20190118,1,1,0.95,0.95,2505
EUROTEXIND,20190118,19.45,19.55,19.45,19.55,38
EVEREADY,20190118,227.95,228,222,224.8,301902
EVERESTIND,20190118,502.2,502.4,494.5,495.85,5282
EXCEL,20190118,2.85,2.85,2.75,2.8,28121
EXCELCROP,20190118,3402.05,3414.95,3325,3337.5,2506
EXCELINDUS,20190118,1306,1306,1149.2,1149.2,30301
EXIDEIND,20190118,250.6,252.25,246,246.8,940266
FACT,20190118,43.75,43.75,42.6,42.7,50373
FAIRCHEM,20190118,332.95,333,326.6,331.4,4962
FCL,20190118,44.3,44.65,41.5,41.95,242421
FCONSUMER,20190118,43.15,43.15,41.75,42,1728601
FCSSOFT,20190118,0.2,0.25,0.2,0.2,228571
FDC,20190118,172.3,172.9,171.25,171.75,37579
FEDERALBNK,20190118,89,90.85,88.25,90,19374838
FEL,20190118,37.15,37.15,35.1,35.85,444504
FELDVR,20190118,37,37,35,35.8,12338
FIEMIND,20190118,507.15,514,505.5,507.85,3287
FILATEX,20190118,58.15,58.8,57.75,58.05,113521
FINCABLES,20190118,450,451,444.7,446.45,38120
FINEORG,20190118,1185.05,1196,1165.1,1170.15,66900
FINPIPE,20190118,565.95,569.7,538,542.8,23913
FLEXITUFF,20190118,57,60,57,57.25,21890
FLFL,20190118,393.8,418.55,392.4,407.35,351419
FMGOETZE,20190118,525.05,525.05,505.2,505.65,7630
FMNL,20190118,55.8,55.8,52.8,53.25,12722
FORTIS,20190118,136.65,136.65,135.25,135.5,524388
FOSECOIND,20190118,1643,1654.4,1618.5,1621.85,8492
FRETAIL,20190118,453.05,455.9,445,447.25,257007
FSC,20190118,660,660,651.1,657.25,836
FSL,20190118,50.7,51.15,49.2,49.4,1574901
GABRIEL,20190118,146.75,146.75,144.45,145.05,30760
GAEL,20190118,223.95,224,216.05,217.6,24193
GAIL,20190118,332.4,332.85,320.5,322.15,4459122
GAL,20190118,6.3,6.45,6.1,6.2,94703
GALAXYSURF,20190118,1165.1,1185,1165,1181,151414
GALLANTT,20190118,55.6,55.6,54.6,54.7,2636
GALLISPAT,20190118,39,40.8,39,40,46051
GAMMNINFRA,20190118,0.65,0.7,0.65,0.65,369001
GANDHITUBE,20190118,373.9,373.9,361.7,367.95,1264
GANECOS,20190118,295.3,295.3,287.05,292.35,4390
GANESHHOUC,20190118,68.2,70,66.5,66.85,36687
GANGESSECU,20190118,46.55,48,46.3,47.3,596
GARDENSILK,20190118,24.15,24.15,23.45,23.45,12999
GARFIBRES,20190118,1192.05,1205,1174.95,1182.05,9169
GATI,20190118,80.8,81.3,77.6,78.4,369014
GAYAHWS,20190118,1,1.05,1,1,60233
GAYAPROJ,20190118,179.4,183,171.05,177.7,198625
GDL,20190118,113.85,115.05,111.55,111.9,59490
GEECEE,20190118,121.5,124.5,121.4,122,3280
GENESYS,20190118,136.7,136.7,134.1,134.45,5605
GENUSPAPER,20190118,9.35,9.6,9.25,9.3,325490
GENUSPOWER,20190118,32.4,32.4,30.85,31.15,270202
GEOJITFSL,20190118,44.85,45.3,43.5,43.9,117179
GEPIL,20190118,815.8,832.95,815,823.95,9863
GESHIP,20190118,308.7,309.55,301,306,16776
GET&D,20190118,324.8,324.8,318.05,319.45,11736
GHCL,20190118,256.95,263.8,256.95,258.8,224468
GICHSGFIN,20190118,269.9,273,261.85,262.9,148290
GICRE,20190118,258,259.9,254,254.8,46902
GILLANDERS,20190118,56.5,58.45,56.5,57.65,1014
GILLETTE,20190118,6509.95,6509.95,6452.1,6493.55,1716
GINNIFILA,20190118,17.05,17.5,17,17.05,44516
GIPCL,20190118,77.3,77.5,76.75,77,5466
GKWLIMITED,20190118,932.9,933,915,915.15,44
GLAXO,20190118,1435,1435,1415,1417.7,8132
GLENMARK,20190118,659.9,663,635,640.4,959374
GLOBALVECT,20190118,62,64,61.65,62.05,1920
GLOBOFFS,20190118,13.6,13.6,13.3,13.3,2193
GLOBUSSPR,20190118,152.65,152.65,147,147.65,45453
GMBREW,20190118,557,559.9,546,547.95,27951
GMDCLTD,20190118,86.05,86.8,84.9,85.1,53382
GMMPFAUDLR,20190118,1150,1171.05,1135,1147.75,1331
GMRINFRA,20190118,16.4,16.5,16.1,16.25,11481087
GNA,20190118,360,361.15,351,351.55,39150
GNFC,20190118,364.8,368.6,360.2,366.75,281628
GOACARBON,20190118,516.75,523.5,501.2,504.65,62986
GOCLCORP,20190118,273.8,273.85,265.15,268.35,5732
GODFRYPHLP,20190118,970.5,973,947.25,951.8,189091
GODREJAGRO,20190118,508,510.8,498.5,499.95,38214
GODREJCP,20190118,793.3,797.5,781,789.65,348112
GODREJIND,20190118,528,528.55,519.2,525.6,255018
GODREJPROP,20190118,775,782.25,730.05,749.45,515026
GOKEX,20190118,76.3,76.3,74,74.6,24254
GOKUL,20190118,14.5,15.8,14.5,15.35,19428
GOKULAGRO,20190118,14.5,15.6,14.5,15.4,24367
GOLDBEES,20190118,2881.3,2885.95,2863.55,2864.8,6555
GOLDENTOBC,20190118,64,64,60.8,60.8,424
GOLDIAM,20190118,83,86.5,81.1,85.75,54028
GOLDSHARE,20190118,2894,2908.75,2885.7,2891.95,638
GOLDTECH,20190118,15.65,16.3,15.25,15.55,19442
GOODLUCK,20190118,73.55,74.9,71,71.85,24228
GPIL,20190118,251.9,254,243.95,244.95,27319
GPPL,20190118,94.05,94.05,92,92.4,85259
GPTINFRA,20190118,57,57,52.9,54.25,1429
GRANULES,20190118,90.2,90.25,86.2,88.3,723677
GRAPHITE,20190118,733,737,697.55,699.75,1637841
GRASIM,20190118,828.9,834.55,818.2,824.95,959572
GRAVITA,20190118,72.05,72.75,68.3,68.75,51343
GREAVESCOT,20190118,123.05,123.8,122,122.55,111109
GREENLAM,20190118,870.05,878,850,869.85,403
GREENPLY,20190118,141.85,143,138.05,139,48387
GREENPOWER,20190118,5.9,6.05,5.85,5.95,90556
GRINDWELL,20190118,558.5,569,547.95,566.9,7433
GROBTEA,20190118,556,595,556,589.25,413
GRPLTD,20190118,1005.1,1020.05,1005,1018.55,137
GRSE,20190118,93.55,94.5,92.85,93.45,5298
GRUH,20190118,238.7,239,231.55,232.3,962154
GSCLCEMENT,20190118,24.25,24.45,23.9,23.9,55393
GSFC,20190118,111.5,111.75,107.2,107.85,1060632
GSKCONS,20190118,7330,7370.1,7205.75,7231.4,25407
GSPL,20190118,178,187.3,177.75,182.45,1203399
GSS,20190118,130.7,130.7,127,128.25,79458
GTL,20190118,6.75,7.3,6.75,7,124052
GTLINFRA,20190118,1.4,1.4,1.35,1.4,13866911
GTNIND,20190118,9.3,9.3,8.65,8.8,4011
GTNTEX,20190118,10.65,10.65,10.65,10.65,3
GTPL,20190118,83.2,85,83,83.05,4039
GUFICBIO,20190118,92,92.3,90.45,90.6,20510
GUJALKALI,20190118,518.6,527,518.5,525.25,41337
GUJAPOLLO,20190118,164,164,158,160.55,441
GUJFLUORO,20190118,950.3,950.3,930.1,938.25,22713
GUJGASLTD,20190118,140.9,140.9,136.05,136.45,130085
GUJRAFFIA,20190118,15.55,15.55,15.55,15.55,7
GULFOILLUB,20190118,898,908,883,889.35,23891
GULFPETRO,20190118,62.05,62.95,61.55,62.3,7209
GULPOLY,20190118,68.05,68.55,66.6,67,15172
GVKPIL,20190118,7.55,7.55,7.2,7.3,1136004
HAL,20190118,780,791.75,780,784.5,14688
HARITASEAT,20190118,519.5,528.85,515,516.55,2501
HARRMALAYA,20190118,82.9,82.9,80.25,80.45,14596
HATHWAY,20190118,31.15,31.4,30.85,30.85,1100726
HATSUN,20190118,679.95,702,677,695.95,10604
HAVELLS,20190118,677.55,686,671.45,677.5,1299538
HAVISHA,20190118,0.7,0.7,0.65,0.65,1100
HBLPOWER,20190118,29.2,29.2,27.8,28.15,240878
HBSL,20190118,8.5,8.5,8.3,8.35,276
HCC,20190118,13.15,14.15,13,13.4,13014569
HCG,20190118,199.9,200.7,197.85,200.3,14178
HCL-INSYS,20190118,24.7,24.7,23.8,23.9,516841
HCLTECH,20190118,948.6,968.75,946.35,966.3,2342528
HDFC,20190118,2004,2012.6,1989.25,2006.85,1942136
HDFCAMC,20190118,1483.7,1493.85,1471.1,1485.15,187763
HDFCBANK,20190118,2135,2139,2114.55,2130.25,1301994
HDFCLIFE,20190118,391,392.45,383,383.7,435544
HDFCMFGETF,20190118,2952,2954.9,2947,2949.7,953
HDFCNIFETF,20190118,1124.18,1127.59,1121.62,1125.28,735
HDFCSENETF,20190118,3793.53,3807.52,3791.36,3807.52,16
HDIL,20190118,27.6,27.85,26.95,27.15,2986017
HEG,20190118,3595,3650,3532,3544.5,156801
HEIDELBERG,20190118,152,152,150.45,151.65,29844
HERCULES,20190118,122.2,124.5,118.1,118.75,183708
HERITGFOOD,20190118,531.3,548.05,526.35,536.7,20694
HEROMOTOCO,20190118,2916.4,2929.95,2863,2898.75,389524
HESTERBIO,20190118,1124,1159.95,1124,1148.8,895
HEXATRADEX,20190118,23.75,23.75,22.25,23.25,716
HEXAWARE,20190118,325,326.9,321.65,325.15,689455
HFCL,20190118,23.65,23.8,22.75,22.85,2104263
HGINFRA,20190118,200.1,200.6,199,199.5,20656
HGS,20190118,647.8,657.8,641.1,644.25,1415
HIGHGROUND,20190118,9,9.2,8.8,8.9,114285
HIKAL,20190118,160.35,160.35,156.25,157.15,73674
HIL,20190118,2024,2024,1945,1985,8046
HILTON,20190118,21.05,21.65,20.65,20.95,3872
HIMATSEIDE,20190118,211.85,212.8,210.05,212.3,19612
HINDALCO,20190118,206.65,209.4,205.95,208.8,6258424
HINDCOMPOS,20190118,280.85,280.85,274.45,275.4,1175
HINDCOPPER,20190118,49.85,50.05,48.9,49.15,320340
HINDMOTORS,20190118,8.1,8.2,7.9,8.1,175286
HINDNATGLS,20190118,91,94,91,92.5,2124
HINDOILEXP,20190118,127.7,132.65,127.7,131.6,768250
HINDPETRO,20190118,243.85,245.35,238.25,239.5,2690204
HINDUJAVEN,20190118,412.75,412.75,391.35,393.2,2549
HINDUNILVR,20190118,1750,1768.85,1727.3,1744.1,3234056
HINDZINC,20190118,273.6,275.1,271.3,272.4,389477
HIRECT,20190118,118.5,118.5,111.65,112.55,10240
HISARMETAL,20190118,42,42.75,41.6,42.1,2560
HITECH,20190118,201.95,201.95,190.05,191,6954
HITECHCORP,20190118,121.6,121.6,116.1,116.25,1041
HITECHGEAR,20190118,320.05,321.85,310.3,314.15,1518
HMVL,20190118,121.75,124,121.15,121.95,10066
HNGSNGBEES,20190118,3150,3150,3149.99,3150,15
HONAUT,20190118,22000,22150,21850,22040.2,863
HONDAPOWER,20190118,1079.5,1090,1066,1085.15,3418
HOTELEELA,20190118,15.3,15.4,15.1,15.25,205384
HOTELRUGBY,20190118,1.8,1.8,1.8,1.8,200
HOVS,20190118,173.45,176.7,172,172.95,13156
HPL,20190118,61.4,61.4,59.5,59.9,13067
HSCL,20190118,131.9,132.2,129.75,130.85,156323
HSIL,20190118,241.5,241.5,231,236.95,118683
HTMEDIA,20190118,45.4,45.4,43.7,44.15,218911
HUBTOWN,20190118,40.2,40.5,39.5,39.55,11276
HUDCO,20190118,43,43.5,42.8,42.85,614167
IBREALEST,20190118,86,86.4,84.85,85.15,754986
IBULHSGFIN,20190118,822.9,823.95,805.65,817.35,3202545
IBULISL,20190118,367.25,367.25,356.05,367.25,569894
IBVENTURES,20190118,378.45,379,369.45,371.2,214283
ICICI500,20190118,150,150,144.43,145.64,169
ICICIB22,20190118,35.42,35.6,35.1,35.14,180465
ICICIBANK,20190118,374.6,376.4,370.35,372,12212121
ICICIGI,20190118,875,879.9,859.3,861.4,279353
ICICIGOLD,20190118,29.2,29.45,29.1,29.1,10715
ICICILIQ,20190118,1000,1000,1000,1000,691
ICICILOVOL,20190118,86.91,86.91,86.71,86.87,12147
ICICIMCAP,20190118,69.2,69.5,65.3,66.34,16014
ICICINF100,20190118,118.37,118.37,117.41,117.51,170
ICICINIFTY,20190118,113.4,113.7,112.89,113.35,45593
ICICINV20,20190118,53.27,53.27,53.01,53.16,94600
ICICINXT50,20190118,27.84,27.84,27.38,27.44,4018
ICICIPRULI,20190118,350.15,353.2,342.5,351.15,486715
ICICISENSX,20190118,386,390,382.64,382.74,55
ICIL,20190118,54.85,54.85,52.8,53.25,96479
ICRA,20190118,3165.65,3199,3165.65,3186.45,552
IDBI,20190118,60.9,60.95,57.95,58.2,3015286
IDBIGOLD,20190118,3015,3034.95,3000,3000,135
IDEA,20190118,37,37,34.35,35.2,28861742
IDFC,20190118,44.3,44.3,42.8,43.15,2503090
IDFCFIRSTB,20190118,47.5,47.8,46.75,47.1,10430179
IDFNIFTYET,20190118,109.94,109.94,107.21,107.21,37
IEX,20190118,163,164.5,161.7,162,17024
IFBAGRO,20190118,620.05,628,596.2,599.2,3061
IFBIND,20190118,911.4,912.5,885,892.95,3112
IFCI,20190118,14.9,14.95,14.5,14.6,3117999
IFGLEXPOR,20190118,242.2,244.45,242.1,243.05,324
IGARASHI,20190118,540,540,523.9,527.7,7997
IGL,20190118,277,284.3,276.3,280.45,3398533
IGPL,20190118,400.1,405,395.1,397.85,6466
IIFL,20190118,466.9,466.9,449.95,454.75,55759
IITL,20190118,73.45,73.45,73.45,73.45,10
IL&FSENGG,20190118,14.35,14.5,13.7,13.85,23673
IL&FSTRANS,20190118,10.75,10.75,10.3,10.3,543498
IMFA,20190118,238.15,238.9,232,234.05,7381
IMPAL,20190118,884,887.65,878,881.15,544
IMPEXFERRO,20190118,0.3,0.3,0.3,0.3,300
INDBANK,20190118,10,10.7,9.75,10.25,84329
INDHOTEL,20190118,137.75,138.45,135.5,136.75,561297
INDIACEM,20190118,86.2,86.75,84.8,85,3845570
INDIAGLYCO,20190118,321.85,323.65,310.85,312.6,101223
INDIANB,20190118,258.6,259.9,244,245.95,1914816
INDIANCARD,20190118,102.1,105.9,102.1,104.05,662
INDIANHUME,20190118,348.65,353.75,345.5,346.4,13639
INDIGO,20190118,1104.9,1118.5,1068.1,1076,910406
INDLMETER,20190118,46.1,46.3,45.45,46.05,1328
INDNIPPON,20190118,425.05,427.05,421.6,422.9,399
INDOCO,20190118,216,216,196.15,198.85,39751
INDORAMA,20190118,36.05,36.35,35,35,133019
INDOSOLAR,20190118,2.2,2.2,2.1,2.1,140550
INDOSTAR,20190118,346.95,349.15,346.8,347,9970
INDOTECH,20190118,122.35,125.9,120,120.9,6114
INDOTHAI,20190118,34.65,34.65,33.05,33.45,4551
INDOWIND,20190118,5.85,5.9,5.3,5.85,24040
INDRAMEDCO,20190118,39.9,39.9,39.3,39.45,10089
INDSWFTLAB,20190118,47.15,47.35,45.6,46,15451
INDSWFTLTD,20190118,6.4,6.4,6.15,6.2,8559
INDTERRAIN,20190118,136.25,136.5,131.35,132.8,2268
INDUSINDBK,20190118,1523.1,1532.4,1513,1516.9,1589082
INEOSSTYRO,20190118,686.1,693,681,684.3,1306
INFIBEAM,20190118,45,45.25,43.6,44.45,5973632
INFRABEES,20190118,317.62,317.62,313,314.2,246
INFRATEL,20190118,280.65,283.4,277,278.05,3096388
INFY,20190118,730,736.2,726.3,730.95,5902151
INGERRAND,20190118,586.4,593.55,582.05,589.15,9410
INOXLEISUR,20190118,245,247.1,235.2,237.1,103259
INOXWIND,20190118,75.2,75.5,73.2,75.05,43681
INSECTICID,20190118,605,611.3,600.15,604.85,8084
INSPIRISYS,20190118,56.9,56.9,55,56.3,409
INTEGRA,20190118,1.85,1.85,1.8,1.85,1005
INTELLECT,20190118,219.4,221.95,216,216.75,127846
INTENTECH,20190118,38.55,41.85,38.55,40.4,19987
INVENTURE,20190118,13.65,13.65,13.55,13.55,583
IOB,20190118,14.5,14.5,14.2,14.3,238182
IOC,20190118,137.5,138.7,137.15,137.85,7023754
IOLCP,20190118,208.25,215.95,204.5,212.4,926497
IPAPPM,20190118,447.8,449.1,444,445.85,17267
IPCALAB,20190118,785.6,786.55,763.9,771,45673
IRB,20190118,155,155.5,148,149.9,1511779
IRCON,20190118,423.5,423.5,409.15,410.6,68957
ISEC,20190118,248,248,226.3,228.7,428893
ISFT,20190118,170.95,171,166.5,168.4,845
ISMTLTD,20190118,7.5,7.8,7.3,7.7,64323
ITC,20190118,293.25,295.1,290.65,291.45,10994807
ITDC,20190118,308.3,314.95,299,301.1,46624
ITDCEM,20190118,121,127.7,119,123.6,622247
ITI,20190118,109.9,110.25,103.5,104.2,3018641
IVC,20190118,6.6,6.65,6.4,6.5,288977
IVP,20190118,126.1,127.45,124.6,125,2840
IVRCLINFRA,20190118,1,1,0.95,1,146724
IVZINGOLD,20190118,2960,2960,2950,2950,2
IZMO,20190118,65.65,65.9,62.35,63.2,11181
J&KBANK,20190118,38.8,38.9,38.05,38.5,1753022
JAGRAN,20190118,110.95,111.5,109.95,110.3,61670
JAGSNPHARM,20190118,30.9,31.4,30.45,30.5,4019
JAIBALAJI,20190118,18,18.9,18,18.55,20963
JAICORPLTD,20190118,113,114,111.25,111.95,959357
JAIHINDPRO,20190118,2.4,2.4,2.4,2.4,5
JAINSTUDIO,20190118,5.85,5.85,5.85,5.85,1843
JAMNAAUTO,20190118,61.6,61.6,60.35,60.8,450251
JAYAGROGN,20190118,214.1,214.1,211.2,212.2,16164
JAYBARMARU,20190118,289.1,289.1,284,285.05,8423
JAYNECOIND,20190118,5.95,5.95,5.45,5.6,24764
JAYSREETEA,20190118,83.6,83.6,82.3,82.55,31485
JBCHEPHARM,20190118,316,321.9,306,310.45,43763
JBFIND,20190118,20.25,21,20.25,20.4,26507
JBMA,20190118,289.65,294.95,286.3,287.05,4742
JCHAC,20190118,1840,1840,1785,1791.4,719
JETAIRWAYS,20190118,283.95,295,276,281.2,37902370
JHS,20190118,30.95,30.95,30.1,30.2,28421
JIKIND,20190118,0.4,0.45,0.4,0.4,20
JINDALPHOT,20190118,30.55,31.6,30,31.25,976
JINDALPOLY,20190118,243.65,246.7,243.6,244.9,16237
JINDALSAW,20190118,80.1,80.2,78.55,78.8,155350
JINDALSTEL,20190118,146.5,147.5,144.6,145.65,7490296
JINDCOT,20190118,5.45,5.45,4.95,5.35,9276
JINDRILL,20190118,112.85,112.85,110.2,110.45,10036
JINDWORLD,20190118,75.5,75.85,73.1,74.05,207319
JISLDVREQS,20190118,47.55,48,46.4,46.7,177868
JISLJALEQS,20190118,65.8,65.8,64.3,64.65,3117499
JITFINFRA,20190118,18,18.8,18,18.1,1721
JKCEMENT,20190118,728.95,742,713.15,733.65,26439
JKIL,20190118,127.4,127.55,123.05,123.85,514747
JKLAKSHMI,20190118,300.05,304.15,296.75,300.25,22352
JKPAPER,20190118,153.9,153.9,148.55,149.6,429951
JKTYRE,20190118,101.4,101.75,99.4,100,243040
JMA,20190118,168,169.7,166.65,166.75,445
JMCPROJECT,20190118,92.55,93.6,91.5,91.9,29735
JMFINANCIL,20190118,88.4,88.4,86,86.65,187908
JMTAUTOLTD,20190118,3.55,3.6,3.4,3.4,53757
JOCIL,20190118,122,124.8,119,120.15,1080
JPASSOCIAT,20190118,7.25,7.3,7.1,7.15,6506724
JPINFRATEC,20190118,3.55,3.6,3.45,3.5,772566
JPOLYINVST,20190118,36.35,37.15,36.25,36.3,921
JPPOWER,20190118,1.95,2,1.9,1.95,2524377
JSL,20190118,32.5,32.5,31.1,31.25,471784
JSLHISAR,20190118,86.4,86.95,85.25,85.9,94002
JSWENERGY,20190118,69,69.35,66.35,68,747820
JSWHL,20190118,2609.95,2680,2562,2589.7,1775
JSWSTEEL,20190118,288.35,291.85,283.25,285.6,4210472
JTEKTINDIA,20190118,103.6,104.95,102.75,104.55,45234
JUBILANT,20190118,703.6,714.2,697.7,709.1,218678
JUBLFOOD,20190118,1222,1227.9,1211.4,1217.95,1253983
JUBLINDS,20190118,116,120,114.25,116.95,18121
JUNIORBEES,20190118,285.55,285.55,281.51,282.48,26495
JUSTDIAL,20190118,481.85,483.25,469.4,472.2,1447351
JYOTHYLAB,20190118,198,198.05,193.6,196.35,47583
KABRAEXTRU,20190118,76.5,77.8,73.05,74.3,3181
KAJARIACER,20190118,535,540.5,523.65,535,1490165
KAKATCEM,20190118,197.95,197.95,193.05,193.95,4142
KALPATPOWR,20190118,374.05,381.7,372.4,377.3,14906
KALYANIFRG,20190118,289.85,290.6,275.25,287.3,270
KAMATHOTEL,20190118,49.7,49.8,47.5,47.6,147734
KAMDHENU,20190118,163.5,165.4,159.55,163.45,22978
KANANIIND,20190118,4.85,5.05,4.85,4.85,60
KANORICHEM,20190118,72.95,74.4,70.5,72.05,26259
KANSAINER,20190118,453,458,444.35,455.8,33482
KARDA,20190118,209.05,210.75,205,207.05,24955
KARMAENG,20190118,19.05,19.85,19,19.65,817
KARURVYSYA,20190118,91.85,92.5,91.5,92.1,861228
KAUSHALYA,20190118,1,1,1,1,159
KAVVERITEL,20190118,7.4,7.5,6.95,7.25,9890
KAYA,20190118,728,728.7,715.6,721.65,3156
KCP,20190118,89.55,89.85,88.4,88.7,7103
KCPSUGIND,20190118,18.4,18.45,18.15,18.25,100741
KDDL,20190118,481.45,503,481.45,499.85,4303
KEC,20190118,275,276.9,273.3,274.45,89929
KECL,20190118,20.05,20.05,19.7,19.8,53778
KEI,20190118,355.55,358.5,354.4,355.85,16483
KELLTONTEC,20190118,41.6,44.2,41.45,41.85,75480
KERNEX,20190118,27,27,25.55,26.85,12725
KESORAMIND,20190118,82.05,82.8,80.35,80.85,129805
KGL,20190118,1.6,1.6,1.55,1.55,257676
KHADIM,20190118,492.15,493,480,481.7,3647
KHAITANELE,20190118,11.9,11.9,11.9,11.9,9
KHAITANLTD,20190118,34.6,34.6,34.6,34.6,332
KHANDSE,20190118,14.5,14.5,13.4,13.4,20
KICL,20190118,1732.05,1748.9,1640,1649.95,1007
KILITCH,20190118,221.85,227.7,218.1,220,165165
KINGFA,20190118,770,779.7,760,766.6,4283
KIOCL,20190118,149.35,150.95,145.7,146.2,12767
KIRIINDUS,20190118,450.5,451.7,441.15,442.35,32299
KIRLOSBROS,20190118,151,153,146.15,147.05,29511
KIRLOSENG,20190118,194.05,196.2,192.5,193.1,6919
KIRLOSIND,20190118,866.05,888,866.05,880.85,265
KITEX,20190118,109.55,109.55,108.15,108.7,21644
KKCL,20190118,1231.65,1264,1231,1244.35,218
KMSUGAR,20190118,7.95,8.1,7.9,8.05,117735
KNRCON,20190118,210.6,215.15,210.6,214.05,53470
KOHINOOR,20190118,36.3,36.45,35.35,35.65,187068
KOKUYOCMLN,20190118,109.95,110,107.1,107.2,4237
KOLTEPATIL,20190118,268.05,270.9,261.35,263.15,92949
KOPRAN,20190118,40.5,42.4,40.5,41.6,134498
KOTAKBANK,20190118,1220.1,1243,1216.5,1240.2,2598572
KOTAKBKETF,20190118,283.13,283.13,280,281.27,633181
KOTAKGOLD,20190118,283.1,284.85,282.5,282.8,11329
KOTAKNIFTY,20190118,111.69,111.93,111.05,111.49,19731
KOTAKNV20,20190118,54.85,54.91,53.75,53.99,5780
KOTAKPSUBK,20190118,312,313,309.1,309.65,2224
KOTARISUG,20190118,10.1,10.1,9.85,9.95,9286
KOTHARIPET,20190118,21.85,21.9,21.5,21.5,9591
KOTHARIPRO,20190118,101,104.7,98.3,99.1,2344
KPIT,20190118,214.55,217.4,211.1,216.15,2101682
KPRMILL,20190118,533.35,536,529,530.5,20565
KRBL,20190118,342,385.7,341.6,379.9,1763053
KREBSBIO,20190118,125.9,125.9,116.1,119.55,3610
KRIDHANINF,20190118,46.2,46.2,44.5,45.1,28243
KSB,20190118,729.15,741.3,725.05,729.6,697
KSCL,20190118,570,574.35,556.1,561.7,147155
KSERASERA,20190118,0.15,0.15,0.1,0.15,407655
KSK,20190118,1.35,1.35,1.35,1.35,199696
KSL,20190118,213.4,222.8,211.3,217.25,130188
KTIL,20190118,64,65.8,63,64,591
KTKBANK,20190118,121.15,123.55,119.6,122.1,5294119
KWALITY,20190118,7.85,7.85,7.5,7.6,1697004
L&TFH,20190118,142.2,142.2,138.35,140.65,5024148
LAKSHVILAS,20190118,75.4,75.75,72.75,73.45,272351
LALPATHLAB,20190118,1073.05,1079.5,1040,1047.25,57333
LAMBODHARA,20190118,43.7,43.7,42.25,42.6,766
LAOPALA,20190118,217.4,223.7,217.4,220.55,27810
LASA,20190118,28.55,28.55,26.95,27.75,9546
LAURUSLABS,20190118,377,379,374,375.5,42933
LAXMIMACH,20190118,5676.35,5750,5463,5500.2,3831
LEEL,20190118,46.6,47.45,44.8,45.75,310240
LEMONTREE,20190118,69.3,69.6,68.25,68.55,133127
LGBBROSLTD,20190118,409.2,413.2,405.15,411.8,2189
LIBERTSHOE,20190118,171.55,172.25,167.15,168.05,48418
LICHSGFIN,20190118,492.8,492.8,474.6,476.05,1353649
LICNETFGSC,20190118,17.95,17.95,17.95,17.95,5
LICNETFN50,20190118,112.99,112.99,110.85,110.85,668
LICNETFSEN,20190118,360.5,360.5,360.5,360.5,1
LINCOLN,20190118,220.15,222.2,216.2,218.65,32324
LINCPEN,20190118,261.75,268.4,256.6,261.45,1115
LINDEINDIA,20190118,767.6,772.1,614.1,614.1,1988178
LIQUIDBEES,20190118,1000,1000.01,999.99,1000,585069
LIQUIDETF,20190118,1000.01,1000.01,999.99,1000,93296
LOKESHMACH,20190118,45,45.5,43.6,44.5,9536
LOTUSEYE,20190118,27.95,27.95,26.6,27.15,2700
LOVABLE,20190118,114.15,114.7,111.1,111.4,18034
LPDC,20190118,4.4,4.4,4.25,4.35,18106
LSIL,20190118,1.15,1.15,1.1,1.15,342298
LT,20190118,1350.85,1352,1313,1317.9,2135781
LTI,20190118,1787.7,1819,1755,1807.25,333207
LTTS,20190118,1715,1757.65,1630,1641.25,448657
LUMAXIND,20190118,1685.05,1691.05,1663.25,1681.45,727
LUMAXTECH,20190118,179.9,179.9,175,177,8476
LUPIN,20190118,861.1,867.35,851.85,862.3,1824696
LUXIND,20190118,1328.05,1339,1300,1311.65,49827
LYKALABS,20190118,27.75,27.8,26.5,26.75,31640
LYPSAGEMS,20190118,9.5,9.5,8.9,9.05,21194
M&M,20190118,734.5,737.9,728,734.95,1601885
M&MFIN,20190118,450.5,451.85,438.6,441.55,956676
M100,20190118,18.4,18.4,18.3,18.35,17011
M50,20190118,106,106.16,104.5,105.7,1341
MAANALU,20190118,101.6,101.6,98.6,99.25,5475
MADHAV,20190118,43.9,46.2,43.9,44.75,3027
MADHUCON,20190118,6.7,6.85,6.55,6.7,8407
MADRASFERT,20190118,26.3,26.9,25.65,25.8,238130
MAGADSUGAR,20190118,87.5,89.2,86.1,86.15,438
MAGMA,20190118,106.05,109.8,104.1,106.5,70184
MAGNUM,20190118,7.2,7.2,7,7.05,5004
MAHABANK,20190118,14.75,14.9,14.55,14.65,308860
MAHAPEXLTD,20190118,126.9,126.9,115.7,115.95,502
MAHASTEEL,20190118,75.7,82.7,75.65,80.45,188563
MAHINDCIE,20190118,231.75,232.75,231.55,231.55,68267
MAHLIFE,20190118,393,395,386.65,392.85,13601
MAHLOG,20190118,502.75,509.95,502,503.8,4222
MAHSCOOTER,20190118,3495,3495,3350,3371.85,10602
MAHSEAMLES,20190118,489.4,489.6,485,486.15,5914
MAITHANALL,20190118,467,475,455,460.9,18179
MAJESCO,20190118,497.95,499.95,490.25,497.55,16410
MALUPAPER,20190118,37,37,36.2,36.35,8580
MAN50ETF,20190118,109.1,109.1,108.45,108.45,10
MANAKALUCO,20190118,7.85,8,7.75,7.9,6042
MANAKCOAT,20190118,7.2,7.2,6.65,6.8,5259
MANAKSIA,20190118,41.65,42.5,41.55,42.05,4257
MANAKSTEEL,20190118,19.55,20,19.2,19.4,3059
MANALIPETC,20190118,29.9,30,29.4,29.55,137292
MANAPPURAM,20190118,99.6,100.4,97,97.4,2513100
MANDHANA,20190118,4.6,4.7,4.5,4.5,17670
MANGALAM,20190118,75,75,71.55,72.35,40250
MANGCHEFER,20190118,43.25,44.45,43.2,43.45,13456
MANGLMCEM,20190118,228.05,230,221,221.5,6165
MANGTIMBER,20190118,20.25,20.3,19.75,19.95,30238
MANINDS,20190118,69.4,69.65,66.9,67.6,42221
MANINFRA,20190118,37.75,38.3,37.75,37.9,38371
MANPASAND,20190118,83.5,84.75,82.1,82.65,151499
MANUGRAPH,20190118,31.55,31.6,30.75,30.8,329
MARALOVER,20190118,29,29,28.35,28.6,2053
MARATHON,20190118,125.85,126.4,122.8,123.05,737
MARICO,20190118,382.1,382.6,375.25,379.35,1112430
MARKSANS,20190118,28,28.05,27.35,27.45,619880
MARUTI,20190118,7345,7379.95,7318,7357.95,334555
MASFIN,20190118,552.35,552.35,546.8,549.75,6099
MASTEK,20190118,431.8,436.7,417,420.95,77930
MATRIMONY,20190118,454,454,440.3,443.9,3689
MAWANASUG,20190118,47.95,47.95,46.05,46.2,12760
MAXINDIA,20190118,88,88,85,85.9,140267
MAXVIL,20190118,52.5,52.75,51.7,52.3,19734
MAYURUNIQ,20190118,392.25,399.5,391.65,395.55,7610
MAZDA,20190118,292.05,297.75,277.3,280.65,11049
MBECL,20190118,10.25,10.8,9.85,9.85,87607
MBLINFRA,20190118,14,14.15,13.65,14.05,31936
MCDHOLDING,20190118,28.8,28.8,27.05,27.3,5255
MCDOWELL-N,20190118,595,596.65,583.05,584.3,844196
MCLEODRUSS,20190118,111.2,111.4,108,108.3,86631
MCX,20190118,750,751,735,742.2,207639
MEGASOFT,20190118,7.4,7.4,7,7.1,8311
MEGH,20190118,61.45,61.6,58.9,59.4,513389
MELSTAR,20190118,1.5,1.5,1.5,1.5,2110
MENONBE,20190118,85.8,86.35,83.4,84.6,9257
MEP,20190118,43,43.3,41.3,41.55,190454
MERCATOR,20190118,11.05,11.25,11,11.15,256835
MERCK,20190118,3188.85,3247.95,3140,3189.3,10937
METALFORGE,20190118,10.5,10.55,9.5,9.6,66354
METKORE,20190118,1.3,1.3,1.25,1.25,205
MFSL,20190118,456.05,461.75,452.05,457.15,201683
MGL,20190118,899,920,895.95,904.45,392528
MHRIL,20190118,217.65,219.15,213,215.1,32915
MIC,20190118,0.85,0.95,0.85,0.95,6779470
MIDHANI,20190118,130.8,133.2,129,129.9,155080
MINDACORP,20190118,156,156,149,150.25,72688
MINDAIND,20190118,310.15,311.5,302.6,303.3,105734
MINDTECK,20190118,42.4,42.4,39.1,40.95,924
MINDTREE,20190118,868,892.2,853.95,887,4875592
MIRCELECTR,20190118,26.75,26.75,25.5,25.75,54905
MIRZAINT,20190118,80,80,79,79.15,23287
MMFL,20190118,586.85,591.15,580,580.85,2839
MMTC,20190118,29,29,28.35,28.6,385138
MODIRUBBER,20190118,46,46,44.25,44.25,28
MOHITIND,20190118,9.75,10.35,9.75,10,1835
MOHOTAIND,20190118,71,72.9,68,71.6,115333
MOIL,20190118,165,165.6,162.7,163.4,57529
MOLDTECH,20190118,48.5,49.35,46.25,46.95,7562
MOLDTKPAC,20190118,258.4,262.45,258.35,261.45,7962
MONSANTO,20190118,2561.05,2577.2,2555,2567.95,1169
MONTECARLO,20190118,379.95,381.95,375,376.1,40381
MORARJEE,20190118,24.5,24.5,23.95,24.1,2737
MOREPENLAB,20190118,21.2,21.3,20.75,20.85,279893
MOTHERSUMI,20190118,160.1,160.85,155.55,157.55,4071763
MOTILALOFS,20190118,685,686.1,658,671.95,92772
MOTOGENFIN,20190118,49,49,49,49,6
MPHASIS,20190118,901.05,909.8,861.25,871.6,322628
MPSLTD,20190118,495,495.65,485.15,487.2,3500
MRF,20190118,66005,66098.2,65650,65739.8,1613
MRO-TEK,20190118,43,44,42.7,43.4,10653
MRPL,20190118,70.85,70.85,69.05,69.35,737450
MSPL,20190118,12.9,13.1,12.6,12.8,154
MTEDUCARE,20190118,64.4,74.6,62,67.45,627521
MTNL,20190118,14.9,15.2,14.85,14.9,968878
MUKANDENGG,20190118,22,22.95,21.6,21.7,1864
MUKANDLTD,20190118,57.25,58,56,56.45,8018
MUKTAARTS,20190118,40.5,40.75,39.15,39.55,13750
MUNJALAU,20190118,58.2,58.2,56.55,57.05,31483
MUNJALSHOW,20190118,174.05,181,174.05,179.1,19823
MURUDCERA,20190118,24.2,24.9,23.1,24.2,289307
MUTHOOTCAP,20190118,953,985,948.8,972.95,67993
MUTHOOTFIN,20190118,533.4,536.8,524.65,527.6,635070
MVL,20190118,0.25,0.25,0.2,0.2,75003
N100,20190118,469,473.5,462,472.1,21578
NACLIND,20190118,27.75,27.75,27.1,27.25,15394
NAGAFERT,20190118,8.85,8.9,8.7,8.75,121547
NAGAROIL,20190118,0.7,0.7,0.65,0.7,512986
NAGREEKCAP,20190118,14.5,14.55,14,14.4,1830
NAGREEKEXP,20190118,25.3,25.9,23.15,23.4,31014
NAHARCAP,20190118,94.3,95.8,92.8,93,142
NAHARINDUS,20190118,57.85,57.85,55.2,57.05,28229
NAHARPOLY,20190118,40.05,40.9,39.4,39.55,1205
NAHARSPING,20190118,93.35,93.5,91.35,91.9,3598
NATCOPHARM,20190118,694.8,694.8,683.3,686.85,41694
NATHBIOGEN,20190118,426.55,427.4,419.85,421.8,6371
NATIONALUM,20190118,61.8,62,61.25,61.45,1471753
NATNLSTEEL,20190118,6.7,6.85,6.6,6.75,21986
NAUKRI,20190118,1635,1660,1558,1579.4,212390
NAVINFLUOR,20190118,671,674.25,660,661.75,15080
NAVKARCORP,20190118,51.1,52,47.65,48.3,176102
NAVNETEDUL,20190118,109.55,109.55,108.15,108.8,12455
NBCC,20190118,59.3,59.3,57.8,57.95,5472823
NBIFIN,20190118,1263.65,1263.65,1230,1237.5,3
NBVENTURES,20190118,112.65,112.65,110.3,110.85,69343
NCC,20190118,89.8,89.85,87.45,87.95,6623450
NCLIND,20190118,129.15,131.35,127.65,128.9,8971
NDGL,20190118,816,846,815.25,840,299
NDL,20190118,60.35,62.1,60.35,61.15,15633
NDTV,20190118,37.55,37.85,36.65,37,14238
NECCLTD,20190118,9.35,9.4,9.2,9.3,5969
NECLIFE,20190118,19.7,20,19.7,19.75,60810
NELCAST,20190118,82.65,83,80.2,80.65,124508
NELCO,20190118,291.75,291.75,272.6,275.65,37984
NESCO,20190118,453,458.3,449.7,451.15,9034
NESTLEIND,20190118,11200,11326.45,11181,11248.4,76762
NETF,20190118,108.78,108.78,108.78,108.78,229
NETWORK18,20190118,39.8,39.95,38.3,38.45,183022
NEULANDLAB,20190118,501.35,518.75,495,514.35,9095
NEWGEN,20190118,303.65,307.7,297.55,301.8,10405
NEXTMEDIA,20190118,25.25,26.5,25.25,25.25,39485
NFL,20190118,35.75,36.05,35.35,35.45,262624
NH,20190118,198.9,199.95,195.45,197.6,9857
NHPC,20190118,25.5,25.7,25.1,25.15,1081187
NIACL,20190118,182,183.5,179.65,180,43392
NIBL,20190118,22.05,22.2,22.05,22.2,431
NIFTYBEES,20190118,1141.48,1142,1134,1138.33,33665
NIFTYEES,20190118,13001.1,13001.1,13001,13001,2
NIITLTD,20190118,89,91.5,87.6,91.1,1541191
NIITTECH,20190118,1221.45,1237,1202.1,1224.75,1480479
NILAINFRA,20190118,7.8,7.9,7.55,7.6,489588
NILASPACES,20190118,4.1,4.5,3.85,4.05,2885194
NILKAMAL,20190118,1371.3,1385,1357,1362.45,10372
NIPPOBATRY,20190118,705.35,710,704.6,707.65,544
NITCO,20190118,42.3,42.5,41.15,41.65,119792
NITESHEST,20190118,6.2,6.2,5.4,5.6,84709
NITINFIRE,20190118,1.75,1.8,1.7,1.7,161346
NITINSPIN,20190118,94.3,97.25,89.55,92.35,730408
NKIND,20190118,51.7,51.7,44.4,46.7,672
NLCINDIA,20190118,67.9,68,67.4,67.7,157058
NMDC,20190118,92,92.1,90.55,90.7,3938111
NOCIL,20190118,163.1,164.55,161.2,162.15,205124
NOIDATOLL,20190118,7.15,7.3,7.05,7.1,11119
NRAIL,20190118,368.05,376.2,358,360.6,8609
NRBBEARING,20190118,215.55,216.5,206.25,208.55,57300
NSIL,20190118,1054.8,1115,1050,1090.75,2203
NTL,20190118,1.15,1.15,1.15,1.15,8116
NTPC,20190118,145.3,146.4,144,144.3,2583594
NUCLEUS,20190118,369.75,372.7,366.5,368.6,5581
NUTEK,20190118,0.4,0.4,0.4,0.4,512
OBEROIRLTY,20190118,463.9,463.95,446.05,449.85,619559
OCCL,20190118,1149.05,1155,1146,1148.95,987
OFSS,20190118,3685.4,3685.95,3590.65,3615.85,20052
OIL,20190118,172.95,173.6,172.05,172.4,552777
OILCOUNTUB,20190118,15.3,15.35,14.8,14.95,22926
OISL,20190118,2.8,2.8,2.65,2.65,1674
OLECTRA,20190118,235.25,244.9,235,237.3,42732
OMAXAUTO,20190118,87.05,88.6,85.9,86.65,21338
OMAXE,20190118,214,216.1,213.05,213.7,204392
OMKARCHEM,20190118,29.25,29.25,26.95,28.6,79296
OMMETALS,20190118,37.9,37.9,36.8,37.45,19603
ONELIFECAP,20190118,16.65,16.65,15.7,15.7,1230
ONGC,20190118,145.1,147.7,145.1,146.75,4904282
ONMOBILE,20190118,37.65,38.55,37.2,37.55,189731
ONWARDTEC,20190118,63.25,64.8,63.05,63.15,5248
OPTIEMUS,20190118,111.4,123,111.4,113.8,29986
OPTOCIRCUI,20190118,8.85,9.2,8.8,8.95,218096
ORBTEXP,20190118,124.4,124.4,116.15,116.4,13863
ORICONENT,20190118,30.75,31,30.35,30.55,26189
ORIENTABRA,20190118,27.75,28.95,27.25,27.45,23926
ORIENTALTL,20190118,11.8,11.8,11.8,11.8,4203
ORIENTBANK,20190118,97.4,97.5,95,95.4,2218264
ORIENTBELL,20190118,179.2,181.5,178.05,178.6,5171
ORIENTCEM,20190118,76.75,78.75,76.6,77.7,97072
ORIENTELEC,20190118,149.9,151.5,145.1,150.35,181883
ORIENTHOT,20190118,45,45.4,44.7,45.05,19441
ORIENTLTD,20190118,164.05,175.35,162.65,172.15,135
ORIENTPPR,20190118,42.95,43,41,41.65,370115
ORIENTREF,20190118,229.15,229.15,225.05,225.4,8069
ORISSAMINE,20190118,898,903.3,873.5,879.15,3042
ORTEL,20190118,4.1,4.35,4,4.35,29204
ORTINLABSS,20190118,15,15.35,15,15.1,6347
OSWALAGRO,20190118,8.75,9.05,8.6,8.6,13813
PAEL,20190118,2.35,2.35,2.35,2.35,175
PAGEIND,20190118,23345,23370,22851.8,22969.7,32584
PAISALO,20190118,304.2,307,301.1,301.25,220
PALASHSECU,20190118,44,44,40.5,42.8,694
PALREDTEC,20190118,39.85,41.05,36.3,41.05,24687
PANACEABIO,20190118,178.2,178.2,168,169.4,131019
PANAMAPET,20190118,125.95,127.5,123.25,124.3,6306
PAPERPROD,20190118,183.65,183.9,180,181.55,19454
PARABDRUGS,20190118,2.25,2.25,2.15,2.25,3891
PARACABLES,20190118,11.95,11.95,11.1,11.75,200296
PARAGMILK,20190118,239.95,242.9,235.35,237.7,88289
PARSVNATH,20190118,7.25,7.65,7.15,7.25,153922
PATELENG,20190118,33.8,34.55,33.3,33.85,139627
PATINTLOG,20190118,46.65,46.65,45.8,46.05,2597
PATSPINLTD,20190118,12.4,12.4,12.4,12.4,3055
PCJEWELLER,20190118,80,80.4,77.7,78.15,6539247
PDMJEPAPER,20190118,22.3,22.4,22,22.05,10308
PDPL,20190118,9.2,11.2,9.1,11.2,51974
PDSMFL,20190118,270,271.7,269,270.15,446
PEARLPOLY,20190118,13.95,13.95,13.35,13.8,884
PEL,20190118,2381.1,2384,2275.05,2296.2,427320
PENIND,20190118,38,38.6,37.5,38.35,121776
PENINLAND,20190118,10.9,10.95,10.45,10.55,974691
PENPEBS,20190118,60,61.55,59,59.8,28406
PERSISTENT,20190118,551,555,547.25,550.75,53366
PETRONENGG,20190118,36,37.8,35.25,36.15,2763
PETRONET,20190118,222.5,224.55,216.35,218.55,3744509
PFC,20190118,107.65,107.75,105,107.3,6625811
PFIZER,20190118,2685.85,2700.4,2650,2664.45,11573
PFOCUS,20190118,61.4,62.1,60.6,61.25,34557
PFS,20190118,17.45,17.5,17.05,17.25,344145
PGEL,20190118,105,105,101.2,103.15,71668
PGHH,20190118,9995.45,10050,9931.95,9962,1619
PGIL,20190118,152,157.45,151,153.6,15360
PHILIPCARB,20190118,205,208.9,182,183.65,4881335
PHOENIXLTD,20190118,562.05,581.65,562.05,577.4,7163
PIDILITIND,20190118,1152,1162.6,1140.35,1148.8,289024
PIIND,20190118,863,863,844.15,855.65,58808
PILANIINVS,20190118,2047,2047,1968,2002.3,62
PILITA,20190118,8.7,8.9,8.5,8.65,4325
PIONDIST,20190118,166.45,166.45,164.25,164.75,3823
PIONEEREMB,20190118,29.1,29.9,27.9,28.65,47556
PIRPHYTO,20190118,31.45,31.45,29.2,29.35,463
PITTIENG,20190118,67.3,67.7,63.75,64.6,507492
PKTEA,20190118,178.7,178.75,174,174,26
PLASTIBLEN,20190118,179.15,188.5,177.1,178.7,3862
PNB,20190118,84.55,84.85,82.5,82.85,16185024
PNBGILTS,20190118,31.7,32.05,31.5,31.6,90259
PNBHOUSING,20190118,904,904,882,885.35,46160
PNC,20190118,17.4,17.4,16.3,17.05,952
PNCINFRA,20190118,150.45,153.95,149.25,152.95,46361
PODDARHOUS,20190118,495.05,529.8,495.05,516.2,68
PODDARMENT,20190118,181.95,186.85,180.15,180.75,1678
POKARNA,20190118,187,191,186.3,189.35,49328
POLYMED,20190118,219.7,220.45,215.1,215.35,1795
POLYPLEX,20190118,511.1,514,507.25,509.15,3879
PONNIERODE,20190118,140,140,135.1,136.5,675
POWERGRID,20190118,194,196.7,192.5,193.6,2456405
POWERMECH,20190118,940.1,944.05,887,913.7,13965
PPAP,20190118,347,353.45,347,348.55,2460
PRABHAT,20190118,94,95,91,91.9,36701
PRADIP,20190118,1.25,1.35,1.25,1.35,6271
PRAENG,20190118,8.5,8.8,8.5,8.65,2203
PRAJIND,20190118,143.3,149.2,138,139.85,9458173
PRAKASH,20190118,94.5,94.9,88.4,89.8,512064
PRAKASHCON,20190118,4.15,4.15,4,4.15,133759
PRAKASHSTL,20190118,0.3,0.3,0.3,0.3,6526
PRAXIS,20190118,169,170,167.05,168.25,14311
PRECAM,20190118,66.95,67.4,66.5,66.9,4759
PRECOT,20190118,63.05,65.65,63,65.65,322
PRECWIRE,20190118,229.9,231.4,226.25,227.35,4454
PREMEXPLN,20190118,234.35,239.7,230.05,232.9,5181
PREMIER,20190118,7.25,7.9,7,7.55,10328
PREMIERPOL,20190118,27.45,29.65,27.45,28.3,3381
PRESSMN,20190118,32,32.45,31.05,31.85,2742
PRESTIGE,20190118,216,216.25,211,211.4,61452
PRICOLLTD,20190118,49.55,49.55,48.45,48.8,35972
PRIMESECU,20190118,44.05,44.4,43.05,43.4,7236
PROSEED,20190118,0.7,0.7,0.7,0.7,52089
PROVOGE,20190118,2.35,2.55,2.35,2.4,24874
PROZONINTU,20190118,31.05,31.25,30.5,30.55,56034
PRSMJOHNSN,20190118,85,85.2,83.3,84,86907
PSB,20190118,31.45,31.45,30.5,30.6,56933
PSL,20190118,1.3,1.3,1.25,1.25,75200
PSPPROJECT,20190118,411.35,411.35,395.2,400.6,18515
PSUBNKBEES,20190118,342.96,355,339.72,347.18,3839
PTC,20190118,89.5,90.3,87,87.35,1068663
PTL,20190118,42.7,42.7,41,41.25,2864
PUNJABCHEM,20190118,751.35,755,743,748.8,5827
PUNJLLOYD,20190118,4.2,4.2,4,4,1335967
PURVA,20190118,79.55,80.35,76.5,76.85,54075
PVP,20190118,4,4.05,3.8,3.8,196346
PVR,20190118,1631.5,1636.9,1611.15,1621.05,216452
QGOLDHALF,20190118,1434,1436.9,1425,1425.4,82
QNIFTY,20190118,1107,1107,1107,1107,10
QUESS,20190118,689.65,689.65,674.15,677.6,26753
QUICKHEAL,20190118,209.95,210.45,204.1,206.8,32455
QUINTEGRA,20190118,0.5,0.5,0.5,0.5,2850
RADAAN,20190118,3.8,3.9,3.8,3.8,67984
RADICO,20190118,414,415,401.75,407.25,228589
RADIOCITY,20190118,301,301,293,293.35,2876
RAIN,20190118,121.05,122.4,117.5,120.2,583353
RAINBOWPAP,20190118,1,1,1,1,2677
RAJESHEXPO,20190118,590.9,593.9,577,580.15,170184
RAJSREESUG,20190118,23.1,23.8,22.75,22.85,3537
RAJTV,20190118,47.2,48.45,47,47,1487
RALLIS,20190118,168,168.9,162,164.4,1371462
RAMANEWS,20190118,25,25.7,24.35,24.55,47623
RAMASTEEL,20190118,98,102.5,97.5,101.7,53862
RAMCOCEM,20190118,631.9,631.9,620,622.85,114646
RAMCOIND,20190118,219.65,220.3,215,215.7,13864
RAMCOSYS,20190118,263.05,264.35,256,256.8,11617
RAMGOPOLY,20190118,3.25,3.25,3.1,3.1,101
RAMKY,20190118,146.8,147.35,140.65,142,16795
RANASUG,20190118,3.35,3.4,3.3,3.3,118192
RANEENGINE,20190118,450.4,454.9,450,450.1,633
RANEHOLDIN,20190118,1175,1185,1120,1137.1,1395
RATNAMANI,20190118,922.5,926.3,912,920.4,1947
RAYMOND,20190118,814.7,814.7,797.9,806.95,644948
RBL,20190118,565,565,553.05,555.3,1964
RBLBANK,20190118,569.1,571.9,560.5,569.65,625098
RCF,20190118,65.05,65.4,64.25,64.5,609583
RCOM,20190118,13.6,13.6,13.25,13.35,50095135
RECLTD,20190118,128.4,129.3,125.25,126.15,6614737
REDINGTON,20190118,81.5,81.75,79.5,80,209394
REFEX,20190118,21.4,21.4,20.4,21.4,71204
REGENCERAM,20190118,4.95,4.95,4.9,4.9,504
RELAXO,20190118,740.1,759,730.2,748.6,13437
RELCAPITAL,20190118,219.4,219.5,209.1,210.05,5310518
RELCNX100,20190118,114.22,114.22,113.32,114.2,57
RELCONS,20190118,52.05,52.05,51.5,51.69,1675
RELDIVOPP,20190118,29.26,29.26,29,29,47
RELIANCE,20190118,1148.8,1189.9,1135.25,1184.35,25684142
RELIGARE,20190118,26.6,26.9,26,26.2,87319
RELINFRA,20190118,299,304,292.3,298.3,6027997
RELNV20,20190118,543.4,545,538.6,545,266
REMSONSIND,20190118,117,120.7,107.85,120.05,17228
RENUKA,20190118,11,11.15,10.25,10.7,1344454
REPCOHOME,20190118,447.9,448.85,427.65,430.7,425419
REPRO,20190118,585.75,593,581,586.35,840
RESPONIND,20190118,95.55,96,93.1,94.85,155706
REVATHI,20190118,385,385,380,383.05,161
RHFL,20190118,38.65,39.05,38.05,38.45,136836
RICOAUTO,20190118,69.5,70.1,69.1,69.8,64692
RIIL,20190118,341,344.65,335.35,338.75,395981
RITES,20190118,255.5,258.7,251.15,254.15,182115
RJL,20190118,308.05,309.2,306.5,307.35,4054
RKDL,20190118,8.6,9.4,8.6,8.9,80062
RKFORGE,20190118,510.05,517,456,491.6,83384
RMCL,20190118,24.85,25.45,23.8,25.15,173801
RML,20190118,487.15,489.2,479.5,482.8,1471
RNAM,20190118,154.9,154.9,151.85,152.25,30265
RNAVAL,20190118,13.4,13.4,12.9,13,1065576
ROHITFERRO,20190118,1.6,1.65,1.6,1.65,2700
ROHLTD,20190118,123.8,125.75,121.5,124.4,48232
ROLLT,20190118,3,3,2.75,2.8,16614
ROLTA,20190118,8.15,8.15,7.8,7.85,738959
ROSSELLIND,20190118,83.05,86,81.6,84,12751
RPGLIFE,20190118,229.5,230.7,226.5,226.95,10334
RPOWER,20190118,29.3,29.5,28.4,28.5,4861476
RPPINFRA,20190118,137.45,137.85,131,131.3,294725
RRSLGETF,20190118,18.05,18.06,18.05,18.06,25000
RSSOFTWARE,20190118,34.75,34.9,33.7,34,38252
RSWM,20190118,230.9,234,229.6,230.5,22248
RSYSTEMS,20190118,53,53,51.85,52.05,47592
RTNINFRA,20190118,3.7,3.75,3.6,3.7,153003
RTNPOWER,20190118,3.65,3.7,3.6,3.6,748774
RUBYMILLS,20190118,309.25,309.25,292,295.65,11094
RUCHINFRA,20190118,3.7,3.7,3.5,3.55,58481
RUCHIRA,20190118,125,125,119.65,120,24015
RUCHISOYA,20190118,7.9,8,7.55,7.6,830967
RUPA,20190118,351.8,353.15,348,349,12194
RUSHIL,20190118,572,577.05,549.95,560.25,15829
SABEVENTS,20190118,3.65,3.65,3.65,3.65,1000
SABTN,20190118,5.85,5.85,5.65,5.7,16168
SADBHAV,20190118,214.05,217.9,205.15,206.85,44322
SADBHIN,20190118,94.2,94.95,93.3,94.5,4285
SAGCEM,20190118,653.7,655.85,642,645.25,1132
SAIL,20190118,50,50.45,49.5,49.7,9014258
SAKHTISUG,20190118,12.85,12.95,12.55,12.7,14222
SAKSOFT,20190118,286.3,286.3,281,282.25,1289
SAKUMA,20190118,37.35,39.4,37.05,39.2,1148862
SALASAR,20190118,287.9,287.9,282.05,285,4107
SALONA,20190118,72.5,77.9,72.25,75.6,3831
SALSTEEL,20190118,6.4,6.6,6.4,6.45,8600
SALZERELEC,20190118,134.05,134.05,132,132,1537
SAMBHAAV,20190118,4.7,4.85,4.65,4.75,16501
SANCO,20190118,15.25,15.75,15.05,15.5,7527
SANDESH,20190118,785.3,803.55,765,771.8,3425
SANDHAR,20190118,259,263.85,254.8,258.95,63612
SANGAMIND,20190118,65.2,65.4,64.2,65,11186
SANGHIIND,20190118,57.1,59,56.7,58.5,54975
SANGHVIFOR,20190118,27.9,27.9,25.9,27.25,813
SANGHVIMOV,20190118,104.7,105.8,103.95,105,16845
SANOFI,20190118,6362.75,6438,6326.95,6389.15,1891
SANWARIA,20190118,10.2,10.55,10.1,10.3,1459283
SARDAEN,20190118,256.45,256.45,252.1,252.3,4975
SAREGAMA,20190118,604.85,617,602.05,615.2,11567
SARLAPOLY,20190118,29.9,29.95,29.3,29.3,11576
SASKEN,20190118,666.7,675,666.2,671.05,2790
SASTASUNDR,20190118,90,90.5,87.1,90.45,14291
SATHAISPAT,20190118,9.35,9.5,9.2,9.45,11583
SATIN,20190118,249.55,257.05,249.15,254.05,108805
SBIETFQLTY,20190118,95.95,95.95,93.6,94.13,463
SBILIFE,20190118,627,629.5,615,620.2,107504
SBIN,20190118,298.75,299.85,294.25,294.95,9082501
SCAPDVR,20190118,0.7,0.75,0.7,0.75,240272
SCHAEFFLER,20190118,5616.95,5650,5565.5,5631.05,310
SCHAND,20190118,228,241.8,228,236.8,65860
SCHNEIDER,20190118,97.4,97.4,96,96.3,19432
SCI,20190118,45.25,45.45,44.5,44.6,129667
SDBL,20190118,151.05,151.95,146.45,148.9,24423
SEAMECLTD,20190118,247,254.95,244.4,252,51171
SELAN,20190118,184.75,186.8,183.2,184.2,40506
SELMCL,20190118,1.35,1.35,1.35,1.35,14081
SEPOWER,20190118,4.75,4.75,4.55,4.7,3397
SEQUENT,20190118,82.1,85.75,81.75,83.3,1228899
SESHAPAPER,20190118,1047.3,1059.7,1044,1051.75,3700
SETCO,20190118,34.3,34.3,33.75,33.85,77043
SETFGOLD,20190118,2917,2927,2907.65,2910.4,2003
SETFNIF50,20190118,111.33,111.33,110.4,110.89,72043
SETFNIFBK,20190118,277.15,278.33,276.95,276.96,552
SETFNN50,20190118,281.05,281.52,278.8,279.27,2849
SFL,20190118,1310,1310,1286.95,1295.05,7308
SGL,20190118,7.8,8.1,7.8,8.1,1250
SHAHALLOYS,20190118,21.5,22.25,20.5,20.85,1031
SHAKTIPUMP,20190118,417.95,418.7,405.55,406.65,35100
SHALBY,20190118,145.1,146.3,144.05,145.9,13395
SHALPAINTS,20190118,68.4,68.4,65.8,66.15,159166
SHANKARA,20190118,516,519.95,505.8,507.85,39364
SHANTIGEAR,20190118,127.55,128.3,127.4,127.55,6192
SHARDACROP,20190118,309.9,311.8,307,309.35,4472
SHARDAMOTR,20190118,1472.05,1475.05,1435.6,1451.9,148
SHARIABEES,20190118,237,240.8,235.3,235.5,30
SHEMAROO,20190118,438.6,443,428.5,429,3570
SHILPAMED,20190118,397.55,409,390,398.25,55146
SHIRPUR-G,20190118,83.4,86,82.2,84.5,4044
SHIVAMAUTO,20190118,42.8,42.9,42.5,42.6,24283
SHIVAMILLS,20190118,61.5,61.5,57.5,58.55,9365
SHIVATEX,20190118,198.1,204.3,192,194.05,1411
SHK,20190118,182.35,189.8,179,180.25,105660
SHOPERSTOP,20190118,506.15,514,503,508.4,13496
SHREECEM,20190118,15900,15979,15475,15590.25,16832
SHREEPUSHK,20190118,151.5,151.5,145,149.55,55203
SHREERAMA,20190118,6.1,6.2,5.8,5.9,4141
SHREYANIND,20190118,140.35,143.4,139.5,140,4049
SHREYAS,20190118,205.15,210.25,205,208.4,2116
SHRIPISTON,20190118,1149,1149,1085.1,1143.45,23
SHRIRAMCIT,20190118,1730.6,1798.9,1729,1773.4,3911
SHRIRAMEPC,20190118,11,11.15,10.65,10.65,53109
SHYAMCENT,20190118,6.35,6.35,6.25,6.25,13025
SHYAMTEL,20190118,7.1,7.1,7.1,7.1,7
SICAGEN,20190118,25.35,28.55,24.2,25.8,145378
SICAL,20190118,148.4,148.8,142.8,143.65,6025
SIEMENS,20190118,1067.95,1067.95,1050,1054.75,117785
SIGIND,20190118,42,42.9,42,42.45,3890
SIL,20190118,15.6,16,15.25,15.65,5436
SILINV,20190118,225,228.45,220.45,221.65,2536
SIMBHALS,20190118,11.05,11.4,10.85,10.85,4016
SIMPLEXINF,20190118,188.8,188.95,183.1,184.2,10399
SINTEX,20190118,11.4,11.45,11.05,11.1,1529886
SIS,20190118,761.05,777,761,770.55,2821
SITASHREE,20190118,0.65,0.7,0.65,0.65,10321
SITINET,20190118,10,10.35,9.9,10.1,14818
SIYSIL,20190118,355,355,335.15,345.6,7299
SJVN,20190118,25.8,25.85,25.3,25.35,309014
SKFINDIA,20190118,1936,1943.5,1925,1929.55,9752
SKIL,20190118,14.7,14.7,14.7,14.7,1009
SKIPPER,20190118,78.85,87,77.55,78.3,425075
SKMEGGPROD,20190118,67,67.35,65.7,65.9,8314
SMARTLINK,20190118,88.05,88.05,86,86.65,2415
SMLISUZU,20190118,628,639,628,634.2,2523
SMPL,20190118,0.4,0.45,0.4,0.4,28034
SMSLIFE,20190118,715,764.45,664.5,722.1,105291
SMSPHARMA,20190118,80.75,81.9,74.8,76.35,126346
SNOWMAN,20190118,34.6,34.9,34.35,34.5,108918
SOBHA,20190118,513,514.2,485,502.25,593642
SOLARA,20190118,337.95,340,332.25,334.25,33210
SOLARINDS,20190118,1030.15,1049.95,1014.05,1029.85,11796
SOMANYCERA,20190118,369.5,369.55,357.2,358.7,39582
SOMATEX,20190118,4.7,4.95,4.65,4.7,3074
SOMICONVEY,20190118,32.4,32.9,31.1,31.9,315
SONATSOFTW,20190118,312.9,314.9,304,306.15,136964
SORILINFRA,20190118,380.95,387.3,362.6,368.3,179118
SOTL,20190118,1012.2,1012.2,955,961.6,5071
SOUTHBANK,20190118,15.75,15.85,15.5,15.55,10627342
SPAL,20190118,233.75,233.8,230,231.4,6605
SPARC,20190118,172.35,172.9,145,148.25,8363612
SPCENET,20190118,0.8,0.9,0.8,0.9,2861
SPECIALITY,20190118,110.1,110.8,105.4,108.6,777879
SPENTEX,20190118,1.7,1.7,1.7,1.7,339
SPIC,20190118,27.9,28,27.25,27.4,17982
SPICEMOBI,20190118,11.05,11.25,11,11.25,573
SPLIL,20190118,71.4,71.4,67,68.6,77090
SPMLINFRA,20190118,38.85,39.25,38.4,38.6,2366
SPTL,20190118,22.9,23.25,22.5,22.65,1411159
SPYL,20190118,0.25,0.3,0.25,0.25,19103
SQSBFSI,20190118,452.85,452.85,446,450.8,1244
SREEL,20190118,221.35,225.6,219.65,222.3,14217
SREINFRA,20190118,34,35.25,33.3,33.5,6659680
SRF,20190118,2052,2082.8,2044.9,2071.15,232828
SRHHYPOLTD,20190118,160.55,160.55,154.4,154.95,1660
SRIPIPES,20190118,188.05,188.05,183.5,183.9,14401
SRTRANSFIN,20190118,1159,1167.4,1131.35,1135.8,1077840
SSWL,20190118,889,898.1,886.8,887.6,3106
STAMPEDE,20190118,1.15,1.15,1.05,1.05,348184
STAR,20190118,527.3,529.4,504.5,517.25,1678240
STARCEMENT,20190118,96.75,98,96,96.45,13782
STARPAPER,20190118,153.05,153.1,147.1,148.55,47637
STCINDIA,20190118,129.2,132.4,128.25,128.85,67774
STEELXIND,20190118,13.65,13.85,12.6,13.25,4367
STEL,20190118,105.75,106.35,105.75,105.85,19001
STERTOOLS,20190118,349.45,349.45,341.25,342.1,2628
STINDIA,20190118,10.7,11.45,10.7,10.8,1135
STRTECH,20190118,290.9,298,288.5,291.35,1731114
SUBEX,20190118,6.5,6.8,6.35,6.75,1580711
SUBROS,20190118,264.1,265.45,254.95,256.55,11490
SUDARSCHEM,20190118,338.5,338.5,329,330.35,19404
SUJANAUNI,20190118,0.25,0.3,0.25,0.25,70595
SUMEETINDS,20190118,3.95,3.95,3.75,3.85,97020
SUMMITSEC,20190118,542.25,554,535.6,547.95,1737
SUNCLAYLTD,20190118,3349,3349,3221.2,3237.9,382
SUNDARAM,20190118,2.05,2.05,1.95,2,267741
SUNDARMFIN,20190118,1458.35,1480,1454.85,1477.55,13657
SUNDARMHLD,20190118,100.2,100.2,96.4,97.45,8641
SUNDRMBRAK,20190118,388,388,371.15,373.7,855
SUNDRMFAST,20190118,537.2,539.15,518.2,519.95,109439
SUNFLAG,20190118,53.55,53.9,53.1,53.35,54595
SUNILHITEC,20190118,1.4,1.45,1.35,1.35,373434
SUNPHARMA,20190118,424.05,424.1,370.2,390.75,82906214
SUNTECK,20190118,345.15,347.6,336,339.2,101745
SUNTV,20190118,568,568,513.15,525.2,6658747
SUPERHOUSE,20190118,136.1,137,134.1,135.8,2990
SUPERSPIN,20190118,7.45,7.45,7.45,7.45,2555
SUPPETRO,20190118,191.8,192.25,188.65,190.1,13953
SUPRAJIT,20190118,225.05,227,217.1,219.65,19828
SUPREMEIND,20190118,1071,1078.95,1051.2,1066.25,29755
SUPREMEINF,20190118,21.05,21.85,20.7,20.7,56297
SURANASOL,20190118,8.55,8.9,8.55,8.8,6806
SURANAT&P,20190118,4.7,4.7,4.5,4.6,1857
SURYALAXMI,20190118,44,44.5,41.5,42.1,9566
SURYAROSNI,20190118,244.5,249.9,239.1,242,99014
SUTLEJTEX,20190118,43.15,43.2,41.8,41.8,7116
SUVEN,20190118,219.5,220.35,217,217.8,154896
SUZLON,20190118,5.3,5.35,5.2,5.25,17363199
SWANENERGY,20190118,98.5,100.45,98,98.3,264363
SWARAJENG,20190118,1604,1604,1530.1,1550.7,2677
SWELECTES,20190118,269.05,270,266.55,268.15,1851
SYMPHONY,20190118,1167.45,1167.45,1131.65,1137.8,5502
SYNCOM,20190118,2.95,2.95,2.75,2.75,28308
SYNDIBANK,20190118,39.5,39.5,37.6,37.8,4498325
SYNGENE,20190118,563.9,568.95,555.65,561.85,16322
TAINWALCHM,20190118,69.25,71.9,68,70.4,3155
TAJGVK,20190118,180,180,175.1,176,9924
TAKE,20190118,151.8,154.85,150.35,154.3,64892
TALBROAUTO,20190118,233.75,237.4,227.05,229.75,4393
TALWALKARS,20190118,41.4,42.9,41,42.15,39054
TALWGYM,20190118,117.55,118,114,116.25,20559
TANLA,20190118,30.15,31.1,29.95,30.85,123241
TANTIACONS,20190118,4.3,4.45,4.3,4.45,5021
TARAJEWELS,20190118,1.2,1.2,1.1,1.2,117062
TARAPUR,20190118,3.5,3.5,3.5,3.5,1
TARMAT,20190118,42.75,42.75,40.2,40.8,6402
TASTYBITE,20190118,8520.25,8639.45,8200.15,8270.05,363
TATACHEM,20190118,691.2,695.85,685.55,693.7,185280
TATACOFFEE,20190118,99.65,99.65,97.35,97.75,99460
TATACOMM,20190118,529.1,543.15,516.05,520.05,844270
TATAELXSI,20190118,970,973.15,959.1,962.9,366679
TATAGLOBAL,20190118,218.4,218.5,213.7,216.25,771653
TATAINVEST,20190118,837.95,839.15,830.05,835.4,6674
TATAMETALI,20190118,615,618.7,596,602.9,32613
TATAMOTORS,20190118,185.65,185.65,181.3,183.3,6797621
TATAMTRDVR,20190118,98.5,98.55,96.1,97.1,1162618
TATAPOWER,20190118,76,76.45,75.15,76,4009644
TATASPONGE,20190118,790.35,790.35,768.95,770.5,104627
TATASTEEL,20190118,473.55,477.7,468,470.65,4914849
TATASTLBSL,20190118,36.2,36.2,35.3,35.65,455900
TBZ,20190118,63.45,64.45,63,63.05,25001
TCI,20190118,298.45,298.45,290.55,292.65,12457
TCIDEVELOP,20190118,354.25,358,354,356.95,128
TCIEXP,20190118,630.2,634.8,630.2,632,5029
TCIFINANCE,20190118,15.1,18.3,14.8,17.2,1118314
TCNSBRANDS,20190118,722,734.3,721.2,727.55,20488
TCPLPACK,20190118,439,439,422,422.3,412
TCS,20190118,1881,1904.2,1876,1900.65,1683728
TDPOWERSYS,20190118,127.95,128,126.25,127.2,17077
TEAMLEASE,20190118,2750.15,2766.5,2681.15,2698.4,2559
TECHIN,20190118,6.2,6.5,6.2,6.5,74
TECHM,20190118,705,714.2,702.35,709.15,1888004
TECHNOE,20190118,245.3,249.55,242.75,245.5,14431
TECHNOFAB,20190118,135.45,136.9,135,135.3,1860
TEJASNET,20190118,221.25,224.6,215.2,216.2,20565
TERASOFT,20190118,47.05,47.05,45.55,45.95,10126
TEXINFRA,20190118,65,65.5,62.1,62.55,32329
TEXMOPIPES,20190118,22.3,23.2,22,22.05,34629
TEXRAIL,20190118,60.7,61,58.5,58.8,402501
TFCILTD,20190118,127.35,140.35,126.8,138,1750382
TFL,20190118,4.65,4.85,4.55,4.85,602
TGBHOTELS,20190118,19.8,19.9,18.9,18.95,31781
THANGAMAYL,20190118,348.4,348.4,337.95,341.85,2721
THEINVEST,20190118,150,150,140.05,142.25,4696
THEMISMED,20190118,330.05,330.05,312,312.45,6288
THERMAX,20190118,1079.25,1113.95,1062.2,1080.5,50378
THIRUSUGAR,20190118,30,30.9,28.5,29.1,10385
THOMASCOOK,20190118,232,232,228.15,229.95,342977
THOMASCOTT,20190118,7.95,7.95,7.95,7.95,30
THYROCARE,20190118,546.8,546.8,538.55,542.2,4392
TI,20190118,17.5,17.5,16.05,16.1,156165
TIDEWATER,20190118,5294.15,5340.95,5234.8,5282.3,475
TIFIN,20190118,464.65,474.5,457,469.5,24761
TIIL,20190118,592.9,592.9,552.55,582.45,34346
TIINDIA,20190118,331.95,344,329,341.7,73972
TIJARIA,20190118,19.25,19.75,18.8,19.1,35131
TIL,20190118,270.45,270.45,262.5,264.35,1021
TIMESGTY,20190118,32,33.45,31.05,31.25,2252
TIMETECHNO,20190118,101.6,102.65,99.1,100.4,60151
TIMKEN,20190118,581,584.9,575.55,578.35,9424
TINPLATE,20190118,150,150.5,145.5,146.3,188900
TIPSINDLTD,20190118,60.8,61,59.75,60.9,795
TIRUMALCHM,20190118,107.85,108,105.7,106.05,139655
TITAN,20190118,961.55,965,954.05,960.95,1168989
TMRVL,20190118,35.05,35.05,34.2,34.25,5974
TNPETRO,20190118,39,39,38.4,38.7,51557
TNPL,20190118,239.55,241.95,236.95,239.45,47114
TOKYOPLAST,20190118,50.15,52,45.95,51.8,7523
TORNTPHARM,20190118,1899.5,1927.45,1888,1897.75,348517
TORNTPOWER,20190118,262.9,268.45,259.4,264.95,2065303
TPLPLASTEH,20190118,139,139.3,133.05,133.65,16862
TREEHOUSE,20190118,4.45,4.6,4.45,4.55,21119
TREJHARA,20190118,40.35,40.35,38.5,38.7,18996
TRENT,20190118,353.05,361,351.5,359,44550
TRF,20190118,123.55,124.45,119.05,119.45,16548
TRIDENT,20190118,71.5,71.5,69.6,69.95,517614
TRIGYN,20190118,85.55,85.85,80.95,82.8,66545
TRIL,20190118,13.8,14,13.65,13.8,27513
TRITURBINE,20190118,113.45,113.95,112.2,113.4,17003
TRIVENI,20190118,48.5,48.5,47.55,47.65,313382
TTKHLTCARE,20190118,757.35,780.4,749.35,758.35,1805
TTKPRESTIG,20190118,7581.05,7730,7551.8,7678.15,3362
TTL,20190118,66.5,67.5,64.3,64.95,5717
TTML,20190118,3.85,4.1,3.8,4,985133
TV18BRDCST,20190118,36.4,36.4,33.8,34.05,8273973
TVSELECT,20190118,217.8,217.8,201.6,203.35,227081
TVSMOTOR,20190118,549.9,549.9,531.9,535.65,479977
TVSSRICHAK,20190118,2393,2438.9,2383,2420.85,1369
TVTODAY,20190118,373.9,373.9,367.3,371.7,5641
TVVISION,20190118,4.9,4.9,4.45,4.5,74293
TWL,20190118,80.2,80.5,78.4,78.8,198120
UBL,20190118,1412.15,1420,1388.8,1414.8,163769
UCALFUEL,20190118,181.65,181.65,175.65,176.35,3106
UCOBANK,20190118,20.9,20.9,20.45,20.5,391173
UFLEX,20190118,269,269.85,265.25,266.7,31782
UFO,20190118,263.4,264.95,260.05,262.15,1813
UGARSUGAR,20190118,13.4,13.75,13.15,13.25,38272
UJAAS,20190118,7.5,7.5,7.15,7.25,199310
UJJIVAN,20190118,288.25,289.8,275.4,286.45,1701648
ULTRACEMCO,20190118,3859,3859,3771.6,3819.95,237908
UMANGDAIRY,20190118,63,63,59.15,59.7,3886
UNICHEMLAB,20190118,212.65,214.7,205.5,208.15,45531
UNIENTER,20190118,101.1,102.95,100.8,101.7,5398
UNIONBANK,20190118,95,95.3,91.65,92.5,7303587
UNIPLY,20190118,58,58.7,56.1,56.4,119585
UNITECH,20190118,1.95,2,1.95,1.95,1673060
UNITEDBNK,20190118,12.35,12.5,12.05,12.05,507269
UNITEDTEA,20190118,330,344.5,325.1,332.7,449
UNIVCABLES,20190118,269.55,270.15,261.8,263.6,19376
UPL,20190118,768,771,764,766.05,919475
URJA,20190118,3.25,3.4,3.15,3.35,1237659
USHAMART,20190118,32.65,32.85,31.7,32.25,322237
USHERAGRO,20190118,1.9,2.05,1.9,2.05,2079
UTINEXT50,20190118,284.89,284.89,278.05,284.1,120
UTINIFTETF,20190118,1132.5,1141,1132.5,1141,13
UTTAMSTL,20190118,10.1,10.3,9.85,9.9,108989
UTTAMSUGAR,20190118,97.1,97.6,93.45,94.15,45343
UVSL,20190118,0.15,0.15,0.1,0.1,8330422
V2RETAIL,20190118,269.5,275,266.7,270.85,12557
VADILALIND,20190118,512.5,515.45,499.65,510.7,4726
VAIBHAVGBL,20190118,713.55,714.6,707,712,1739
VAKRANGEE,20190118,50.5,50.5,49.5,50.5,5952830
VARDHACRLC,20190118,45,45.35,44.2,45.1,19648
VARDMNPOLY,20190118,11.85,11.85,11.3,11.5,3680
VARROC,20190118,711.1,726,707.9,722.1,43686
VASCONEQ,20190118,18.2,18.2,17.2,17.3,141557
VASWANI,20190118,12,12,11.45,11.55,6976
VBL,20190118,822.75,826.5,805.95,816.75,34244
VEDL,20190118,199,200,196.25,198.7,8307081
VENKEYS,20190118,2350,2358.9,2309.1,2320.65,19095
VENUSREM,20190118,42.45,43.05,41.2,42.1,16906
VESUVIUS,20190118,1220.05,1237,1201.05,1205,618
VETO,20190118,66.2,68.9,66.2,68.2,15207
VGUARD,20190118,207.35,207.8,204.8,207.3,306847
VHL,20190118,2350,2364.05,2309.95,2317.2,223
VICEROY,20190118,4.5,4.6,4.3,4.5,22953
VIDHIING,20190118,81.25,82,77.1,79.5,42913
VIJAYABANK,20190118,47.45,47.55,46.6,46.75,539674
VIJIFIN,20190118,1.55,1.55,1.55,1.55,41596
VIJSHAN,20190118,6.8,7.1,6.5,6.55,15090
VIKASECO,20190118,13.7,13.7,12.75,13,519636
VIMTALABS,20190118,284.05,293.95,276.55,280.3,22132
VINATIORGA,20190118,1591.25,1614.5,1575.05,1588.9,8085
VINDHYATEL,20190118,1791.15,1791.15,1761,1762.25,1296
VINYLINDIA,20190118,83.2,83.3,81.25,82.15,6499
VIPCLOTHNG,20190118,27.6,27.95,26.5,26.85,95578
VIPIND,20190118,519.7,520,508,511.8,152860
VIPULLTD,20190118,33,33.3,32.6,33.15,18807
VISAKAIND,20190118,429.15,431.7,425.7,427.7,48370
VISASTEEL,20190118,8.85,8.85,8.15,8.4,17021
VISESHINFO,20190118,0.05,0.1,0.05,0.05,1077208
VISHNU,20190118,157.85,157.85,152.5,153.1,1165
VIVIDHA,20190118,0.75,0.8,0.7,0.75,363349
VIVIMEDLAB,20190118,33.9,33.9,32.95,33.3,220649
VLSFINANCE,20190118,57.2,57.2,55,55.1,19391
VMART,20190118,2275,2348.7,2270,2298,71569
VOLTAMP,20190118,1108.05,1114.45,1092.05,1093.85,1591
VOLTAS,20190118,535.5,537.8,532.25,535.15,371360
VRLLOG,20190118,290,293.15,286.05,288.7,46490
VSSL,20190118,95,95.7,92.5,93,6852
VSTIND,20190118,3270,3270,3179.95,3209.65,2338
VSTTILLERS,20190118,1588.95,1600,1585,1598.6,897
VTL,20190118,1078.6,1090.1,1068,1072.45,2734
WABAG,20190118,311.45,311.45,296.25,300.6,134456
WABCOINDIA,20190118,6387,6493.8,6345.55,6384.45,747
WALCHANNAG,20190118,99,99.25,97.3,97.85,122325
WANBURY,20190118,18.65,19.4,18.65,19.2,100
WEBELSOLAR,20190118,26.35,27.55,26.25,27.55,80607
WEIZFOREX,20190118,512.35,512.9,511.95,511.95,2556
WEIZMANIND,20190118,46,46,44.25,44.6,1192
WELCORP,20190118,125,126,119.5,119.9,288413
WELENT,20190118,109.35,110.5,105.35,108.25,533946
WELINV,20190118,151.2,158,147.5,153.4,11581
WELSPUNIND,20190118,61.1,61.5,60.15,60.4,349885
WENDT,20190118,3057.25,3057.25,2990,3001.65,593
WHEELS,20190118,869.9,873,858,869.5,1343
WHIRLPOOL,20190118,1480,1485.9,1458,1460.6,47834
WILLAMAGOR,20190118,60.75,62.85,57.55,58.3,18148
WINDMACHIN,20190118,66.15,66.65,64.65,65.3,322700
WINSOME,20190118,1.25,1.25,1.15,1.15,5410
WIPL,20190118,96.35,101.15,96,101.15,6969
WIPRO,20190118,336,347.5,333.4,346.15,10091966
WOCKPHARMA,20190118,503,503.6,486.6,489.35,1504398
WONDERLA,20190118,277.8,280,275.25,277.1,15122
WSTCSTPAPR,20190118,301.8,301.8,288.6,291.25,31370
XCHANGING,20190118,46.7,46.7,45,45.45,9028
XLENERGY,20190118,1.05,1.05,1.05,1.05,250
XPROINDIA,20190118,43.7,43.7,40.15,40.75,2221
YESBANK,20190118,202,203.05,196.2,198.6,41858021
ZEEL,20190118,441.8,445,436.2,440.3,4546785
ZEELEARN,20190118,36.15,36.15,35.4,35.65,83394
ZEEMEDIA,20190118,24.75,25.05,24.3,24.5,228902
ZENITHBIR,20190118,0.75,0.8,0.75,0.8,26285
ZENITHEXPO,20190118,42.95,43.05,39.5,43.05,936
ZENSARTECH,20190118,232.9,236.95,232.9,235,17368
ZENTEC,20190118,79.6,82.2,79.05,79.7,32409
ZICOM,20190118,6.35,6.4,6.15,6.25,27210
ZODIACLOTH,20190118,138.9,139.05,135,138.5,475
ZODJRDMKJ,20190118,39.05,39.15,38.55,39.15,422
ZUARI,20190118,236.9,237.55,226.05,228.35,25076
ZUARIGLOB,20190118,120.7,121.15,118.7,119.2,18382
ZYDUSWELL,20190118,1352.15,1367.85,1270.55,1290.9,9339
NSENIFTY,20190118,10914.85,10928.20,10852.20,10906.95,323814108,0
NIFTYJUNIOR,20190118,27763.45,27768.60,27335.20,27410.55,130958764,0
NIFTYMIDCAPLIQ15,20190118,4077.70,4078.00,4042.40,4054.70,62335989,0
NSE100,20190118,11135.25,11146.45,11066.85,11109.50,455935490,0
NIFTY200,20190118,5759.25,5764.35,5722.10,5741.35,682549732,0
NSE500,20190118,9173.20,9180.30,9113.45,9140.10,959390638,0
NSEMIDCAP150,20190118,6279.85,6280.35,6227.30,6233.05,232833237,0
MIDCAP50,20190118,4888.35,4888.95,4844.65,4853.30,156125418,0
NSEMIDCAP,20190118,17677.90,17682.95,17492.15,17517.20,226614242,0
NIFTYSMALLCAP250,20190118,-,-,-,5229.40,-,0
NIFTYSMALLCAP50,20190118,-,-,-,3117.85,-,0
NSESMLCAP100,20190118,6447.60,6447.85,6363.75,6371.20,-,0
NIFTYLARGEMIDCAP250,20190118,-,-,-,5715.33,688768727,0
NIFTYMIDSMALLCAP400,20190118,-,-,-,5879.85,-,0
NIFTYAUTO,20190118,8898.95,8907.65,8806.05,8844.80,30451018,0
BANKNIFTY,20190118,27550.05,27576.45,27410.65,27456.70,129067258,0
NIFTYFINSERVICE,20190118,11715.80,11724.15,11649.55,11678.25,55914762,0
NIFTYFMGC,20190118,30727.80,30855.95,30461.30,30540.35,21911405,0
NSEIT,20190118,14744.05,14923.75,14709.45,14892.95,34624811,0
NIFTYMEDIA,20190118,2434.40,2435.90,2379.65,2389.60,28418563,0
NIFTYMETAL,20190118,2969.75,2980.30,2940.75,2957.10,49723159,0
NIFTYPHARMA,20190118,8911.75,8912.55,8616.85,8689.60,95830878,0
NIFTYPVTBANK,20190118,15541.10,15559.85,15475.95,15505.80,107654633,0
NIFTYPSUBANK,20190118,3131.90,3140.30,3076.05,3083.95,60049969,0
NIFTYREALTY,20190118,242.70,242.90,237.15,238.30,8696914,0
NIFTYCOMMODITIES,20190118,3337.50,3345.50,3322.95,3335.25,109905914,0
NIFTYCONSUMPTION,20190118,4912.55,4920.95,4863.15,4878.65,88817322,0
NIFTYCPSE,20190118,2034.45,2042.50,2025.30,2028.20,41077960,0
NIFTYENERGY,20190118,14365.75,14667.10,14272.15,14607.50,62343301,0
NIFTY100ESG,20190118,-,-,-,2041.09,393519788,0
NIFTY100ENHESG,20190118,-,-,-,2077.69,288697016,0
NIFTYINFRA,20190118,3111.15,3112.50,3050.75,3055.50,152107087,0
NIFTYMNC,20190118,13694.25,13718.05,13569.85,13599.30,29184192,0
NIFTYPSE,20190118,3301.50,3310.65,3276.30,3280.85,80508760,0
NIFTYSMEEMERGE,20190118,-,-,-,1522.20,1098475,0
NIFTYSERVSECTOR,20190118,15154.80,15182.35,15079.10,15126.10,198667616,0
NIFTYSHARIAH25,20190118,-,-,-,4143.76,60195202,0
NIFTY50SHARIAH,20190118,-,-,-,2341.29,46787762,0
NIFTY500SHARIAH,20190118,-,-,-,2880.03,159916992,0
NIFTYABGROUP,20190118,-,-,-,3334.56,38850723,0
NIFTYMAHINDRA,20190118,-,-,-,11563.44,4568247,0
NIFTYTATA,20190118,-,-,-,6223.84,23937695,0
NIFTYTATA25CAP,20190118,-,-,-,4478.11,21671589,0
NIFTYABGROUP,20190118,-,-,-,3334.56,38850723,0
NIFTYLIQ15,20190118,3814.05,3814.65,3730.25,3752.55,195118973,0
NIFTY500VALUE50,20190118,-,-,-,4276.01,171778009,0
NIFTYALPHALOWVOL30,20190118,-,-,-,11550.45,83725960,0
NIFTYQUALLOWVOL30,20190118,-,-,-,8303.22,59179816,0
NIFTYALPHAQUALLOWVOL30,20190118,-,-,-,9364.03,82218646,0
NIFTYALPHAQUALVALLOWVOL30,20190118,-,-,-,7131.75,85825663,0
NIFTY50EQUALWEIGHT,20190118,11984.30,11989.95,11886.30,11922.30,323814108,0
NIFTY100EQUALWEIGHT,20190118,12934.90,12937.95,12780.10,12810.70,455935490,0
NIFTY100LOWVOL30,20190118,8539.25,8548.20,8503.45,8535.10,87067865,0
NSEDEFTY,20190118,-,-,-,5312.98,-,0
NIFTY50DIVPOINT,20190118,114.65,114.65,114.65,114.65,-,0
NIFTYDIVOPPS50,20190118,2588.25,2596.10,2576.60,2582.70,144832747,0
NIFTYALPHA50,20190118,12130.20,12152.00,12029.50,12048.15,78502214,0
NIFTY50ARBITRAGE,20190118,-,-,-,1768.31,-,0
NIFTY50FUTINDEX,20190118,-,-,-,3861.65,-,0
NIFTY50FUTTRINDEX,20190118,-,-,-,10905.67,-,0
NIFTYHIGHBETA50,20190118,-,-,-,1672.53,249809262,0
NIFTYLOWVOL50,20190118,-,-,-,9923.91,109292751,0
NIFTY200QUALITY30,20190118,-,-,-,9397.85,-,0
NIFTY50VALUE20,20190118,5166.05,5203.80,5148.25,5196.35,136132162,0
NIFTYGROWSECT15,20190118,6345.15,6352.85,6258.00,6290.35,110670523,0
NIFTY50TR2XLEV,20190118,5786.30,5799.90,5719.95,5777.90,-,0
NIFTY50PR2XLEV,20190118,4566.35,4577.05,4513.95,4559.70,-,0
NIFTY50TR1XINV,20190118,367.55,369.65,367.10,367.80,-,0
NIFTY50PR1XINV,20190118,413.65,416.05,413.15,413.95,-,0
NIFTY-GS-COMPSITE,20190118,1852.91,1852.91,1847.91,1847.64,-,0
NIFTY-GS-4-8YR,20190118,1931.83,1931.83,1928.59,1928.33,-,0
NIFTY-GS-8-13YR,20190118,1815.72,1815.72,1811.43,1809.80,-,0
NIFTY-GS-10YR,20190118,1693.60,1693.60,1687.19,1688.45,-,0
NIFTY-GS-10YR-CLN,20190118,912.49,912.49,909.03,909.71,-,0
NIFTY-GS-11-15YR,20190118,1899.58,1899.58,1892.49,1892.84,-,0
NIFTY-GS-15YRPLUS,20190118,2048.84,2048.84,2045.05,2042.59,-,0
VIX,20190118,16.24,16.91,12.31,16.62,0,0
