20MICRONS,20190809,35.7,36.6,34.8,36.15,23635
21STCENMGM,20190809,13.5,13.5,13.5,13.5,24
3IINFOTECH,20190809,2.15,2.2,1.8,2.05,4037146
3MINDIA,20190809,21287.95,21388.7,21200,21225.95,358
5PAISA,20190809,137.45,139.35,128.55,129.4,30887
63MOONS,20190809,100.9,103,99,99.65,138118
8KMILES,20190809,54.25,56.5,53.85,56.5,188998
A2ZINFRA,20190809,10.1,10.55,10,10.2,365353
AARTIDRUGS,20190809,467,468.65,460,465.1,9009
AARTIIND,20190809,1771,1800,1765,1767.05,18650
AARVEEDEN,20190809,18.05,18.1,16.95,17.35,7959
AAVAS,20190809,1548,1548,1521.05,1535.6,162009
ABAN,20190809,25,25.8,24.95,25.65,73453
ABB,20190809,1414.6,1422.7,1390,1396.7,31916
ABBOTINDIA,20190809,9099,9427.1,8961.6,9048.85,19832
ABCAPITAL,20190809,89,90.9,88.95,89.3,1088446
ABFRL,20190809,206,210.35,197.85,206.3,451980
ABSLNN50ET,20190809,263,265.17,262.7,263.01,10
ACC,20190809,1563,1588.35,1563,1574.6,642183
ACCELYA,20190809,761.25,789.6,761.25,768.7,2218
ACE,20190809,68.15,72,68.15,69.15,126079
ADANIENT,20190809,134.7,135.9,130.1,132.4,8589075
ADANIGAS,20190809,161.8,162.9,156.45,157.65,496456
ADANIGREEN,20190809,47.45,48.1,46.05,46.4,599088
ADANIPORTS,20190809,377.7,380.5,374.25,376.6,2223023
ADANIPOWER,20190809,60.5,61.75,59.6,60.55,9456081
ADANITRANS,20190809,219.8,222,216,218.15,152724
ADFFOODS,20190809,247.25,251,243,248.95,11973
ADHUNIK,20190809,1.25,1.3,1.25,1.25,16873
ADHUNIKIND,20190809,82,83.55,81,81.45,25868
ADLABS,20190809,4.05,4.05,3.9,4,57515
ADORWELD,20190809,297.1,302,295.65,298.55,4805
ADROITINFO,20190809,9.2,11,9.2,11,11752
ADSL,20190809,10.7,12.6,10.7,12.05,77312
ADVANIHOTR,20190809,54.95,55.7,54.1,54.65,2804
ADVENZYMES,20190809,158.35,159.8,155,155.4,34849
AEGISCHEM,20190809,191.5,202,191.5,198.7,122209
AFFLE,20190809,844.95,884.9,835.2,843.05,674521
AGARIND,20190809,114,128,112.65,117.75,4404
AGCNET,20190809,78,86.4,77.1,83.55,2189
AGLSL,20190809,43.6,46.15,43.6,44.1,2942
AGRITECH,20190809,50.6,53.4,50.6,50.85,26904
AGROPHOS,20190809,89.5,92,87.05,92,23974
AHLEAST,20190809,175.25,182,175.2,181.35,18
AHLUCONT,20190809,284.4,292.05,280.45,283.05,1273
AHLWEST,20190809,266,273.35,265,273.35,112
AIAENG,20190809,1666.1,1689.2,1635,1680.05,33598
AIONJSW,20190809,15.8,15.8,14.25,15.35,18526
AIRAN,20190809,20,20.25,19,19.7,9930
AJANTPHARM,20190809,951.35,963.9,947.05,952.7,125606
AJMERA,20190809,133.2,136.8,130,133,34034
AKSHARCHEM,20190809,241.9,244.8,233,235.05,1606
AKSHOPTFBR,20190809,8.6,9,8.5,8.85,262242
AKZOINDIA,20190809,1775,1799,1725,1732.35,19120
ALANKIT,20190809,22.65,23.9,22.15,23.25,236739
ALBERTDAVD,20190809,394,408,365,367.9,14395
ALBK,20190809,37.2,37.5,36.7,36.9,837567
ALCHEM,20190809,1.1,1.1,1,1.1,4325
ALEMBICLTD,20190809,42.5,44.9,42,44.55,317449
ALICON,20190809,400,413.5,400,410.9,800
ALKALI,20190809,43.1,44.75,42.3,42.35,6329
ALKEM,20190809,1722,1771.3,1703.25,1762.5,12433
ALKYLAMINE,20190809,788.8,800.35,780.2,792.45,9397
ALLCARGO,20190809,96.8,99.35,95.7,96.95,56241
ALLSEC,20190809,282.95,285.1,277.1,279.75,3624
ALMONDZ,20190809,12.55,12.55,12.15,12.5,1310
ALOKTEXT,20190809,2.75,2.8,2.65,2.75,4343994
ALPA,20190809,15.5,16.7,15.1,15.3,66545
ALPHAGEO,20190809,212,215.35,191,198.85,131396
ALPSINDUS,20190809,0.5,0.5,0.5,0.5,110
AMARAJABAT,20190809,647.6,656.45,621.65,627.5,1143011
AMBER,20190809,790.7,816.5,790,799.25,20783
AMBIKCO,20190809,929.75,929.75,900,906.3,4821
AMBUJACEM,20190809,208,214.9,208,212.95,5559737
AMDIND,20190809,14.85,14.85,13.4,13.5,4035
AMJLAND,20190809,17,17.85,16.5,17.7,680
AMRUTANJAN,20190809,290,296,290,293.65,17358
ANANTRAJ,20190809,26.45,27.7,26.4,27.3,148655
ANDHRABANK,20190809,19.85,20.4,19.7,19.85,446798
ANDHRACEMT,20190809,2,2.05,1.9,1.9,158845
ANDHRSUGAR,20190809,276.9,286,269.6,282.65,11336
ANIKINDS,20190809,8,8.9,7.95,8.65,2585
ANKITMETAL,20190809,0.5,0.55,0.5,0.55,1049
ANSALAPI,20190809,3.95,3.95,3.8,3.95,25964
ANSALHSG,20190809,4.25,4.45,4.2,4.35,41927
ANTGRAPHIC,20190809,0.85,0.9,0.85,0.9,33342
ANUP,20190809,445.05,464.7,445.05,457.5,13478
APARINDS,20190809,582.05,590,530.15,553.2,104033
APCL,20190809,163.25,163.25,155.4,158.9,7965
APCOTEXIND,20190809,210.25,212.6,208.25,209.3,7189
APEX,20190809,225.5,232,220.65,230.15,38332
APLAPOLLO,20190809,1359,1364.75,1318,1325.2,9685
APLLTD,20190809,526.3,550,526.3,545.65,218753
APOLLO,20190809,94,94,88.55,89.15,12526
APOLLOHOSP,20190809,1331,1371,1331,1358.8,399477
APOLLOTYRE,20190809,157.8,165.1,157.4,162.65,5025774
APOLSINHOT,20190809,880,895,879.95,880.05,1243
APTECHT,20190809,129.35,140.95,129.35,134.3,410139
ARCHIDPLY,20190809,26.95,28,24.1,25.75,40379
ARCHIES,20190809,17.3,17.85,17,17.45,11231
ARCOTECH,20190809,2.55,2.55,2.4,2.4,53352
ARIES,20190809,50.3,56.5,50.3,56.5,54761
ARIHANT,20190809,16.7,20.9,16.3,18.5,7850
ARIHANTSUP,20190809,32.7,34.85,32.7,34.05,3835
ARMANFIN,20190809,368.6,372.9,368,369.6,865
AROGRANITE,20190809,35,37.75,35,37.15,9299
ARROWGREEN,20190809,55.6,55.6,51.25,51.35,2834
ARROWTEX,20190809,11.85,11.85,10.95,11.15,7894
ARSHIYA,20190809,21.65,23.5,18.75,21.15,148264
ARSSINFRA,20190809,28.4,28.45,27.25,27.45,5598
ARVIND,20190809,54.55,56.2,53.2,54.15,5816380
ARVINDFASN,20190809,577.4,580.6,557,561.05,28302
ARVSMART,20190809,90.95,92.75,88.65,91.85,7132
ASAHIINDIA,20190809,193.95,197.25,190.05,195.6,12582
ASAHISONG,20190809,112.9,122.85,112.9,116.55,2563
ASAL,20190809,34,34.05,32.35,33.2,2008
ASHAPURMIN,20190809,24.95,24.95,24.95,24.95,18868
ASHIANA,20190809,109.05,112,107.35,110.75,17186
ASHIMASYN,20190809,7.55,8.05,7.3,7.7,33319
ASHOKA,20190809,125.05,125.95,116.6,119.8,296023
ASHOKLEY,20190809,64.15,65.85,63.15,64.3,46588899
ASIANHOTNR,20190809,92.35,92.35,90,90.15,735
ASIANPAINT,20190809,1569.2,1581.9,1561,1575.5,1154542
ASIANTILES,20190809,217.95,232.4,216.95,229.2,94781
ASPINWALL,20190809,133,141.95,133,137.05,721
ASSAMCO,20190809,1,1.05,0.95,1,165729
ASTEC,20190809,362.15,367,359.5,363.05,3327
ASTERDM,20190809,119.9,122.95,118.4,121.75,244515
ASTRAL,20190809,1239,1239,1210.05,1223.55,61311
ASTRAMICRO,20190809,76.3,79.5,76.3,77.45,40673
ASTRAZEN,20190809,1933.5,1955,1862.25,1873.4,112405
ASTRON,20190809,87.5,88.6,86,86.3,255003
ATFL,20190809,495.1,497.2,490.15,495,4669
ATLANTA,20190809,8,8.25,7.7,7.8,13800
ATLASCYCLE,20190809,40,41.2,39.15,40.25,2595
ATNINTER,20190809,0.15,0.2,0.15,0.2,21564
ATUL,20190809,3599.95,3647.6,3580.05,3625.75,32067
ATULAUTO,20190809,222.15,227,222.15,223.15,11523
AUBANK,20190809,673,690.9,669.85,689.75,247624
AURIONPRO,20190809,101,102.45,97.05,98.05,13928
AUROPHARMA,20190809,603,615,595.4,598.85,5409291
AUSOMENT,20190809,34.45,34.45,31.25,34.05,1953
AUTOAXLES,20190809,777.8,829.95,777.8,822.95,11741
AUTOIND,20190809,36.5,40,36.5,37.9,7053
AUTOLITIND,20190809,21.6,25.85,21.6,22.9,2894
AVADHSUGAR,20190809,223,226.3,215.2,216.5,39056
AVANTIFEED,20190809,304.9,312.75,304.85,308.45,177914
AVTNPL,20190809,20.75,20.95,20.05,20.35,27897
AXISBANK,20190809,664.2,675.95,660,660.8,9289628
AXISCADES,20190809,61.9,62.85,58.1,60.05,270808
AXISGOLD,20190809,3293,3293,3232,3249.55,346
AXISNIFTY,20190809,1146.12,1146.5,1138.59,1145.27,105
AYMSYNTEX,20190809,31.95,32,28.75,29.6,9341
BAFNAPHARM,20190809,4.35,4.55,4.35,4.55,3174
BAGFILMS,20190809,3.1,3.6,3.05,3.25,653420
BAJAJ-AUTO,20190809,2710.55,2741.5,2685,2707.6,673080
BAJAJCON,20190809,262.85,268,261,263.5,46014
BAJAJELEC,20190809,363.2,382,363.2,380.35,75571
BAJAJFINSV,20190809,7355,7590,7325,7504,416412
BAJAJHIND,20190809,5.95,6.15,5.95,6,710490
BAJAJHLDNG,20190809,3469.95,3495,3417.3,3453.7,14375
BAJFINANCE,20190809,3359.95,3449.6,3340,3419.7,2101757
BALAJITELE,20190809,51.95,53.5,51.55,53.3,30252
BALAMINES,20190809,265,268,262.05,266.75,13762
BALAXI,20190809,71.9,71.9,71.9,71.9,270
BALKRISHNA,20190809,18.95,21,18.95,20.95,9496
BALKRISIND,20190809,748,784.4,745.5,772.2,1268149
BALLARPUR,20190809,0.55,0.6,0.5,0.6,4723065
BALMLAWRIE,20190809,170.25,173.7,170.25,171.8,55500
BALPHARMA,20190809,45.55,51,45.55,48.05,59721
BALRAMCHIN,20190809,122.05,124.7,114.25,115.7,1882134
BANARBEADS,20190809,40.65,47.2,40,42.65,2525
BANARISUG,20190809,1289,1324.9,1271,1309.7,267
BANCOINDIA,20190809,96.95,104.75,96,98,21229
BANDHANBNK,20190809,491,502,485.25,499.45,457487
BANG,20190809,32,34.1,31.7,32.25,28175
BANKBARODA,20190809,100.75,101.7,98.7,99.85,20365591
BANKBEES,20190809,2900.05,2923.32,2888.1,2906.97,5431
BANKINDIA,20190809,69.25,70.15,67.2,68.05,8803936
BANSWRAS,20190809,62,63.65,56.75,60.9,2196
BARTRONICS,20190809,2.75,3,2.75,2.8,8400
BASF,20190809,1010,1050,1008,1045.5,14731
BASML,20190809,125.6,140,125.6,130.55,484
BATAINDIA,20190809,1431,1439.1,1407.2,1426.35,600539
BAYERCROP,20190809,3197,3273,3154.7,3238.5,3578
BBL,20190809,892.7,917,891.3,907.05,2717
BBTC,20190809,788,822.3,788,808.2,63765
BCG,20190809,3.15,3.2,3,3.2,440805
BDL,20190809,294.9,299,290.9,295.25,15710
BEARDSELL,20190809,14.4,15,13.5,13.85,1269
BEDMUTHA,20190809,13.8,13.8,12.5,13.05,5169
BEL,20190809,96.75,98.9,96.5,97.65,5818536
BEML,20190809,813,831,810,816.1,537824
BEPL,20190809,58.5,61,58.5,60.4,258655
BERGEPAINT,20190809,356,360.75,352.25,359.35,1820184
BFINVEST,20190809,237.6,243,237.6,242.25,27126
BFUTILITIE,20190809,164.4,168.15,163.25,164.65,343795
BGLOBAL,20190809,1,1,0.95,0.95,18675
BGRENERGY,20190809,40,41.4,40,40.6,46294
BHAGERIA,20190809,108,114.5,108,110.55,6429
BHAGYANGR,20190809,23.25,24,22.1,22.1,1017
BHAGYAPROP,20190809,20.35,22.45,20.35,21,272
BHANDARI,20190809,1.45,1.5,1.4,1.4,35838
BHARATFORG,20190809,420,435,417,428.5,1150246
BHARATGEAR,20190809,64.2,67.8,63.95,65.8,14164
BHARATRAS,20190809,4180,4180,4001.55,4109.3,575
BHARATWIRE,20190809,33.1,33.25,32.7,33.05,5226
BHARTIARTL,20190809,372,373.75,364.15,371.15,7700362
BHEL,20190809,58.6,58.9,56.2,56.9,11735309
BIGBLOC,20190809,27,27,23.5,25.55,783
BIL,20190809,227,227,214.5,223.4,8545
BILENERGY,20190809,1.85,1.9,1.8,1.9,187526
BINANIIND,20190809,14.2,14.2,12.9,14,11053
BINDALAGRO,20190809,11.25,12,11.25,11.45,24328
BIOCON,20190809,232.35,233.55,227.5,228.9,1976395
BIOFILCHEM,20190809,5.7,5.7,5.7,5.7,20
BIRLACABLE,20190809,80,82.95,75.3,76.3,93692
BIRLACORPN,20190809,600,609,590.05,596.3,19979
BIRLAMONEY,20190809,33.7,34.3,32.75,33.85,37289
BKMINDST,20190809,1.8,1.8,1.8,1.8,7025
BLBLIMITED,20190809,3.55,3.55,3.55,3.55,500
BLISSGVS,20190809,92.5,95.3,91.5,94.3,187506
BLKASHYAP,20190809,10.15,10.15,9.55,9.95,28092
BLS,20190809,80.7,84.2,80.05,82.05,37209
BLUEBLENDS,20190809,1.65,1.65,1.65,1.65,8
BLUECOAST,20190809,3.35,3.35,3.35,3.35,45
BLUEDART,20190809,2299,2325,2266.05,2316.15,2028
BLUESTARCO,20190809,749.9,760,720.35,728.85,54422
BODALCHEM,20190809,78,82.5,76.5,80,120719
BOMDYEING,20190809,71.75,74.65,71.35,72,1190142
BOROSIL,20190809,130,134.1,126.2,130.05,51034
BOSCHLTD,20190809,14497.3,14510,14220,14289.95,13859
BPCL,20190809,343.5,350.9,341,346.45,3854274
BPL,20190809,18.35,18.85,18.1,18.35,52512
BRFL,20190809,5.1,5.35,4.9,5.1,22071
BRIGADE,20190809,275,278.55,265.3,267.8,41545
BRITANNIA,20190809,2590.9,2644.35,2522.3,2588.15,1430286
BRNL,20190809,79.8,83.45,74.5,80.5,19684
BROOKS,20190809,38.2,45.85,38.1,41.65,170985
BSE,20190809,470,479.45,461.05,463.6,165871
BSELINFRA,20190809,1.1,1.1,1.05,1.1,13055
BSL,20190809,27.3,27.3,24.35,26.45,5543
BSLGOLDETF,20190809,3459.95,3488,3400.05,3459,60
BSLNIFTY,20190809,121,137,116.3,120.32,41248
BSOFT,20190809,65,65.9,58.25,62.85,4538573
BURNPUR,20190809,1.3,1.3,1.3,1.3,7561
BUTTERFLY,20190809,155.9,162,153.3,156.4,15908
BYKE,20190809,20.5,20.5,19.3,19.8,47525
CADILAHC,20190809,236,236.1,223.15,230.35,2841321
CALSOFT,20190809,17.6,18,16.7,17.5,73828
CAMLINFINE,20190809,61,62.2,58.1,58.7,93028
CANBK,20190809,228.55,232.7,225.55,228.55,4756249
CANFINHOME,20190809,388.2,392.9,384,386.55,238847
CANTABIL,20190809,233,233,221.4,222.85,10296
CAPACITE,20190809,223.55,224.35,216.75,217.65,41632
CAPLIPOINT,20190809,414,420,412.2,417.5,14727
CAPTRUST,20190809,55.65,55.65,50.5,55.65,8645
CARBORUNIV,20190809,297,300.95,280.85,284.85,266031
CAREERP,20190809,61,65,60.15,63.9,144824
CARERATING,20190809,555,555,533.5,539.1,65470
CASTEXTECH,20190809,0.6,0.6,0.55,0.55,69092
CASTROLIND,20190809,117.9,120.5,117.9,118.85,767746
CCHHL,20190809,3.95,3.95,3.95,3.95,8672
CCL,20190809,243.5,249.5,243,248.3,12349
CDSL,20190809,190.05,193,189,190.2,163455
CEATLTD,20190809,851,876,850.7,868.65,243032
CEBBCO,20190809,14.85,15.35,14.75,14.95,10533
CELEBRITY,20190809,8,8.35,7.6,7.85,21825
CELESTIAL,20190809,3.9,4,3.8,3.95,26762
CENTENKA,20190809,178.05,183.9,178.05,182.35,22156
CENTEXT,20190809,2.75,2.85,2.7,2.8,84726
CENTRALBK,20190809,20.15,20.65,20,20.15,721202
CENTRUM,20190809,25.8,25.9,25,25.35,38724
CENTUM,20190809,475,488.85,455.65,483.9,689
CENTURYPLY,20190809,115.6,129.8,115.6,126.65,479282
CENTURYTEX,20190809,900,922,897.25,909.3,496629
CERA,20190809,2472.25,2577.95,2472.25,2546.3,1934
CEREBRAINT,20190809,23.5,24.5,23.5,23.6,128760
CESC,20190809,758.1,776.95,753.2,754.65,270587
CESCVENT,20190809,395.2,422,395.2,412.85,7763
CGCL,20190809,155,163.15,154,162.05,443123
CGPOWER,20190809,18.35,18.5,17.75,18.3,2029680
CHALET,20190809,310.25,323,310.25,317.8,17559
CHAMBLFERT,20190809,149,150.75,145,147.9,135508
CHEMFAB,20190809,163.2,164,160.1,160.1,206
CHENNPETRO,20190809,194,199.3,192.95,194.3,156726
CHOLAFIN,20190809,272.5,278.6,270.15,272.3,1760094
CHOLAHLDNG,20190809,483.6,493.65,475.3,479,16570
CHROMATIC,20190809,0.6,0.6,0.55,0.55,5519
CIGNITITEC,20190809,284,284,271.2,272.75,11783
CIMMCO,20190809,18.95,18.95,18,18.2,20799
CINELINE,20190809,27.4,31,26.4,28.55,30166
CINEVISTA,20190809,6.2,6.65,6.2,6.65,37897
CIPLA,20190809,505.9,511.7,481.55,484.5,5172748
CKFSL,20190809,1.6,1.6,1.6,1.6,6164
CLEDUCATE,20190809,92.8,94.5,92.05,93.1,790
CLNINDIA,20190809,278,318,278,310.9,319569
CMICABLES,20190809,71,71.4,67.65,68.7,14490
CNOVAPETRO,20190809,11,11,9.15,9.5,594
COALINDIA,20190809,213.9,214,207,207.6,7027377
COCHINSHIP,20190809,350.15,356.8,350.15,351.8,29995
COFFEEDAY,20190809,73.05,73.05,73.05,73.05,62458
COLPAL,20190809,1210.5,1235.3,1205.45,1229.5,360913
COMPINFO,20190809,10.95,11.4,10.6,10.7,39791
COMPUSOFT,20190809,8.5,8.6,8.25,8.5,2532
CONCOR,20190809,484.75,491,482,485.6,387709
CONFIPET,20190809,27.4,29,27.4,28.45,199194
CONSOFINVT,20190809,34.25,36.95,34.25,34.25,338
CONTROLPR,20190809,229.95,240,225.8,233.45,3769
CORALFINAC,20190809,12.95,13.1,12.25,12.5,9559
CORDSCABLE,20190809,41.7,44.6,41.1,42.8,7146
COROMANDEL,20190809,362,369.55,352.8,357.2,239790
CORPBANK,20190809,20.65,20.85,20.3,20.55,205350
COSMOFILMS,20190809,210.1,213.95,210.05,212.7,6700
COUNCODOS,20190809,1.95,1.95,1.9,1.9,1989
COX&KINGS,20190809,8.2,8.2,8.2,8.2,86533
CPSEETF,20190809,23.65,23.78,23.35,23.4,11099914
CREATIVE,20190809,75,75.4,70.6,70.95,8577
CREATIVEYE,20190809,1.5,1.5,1.5,1.5,1000
CREDITACC,20190809,503.7,527.5,499.05,519.55,187692
CREST,20190809,74.5,75.95,72.5,74.55,1417
CRISIL,20190809,1182.3,1185.8,1135.55,1144.9,33241
CROMPTON,20190809,228,232,224.8,229.4,729517
CTE,20190809,28.6,29.95,28.6,29.55,1405
CUB,20190809,197.85,199,192.4,195.55,1609735
CUBEXTUB,20190809,11.2,11.9,11,11.45,2262
CUMMINSIND,20190809,605,616.3,595.35,599.8,849885
CUPID,20190809,132.9,134.8,127.3,128.5,20347
CURATECH,20190809,1.2,1.2,1.2,1.2,111
CYBERTECH,20190809,46.15,48.8,46.1,47.6,28320
CYIENT,20190809,441.3,450.2,434.2,437.2,162565
DAAWAT,20190809,19.65,22.1,19.65,22.05,3811479
DABUR,20190809,436.35,440.85,431.35,439.05,2005066
DALBHARAT,20190809,1014.6,1044.9,1003.4,1025.1,53093
DALMIASUG,20190809,82.5,84.5,81.9,83.1,73828
DAMODARIND,20190809,32.05,32.8,32.05,32.75,51
DATAMATICS,20190809,75.75,79.95,75,78.5,54557
DBCORP,20190809,155.05,159.55,154,157.6,299507
DBL,20190809,408,415,398.3,403.45,191366
DBREALTY,20190809,8.1,8.1,7.4,7.55,298639
DBSTOCKBRO,20190809,9.5,9.5,9.5,9.5,200
DCAL,20190809,206.8,213,205.45,206.65,433209
DCBBANK,20190809,195.2,199.25,193.25,197.9,868065
DCM,20190809,18,22,18,22,43277
DCMNVL,20190809,23.05,30.65,23,30.45,35247
DCMSHRIRAM,20190809,396.95,405,380.1,388.9,108569
DCW,20190809,15.2,15.5,15,15.25,87396
DECCANCE,20190809,361.9,377,361.9,371.1,7222
DEEPAKFERT,20190809,81.25,92.35,81.1,90.2,598746
DEEPAKNTR,20190809,284.7,286,277.4,279,184426
DEEPIND,20190809,114,115,111.8,112.9,8765
DELTACORP,20190809,158,163.45,158,159.6,726140
DELTAMAGNT,20190809,42,42,39,41,6
DEN,20190809,60,63.6,50.9,60.5,201804
DENORA,20190809,237.1,256,237.1,247.65,3572
DFMFOODS,20190809,260.7,269,253,265.8,27942
DGCONTENT,20190809,8,8.5,8,8.05,1206
DHAMPURSUG,20190809,150,154.55,143.55,145.95,411375
DHANBANK,20190809,13.8,14.3,13.5,13.75,320790
DHANUKA,20190809,331.6,338.5,327.25,331.1,27878
DHARSUGAR,20190809,6.95,7.2,6.25,7,18736
DHFL,20190809,45.35,52.85,45.35,48.75,35264165
DHUNINV,20190809,199.95,217,190.6,209.1,2632
DIAMONDYD,20190809,778.45,794.95,775,785.65,674
DICIND,20190809,309.95,334.7,309.95,325.65,743
DIGJAMLTD,20190809,1.1,1.1,1.1,1.1,23730
DISHTV,20190809,23.55,24.5,23,23.35,29163596
DIVISLAB,20190809,1653,1683.45,1642.35,1664.95,374284
DIXON,20190809,1890,1974.95,1890,1940.8,13402
DLF,20190809,172.35,177.2,172.35,175.65,5782491
DLINKINDIA,20190809,88,92.8,87.5,87.95,34598
DMART,20190809,1415.55,1460.5,1408,1450.8,2940072
DNAMEDIA,20190809,0.45,0.5,0.45,0.45,5205
DOLLAR,20190809,215,217.35,202.05,214.65,5197
DOLPHINOFF,20190809,22.4,22.7,21.5,21.85,70489
DONEAR,20190809,27.25,27.9,26.65,27.55,43654
DPSCLTD,20190809,9.3,9.3,9.15,9.3,14028
DQE,20190809,3.3,3.55,3.25,3.35,10419
DREDGECORP,20190809,330.5,335.05,328.1,329.75,83673
DRREDDY,20190809,2576.75,2589.7,2560.1,2573.45,373925
DSSL,20190809,28,29.35,27.5,29.05,10058
DTIL,20190809,172,173,168,172.95,859
DUCON,20190809,6.1,6.6,6.05,6.1,116395
DVL,20190809,77.25,79.45,77.05,78.65,4333
DWARKESH,20190809,19.8,20.4,19.75,20.15,283351
DYNAMATECH,20190809,1250.95,1294,1250.1,1268.5,710
DYNPRO,20190809,123.2,129.9,123.15,126.35,27028
EASTSILK,20190809,0.8,0.9,0.8,0.9,3222
EASUNREYRL,20190809,3.65,3.85,3.55,3.8,9638
ECLERX,20190809,528.7,592.1,528.05,556.2,21932
EDELWEISS,20190809,145.9,147.75,139.1,144.45,1437608
EICHERMOT,20190809,16730.15,17787.95,16730.15,17587.25,182889
EIDPARRY,20190809,149.9,156.9,147.95,154.15,58432
EIHAHOTELS,20190809,291.85,291.85,275.55,284.2,479
EIHOTEL,20190809,157.65,162.95,157.65,161.75,40288
EIMCOELECO,20190809,282.4,299.8,257.95,294,2785
EKC,20190809,20.5,20.8,20.05,20.45,73337
ELAND,20190809,6.85,6.85,6.05,6.1,4232
ELECON,20190809,29.95,31.15,28.75,31,61385
ELECTCAST,20190809,14.9,15.4,14.6,14.85,82837
ELECTHERM,20190809,165,171,163,164.8,13996
ELGIEQUIP,20190809,240.2,249,240.2,246.25,7702
ELGIRUBCO,20190809,18,18.4,17.5,17.9,5173
EMAMILTD,20190809,314,318.9,305.1,311.65,303932
EMAMIPAP,20190809,70,83.7,70,81.95,3153
EMAMIREAL,20190809,46.4,46.4,43.3,44.85,7795
EMCO,20190809,1.4,1.45,1.35,1.35,64189
EMKAY,20190809,54.2,58,53.95,55.9,12843
EMMBI,20190809,136.75,136.8,129,129.45,8483
ENDURANCE,20190809,816.4,868,800,849.4,1402083
ENERGYDEV,20190809,4.85,5.25,4.85,5,32048
ENGINERSIN,20190809,99.5,104.9,98.5,100.75,5609972
ENIL,20190809,386.35,395,380.05,381.95,444
EON,20190809,14.95,14.95,14.35,14.55,32513
EQ30,20190809,311,311,311,311,5
EQUITAS,20190809,106.35,112.1,103.1,108.85,1814867
ERIS,20190809,398.1,409.9,395,399.9,72256
EROSMEDIA,20190809,10.25,10.3,9.5,9.5,697514
ESABINDIA,20190809,1070.95,1091.95,1050,1052.1,4289
ESCORTS,20190809,484.9,495.8,479.65,487.9,3212827
ESSARSHPNG,20190809,7.05,7.35,7.05,7.05,4538
ESSELPACK,20190809,123.2,125,117.5,119.75,129354
ESTER,20190809,25,26.8,25,26.6,25588
EUROMULTI,20190809,0.4,0.45,0.4,0.4,651
EUROTEXIND,20190809,11.55,12,11.55,12,251
EVEREADY,20190809,85.9,85.9,82,82.35,166501
EVERESTIND,20190809,326.95,340,324.05,337.05,52408
EXCEL,20190809,1.1,1.1,1.05,1.05,4579
EXCELCROP,20190809,2710.05,2716,2684.95,2703.6,611
EXCELINDUS,20190809,781.2,821.1,781.2,789,9252
EXIDEIND,20190809,180.9,185.4,178.8,180.1,2381708
EXPLEOSOL,20190809,294,294.3,285.1,288.9,1960
FACT,20190809,36.25,36.8,36,36.1,45226
FAIRCHEM,20190809,525,530,504.2,511.3,12461
FCL,20190809,28.25,29.4,27.35,27.7,137105
FCONSUMER,20190809,28.25,32.55,28,31.85,2125022
FCSSOFT,20190809,0.35,0.35,0.3,0.35,861478
FDC,20190809,161.2,165,161.2,164.45,17676
FEDERALBNK,20190809,88.35,90.3,87.1,87.9,11961334
FEL,20190809,23.55,28.1,23.15,27.25,337328
FELDVR,20190809,23.65,26.85,23.25,25.9,16959
FIEMIND,20190809,379.3,398.45,379.3,392.25,9091
FILATEX,20190809,39.8,40.3,37.7,38.25,73895
FINCABLES,20190809,374,382.1,370.4,373.7,162468
FINEORG,20190809,1489.95,1505,1420.1,1443.3,100422
FINPIPE,20190809,526.2,535.8,525.1,534,19061
FLEXITUFF,20190809,15.25,15.65,14.6,14.9,10220
FLFL,20190809,429.1,452.5,428.5,449.9,37722
FMGOETZE,20190809,500.1,505,499.5,501.3,4211
FMNL,20190809,26.8,26.8,26.45,26.8,3504
FORTIS,20190809,124.2,124.8,120.65,121.75,814025
FOSECOIND,20190809,1185,1198.4,1171,1187.75,344
FRETAIL,20190809,397.1,416,397.1,403.8,367995
FSC,20190809,520.1,530.2,510,521.25,6881
FSL,20190809,48.2,48.45,47.55,48.05,790754
GABRIEL,20190809,100.25,117,100.25,108,167308
GAEL,20190809,127.45,131,126,128.1,45786
GAIL,20190809,122.2,125.4,120.6,123.85,13886234
GAL,20190809,4.2,4.2,3.15,3.2,47067
GALAXYSURF,20190809,1201.35,1215,1190.1,1201.15,6456
GALLANTT,20190809,28,29.95,27.55,27.95,17372
GALLISPAT,20190809,27.2,28.5,24.75,25.1,45046
GAMMNINFRA,20190809,0.35,0.4,0.35,0.35,338956
GANDHITUBE,20190809,352.95,355,345.3,352.1,12404
GANECOS,20190809,250.25,276.4,250,267,23675
GANESHHOUC,20190809,39.2,42.95,39,40.15,44128
GANGESSECU,20190809,46.85,46.85,38.05,38.6,543
GARDENSILK,20190809,10.45,11.5,10.45,11.35,20988
GARFIBRES,20190809,1015,1037.05,981,1002.85,56427
GATI,20190809,40.7,41.6,40,40.5,696929
GAYAHWS,20190809,0.65,0.75,0.65,0.7,16425
GAYAPROJ,20190809,127.1,135,127.1,134.35,12152
GDL,20190809,102,105,99.15,100.05,51771
GEECEE,20190809,85,86.15,81.5,82.85,2029
GENESYS,20190809,84.85,89,81.25,86.15,17372
GENUSPAPER,20190809,4.6,4.9,4.6,4.85,34690
GENUSPOWER,20190809,21.3,22,21.2,21.35,141691
GEOJITFSL,20190809,23,24.2,22.7,22.8,488065
GEPIL,20190809,715.6,778,715.6,765.5,8223
GESHIP,20190809,226.4,229.5,218.25,226.85,80098
GET&D,20190809,153.5,163.95,152.1,161.75,35865
GFLLIMITED,20190809,82.35,82.35,82.35,82.35,10066
GFSTEELS,20190809,1.6,1.6,1.6,1.6,200
GHCL,20190809,208.7,213.5,205.2,206.9,71880
GICHSGFIN,20190809,240,244.7,240,242.6,25188
GICRE,20190809,198.5,199.8,191,193.2,45502
GILLANDERS,20190809,37.8,37.8,30.3,33.25,14683
GILLETTE,20190809,7126,7199.45,7120,7160.1,3930
GINNIFILA,20190809,8.95,8.95,8.05,8.7,28841
GIPCL,20190809,71.4,74.25,71.35,72.05,132451
GKWLIMITED,20190809,664.65,719,664.65,715.15,96
GLAXO,20190809,1201.2,1214.6,1195.05,1209.05,19851
GLENMARK,20190809,428.8,435.75,422.55,426.2,816459
GLOBALVECT,20190809,48.45,49.9,48,49.9,3525
GLOBOFFS,20190809,5.95,6.7,5.9,6.25,8280
GLOBUSSPR,20190809,108.3,111.7,100.1,104.1,60126
GMBREW,20190809,397.3,402.45,391.1,392.85,8285
GMDCLTD,20190809,66,66.85,65.4,66.35,201036
GMMPFAUDLR,20190809,1273.9,1315,1246,1306,5002
GMRINFRA,20190809,14.9,15.5,14.85,15.15,10658464
GNA,20190809,226,234,225.95,230.4,32174
GNFC,20190809,210.5,216.5,205.4,206.25,207416
GOACARBON,20190809,268.4,274.4,263,265.5,59116
GOCLCORP,20190809,289.1,296,274.3,281.45,7194
GODFRYPHLP,20190809,707,742,701,708.95,97546
GODREJAGRO,20190809,441.5,469.7,440,463.15,52664
GODREJCP,20190809,643.1,659.9,642.4,653.4,611190
GODREJIND,20190809,475,475.05,461,469.9,264405
GODREJPROP,20190809,906,923.8,894,903.7,274842
GOKEX,20190809,83.95,83.95,80.4,81,50225
GOKUL,20190809,12.6,12.6,11.6,12.1,477
GOKULAGRO,20190809,12.85,12.9,12.05,12.65,4979
GOLDBEES,20190809,3289.85,3289.85,3260.05,3272.55,38210
GOLDENTOBC,20190809,27.2,27.2,27.1,27.2,1608
GOLDIAM,20190809,91.8,93.8,90.5,90.7,23169
GOLDSHARE,20190809,3280.9,3299,3272.1,3292.65,3646
GOLDTECH,20190809,12.85,12.85,11.6,11.6,21958
GOODLUCK,20190809,56.05,56.05,54.7,55.55,5089
GPIL,20190809,159.9,178.2,158,169.8,118893
GPPL,20190809,77.6,80.1,77,79.65,355558
GPTINFRA,20190809,34.65,40.95,34.65,38.05,1142
GRANULES,20190809,98.5,99.6,95.8,96.45,485406
GRAPHITE,20190809,322,328.7,315,316.2,804973
GRASIM,20190809,739,767,739,746.5,2039108
GRAVITA,20190809,37.8,39,37,37.9,44608
GREAVESCOT,20190809,117.95,118.95,116.8,117.45,186936
GREENLAM,20190809,712.7,712.7,679.95,684.95,1921
GREENPLY,20190809,130,141.5,129.95,137.1,317301
GREENPOWER,20190809,2.65,2.65,2.55,2.55,77202
GRINDWELL,20190809,545.2,551.55,539.9,545.45,8016
GROBTEA,20190809,257,286.95,247.5,261.65,39
GRPLTD,20190809,920.05,920.05,877,890.5,40
GRSE,20190809,134.15,138.25,133,134.35,278952
GRUH,20190809,260.95,263.8,258.55,262.65,324744
GSCLCEMENT,20190809,17.25,18.8,16.15,17.8,221943
GSFC,20190809,73.65,74.5,72.35,72.85,475755
GSKCONS,20190809,7770,7897.5,7728.55,7877.75,12510
GSPL,20190809,219.7,222.15,216,217.4,426924
GSS,20190809,38.95,39.2,37.85,39.2,38595
GTL,20190809,2.95,3,2.6,2.7,119197
GTLINFRA,20190809,0.65,0.65,0.6,0.6,399426
GTNIND,20190809,5.55,6.3,5.55,6,2294
GTNTEX,20190809,8.5,8.5,8.5,8.5,5
GTPL,20190809,80,80,76,76.35,19201
GUFICBIO,20190809,53.05,55,52.8,54.05,78615
GUJALKALI,20190809,440,448,438.6,440.85,24575
GUJAPOLLO,20190809,111.05,124.75,110.95,115.2,937
GUJGASLTD,20190809,186.55,191.6,185.65,186.6,508718
GULFOILLUB,20190809,791,848.9,791,840.5,9639
GULFPETRO,20190809,40,41.7,39.05,39.95,24406
GULPOLY,20190809,37,37,35,35.45,5739
GVKPIL,20190809,4.65,4.9,4.6,4.8,991230
HAL,20190809,634.6,649.95,634.6,642.25,5200
HARITASEAT,20190809,410.05,424.9,406.55,416.65,2424
HARRMALAYA,20190809,50.6,51.8,49.2,49.85,13298
HATHWAY,20190809,19.65,20.7,19.35,19.75,55323
HATSUN,20190809,595.9,620,572.4,617.45,10605
HAVELLS,20190809,660,668.95,653.25,656.95,1126655
HAVISHA,20190809,0.8,0.8,0.8,0.8,599
HBLPOWER,20190809,18.55,19.1,18.3,18.7,95377
HBSL,20190809,7.65,7.65,7.65,7.65,15
HCC,20190809,8.25,8.35,8.15,8.25,1047756
HCG,20190809,101,113.55,101,108.55,15803
HCL-INSYS,20190809,9.75,10.1,9.6,9.85,619764
HCLTECH,20190809,1084.8,1102.45,1077.8,1086.3,2822849
HDFC,20190809,2192.7,2240,2178.75,2211.65,4238315
HDFCAMC,20190809,2180,2236.6,2172,2228.55,531710
HDFCBANK,20190809,2247,2289,2239.8,2282,7609028
HDFCLIFE,20190809,524.3,535.4,524.3,526.75,2861762
HDFCMFGETF,20190809,3356.55,3370.55,3340.25,3359.1,2607
HDFCNIFETF,20190809,1163.61,1170,1162.58,1167.34,519
HDFCSENETF,20190809,3945,3986.74,3942.93,3962.95,24
HDIL,20190809,11.7,12.4,11.7,12.05,1381001
HEG,20190809,1009.9,1024.65,995,1002.35,271941
HEIDELBERG,20190809,191.7,198.6,191.5,194.55,147707
HERCULES,20190809,83.95,86,83,84.1,10365
HERITGFOOD,20190809,362.1,362.1,350.35,355.55,15680
HEROMOTOCO,20190809,2613.85,2641.9,2600,2622.25,1091395
HESTERBIO,20190809,1623.9,1674,1619,1666.5,1891
HEXATRADEX,20190809,11.5,11.8,11.5,11.5,18659
HEXAWARE,20190809,378,399,353.3,361.9,7424533
HFCL,20190809,19,19.15,18.75,18.85,787180
HGINFRA,20190809,227.75,240.7,226.15,230.6,39052
HGS,20190809,569.05,578.7,569.05,572.55,2059
HIGHGROUND,20190809,1.85,1.85,1.75,1.75,189900
HIKAL,20190809,147.6,149.05,147.6,148,77813
HIL,20190809,1233.6,1233.65,1204.5,1218.35,6587
HILTON,20190809,10.5,11.4,10,10.7,12463
HIMATSEIDE,20190809,127.85,140,127.85,138.65,119697
HINDALCO,20190809,181,184.45,173.3,176.2,14562944
HINDCOMPOS,20190809,171.65,199.95,171.55,185.85,3406
HINDCOPPER,20190809,33,33.35,32.5,32.85,318544
HINDMOTORS,20190809,5.75,5.75,5.4,5.55,25665
HINDNATGLS,20190809,22.65,22.65,22.65,22.65,244
HINDOILEXP,20190809,102.7,103.9,100.8,102.9,120913
HINDPETRO,20190809,251.5,254.25,246.6,247.1,3269069
HINDUJAVEN,20190809,294,299.9,293,298.65,544
HINDUNILVR,20190809,1805,1846.65,1800.9,1841.35,1730596
HINDZINC,20190809,212,214.9,210.4,212.15,598259
HIRECT,20190809,129.35,134,124.8,128.05,18099
HISARMETAL,20190809,51,51,40,42.85,28106
HITECH,20190809,180.4,187.95,177.3,180.25,6061
HITECHCORP,20190809,72,79,70.1,77.85,3862
HITECHGEAR,20190809,175.05,184.65,174.55,175.5,12809
HMVL,20190809,74.5,76.4,72.9,76.1,23093
HNGSNGBEES,20190809,3000,3000,3000,3000,11
HONAUT,20190809,23149.95,23700,22910.25,23206.35,1827
HONDAPOWER,20190809,916,927,891.2,904.1,5116
HOTELEELA,20190809,7.45,7.6,7.35,7.4,61416
HOVS,20190809,93.95,97.5,90,90.3,7572
HPL,20190809,44,46,42.65,45.05,34550
HSCL,20190809,77.2,86.8,77.2,82.7,804043
HSIL,20190809,221.55,224.85,220,220.75,33040
HTMEDIA,20190809,24.95,26.5,24.6,26,33149
HUBTOWN,20190809,17,17,16.1,16.55,36249
HUDCO,20190809,34,34.5,33.75,33.95,552968
IBMFNIFTY,20190809,105.17,105.5,105.17,105.27,94
IBREALEST,20190809,76.1,80.5,76.05,79.1,7086610
IBULHSGFIN,20190809,447,521,447,505.25,37475122
IBULISL,20190809,91,95.15,91,95.15,97829
IBVENTURES,20190809,203.05,216.7,202.1,206.45,2202414
ICICI500,20190809,145.45,147.06,145.45,146.31,51681
ICICIB22,20190809,33.38,34.09,33.38,33.71,115337
ICICIBANK,20190809,416.5,422.4,414.5,420.15,17664017
ICICIBANKN,20190809,283.55,286.08,283.41,284.14,3623
ICICIGI,20190809,1208,1214.35,1137.5,1153.9,406403
ICICIGOLD,20190809,33.3,34.95,33.3,33.8,58177
ICICILIQ,20190809,999.95,1000,999.95,1000,7652
ICICILOVOL,20190809,87.2,88.25,87.2,88.1,223
ICICIMCAP,20190809,61.75,65.2,60,60.4,14962
ICICINF100,20190809,119.69,120.91,119.69,120.34,420
ICICINIFTY,20190809,116.94,117.5,116.05,116.7,39645
ICICINV20,20190809,53.85,54.38,53.85,54.06,5639
ICICINXT50,20190809,26.4,26.71,26.39,26.5,793802
ICICIPRULI,20190809,393.65,398.25,390.3,395.5,2077217
ICICISENSX,20190809,390,402.35,390,401.03,670
ICIL,20190809,36,40.5,36,39.7,464035
ICRA,20190809,2900,2976,2816,2845.5,350
ICSA,20190809,1.5,1.5,1.5,1.5,3735
IDBI,20190809,27.9,28.3,27,27.4,5347647
IDBIGOLD,20190809,3382.05,3468,3382.05,3456.45,835
IDEA,20190809,5.7,5.95,5.3,5.35,137510852
IDFC,20190809,33,34.05,32.65,33.2,1851881
IDFCFIRSTB,20190809,42.75,44.55,42.5,44.35,20393917
IDFNIFTYET,20190809,115.65,115.8,115.65,115.8,7
IEX,20190809,144.1,150,140.65,149.4,65086
IFBAGRO,20190809,347,390,342,361.3,78317
IFBIND,20190809,712.95,725,678.05,694.9,16486
IFCI,20190809,7.95,8.3,7.85,7.95,1262401
IFGLEXPOR,20190809,140,154.7,138.45,149.4,1013
IGARASHI,20190809,224,224,213,214.75,8348
IGL,20190809,315,320.2,308.25,310.95,2155627
IGPL,20190809,197.3,207.4,197,204.65,41156
IIFL,20190809,119.65,124.5,118.15,123.25,78887
IITL,20190809,56.9,56.9,52.7,52.7,46
IMFA,20190809,150.55,157,150.55,154.15,16373
IMPAL,20190809,809.9,825.05,809.9,819.7,255
IMPEXFERRO,20190809,0.3,0.35,0.3,0.35,1663
INDBANK,20190809,7.8,7.8,7.1,7.3,55882
INDHOTEL,20190809,140.8,142.95,138.05,140.3,2007752
INDIACEM,20190809,87.35,88.65,84,84.5,2870401
INDIAGLYCO,20190809,205.9,213.4,195.65,207.85,59690
INDIAMART,20190809,1175,1198,1154.75,1170.3,21870
INDIANB,20190809,195,198.8,193.25,196.15,697162
INDIANCARD,20190809,94,94,86.5,87.8,325
INDIANHUME,20190809,262.55,272,262.55,269.9,15953
INDIGO,20190809,1525,1538.85,1512.1,1530.95,997946
INDLMETER,20190809,24.7,26.05,24.65,25.6,962
INDNIPPON,20190809,333.05,339,316.1,320,6663
INDOCO,20190809,153.1,161.5,151.1,152.25,70900
INDORAMA,20190809,30.25,32.85,30.1,32,24761
INDOSTAR,20190809,296.85,297.55,285.5,286.8,33300
INDOTECH,20190809,82.15,88.65,82.05,83.95,301
INDOTHAI,20190809,21.7,23,21.7,22.05,6332
INDOWIND,20190809,3.05,3.45,3.05,3.05,35242
INDRAMEDCO,20190809,36.05,36.5,35.6,36.25,17245
INDSWFTLAB,20190809,33.55,34.5,33.35,33.85,74327
INDSWFTLTD,20190809,4.25,4.25,4,4.15,1279
INDTERRAIN,20190809,89.95,89.95,83.6,87.25,18072
INDUSINDBK,20190809,1435,1435,1405.3,1413.4,4666041
INEOSSTYRO,20190809,404,408.85,394,395.1,1545
INFIBEAM,20190809,42,44.7,42,44.2,14573274
INFOBEAN,20190809,62.4,62.4,59.75,60,1278
INFRABEES,20190809,319,321,314.5,317.39,435
INFRATEL,20190809,250.25,255,248.2,252.05,1850151
INFY,20190809,792,796.75,784.8,789.85,4362520
INGERRAND,20190809,593.1,596.05,588.2,590.75,3838
INOXLEISUR,20190809,292.5,304.6,287.55,301.45,233776
INOXWIND,20190809,49.9,51.4,48.65,49.35,152974
INSECTICID,20190809,640.4,653.35,637.05,643.1,6141
INSPIRISYS,20190809,42.1,46.7,42,44.3,50452
INTEGRA,20190809,0.25,0.25,0.25,0.25,101
INTELLECT,20190809,219.1,226.8,218.25,221.4,106031
INTENTECH,20190809,25.3,25.7,25.3,25.5,108014
INVENTURE,20190809,11.3,11.65,10.6,11.65,309
IOB,20190809,10.55,10.85,10.55,10.55,625969
IOC,20190809,130.6,131.3,129.05,130.5,11774730
IOLCP,20190809,210.65,212.8,201.5,205.05,529500
IPAPPM,20190809,433,438.95,433,436.5,33151
IPCALAB,20190809,938,967.65,938,963.25,129112
IRB,20190809,96,97.8,95.1,95.6,687727
IRCON,20190809,365,367,356,360.15,97551
ISEC,20190809,203.7,213,200.5,211.7,235451
ISFT,20190809,70.3,70.35,65.25,70.35,6750
ISMTLTD,20190809,4.75,4.75,4.2,4.5,18760
ITC,20190809,258.85,258.85,253.5,254.2,9927337
ITDC,20190809,172,175.1,172,173.8,5918
ITDCEM,20190809,71.95,76.95,70.15,72.6,58330
ITI,20190809,74.85,76.6,74.85,75.3,298044
IVC,20190809,3.1,3.2,2.9,3,91842
IVP,20190809,68.15,68.15,67.15,67.55,430
IVRCLINFRA,20190809,0.45,0.5,0.45,0.45,401157
IVZINGOLD,20190809,3290,3389.95,3290,3313.4,147
IZMO,20190809,29.1,30,28.75,28.75,13781
J&KBANK,20190809,44,46.4,42.7,44.15,2056011
JAGRAN,20190809,68.65,71.6,59,63.65,602081
JAGSNPHARM,20190809,23.5,24.4,22.15,24.35,5756
JAIBALAJI,20190809,18.65,18.65,18,18,13472
JAICORPLTD,20190809,73.35,76.3,72.1,73.35,782703
JAMNAAUTO,20190809,40,40,35.75,37.15,2933240
JAYAGROGN,20190809,150,154.95,147,148.15,12200
JAYBARMARU,20190809,146,152.95,146,148.75,37713
JAYNECOIND,20190809,4.1,4.25,4,4.1,17729
JAYSREETEA,20190809,45.05,46.5,45.05,45.8,20314
JBCHEPHARM,20190809,369.05,375,369.05,371.65,197682
JBFIND,20190809,9,9,8.5,8.75,26453
JBMA,20190809,152.05,155.8,147.85,150.2,31670
JCHAC,20190809,1522.1,1569.8,1518.05,1527.85,4710
JETAIRWAYS,20190809,46.9,46.9,46.5,46.9,121128
JHS,20190809,15.7,16.45,15.6,16,27340
JIKIND,20190809,0.45,0.45,0.45,0.45,505
JINDALPHOT,20190809,14.5,15.45,14.5,15.45,107
JINDALPOLY,20190809,228.4,242.9,228.35,240.6,8082
JINDALSAW,20190809,65.75,69.65,65.7,68.25,382120
JINDALSTEL,20190809,101.25,103.5,98.35,99.7,24792213
JINDCOT,20190809,3.5,3.6,3.5,3.6,19007
JINDRILL,20190809,73.65,74.65,69.65,70.25,11122
JINDWORLD,20190809,69.5,69.5,68,68.65,68822
JISLDVREQS,20190809,13.6,13.95,13.3,13.95,6835
JISLJALEQS,20190809,20,20.95,19.9,20.1,1845207
JITFINFRA,20190809,7.05,7.05,6.8,6.85,527
JKCEMENT,20190809,985,993,971,990.25,56110
JKIL,20190809,131.5,132.2,125.95,129.6,73208
JKLAKSHMI,20190809,330.7,337.2,330.05,332.05,50978
JKPAPER,20190809,110.4,112.95,110,111.9,348266
JKTYRE,20190809,57.45,58.7,56.65,57.55,1113071
JMA,20190809,22.65,23.95,22.65,23.6,751
JMCPROJECT,20190809,118.7,122.9,115.55,121.05,20124
JMFINANCIL,20190809,68.3,74.15,68,73,603835
JMTAUTOLTD,20190809,1.45,1.55,1.45,1.45,97186
JOCIL,20190809,88.95,89,75.1,79.6,8586
JPASSOCIAT,20190809,2.5,2.5,2.35,2.45,3046814
JPINFRATEC,20190809,1.25,1.3,1.2,1.25,559712
JPOLYINVST,20190809,15.8,16.55,15.15,16.55,410
JPPOWER,20190809,1.65,1.7,1.6,1.65,372966
JSL,20190809,29.2,30.25,29.2,29.9,248935
JSLHISAR,20190809,67.9,72.95,67.2,70.65,300504
JSWENERGY,20190809,70.35,71,69,69.75,260496
JSWHL,20190809,2667,2760.15,2667,2711.2,255
JSWSTEEL,20190809,221.7,228.45,219.3,220.6,9077239
JTEKTINDIA,20190809,72.2,77.25,70.5,75.65,104125
JUBILANT,20190809,438,439.8,430,433.5,126304
JUBLFOOD,20190809,1166,1192.75,1156.75,1183.1,745838
JUBLINDS,20190809,118.65,121.9,117.1,117.95,7601
JUNIORBEES,20190809,271.9,274.07,270,272.07,63976
JUSTDIAL,20190809,699,725,696.9,718.8,2509146
JYOTHYLAB,20190809,157.6,161.5,156.65,158.25,57244
KABRAEXTRU,20190809,62.45,64.8,61.5,62.4,8543
KAJARIACER,20190809,478,485.25,471.75,476.85,199008
KAKATCEM,20190809,162.15,164.95,159,161.5,19850
KALPATPOWR,20190809,470,487,467.8,479.75,50215
KALYANIFRG,20190809,165,177.9,165,173,501
KAMATHOTEL,20190809,37.55,38.85,34.95,35.8,54792
KAMDHENU,20190809,93,97.5,91.65,95.4,11612
KANANIIND,20190809,3.65,4,3.6,4,2855
KANORICHEM,20190809,46.4,47,45,45.65,20292
KANSAINER,20190809,471.6,480.85,471.6,476.55,173698
KARDA,20190809,184.4,189.5,184.3,189.1,84169
KARMAENG,20190809,10.35,11.1,10.35,10.65,621
KARURVYSYA,20190809,59.9,61.5,59.1,60.55,618152
KAUSHALYA,20190809,0.35,0.35,0.3,0.35,76525
KAVVERITEL,20190809,2.8,2.8,2.7,2.75,1317
KAYA,20190809,324.95,369.3,322.2,365.8,56152
KCP,20190809,72.55,74.75,72.55,73.9,20887
KCPSUGIND,20190809,12.7,12.85,12.3,12.4,52594
KDDL,20190809,323.95,323.95,303.05,318.7,29326
KEC,20190809,289,295.25,289,292.55,72178
KECL,20190809,9.7,9.9,9.35,9.6,36838
KEI,20190809,474,491.65,471.05,488.85,165591
KELLTONTEC,20190809,16.5,16.5,15.7,16.05,99722
KERNEX,20190809,19.5,20.45,18.55,20.45,3629
KESARENT,20190809,34.9,34.9,32,33.35,522
KESORAMIND,20190809,62.55,63.2,60.6,61.7,158474
KGL,20190809,0.45,0.45,0.4,0.4,3323694
KHADIM,20190809,195,196,192,194.8,5533
KHAITANLTD,20190809,21,22.55,21,21.2,415
KICL,20190809,1669.75,1680,1637,1676.6,430
KILITCH,20190809,136,155,130.55,143.8,497671
KINGFA,20190809,590.05,609.85,590.05,600.25,6764
KIOCL,20190809,121.05,144.85,121.05,127.95,33838
KIRIINDUS,20190809,417.95,435.05,414.75,432.6,85599
KIRLOSBROS,20190809,162.1,164.05,160.2,161,9167
KIRLOSENG,20190809,174,178,169,170.65,278898
KIRLOSIND,20190809,656,734.85,656,708.05,1101
KITEX,20190809,81.9,86,81.85,84.6,40946
KKCL,20190809,956,957.95,905.25,947.35,636
KMSUGAR,20190809,6.65,7.1,6.25,6.75,85396
KNRCON,20190809,260.95,260.95,254.5,255.35,22820
KOHINOOR,20190809,14.6,16.2,14.3,15.4,127975
KOKUYOCMLN,20190809,72,72.9,68.3,69.9,22782
KOLTEPATIL,20190809,226.8,231.85,210.95,217.75,101024
KOPRAN,20190809,33.5,33.5,31.55,32.8,68712
KOTAKBANK,20190809,1506,1535.5,1504.25,1532.1,2445659
KOTAKBKETF,20190809,283.05,293.66,283.05,292.81,8338
KOTAKGOLD,20190809,329.95,331,326.5,329.6,18177
KOTAKNIFTY,20190809,113,115.48,113,115.06,128758
KOTAKNV20,20190809,55.5,55.5,55,55.24,16181
KOTAKPSUBK,20190809,259.95,261.98,255,256.17,4150
KOTARISUG,20190809,11.5,11.5,9.85,10,99286
KOTHARIPET,20190809,17.15,17.75,17.05,17.25,4366
KOTHARIPRO,20190809,60,65.85,60,63.1,3782
KPITTECH,20190809,84.4,84.9,80.4,83.1,437550
KPRMILL,20190809,538.05,575,538.05,569.6,9892
KRBL,20190809,225.8,228.55,220.15,224.3,98524
KREBSBIO,20190809,83.9,83.9,80.5,83.65,198
KRIDHANINF,20190809,10.2,10.2,10,10.2,40266
KSB,20190809,580.05,620,574.45,605.45,4764
KSCL,20190809,450,462,443,455.7,100019
KSERASERA,20190809,0.15,0.15,0.1,0.1,414871
KSK,20190809,0.65,0.7,0.6,0.65,440770
KSL,20190809,186.4,192.7,186,187.15,33621
KTIL,20190809,35.35,35.45,33.3,33.85,2103
KTKBANK,20190809,81.55,82.95,80.5,80.85,990184
KWALITY,20190809,2.75,2.75,2.65,2.65,806953
L&TFH,20190809,99.95,107.2,99.95,103.95,16040185
LAKSHVILAS,20190809,37.05,40.75,37.05,40.6,5107906
LALPATHLAB,20190809,1086.1,1099.5,1062.65,1086.45,49644
LAMBODHARA,20190809,33,33.6,32.7,33.05,4074
LAOPALA,20190809,168.5,175,165.8,167.8,49450
LASA,20190809,10.7,10.8,9.8,10.75,24977
LAURUSLABS,20190809,320.1,344.4,320.1,342,121597
LAXMIMACH,20190809,3802,3993.95,3802,3880.85,4231
LEMONTREE,20190809,53,55.1,52.7,53.2,1144134
LFIC,20190809,62.6,62.7,57.1,62.7,19
LGBBROSLTD,20190809,270.95,300,270.95,295.55,24670
LGBFORGE,20190809,2.8,2.85,2.8,2.85,4540
LIBAS,20190809,45.05,47.45,44.5,47.45,1554
LIBERTSHOE,20190809,90.45,93.3,90.25,90.6,49248
LICHSGFIN,20190809,488.05,509,488.05,500,1585834
LICNETFGSC,20190809,21.2,21.2,20,20.03,7509
LICNETFN50,20190809,116.75,116.75,116.75,116.75,5
LINCOLN,20190809,146.9,154.15,145.2,150.35,15860
LINCPEN,20190809,215.05,219.4,215.05,215.15,795
LINDEINDIA,20190809,486.6,489.9,478.1,480.15,10775
LIQUIDBEES,20190809,1000,1010,999,1000.03,2158054
LIQUIDETF,20190809,1000.01,1000.01,999.99,1000,16399
LOKESHMACH,20190809,38.55,38.6,35.2,35.55,6216
LOTUSEYE,20190809,17.8,18.2,17,17.6,1795
LOVABLE,20190809,63.25,66,62.7,64.05,18710
LPDC,20190809,2.05,2.2,2.05,2.05,876
LSIL,20190809,0.5,0.55,0.45,0.55,1308105
LT,20190809,1372,1392.5,1361.1,1364.6,2419380
LTI,20190809,1625,1678.5,1577.35,1635.55,156454
LTTS,20190809,1562,1589.9,1558.75,1582.5,71622
LUMAXIND,20190809,1198,1350,1180,1243.55,17397
LUMAXTECH,20190809,79,85,76.1,83.6,54748
LUPIN,20190809,769.6,771.9,755.05,758.7,1615690
LUXIND,20190809,1034,1045.9,1016.1,1025.7,43632
LYKALABS,20190809,18.2,18.55,17.5,18.55,8830
LYPSAGEMS,20190809,3.75,4,3.75,3.85,11733
M&M,20190809,540.9,548.3,530,545.55,4313483
M&MFIN,20190809,304.85,321,302.1,318.8,3806046
M100,20190809,16.34,16.8,16.34,16.75,33639
M50,20190809,109,109,108.05,109,5887
MAANALU,20190809,71,72.5,68.6,69.05,9564
MADHAV,20190809,25,27.8,25,27.7,3000
MADHUCON,20190809,5.05,5.05,4.8,5.05,9034
MADRASFERT,20190809,21.05,21.4,21.05,21.1,103944
MAGADSUGAR,20190809,95.05,96.3,88.55,88.95,22150
MAGMA,20190809,75,75.1,69,70.55,199432
MAGNUM,20190809,3.95,3.95,3.65,3.65,22379
MAHABANK,20190809,12.2,12.35,12.1,12.15,590004
MAHAPEXLTD,20190809,76,79.9,76,79.9,110
MAHASTEEL,20190809,112.8,123.1,112.5,118.25,4305
MAHESHWARI,20190809,266,266,250.05,260.7,27339
MAHINDCIE,20190809,175.35,175.9,168.6,171.55,67517
MAHLIFE,20190809,397.95,405.9,378.15,386.45,45181
MAHLOG,20190809,362.4,370,362.4,365.95,10176
MAHSCOOTER,20190809,3841,3999.95,3840.05,3979.2,3515
MAHSEAMLES,20190809,406.2,409.85,396.5,401.1,6933
MAITHANALL,20190809,434.95,450.85,431.45,445.85,25376
MAJESCO,20190809,471.3,475,465,466.3,10943
MALUPAPER,20190809,20.1,22.2,20,22.2,18428
MAN50ETF,20190809,112,112.7,111.9,112.4,100127
MANAKALUCO,20190809,4.55,5.4,4.5,5.2,132796
MANAKCOAT,20190809,5.2,5.2,4.5,4.75,5771
MANAKSIA,20190809,32,32.3,31.5,31.5,2942
MANAKSTEEL,20190809,15.25,15.25,13.7,14.25,2196
MANALIPETC,20190809,18.15,19.1,18.15,18.4,284889
MANAPPURAM,20190809,121.4,125.5,121,123.75,5695330
MANGALAM,20190809,32.8,36.9,32.75,34.6,12951
MANGCHEFER,20190809,30.15,31.05,29.8,30.4,17354
MANGLMCEM,20190809,261.95,262.9,255,259,13401
MANGTIMBER,20190809,8.1,8.55,8.1,8.35,3832
MANINDS,20190809,42.9,43.2,41.35,41.55,20287
MANINFRA,20190809,22.05,25.2,22.05,23.85,168351
MANPASAND,20190809,20.1,21.7,19.75,21.55,745266
MANUGRAPH,20190809,15.25,16.75,15.25,15.95,1625
MARALOVER,20190809,17.25,18.75,17.25,17.5,1331
MARATHON,20190809,73.5,77.8,70.9,74.1,2964
MARICO,20190809,383.9,394,382.5,392.05,1975249
MARKSANS,20190809,17.1,17.75,16.9,17,1038693
MARUTI,20190809,5937.65,6155,5927.2,6099.9,1445079
MASFIN,20190809,595.65,618.65,595.65,611.2,6002
MASTEK,20190809,357.25,366.5,357.25,363.35,14804
MATRIMONY,20190809,594.95,603,592,597.15,713
MAWANASUG,20190809,30.2,32.15,29.8,30.2,136376
MAXINDIA,20190809,61,62.5,59.2,60.45,1944790
MAXVIL,20190809,41,44.8,40.6,41.85,407707
MAYURUNIQ,20190809,229,237.95,228.5,230,13819
MAZDA,20190809,371.05,382,361.2,364.85,1209
MBECL,20190809,3.9,3.9,3.9,3.9,15608
MBLINFRA,20190809,4.55,4.85,4.55,4.85,29866
MCDHOLDING,20190809,16,17.3,16,16.9,13764
MCDOWELL-N,20190809,598.9,609.15,597.15,605.1,975937
MCLEODRUSS,20190809,12.4,12.45,11.7,12.4,255999
MCX,20190809,818,856.15,817.95,845.6,490717
MEGASOFT,20190809,6.2,6.3,5.9,6.25,4326
MEGH,20190809,49.5,51.9,48.2,48.95,1060871
MENONBE,20190809,68.95,69,66.8,67,5732
MEP,20190809,32.1,33.7,30.5,33.4,198536
MERCATOR,20190809,1.75,1.75,1.75,1.75,55392
METALFORGE,20190809,6.25,6.75,6.25,6.25,5882
METROPOLIS,20190809,1059.9,1075,1055,1060.9,10768
MFSL,20190809,400,404.5,394.2,400.4,766033
MGL,20190809,838,856.3,777.2,785.15,2703609
MHRIL,20190809,215.1,219.25,215.1,217.7,5846
MIC,20190809,0.8,0.8,0.8,0.8,29194
MIDHANI,20190809,116.65,122.05,116.35,119.9,799006
MINDACORP,20190809,82.55,86.45,82.55,85.2,59492
MINDAIND,20190809,319,331.6,317.85,328.65,112456
MINDTECK,20190809,38,40,36.3,36.4,4682
MINDTREE,20190809,750,756.8,740.55,752.15,666075
MIRCELECTR,20190809,12.15,12.8,12.1,12.55,78346
MIRZAINT,20190809,58,58.8,57.05,57.85,292252
MMFL,20190809,361.5,400,354.4,366.8,3005
MMTC,20190809,19.4,19.65,18.75,19,312648
MODIRUBBER,20190809,41.6,41.6,39.55,39.55,403
MOHITIND,20190809,5.7,5.9,5.4,5.75,2074
MOHOTAIND,20190809,12.7,13.9,12.7,13.8,6817
MOIL,20190809,132.05,133.95,131.4,131.9,63541
MOLDTECH,20190809,49.65,53.5,49.5,50.35,2295
MOLDTKPAC,20190809,271,278.8,269.2,271.8,35586
MONSANTO,20190809,2030.65,2092.7,2030.65,2079.9,2694
MONTECARLO,20190809,271.9,272.5,251.1,259.25,11805
MORARJEE,20190809,12.15,13.25,12.15,13.1,4868
MOREPENLAB,20190809,17.35,18.5,17.25,18.05,936066
MOTHERSUMI,20190809,100,111,99.5,107.35,32920680
MOTILALOFS,20190809,523,552,520.1,529.25,83640
MPHASIS,20190809,961.8,964.05,958.05,960.2,128180
MPSLTD,20190809,495,495,475.25,479.85,1604
MRF,20190809,54850,57431.6,54550,57034.45,21845
MRO-TEK,20190809,23.35,23.35,23.35,23.35,40
MRPL,20190809,52.05,53.4,51.7,52.3,201238
MSPL,20190809,5.7,5.95,5.65,5.95,9254
MSTCLTD,20190809,84.4,89.45,84.4,87.4,10527
MTEDUCARE,20190809,26.8,26.8,26.8,26.8,2432
MTNL,20190809,6.75,6.75,6.5,6.55,1229989
MUKANDENGG,20190809,13.8,14.25,12.75,13.05,5581
MUKANDLTD,20190809,34,35.8,33,34.95,16474
MUKTAARTS,20190809,38.55,39.8,37.7,38.5,5847
MUNJALAU,20190809,34.45,35.4,33.5,34.55,184133
MUNJALSHOW,20190809,132.85,137.3,128.5,132.4,30969
MURUDCERA,20190809,14.35,15.1,14.3,14.7,24037
MUTHOOTCAP,20190809,539.05,574,535,558.9,6776
MUTHOOTFIN,20190809,639,655.5,637.75,648.25,1109675
MVL,20190809,0.15,0.2,0.15,0.2,17785
N100,20190809,533.83,540.95,533.83,539.88,6202
NACLIND,20190809,26.8,27.5,25.75,26.75,39252
NAGAFERT,20190809,4.35,4.45,4.05,4.15,275047
NAGAROIL,20190809,0.25,0.25,0.2,0.25,347385
NAGREEKCAP,20190809,6.5,7.3,6.2,7,2551
NAGREEKEXP,20190809,13.55,13.55,13,13.05,760
NAHARCAP,20190809,64,65.9,62.5,63.55,4963
NAHARINDUS,20190809,26.35,27.4,26.35,26.7,1571
NAHARPOLY,20190809,28.5,29.55,27.2,27.7,1014
NAHARSPING,20190809,57,58.75,55.6,57.25,7422
NATCOPHARM,20190809,555,555,528.6,551.45,395224
NATHBIOGEN,20190809,369.4,381.5,369.4,374.1,4962
NATIONALUM,20190809,44.4,44.75,43.55,43.75,3830333
NATNLSTEEL,20190809,2.75,2.75,2.55,2.6,1591
NAUKRI,20190809,2176,2249.95,2175,2206.9,95097
NAVINFLUOR,20190809,679.85,679.85,665.1,667.45,17857
NAVKARCORP,20190809,24.2,28.3,23.65,27.9,1547179
NAVNETEDUL,20190809,105,110,104.2,105.1,68472
NBCC,20190809,37.3,38.45,34.05,34.65,53973205
NBIFIN,20190809,1198,1211,1161,1172.55,2581
NBVENTURES,20190809,91.75,91.85,88.8,89.05,109437
NCC,20190809,71.5,73.4,67.55,68.6,14218760
NCLIND,20190809,111,114.75,106.7,113.7,82662
NDGL,20190809,515.4,562.95,515.4,562.65,13
NDL,20190809,31,33,31,32.4,21279
NDTV,20190809,38,38.4,37.1,38.05,16899
NECCLTD,20190809,6.25,6.4,5.95,6.15,20817
NECLIFE,20190809,15.2,15.35,14.75,14.8,108429
NELCAST,20190809,40.2,42,39.55,41.15,77280
NELCO,20190809,219.8,226.6,213.25,221.55,40315
NEOGEN,20190809,359.45,382.05,346.5,350,71397
NESCO,20190809,522,533.7,522,528.75,14685
NESTLEIND,20190809,11780,12268.5,11700,11993.3,116548
NETF,20190809,112.13,112.13,112.13,112.13,24
NETWORK18,20190809,20.3,20.85,20,20.1,139565
NEULANDLAB,20190809,458.2,470,452.1,463.75,16488
NEWGEN,20190809,291,301,288.85,299.4,21841
NEXTMEDIA,20190809,12,13.8,11.5,13.15,5110
NFL,20190809,26.6,27.65,26.6,26.75,328650
NH,20190809,214.2,219.25,210,214.7,43816
NHPC,20190809,22.6,22.95,21.7,22.05,2449638
NIACL,20190809,119,121.85,117,119,41609
NIBL,20190809,7.85,8.25,7.1,7.1,66689
NIFTYBEES,20190809,1179.95,1183.49,1170,1176.15,109380
NIITLTD,20190809,95.5,98.7,95.5,97.95,657174
NIITTECH,20190809,1280,1309.8,1257.55,1300.1,453152
NILAINFRA,20190809,4.95,5.05,4.8,4.9,113061
NILASPACES,20190809,1.55,1.6,1.5,1.55,76833
NILKAMAL,20190809,1050,1078.7,1045,1051.95,21711
NIPPOBATRY,20190809,441,460,432.35,450.95,899
NITCO,20190809,21.8,22.45,20.8,22.1,68998
NITESHEST,20190809,1.85,1.85,1.75,1.75,37360
NITINFIRE,20190809,0.3,0.3,0.3,0.3,83088
NITINSPIN,20190809,54,55.5,53,55.05,11583
NKIND,20190809,28.3,28.3,28.3,28.3,250
NLCINDIA,20190809,55.4,56.4,54,55.05,465887
NMDC,20190809,102.45,103.1,101,101.85,2306358
NOCIL,20190809,90,92,88.85,89.9,402050
NOIDATOLL,20190809,3.65,3.65,3.15,3.3,41509
NRAIL,20190809,184.95,187.7,178.1,185.1,11400
NRBBEARING,20190809,83.15,90,82,83.7,179190
NSIL,20190809,965,965.05,951.05,952,238
NTL,20190809,0.4,0.4,0.35,0.35,1351
NTPC,20190809,124.6,126.65,123.15,123.9,10566552
NUCLEUS,20190809,308.9,310.85,306.85,309.8,6913
OAL,20190809,180.1,196,166.5,190,6710
OBEROIRLTY,20190809,554,564.9,544.25,548.2,171125
OCCL,20190809,1057.1,1085,1057.1,1070.15,3910
OFSS,20190809,3214.7,3244.3,3137,3152.55,24980
OIL,20190809,151.2,153.6,149.7,150.2,838718
OILCOUNTUB,20190809,6.25,6.7,6.25,6.6,3645
OISL,20190809,7.7,8.2,7.5,7.65,40901
OLECTRA,20190809,192.8,211,192.8,204.85,70292
OMAXAUTO,20190809,40.5,48.4,40.5,42.7,79445
OMAXE,20190809,197.8,199.2,196.45,196.6,412516
OMKARCHEM,20190809,5.75,5.75,5.5,5.65,10650
OMMETALS,20190809,17.35,17.6,15.1,16.6,36448
ONELIFECAP,20190809,7.75,7.75,7.75,7.75,622
ONEPOINT,20190809,18.15,23.3,18.15,20.5,22192
ONGC,20190809,131.65,132.4,129.65,130.95,8847432
ONMOBILE,20190809,30.15,31,29.6,29.75,25234
ONWARDTEC,20190809,63.85,65,62.2,63.75,4493
OPTIEMUS,20190809,57.95,57.95,55.7,56.8,133115
OPTOCIRCUI,20190809,4,4.6,3.85,4.55,771104
ORBTEXP,20190809,108.9,108.9,100.8,103.05,325
ORICONENT,20190809,22.3,24.35,22.3,23.05,168859
ORIENTABRA,20190809,17.45,18.25,17.1,18,18473
ORIENTALTL,20190809,13.45,13.45,13.1,13.2,55005
ORIENTBANK,20190809,67.4,70.95,67.25,68.35,1488207
ORIENTBELL,20190809,124,125.9,120.5,121.6,7707
ORIENTCEM,20190809,93,95.75,91.25,91.7,133998
ORIENTELEC,20190809,162,169.95,160.95,169.55,342091
ORIENTHOT,20190809,37.75,39,37.75,38.95,15260
ORIENTLTD,20190809,110.05,128.5,110.05,115.95,390
ORIENTPPR,20190809,25.9,26.2,25.3,25.7,163924
ORIENTREF,20190809,170,184.7,169.35,181.6,17195
ORISSAMINE,20190809,625.5,638.15,623.1,628.55,3618
ORTEL,20190809,1,1,0.95,1,37324
ORTINLABSS,20190809,10.6,10.6,9.9,9.9,14399
OSWALAGRO,20190809,7.25,8.3,7.05,7.7,62831
PAGEIND,20190809,17550,18199.95,17449,17682,101901
PAISALO,20190809,407.9,418,402.95,413.6,15429
PALASHSECU,20190809,43,43,42,42.7,214
PALREDTEC,20190809,19.4,20.3,19.4,20.3,5363
PANACEABIO,20190809,143,163.8,139,161.3,221713
PANAMAPET,20190809,73.65,78,73.35,74,12273
PAPERPROD,20190809,230,247.45,230,243,53300
PARABDRUGS,20190809,0.45,0.5,0.45,0.5,1662
PARACABLES,20190809,10.4,10.4,9.5,9.8,23372
PARAGMILK,20190809,177.3,183,173.5,181.1,374307
PARSVNATH,20190809,3.65,3.65,3.35,3.45,123731
PATELENG,20190809,11.9,12.2,11.4,11.5,145840
PATINTLOG,20190809,20,20.1,20,20.1,9479
PATSPINLTD,20190809,7,7.6,5.9,6.45,2490
PCJEWELLER,20190809,32.95,33.9,32.2,33.25,8260839
PDMJEPAPER,20190809,11.3,11.9,11.15,11.5,37678
PDPL,20190809,3.15,3.45,3.15,3.45,2251
PDSMFL,20190809,330,338,320,330.1,5621
PEARLPOLY,20190809,9.75,9.75,9.55,9.55,1000
PEL,20190809,1765,1821.25,1740,1770.6,1389777
PENIND,20190809,23.4,24.2,23.4,23.95,79476
PENINLAND,20190809,5.25,5.3,5,5.05,88134
PERSISTENT,20190809,543.5,559,532.3,538.05,39977
PETRONENGG,20190809,8.1,8.45,8.1,8.2,151
PETRONET,20190809,241.05,244.65,238,238.6,1873281
PFC,20190809,109,112.5,108.6,109.3,8247906
PFIZER,20190809,2879,2998.05,2865.25,2961.45,185713
PFOCUS,20190809,39.5,41.8,38.2,40.3,12279
PFS,20190809,11.6,12.2,11.6,12.1,321082
PGEL,20190809,45.8,46.8,44.5,45.35,48359
PGHH,20190809,10244.4,10380,10244.4,10322.5,13368
PGHL,20190809,4640,4750,4470,4626.1,43624
PGIL,20190809,146,155,146,148.65,1745
PHILIPCARB,20190809,118.4,119.6,116.95,117.9,274023
PHOENIXLTD,20190809,643.4,649,630,641.25,29472
PIDILITIND,20190809,1338.9,1358.65,1334.3,1351.75,964952
PIIND,20190809,1107.7,1130,1106.05,1124.8,188076
PILANIINVS,20190809,2000,2010,1910,1925.85,2365
PILITA,20190809,8.15,8.6,8,8.3,202228
PIONDIST,20190809,117,120.65,112.1,114.1,3317
PIONEEREMB,20190809,20,23.4,20,22.35,18903
PIRPHYTO,20190809,24,24,23.6,23.6,289
PITTIENG,20190809,37.15,38.9,37.1,38.4,31741
PKTEA,20190809,115,118,111.5,114.95,319
PLASTIBLEN,20190809,184.1,186.1,184.05,185.8,1903
PNB,20190809,66.75,67.55,65.55,66.55,21976833
PNBGILTS,20190809,36.95,37.65,36.9,37.45,76781
PNBHOUSING,20190809,713,744,712.1,721.1,185363
PNC,20190809,15,15.9,14.3,14.4,1975
PNCINFRA,20190809,192.1,207.75,192,201.85,164887
PODDARHOUS,20190809,325.8,349.35,293.25,295.9,2650
PODDARMENT,20190809,151.75,151.8,146.5,149.7,2433
POKARNA,20190809,122.3,133.5,122.3,132.05,19829
POLYCAB,20190809,566,585,560.1,574.2,48520
POLYMED,20190809,170.9,175.9,169.05,171,2407
POLYPLEX,20190809,482.7,494,479,484.05,58187
PONNIERODE,20190809,103.05,108.9,101.5,103.5,1030
POWERGRID,20190809,203.5,208.85,201.25,202,5161460
POWERMECH,20190809,834.95,936.95,796.05,861.1,40797
PPAP,20190809,164.85,178.9,161,172.65,16011
PPL,20190809,66.6,69.9,65.1,67.65,36386
PRABHAT,20190809,65.85,66.35,65.1,66.15,13511
PRADIP,20190809,0.8,0.8,0.8,0.8,186
PRAENG,20190809,6.8,7.2,6.45,7.15,16727
PRAJIND,20190809,106.6,110.15,106.25,107.05,597760
PRAKASH,20190809,42.8,44.8,38.6,40,1251774
PRAKASHSTL,20190809,0.25,0.25,0.2,0.2,5954
PRAXIS,20190809,56.3,68.9,56.3,66.1,10641
PRECAM,20190809,41.2,42.5,40.75,42.25,11395
PRECOT,20190809,36.2,37.4,29.9,31.65,14803
PRECWIRE,20190809,154,162.9,147.8,152.15,14178
PREMEXPLN,20190809,155.1,173.95,155.05,170.35,7863
PREMIER,20190809,2.35,2.45,2.35,2.45,404
PREMIERPOL,20190809,21,23.2,19.65,21.95,3335
PRESSMN,20190809,22.05,23.85,22,23.25,14336
PRESTIGE,20190809,285.75,298.25,281.25,285.85,173897
PRICOLLTD,20190809,29.4,30.3,28.25,29.1,247443
PRIMESECU,20190809,37.35,37.85,36.9,37.1,51636
PROSEED,20190809,0.3,0.35,0.3,0.35,32210
PROVOGE,20190809,0.85,0.85,0.75,0.85,135743
PROZONINTU,20190809,17.55,18.95,17.55,18.4,17922
PRSMJOHNSN,20190809,83.75,83.75,81.5,82.6,80195
PSB,20190809,23.2,23.5,23.1,23.15,14741
PSL,20190809,0.7,0.75,0.65,0.75,107824
PSPPROJECT,20190809,473.05,499.95,473.05,494.85,41046
PSUBNKBEES,20190809,290,299,284.27,285.89,2785
PTC,20190809,58.35,60.5,58,60.05,511359
PTL,20190809,34.85,37.45,34.05,34.85,12813
PUNJABCHEM,20190809,508.5,510,490.8,502.95,7659
PUNJLLOYD,20190809,1.25,1.3,1.15,1.2,592527
PURVA,20190809,62.9,62.9,60.2,60.4,56215
PVR,20190809,1518.4,1522.7,1460.05,1466.25,480691
QGOLDHALF,20190809,1639.05,1669.95,1628,1630.05,1119
QNIFTY,20190809,1142.5,1142.5,1140.5,1140.5,40
QUESS,20190809,464.25,473.75,460.7,465.15,196563
QUICKHEAL,20190809,131.55,132,120.35,122.35,306579
QUINTEGRA,20190809,0.6,0.6,0.55,0.55,2302
RADAAN,20190809,1.4,1.45,1.25,1.45,3312
RADICO,20190809,323.35,327.8,316.15,318.15,400767
RADIOCITY,20190809,42.4,44.05,40.2,40.75,304984
RAIN,20190809,85.85,87.4,83,84.4,432827
RAJESHEXPO,20190809,687.95,693.15,684.75,686.5,314249
RAJSREESUG,20190809,18.15,18.6,17.7,18.55,4586
RALLIS,20190809,157.9,160.1,155.5,159,73204
RAMANEWS,20190809,15,16.5,14.8,15.75,4925
RAMASTEEL,20190809,59.95,59.95,55.1,56,17734
RAMCOCEM,20190809,739,766.8,735.4,754.05,512830
RAMCOIND,20190809,165,179,165,177.5,26794
RAMCOSYS,20190809,187,193.2,187,190.6,5345
RAMKY,20190809,71.5,71.5,67.15,68.05,59493
RANASUG,20190809,2.15,2.4,2.15,2.3,356528
RANEENGINE,20190809,264.9,272.7,250,272.7,6118
RANEHOLDIN,20190809,832.2,951,803,874.7,23030
RATNAMANI,20190809,931.05,945,931,932.5,1367
RAYMOND,20190809,644.1,651.25,614,631.85,633944
RBL,20190809,494.3,575.9,491.5,544,85205
RBLBANK,20190809,372,399.7,369,384.15,10046237
RCF,20190809,44.7,45.95,44.7,45.4,691687
RCOM,20190809,1.3,1.35,1.25,1.3,11122113
RECLTD,20190809,141.85,145.3,141.65,143.1,5171049
REDINGTON,20190809,96,98.95,88.5,92.4,394561
REFEX,20190809,80.7,80.7,80.7,80.7,3939
RELAXO,20190809,434.8,437,428,430,35340
RELCAPITAL,20190809,50.4,50.85,47.1,48.75,15845157
RELCNX100,20190809,115.87,116.67,115.77,116.67,131
RELCONS,20190809,48.66,49.23,48.66,49,3574
RELDIVOPP,20190809,28.94,28.97,28.57,28.58,398
RELIANCE,20190809,1161.85,1175.5,1152.3,1162.1,10043949
RELIGARE,20190809,32,32.55,30.55,31.05,39383
RELINFRA,20190809,48,49.65,46.15,47.45,20980560
RELNV20,20190809,553,557.66,551,553.56,485
REMSONSIND,20190809,84.15,88,81.65,86.05,5640
RENUKA,20190809,7,7.45,7,7.4,409521
REPCOHOME,20190809,300.2,312.65,300,309.15,329126
REPRO,20190809,520,520,492.5,510.35,3162
RESPONIND,20190809,94.4,94.75,93,93.5,234687
RETFMID150,20190809,58.11,58.55,57.7,57.95,61902
REVATHI,20190809,345,370,342.4,355.4,1621
RGL,20190809,239,279,227.35,268.95,13691
RHFL,20190809,7.95,8.2,7.5,7.5,1956078
RICOAUTO,20190809,40.5,41.8,39,39.85,529350
RIIL,20190809,236,241,233.05,236.45,185832
RITES,20190809,238.9,241.45,238,240,360531
RKDL,20190809,7,7,6.25,6.65,11598
RKFORGE,20190809,439.45,448,425,435.9,3088
RMCL,20190809,5.9,6.15,5.7,5.7,150489
RML,20190809,209.2,242.5,209.2,227.25,58495
RNAM,20190809,229.15,234.8,229.15,231.65,147478
RNAVAL,20190809,1.85,1.85,1.85,1.85,319757
ROHLTD,20190809,64.2,67.7,63.3,64.5,23990
ROLLT,20190809,3,3.15,3,3,20176
ROLTA,20190809,5.9,5.9,5.9,5.9,92632
ROSSELLIND,20190809,50.9,52.6,47.1,49.6,99959
RPGLIFE,20190809,183.9,203.7,182.7,192.05,108220
RPOWER,20190809,3.65,3.7,3.6,3.65,4712975
RPPINFRA,20190809,78.4,83,75.05,76.9,26440
RRSLGETF,20190809,20.16,20.16,19.98,20.05,13105
RSSOFTWARE,20190809,16.3,17.5,16.1,17.3,29764
RSWM,20190809,117.2,124.95,116.8,121.4,20213
RSYSTEMS,20190809,41.25,43.65,41.15,41.85,3623
RTNINFRA,20190809,1.75,1.75,1.6,1.7,195131
RTNPOWER,20190809,1.3,1.3,1.25,1.3,920814
RUBYMILLS,20190809,157.85,164.55,153.15,154.5,5652
RUCHINFRA,20190809,2.35,2.45,2.35,2.35,16387
RUCHIRA,20190809,73.3,75.8,72.85,74.4,24738
RUCHISOYA,20190809,6.1,6.1,6.1,6.1,202037
RUPA,20190809,194,195.9,189,191.2,21307
RUSHIL,20190809,159.9,161.05,156.2,161.05,4684
RVNL,20190809,24.5,26.4,24.5,26,8740461
SABTN,20190809,1.9,1.9,1.85,1.85,13747
SADBHAV,20190809,128,135,128,134.05,153858
SADBHIN,20190809,59.1,60.05,48,53.9,88807
SAGCEM,20190809,592.7,610,585.25,589.2,2495
SAIL,20190809,39,39.95,38.5,38.8,21897438
SAKAR,20190809,54.15,56.95,54.15,56.5,678
SAKHTISUG,20190809,7.75,8.4,7.65,7.8,50135
SAKSOFT,20190809,264,269,259,265.65,3967
SAKUMA,20190809,10.25,10.4,9.8,10.4,825556
SALASAR,20190809,131.9,139,128.3,130.6,19639
SALONA,20190809,84.75,90.75,84.75,86.55,997
SALSTEEL,20190809,3,3.1,2.85,2.85,5344
SALZERELEC,20190809,114.45,114.45,110,113.4,6087
SAMBHAAV,20190809,3.2,3.4,3,3.05,19828
SANCO,20190809,16.65,16.9,15.8,16.55,9567
SANDESH,20190809,605,619.5,605,614.8,461
SANDHAR,20190809,251.25,254.5,244.2,250.6,2814
SANGAMIND,20190809,39.75,41.9,38.4,40.4,3224
SANGHIIND,20190809,56.9,61.4,56,57,22200
SANGHVIFOR,20190809,19.5,21,19.5,21,253
SANGHVIMOV,20190809,94,96.9,94,94.6,122548
SANGINITA,20190809,79,79,71.5,74,27213
SANOFI,20190809,6020,6200,6020,6180.7,8991
SANWARIA,20190809,4.35,4.5,4.1,4.1,12540912
SARDAEN,20190809,171.1,174.45,170.4,171.65,20486
SAREGAMA,20190809,490.6,503,484.3,499.6,3891
SARLAPOLY,20190809,23.35,24,23.25,23.5,10907
SASKEN,20190809,528,528,512.45,521.25,3930
SASTASUNDR,20190809,100.2,102.9,100,100.1,904
SATHAISPAT,20190809,5.85,5.85,5.85,5.85,2
SATIA,20190809,632,657,632,648.5,3230
SATIN,20190809,274.7,281.45,267,274.85,66774
SBIETFQLTY,20190809,92.7,93.75,92.7,93.35,2489
SBILIFE,20190809,810.55,814.8,795.1,801.7,714830
SBIN,20190809,296.3,298,290.05,291.35,23377581
SCAPDVR,20190809,0.6,0.6,0.55,0.6,8741
SCHAEFFLER,20190809,4312.65,4409.45,4312.65,4398.5,61335
SCHAND,20190809,58.65,62.5,58.6,60.2,51924
SCHNEIDER,20190809,75.75,78.55,75.4,75.9,33010
SCI,20190809,27.95,28.3,27.5,27.7,283030
SDBL,20190809,128,130,123.35,126.8,5043
SEAMECLTD,20190809,331.1,400,321,385.35,39307
SELAN,20190809,147,154.95,146,150.6,30495
SELMCL,20190809,0.75,0.75,0.65,0.7,29751
SEPOWER,20190809,3,3,2.9,2.9,2766
SEQUENT,20190809,66.3,70.85,66.3,70.5,355327
SESHAPAPER,20190809,871.6,880,863.75,873.55,929
SETCO,20190809,15,16.5,14.65,16.05,129310
SETF10GILT,20190809,200,213.99,182,198.95,130
SETFGOLD,20190809,3345,3360,3324.1,3331.8,1271
SETFNIF50,20190809,114.5,115.05,113.62,114.42,795870
SETFNIFBK,20190809,286.99,288.99,286.2,287.88,7534
SETFNN50,20190809,275,275,267.42,269.89,7070
SETUINFRA,20190809,2.2,2.3,2.15,2.2,68761
SEYAIND,20190809,428.95,439.9,414.05,420.8,15494
SFL,20190809,1176.55,1176.55,1138.95,1146.45,5802
SGL,20190809,11,11,10.5,11,4903
SHAHALLOYS,20190809,8.5,9.05,8.1,8.9,2893
SHAKTIPUMP,20190809,262.2,287.6,262.2,278.7,58068
SHALBY,20190809,84.6,88.75,82.55,84.7,103265
SHALPAINTS,20190809,68.5,70.9,68.3,70.2,35327
SHANKARA,20190809,264.95,274.75,261,263.15,27449
SHANTIGEAR,20190809,94.55,97.3,92.2,95.8,3109
SHARDACROP,20190809,287.05,308.9,286.95,306.35,5831
SHARDAMOTR,20190809,913,1040,913,1001.25,3613
SHARIABEES,20190809,244.98,244.98,244.98,244.98,100
SHEMAROO,20190809,297.25,318.55,291.65,294.8,11163
SHILPAMED,20190809,351.7,356.65,345.85,349.85,12485
SHIRPUR-G,20190809,17.55,18.9,16.9,17.1,43503
SHIVAMAUTO,20190809,20.8,21.25,19.9,20.1,74683
SHIVAMILLS,20190809,34.4,38.95,33.7,35.35,213
SHIVATEX,20190809,120.05,120.05,116,118.9,284
SHK,20190809,113.5,119.4,113.5,118.2,48768
SHOPERSTOP,20190809,386,391.75,378.25,389.7,15247
SHREECEM,20190809,20295,20918.3,20101,20270,52782
SHREEPUSHK,20190809,86.6,90.4,85.6,88.3,36963
SHREERAMA,20190809,4.4,4.65,4.3,4.45,7601
SHRENIK,20190809,56.4,58.8,49.2,57.15,398924
SHREYANIND,20190809,115.7,123.8,115.55,118.9,31811
SHREYAS,20190809,89,91.9,87.65,89.1,10411
SHRIPISTON,20190809,760,817.5,760,777.25,96
SHRIRAMCIT,20190809,1444.4,1444.4,1405.3,1419.55,41801
SHRIRAMEPC,20190809,8.5,8.9,8,8.2,144762
SHYAMCENT,20190809,2.85,2.85,2.75,2.8,31507
SICAGEN,20190809,20.6,21.95,20.55,21.7,61769
SICAL,20190809,37.35,37.7,35.7,35.7,197803
SIEMENS,20190809,1154,1188,1150.1,1166.55,705142
SIGIND,20190809,25.15,26.6,25,25.3,5770
SIL,20190809,13.5,14,13.5,13.6,1499
SILINV,20190809,154,155.9,148.2,151.25,3481
SIMBHALS,20190809,6.4,6.6,6.2,6.55,28865
SIMPLEXINF,20190809,63.15,66,63.15,64,100157
SINTEX,20190809,2.35,2.4,2.25,2.3,1324123
SIRCA,20190809,181,185.1,180.5,183.55,2632
SIS,20190809,803,820,803,811.25,2506
SITASHREE,20190809,0.4,0.4,0.35,0.35,9083
SITINET,20190809,1.8,1.9,1.8,1.85,135317
SIYSIL,20190809,245.45,248.45,235.1,237.75,8906
SJVN,20190809,24.6,24.8,23.95,24.3,2050584
SKFINDIA,20190809,1858,1875,1836.6,1840.95,7882
SKIL,20190809,5.9,6,5.5,5.85,18872
SKIPPER,20190809,49.2,55,49.2,52.6,33956
SKMEGGPROD,20190809,32.55,34,32,33.05,18697
SMARTLINK,20190809,94.9,94.9,94.9,94.9,205
SMLISUZU,20190809,554.2,578.15,554.2,570.3,7773
SMPL,20190809,0.25,0.3,0.25,0.3,1267
SMSLIFE,20190809,424,432.65,400,415.2,13373
SMSPHARMA,20190809,47.15,48.7,47,47.9,29070
SNOWMAN,20190809,32.2,33,31.5,32,115150
SOBHA,20190809,511.8,538.8,507,528.5,353695
SOLARA,20190809,382.5,425.2,375.15,417.9,77076
SOLARINDS,20190809,1116.95,1134,1089.05,1100.5,7893
SOMANYCERA,20190809,320,328.95,316.3,321.6,12887
SOMATEX,20190809,2.4,2.4,2.3,2.3,2284
SOMICONVEY,20190809,12.4,12.7,12.05,12.25,1605
SONATSOFTW,20190809,325.35,345,325.35,337.95,184685
SORILINFRA,20190809,90.8,97.25,90.8,97.25,41839
SOTL,20190809,893,928,881.05,892.2,1912
SOUTHBANK,20190809,11.8,11.9,11.7,11.75,3697295
SOUTHWEST,20190809,16.25,16.25,16.25,16.25,1
SPAL,20190809,226.5,235,226.5,232.4,5902
SPARC,20190809,155.75,160,152.3,154.4,380692
SPCENET,20190809,0.65,0.65,0.65,0.65,2559
SPECIALITY,20190809,75,83.65,72.65,74.4,15933
SPENCERS,20190809,65.5,74.7,64.6,68.4,946455
SPENTEX,20190809,0.4,0.45,0.35,0.45,12641
SPIC,20190809,19.25,19.95,19.15,19.3,19219
SPICEMOBI,20190809,6.8,6.8,6.2,6.8,31160
SPLIL,20190809,31.6,33.35,31.6,32.6,24432
SPMLINFRA,20190809,13,13.15,12.1,12.3,18069
SPTL,20190809,4.15,4.35,3.95,3.95,1752285
SPYL,20190809,0.25,0.3,0.25,0.25,50938
SREEL,20190809,154.95,154.95,140.5,145.15,4142
SREINFRA,20190809,11.1,11.9,11.05,11.45,672439
SRF,20190809,2881.3,2950.35,2864.85,2898,476582
SRHHYPOLTD,20190809,100,102,95,101.2,2927
SRIPIPES,20190809,168.45,175.5,168.45,171.05,59100
SRTRANSFIN,20190809,1009.95,1065,1008.4,1042.15,1567489
SSWL,20190809,780.05,785.95,777.05,783.75,2507
STAMPEDE,20190809,0.75,0.75,0.75,0.75,25056
STAR,20190809,423.5,429.5,418,421.9,1653629
STARCEMENT,20190809,103,109.85,100.15,101.95,77663
STARPAPER,20190809,91,97,90,93.9,60231
STCINDIA,20190809,88.45,89.8,86.2,87,53020
STEELCITY,20190809,31.8,31.8,29.55,29.65,753
STEELXIND,20190809,11.5,11.95,11,11.8,30473
STEL,20190809,73.95,75,66.1,73.65,4208
STERTOOLS,20190809,156.25,164.95,156,162.5,3263
STINDIA,20190809,5.7,5.95,5.7,5.95,231
STRTECH,20190809,143.15,147.5,138.3,139.75,1032056
SUBCAPCITY,20190809,6.65,6.65,6.65,6.65,33
SUBEX,20190809,5.4,5.5,5.35,5.4,396223
SUBROS,20190809,177.5,206.55,172.3,199.85,183649
SUDARSCHEM,20190809,325,332.15,324,326.65,32951
SUJANAUNI,20190809,0.1,0.2,0.1,0.15,17661
SUMEETINDS,20190809,2.95,3.1,2.9,2.9,74139
SUMIT,20190809,24,24,22.25,22.8,22086
SUMMITSEC,20190809,419.3,430,417,423.4,219
SUNCLAYLTD,20190809,2060,2120.95,2020,2025.6,998
SUNDARAM,20190809,1.45,1.5,1.4,1.45,78795
SUNDARMFIN,20190809,1500.5,1586,1497.65,1573.05,71404
SUNDARMHLD,20190809,74.5,75.3,73.5,74.95,31228
SUNDRMBRAK,20190809,265.4,277,261,271.75,486
SUNDRMFAST,20190809,426.7,430.9,418.15,421,184861
SUNFLAG,20190809,27.5,29.2,27.5,28.9,79760
SUNPHARMA,20190809,428,430.35,418.45,422,3434604
SUNTECK,20190809,423.75,439,420.9,434,130138
SUNTV,20190809,448.25,464.7,444.55,449.55,1532903
SUPERHOUSE,20190809,63,67,62.75,63.1,2862
SUPERSPIN,20190809,4.25,4.75,4.25,4.5,24855
SUPPETRO,20190809,181.45,192.45,181.45,189.1,4367
SUPRAJIT,20190809,157.35,157.4,147.6,151.1,41367
SUPREMEIND,20190809,1062.4,1104.7,1060,1085.45,56240
SUPREMEINF,20190809,17.75,18.45,17.05,17.2,5530
SURANASOL,20190809,6,6.55,6,6.15,7950
SURANAT&P,20190809,3.8,4.05,3.8,3.85,4826
SURYALAXMI,20190809,22.1,22.5,21.6,22.5,1133
SURYAROSNI,20190809,178,180.95,174,176.65,51593
SUTLEJTEX,20190809,27.6,28.25,27.2,28.1,9208
SUVEN,20190809,235,237.1,233,234.6,72700
SUZLON,20190809,4.15,4.55,4.15,4.4,20475932
SWANENERGY,20190809,101,104.35,99.1,102.3,207237
SWARAJENG,20190809,1075.1,1105,1075,1084.35,2225
SWELECTES,20190809,188.75,189.5,176.4,189.5,2736
SYMPHONY,20190809,1241.55,1259.95,1222.7,1238.1,7726
SYNCOM,20190809,0.95,1,0.95,1,5014
SYNDIBANK,20190809,32.3,32.8,32.05,32.35,863653
SYNGENE,20190809,316.1,318,310.5,314.3,35440
TAINWALCHM,20190809,49.15,55.8,49.15,50.15,107
TAJGVK,20190809,162.8,171,157.85,160.5,19612
TAKE,20190809,106.95,107.75,99.55,102,279525
TALBROAUTO,20190809,100,108,95.5,106.3,10740
TALWALKARS,20190809,12.65,12.65,12.65,12.65,10187
TALWGYM,20190809,23.2,23.2,23.2,23.2,3171
TANLA,20190809,52,53.75,51.35,53,318988
TARAJEWELS,20190809,0.7,0.75,0.65,0.7,4989
TARAPUR,20190809,5.05,5.4,5.05,5.05,8
TARMAT,20190809,27,27,25.5,26.35,4061
TASTYBITE,20190809,8666.35,8797.7,8602,8632.5,101
TATACHEM,20190809,582.8,602,564.4,567.35,3341498
TATACOFFEE,20190809,71.45,73.75,71.4,73.5,174332
TATACOMM,20190809,465.2,473.6,461.55,462.9,93261
TATAELXSI,20190809,634.3,643.75,625.3,631.5,555417
TATAGLOBAL,20190809,272,273.9,264.75,265.5,2192096
TATAINVEST,20190809,784.8,824,784.8,822.45,19398
TATAMETALI,20190809,506,519.55,499.85,505.05,9505
TATAMOTORS,20190809,124.5,126.5,120.7,122.05,39245417
TATAMTRDVR,20190809,59,60.4,57.4,58.2,4484064
TATAPOWER,20190809,58.2,59.7,56.75,57.5,12338857
TATASPONGE,20190809,447.5,456,443.15,445.25,33968
TATASTEEL,20190809,370.5,373.65,360.85,362.35,13352761
TATASTLBSL,20190809,23.35,23.35,22.4,22.6,624483
TBZ,20190809,32.3,33.95,32.2,33,60679
TCI,20190809,264.9,269.5,262.7,268,3561
TCIDEVELOP,20190809,347.75,351,347.75,351,30
TCIEXP,20190809,581,603.95,581,601.15,9826
TCIFINANCE,20190809,10.8,10.85,10.1,10.7,4029
TCNSBRANDS,20190809,680,710,668.2,686.75,9698
TCPLPACK,20190809,285.8,294.9,280.05,290,1262
TCS,20190809,2260,2267.9,2241.35,2246.25,1744550
TDPOWERSYS,20190809,138.95,141.95,137,137.1,11149
TEAMLEASE,20190809,2698,2710,2675,2692.85,2911
TECHIN,20190809,3.1,3.1,3.1,3.1,250
TECHM,20190809,679,680.75,659.75,663.35,3743407
TECHNOE,20190809,250.3,254.4,246,251,951
TECHNOFAB,20190809,14.15,14.15,13.9,14.15,2815
TEJASNET,20190809,93.85,93.85,89.15,90.3,76715
TERASOFT,20190809,32.2,36.95,31.25,34.35,169104
TEXINFRA,20190809,38.4,38.9,36.9,37.25,16565
TEXMOPIPES,20190809,16.95,17.35,15.9,16.15,105671
TEXRAIL,20190809,52.95,53.8,50.55,52.3,216489
TFCILTD,20190809,64.95,68.05,63,67.35,75862
TFL,20190809,4,4.2,3.8,4.1,6234
TGBHOTELS,20190809,4.7,4.7,4.5,4.55,6478
THANGAMAYL,20190809,295.05,304.8,294.2,299.1,3584
THEINVEST,20190809,142,142,135.4,139.3,1128
THEMISMED,20190809,179.8,179.8,179.8,179.8,2276
THERMAX,20190809,1099,1109.9,1061.55,1094.95,157291
THOMASCOOK,20190809,176.7,178.8,146.7,175.3,737093
THYROCARE,20190809,470,470,458.7,464.15,20325
TI,20190809,13.1,13.45,13.1,13.2,13417
TIDEWATER,20190809,4475.05,4747,4469.2,4663.3,673
TIIL,20190809,327.35,339,327.35,336.45,1509
TIINDIA,20190809,349,358.95,349,352.75,56750
TIJARIA,20190809,11.15,13.3,11.15,12.65,91326
TIL,20190809,196.55,203.9,193.8,198.25,9373
TIMESGTY,20190809,32.1,35.15,32.05,32.6,520
TIMETECHNO,20190809,70,71.4,61.95,63.65,304045
TIMKEN,20190809,667.95,684.9,651.75,680.1,17800
TINPLATE,20190809,104.05,109.25,104.05,107.15,158985
TIPSINDLTD,20190809,58.95,58.95,52.75,54.5,2445
TIRUMALCHM,20190809,61.1,63.25,61.1,62.05,139516
TITAN,20190809,1050,1077,1041.5,1067,2944544
TMRVL,20190809,10.4,10.4,9.75,9.95,25390
TNPETRO,20190809,34.4,34.5,33.45,33.7,48629
TNPL,20190809,159.5,163.2,157.15,159.9,28532
TNTELE,20190809,1.45,1.5,1.45,1.45,2493
TOKYOPLAST,20190809,51.7,52.5,51.7,52.5,1314
TORNTPHARM,20190809,1701.2,1706.9,1671.05,1674.55,342651
TORNTPOWER,20190809,292.9,296.7,286,288.8,769333
TPLPLASTEH,20190809,101.95,115.55,99.35,110.45,9855
TREEHOUSE,20190809,5.95,5.95,5.55,5.6,18752
TREJHARA,20190809,12.2,12.55,11.95,11.95,10846
TRENT,20190809,435.9,454,432.05,447.05,105915
TRF,20190809,91.5,96.3,91.5,93.2,22453
TRIDENT,20190809,57.1,58,56.1,56.3,308248
TRIGYN,20190809,45.3,49.8,45.25,48.8,81287
TRIL,20190809,9.1,9.25,8.8,9,20240
TRITURBINE,20190809,95.55,100.65,95.55,100.05,110457
TRIVENI,20190809,49.45,52.3,49.05,51.55,299414
TTKHLTCARE,20190809,503,530,485,493.7,6932
TTKPRESTIG,20190809,5725.8,6078.4,5690,6017.65,4877
TTL,20190809,36.55,37.75,36.05,36.6,6568
TTML,20190809,2.95,2.95,2.8,2.85,326323
TV18BRDCST,20190809,20.45,20.95,20.4,20.5,1409155
TVSELECT,20190809,134.1,137.75,132.1,132.7,47888
TVSMOTOR,20190809,384,393.05,380.4,388.55,2694721
TVSSRICHAK,20190809,1610,1615,1526,1603.65,1125
TVTODAY,20190809,306,317.75,304,307.7,220942
TVVISION,20190809,1.75,1.75,1.75,1.75,1015
TWL,20190809,35.25,39.8,35.25,38.75,999228
UBL,20190809,1375,1392.55,1361,1379.05,200289
UCALFUEL,20190809,116.5,121.05,116.5,120.85,8975
UCOBANK,20190809,16.1,16.2,15.9,15.95,265903
UFLEX,20190809,224,231.8,223.35,225.1,44779
UFO,20190809,153.65,168,153.65,163.9,31975
UGARSUGAR,20190809,12.4,12.6,12.25,12.35,44914
UJAAS,20190809,4.6,4.8,4.6,4.75,104059
UJJIVAN,20190809,282.8,294.85,279.3,292.15,2526386
ULTRACEMCO,20190809,4351,4383.7,4240.7,4281.35,1030872
UMANGDAIRY,20190809,45.25,46.9,44.6,45,74580
UMESLTD,20190809,1.25,1.25,1.2,1.2,1047
UNICHEMLAB,20190809,173.8,179.45,173.8,178.2,27619
UNIENTER,20190809,68,72.55,68,69.4,2779
UNIONBANK,20190809,64.75,65.85,63.75,64.75,8938472
UNIPLY,20190809,45.8,46.25,42.8,46.05,301353
UNITECH,20190809,1,1,0.95,0.95,1141949
UNITEDBNK,20190809,9.6,9.65,9.45,9.45,247786
UNITEDTEA,20190809,268.55,268.55,242.2,258.25,4312
UNIVCABLES,20190809,158.8,179.9,157.75,159.75,108220
UPL,20190809,534.25,550,529.2,533.45,4917555
URJA,20190809,2.6,2.6,2.45,2.5,455240
USHAMART,20190809,27.3,27.45,26.3,26.5,364507
UTINEXT50,20190809,267,272,264.01,271.89,3927
UTINIFTETF,20190809,1240,1240,1165.1,1167.93,2916
UTISENSETF,20190809,395,423.55,395,397.95,1639
UTTAMSTL,20190809,7.9,8.25,7.9,7.95,36103
UTTAMSUGAR,20190809,102,104.3,98,99.35,73603
UVSL,20190809,0.05,0.1,0.05,0.05,11754623
V2RETAIL,20190809,123.15,127.8,121.45,124.6,19634
VADILALIND,20190809,533.3,549,530,544.95,9448
VAIBHAVGBL,20190809,849,849,830.55,835.4,4944
VAKRANGEE,20190809,35.9,36.3,35.25,35.65,1961205
VARDHACRLC,20190809,38.35,39.4,37.5,38.55,6570
VARDMNPOLY,20190809,3.15,3.15,2.95,3.05,1903
VARROC,20190809,433,446,410,441.25,20299
VASCONEQ,20190809,11.75,11.85,11.15,11.65,104822
VASWANI,20190809,6.65,7.75,6.25,7.25,23989
VBL,20190809,619.2,639.9,600.1,610.75,255335
VEDL,20190809,139,144.8,138.4,141.5,13464098
VENKEYS,20190809,1375,1418,1370.3,1393.85,79280
VENUSREM,20190809,23.2,28.1,23.15,26.3,314889
VESUVIUS,20190809,946.65,950,930.1,942.25,7406
VETO,20190809,53.5,55.5,53.5,55,14792
VGUARD,20190809,227,228.8,225,227.2,278639
VHL,20190809,1313,1430,1313,1404.7,340
VICEROY,20190809,1.25,1.3,1.25,1.3,4130
VIDHIING,20190809,55.5,58,55.45,57.1,17210
VIJIFIN,20190809,0.45,0.5,0.4,0.45,85734
VIKASECO,20190809,4.8,4.95,4.8,4.8,356422
VIKASMCORP,20190809,3,3.35,2.95,3.2,3066579
VIMTALABS,20190809,104,109.9,98.5,106.95,14873
VINATIORGA,20190809,1968.95,2060,1951.05,2045.9,35164
VINDHYATEL,20190809,949,949,833.3,848.6,45441
VINYLINDIA,20190809,63.1,64.5,62.25,63.25,3487
VIPCLOTHNG,20190809,13.75,15.2,13.55,14.55,97550
VIPIND,20190809,395.95,400,390.2,398.35,144491
VIPULLTD,20190809,33.95,38,32.7,37.1,338886
VISAKAIND,20190809,304,308,297,301.35,39290
VISASTEEL,20190809,5.35,5.35,5,5.05,11851
VISESHINFO,20190809,0.05,0.1,0.05,0.05,3354765
VISHNU,20190809,108.15,123.1,104.2,119.85,12952
VIVIDHA,20190809,0.3,0.3,0.25,0.3,142743
VIVIMEDLAB,20190809,17.6,18.4,16.45,16.55,144077
VLSFINANCE,20190809,44.75,46.9,43.6,45.9,13789
VMART,20190809,1886.95,1887,1835,1856,5637
VOLTAMP,20190809,1022.5,1035.95,980,992.95,8514
VOLTAS,20190809,601.75,616.45,600.2,605.6,1576382
VRLLOG,20190809,256.8,275.6,256.8,263.05,238472
VSSL,20190809,84.85,89,84.15,87.1,35849
VSTIND,20190809,3470,3470,3403.35,3422.1,847
VSTTILLERS,20190809,964.5,970,930,962.05,15003
VTL,20190809,925.2,940,925.2,937,2840
WABAG,20190809,282,289.9,278.85,281.05,98551
WABCOINDIA,20190809,6089,6135,6081,6122.25,2238
WALCHANNAG,20190809,65.1,67.8,63.8,64.3,160444
WANBURY,20190809,14,14.3,13.3,14.3,458
WEBELSOLAR,20190809,19.65,20,19.6,20,32685
WEIZFOREX,20190809,388,398.8,367,375.8,414
WEIZMANIND,20190809,29,29,27.15,27.25,1169
WELCORP,20190809,117.95,118.95,115.5,116.7,208114
WELENT,20190809,96,106.1,95.55,103.1,201756
WELINV,20190809,151.95,158,146,154.75,105
WELSPUNIND,20190809,47.5,49.85,47.3,49.45,607664
WENDT,20190809,2175,2175,2014.6,2137.3,145
WHEELS,20190809,592,598.95,571,586.35,5303
WHIRLPOOL,20190809,1549.95,1549.95,1526.3,1540,21556
WILLAMAGOR,20190809,17.2,17.5,17.05,17.5,121
WINDMACHIN,20190809,20.35,21.15,20.05,20.45,12326
WIPRO,20190809,266,268.7,262.85,263.5,3530499
WOCKPHARMA,20190809,294.4,303.05,288.5,296.2,543711
WONDERLA,20190809,257.75,259.8,249.3,253,300863
WSI,20190809,0.55,0.65,0.55,0.65,2035
WSTCSTPAPR,20190809,219.2,227,219.2,222.95,35021
XCHANGING,20190809,48.9,49.75,48.75,49.3,1833
XELPMOC,20190809,69,69,61.5,62.35,6180
XLENERGY,20190809,0.65,0.65,0.55,0.65,2499
XPROINDIA,20190809,25.7,27.5,25.7,26.45,1519
YESBANK,20190809,91.8,92.45,81.15,82.15,187030766
ZEEL,20190809,333,338.8,324.3,328.1,8625986
ZEELEARN,20190809,20.05,20.7,20.05,20.35,82105
ZEEMEDIA,20190809,11.2,11.2,10.9,10.95,395972
ZENITHBIR,20190809,0.35,0.35,0.3,0.3,11540
ZENITHEXPO,20190809,44.7,44.7,43.3,43.65,850
ZENSARTECH,20190809,213.05,222.95,212.25,216.4,24206
ZENTEC,20190809,61,61,57.75,58.05,33150
ZICOM,20190809,1,1,0.9,0.9,41324
ZODIACLOTH,20190809,191.1,201.75,191.1,193.75,3264
ZODJRDMKJ,20190809,28.9,29,26.8,27.15,336
ZUARI,20190809,113.3,116.8,110.5,112.35,23724
ZUARIGLOB,20190809,72.2,73.7,70.35,71.6,13785
ZYDUSWELL,20190809,1525,1589,1505,1533.8,16430
NSENIFTY,20190809,11087.90,11181.45,11062.80,11109.65,538063563,0
NIFTYJUNIOR,20190809,26159.65,26443.00,26133.60,26236.60,345376883,0
NIFTYMIDCAPLIQ15,20190809,3782.00,3846.50,3781.00,3816.35,98081334,0
NSE100,20190809,11198.95,11296.60,11175.90,11222.20,887924510,0
NIFTY200,20190809,5719.80,5770.85,5710.55,5733.35,1308843036,0
NSE500,20190809,9022.50,9103.10,9010.35,9046.55,1488638644,0
NSEMIDCAP150,20190809,5768.60,5829.40,5768.15,5798.20,431077725,0
MIDCAP50,20190809,4316.25,4375.60,4314.90,4335.90,338971971,0
NSEMIDCAP,20190809,15869.90,16056.55,15868.35,15947.30,420918526,0
NIFTYSMALLCAP250,20190809,-,-,-,4546.45,-,0
NIFTYSMALLCAP50,20190809,-,-,-,2635.25,-,0
NSESMLCAP100,20190809,5471.55,5531.35,5469.95,5501.15,-,0
NIFTYLARGEMIDCAP250,20190809,-,-,-,5537.11,1319002235,0
NIFTYMIDSMALLCAP400,20190809,-,-,-,5351.40,-,0
NIFTYAUTO,20190809,7032.65,7175.10,7005.75,7137.40,138892086,0
BANKNIFTY,20190809,28293.65,28602.75,28251.75,28431.90,336826632,0
NIFTYFINSERVICE,20190809,12649.00,12852.95,12631.90,12774.85,134169882,0
NIFTYFMGC,20190809,29219.85,29365.10,29123.65,29302.20,22749012,0
NSEIT,20190809,15898.00,15945.40,15785.75,15821.35,32476723,0
NIFTYMEDIA,20190809,1852.55,1879.90,1826.65,1832.75,44127287,0
NIFTYMETAL,20190809,2430.70,2453.50,2390.10,2398.00,111809408,0
NIFTYPHARMA,20190809,8014.95,8049.10,7896.40,7924.05,23404494,0
NIFTYPVTBANK,20190809,15774.40,15954.55,15746.30,15852.75,271974692,0
NIFTYPSUBANK,20190809,2616.05,2637.55,2574.35,2596.20,94882464,0
NIFTYREALTY,20190809,264.15,267.70,263.95,265.65,14088996,0
NIFTYCOMMODITIES,20190809,3163.15,3194.60,3142.95,3148.10,215122392,0
NIFTYCONSUMPTION,20190809,4591.30,4634.70,4582.75,4622.70,73493334,0
NIFTYCPSE,20190809,1965.75,1974.50,1940.75,1948.35,109610927,0
NIFTYENERGY,20190809,14184.20,14285.65,14120.85,14155.40,100723117,0
NIFTY100ESG,20190809,-,-,-,2067.65,766318671,0
NIFTY100ENHESG,20190809,-,-,-,2098.43,740721430,0
NIFTYINFRA,20190809,3085.55,3108.00,3066.30,3070.30,309533705,0
NIFTYMNC,20190809,12145.55,12302.75,12145.00,12246.50,83674711,0
NIFTYPSE,20190809,3138.30,3159.35,3112.75,3119.90,127157233,0
NIFTYSMEEMERGE,20190809,-,-,-,1365.24,607600,0
NIFTYSERVSECTOR,20190809,16046.80,16206.50,16015.85,16112.90,420808100,0
NIFTYSHARIAH25,20190809,-,-,-,3980.84,101887620,0
NIFTY50SHARIAH,20190809,-,-,-,2427.20,86453639,0
NIFTY500SHARIAH,20190809,-,-,-,2831.97,304271552,0
NIFTYABGROUP,20190809,-,-,-,2874.74,156721491,0
NIFTYMAHINDRA,20190809,-,-,-,9364.55,11993881,0
NIFTYTATA,20190809,-,-,-,6848.86,84458293,0
NIFTYTATA25CAP,20190809,-,-,-,4370.22,78849772,0
NIFTYABGROUP,20190809,-,-,-,2874.74,156721491,0
NIFTYLIQ15,20190809,3508.00,3547.55,3491.50,3504.25,371887163,0
NIFTY500VALUE50,20190809,-,-,-,3599.93,341403600,0
NIFTYALPHALOWVOL30,20190809,-,-,-,11399.97,111730189,0
NIFTYQUALLOWVOL30,20190809,-,-,-,7988.08,70531980,0
NIFTYALPHAQUALLOWVOL30,20190809,-,-,-,9035.37,81128560,0
NIFTYALPHAQUALVALLOWVOL30,20190809,-,-,-,6999.34,103724556,0
NIFTY50EQUALWEIGHT,20190809,11515.70,11614.90,11485.00,11507.60,538063563,0
NIFTY100EQUALWEIGHT,20190809,12276.00,12390.70,12264.55,12285.35,887924510,0
NIFTY100LOWVOL30,20190809,8546.50,8594.20,8534.50,8544.25,99965422,0
NSEDEFTY,20190809,-,-,-,5439.15,-,0
NIFTY50DIVPOINT,20190809,83.03,83.03,83.03,83.03,-,0
NIFTYDIVOPPS50,20190809,2508.00,2518.95,2500.70,2504.20,233265897,0
NIFTYALPHA50,20190809,11941.10,12041.05,11924.35,11954.65,150752841,0
NIFTY50ARBITRAGE,20190809,-,-,-,1843.45,-,0
NIFTY50FUTINDEX,20190809,-,-,-,3807.49,-,0
NIFTY50FUTTRINDEX,20190809,-,-,-,11160.28,-,0
NIFTYHIGHBETA50,20190809,-,-,-,1307.20,665457573,0
NIFTYLOWVOL50,20190809,-,-,-,9798.96,144571509,0
NIFTY200QUALITY30,20190809,-,-,-,9255.80,-,0
NIFTY50VALUE20,20190809,5198.30,5218.95,5174.65,5182.50,313785768,0
NIFTYGROWSECT15,20190809,5686.00,5764.90,5681.05,5740.75,231545622,0
NIFTY50TR2XLEV,20190809,5834.25,5932.10,5808.35,5857.05,-,0
NIFTY50PR2XLEV,20190809,4515.80,4591.50,4495.70,4533.40,-,0
NIFTY50TR1XINV,20190809,367.25,368.05,364.10,366.50,-,0
NIFTY50PR1XINV,20190809,417.40,418.35,413.85,416.55,-,0
NIFTY-GS-COMPSITE,20190809,2044.86,2044.95,2031.26,2033.54,-,0
NIFTY-GS-4-8YR,20190809,2116.92,2117.39,2106.57,2109.22,-,0
NIFTY-GS-8-13YR,20190809,2015.91,2016.17,2001.43,2003.53,-,0
NIFTY-GS-10YR,20190809,1865.20,1865.38,1849.44,1853.59,-,0
NIFTY-GS-10YR-CLN,20190809,967.68,967.77,959.46,961.63,-,0
NIFTY-GS-11-15YR,20190809,2146.91,2146.91,2131.08,2131.08,-,0
NIFTY-GS-15YRPLUS,20190809,2338.34,2339.82,2335.30,2327.99,-,0
VIX,20190809,16.09,16.16,15.03,15.85,0,0
