20MICRONS,20190107,42.55,43.45,42,42.65,28212
21STCENMGM,20190107,23.6,23.6,23.05,23.05,1126
3IINFOTECH,20190107,3.65,3.7,3.55,3.6,2832426
3MINDIA,20190107,20699.45,20699.45,20350,20388.25,1121
3PLAND,20190107,11.6,11.6,11.5,11.5,440
5PAISA,20190107,309,313.35,306,313.35,12259
63MOONS,20190107,96.3,101.4,95.6,97.65,523470
8KMILES,20190107,137.8,137.8,135.3,137.8,233477
A2ZINFRA,20190107,13.2,13.5,12.9,13,209144
AARTIDRUGS,20190107,575.15,582,572,580.1,4004
AARTIIND,20190107,1475,1484.95,1464,1471.8,58391
AARVEEDEN,20190107,28.5,33.65,28.5,32.5,377695
AAVAS,20190107,835.05,846.75,835.05,840.65,11036
ABAN,20190107,73.65,74.4,73.2,73.65,312744
ABB,20190107,1317.75,1317.75,1299,1301.8,30115
ABBOTINDIA,20190107,7520.1,7575,7520.1,7574.2,2894
ABCAPITAL,20190107,98.25,99.4,97.5,97.6,1233290
ABFRL,20190107,200,211.5,194.75,207.15,2573635
ABSLNN50ET,20190107,296.9,296.9,296.9,296.9,2
ACC,20190107,1482,1499.75,1471.8,1477.95,438357
ACCELYA,20190107,944.25,955,941,947.9,7857
ACE,20190107,99.7,99.9,97,98.85,144636
ADANIENT,20190107,152.9,154.45,150.25,151.25,2714218
ADANIGAS,20190107,101.5,103,100.5,101.65,787978
ADANIGREEN,20190107,41,42.25,41,41.1,292864
ADANIPORTS,20190107,385,386.95,379.35,381.65,1260331
ADANIPOWER,20190107,50.75,50.8,49.55,50.35,8717066
ADANITRANS,20190107,201.05,203.2,198.1,199.8,69516
ADFFOODS,20190107,269.65,269.65,262.5,263.7,17280
ADHUNIK,20190107,2.2,2.35,2.2,2.35,121552
ADHUNIKIND,20190107,49,50.8,47,48,7962
ADLABS,20190107,11.2,11.2,10.9,11.05,71023
ADORWELD,20190107,371.75,373,365,366.65,3303
ADROITINFO,20190107,18.15,18.5,17.8,18.5,1920
ADSL,20190107,14.2,14.75,14,14.2,10370
ADVANIHOTR,20190107,63.1,65,63.1,64.75,9010
ADVENZYMES,20190107,171,173.45,170,170.2,33083
AEGISCHEM,20190107,208.55,210,206.6,209.1,47443
AGARIND,20190107,188.5,191.85,181.75,181.95,2981
AGCNET,20190107,104.75,122.1,104.75,120.5,448346
AGLSL,20190107,65.8,67,64.45,66.55,2231
AGRITECH,20190107,63.1,63.1,60.25,62.25,8068
AHLEAST,20190107,237.6,246.9,237.6,240.45,4422
AHLUCONT,20190107,327.9,343.9,319,336.55,177151
AHLWEST,20190107,300,300,296,298,169
AIAENG,20190107,1655,1687.95,1614.4,1658.65,9899
AIFL,20190107,26.5,26.75,26,26.15,263311
AIONJSW,20190107,39.3,40.3,38.7,39.7,50647
AJANTPHARM,20190107,1138,1190,1130,1177.4,389485
AJMERA,20190107,170.45,175.8,168.55,170.85,95333
AKSHARCHEM,20190107,445,446.95,440,441.1,719
AKSHOPTFBR,20190107,24.9,25.15,24.5,24.55,327430
AKZOINDIA,20190107,1808.3,1808.3,1760.1,1796.7,37292
ALANKIT,20190107,25.85,26.35,24.75,24.85,241317
ALBERTDAVD,20190107,415.3,429.5,407,411.1,1314
ALBK,20190107,47.15,47.2,45.9,46.15,2566539
ALCHEM,20190107,3.15,3.15,2.85,2.85,110962
ALEMBICLTD,20190107,47.2,48,46,46.25,109759
ALICON,20190107,585,588.9,580,580.85,936
ALKALI,20190107,55.7,55.7,53.1,53.5,1672
ALKEM,20190107,1950.05,1973.35,1948,1964.2,12309
ALKYLAMINE,20190107,799,799,778,782.75,3719
ALLCARGO,20190107,108,108,105.5,106.1,40377
ALLSEC,20190107,194,200,190,191.6,9302
ALMONDZ,20190107,22.5,24.1,22.5,23,8969
ALOKTEXT,20190107,3.95,4.05,3.8,3.85,3213093
ALPA,20190107,24.05,27.2,24.05,25.75,32357
ALPHAGEO,20190107,467,470.3,461.6,463.7,3796
AMARAJABAT,20190107,722,743.3,722,735.55,351507
AMBER,20190107,919.9,921,912,914.35,1855
AMBIKCO,20190107,1188,1188,1143.45,1150.25,5354
AMBUJACEM,20190107,218.5,220.25,216.4,218,1280088
AMDIND,20190107,27.9,28.8,24.65,24.8,154006
AMJLAND,20190107,22.6,23,22.5,22.65,6249
AMRUTANJAN,20190107,279,297.4,273.6,286.25,163443
ANANTRAJ,20190107,35.95,36.9,35.5,35.85,869727
ANDHRABANK,20190107,30.2,30.6,29.65,29.85,1041266
ANDHRACEMT,20190107,5.9,5.95,5.6,5.75,117304
ANDHRSUGAR,20190107,334.05,338.95,333.9,334.45,9145
ANGIND,20190107,1.3,1.3,1.2,1.3,2675
ANIKINDS,20190107,23.35,23.35,22.2,23,5496
ANKITMETAL,20190107,0.5,0.5,0.4,0.45,13594
ANSALAPI,20190107,11,12.95,11,12.95,737892
ANSALHSG,20190107,11.85,12.8,11.6,12.8,684086
ANTGRAPHIC,20190107,0.5,0.5,0.45,0.5,21438
APARINDS,20190107,645.9,648.45,635.25,637.65,5895
APCL,20190107,129,131.5,126,126.25,2294
APCOTEXIND,20190107,529.4,531.9,524,526,2926
APEX,20190107,362.55,364.9,355.3,361.1,22965
APLAPOLLO,20190107,1183,1188,1147.45,1151.95,7456
APLLTD,20190107,577,589.75,577,581.9,9385
APOLLO,20190107,126.9,126.9,121.95,122.3,11621
APOLLOHOSP,20190107,1299,1300,1275,1282.1,683914
APOLLOTYRE,20190107,234.85,234.9,229.45,230.15,929054
APOLSINHOT,20190107,1108,1130,1076,1109.2,3016
APTECHT,20190107,186.25,188.9,182.95,184,180222
ARCHIDPLY,20190107,42.5,46.25,40.3,44.65,57500
ARCHIES,20190107,29,30.55,28.8,29.8,85547
ARCOTECH,20190107,7.15,7.55,7.15,7.25,34373
ARIES,20190107,105,111.8,102.6,103.65,437973
ARIHANT,20190107,31.15,33.6,31.15,32,4862
ARIHANTSUP,20190107,58.35,59.6,56.1,57.25,20658
ARMANFIN,20190107,396.95,398.25,390.15,397.95,1563
AROGRANITE,20190107,55.9,56.2,53.35,55.55,27757
ARROWGREEN,20190107,115.9,117.6,110,117.6,17805
ARROWTEX,20190107,21.5,21.8,21.15,21.4,23724
ARSHIYA,20190107,31.4,31.45,29.6,30,116776
ARSSINFRA,20190107,34.25,37.1,34.25,36.4,34230
ARVIND,20190107,97.05,97.7,95.55,96.1,908212
ARVSMART,20190107,128,129,123.15,124.6,47563
ASAHIINDIA,20190107,265,265.85,255,255.95,18488
ASAHISONG,20190107,216,216.3,211.7,214,1966
ASAL,20190107,75,79.95,75,76.35,19793
ASHAPURMIN,20190107,30.95,30.95,30,30.15,28294
ASHIANA,20190107,119.05,124,118.5,119.85,78491
ASHIMASYN,20190107,16.75,17.45,16.75,17.1,90543
ASHOKA,20190107,127.2,128.6,125.9,127.05,43369
ASHOKLEY,20190107,98,98.05,93.05,93.45,34348346
ASIANHOTNR,20190107,147,150.05,146.15,149.95,1201
ASIANPAINT,20190107,1386,1405.4,1383.75,1396,1074373
ASIANTILES,20190107,159,160.65,149.05,153.05,310194
ASPINWALL,20190107,172.8,173.8,172,172,16
ASSAMCO,20190107,2.1,2.1,1.95,2,89363
ASTEC,20190107,525,532,522,523.75,5571
ASTERDM,20190107,160.65,165.85,159.1,164.7,54163
ASTRAL,20190107,1182,1196,1133.1,1139.65,621393
ASTRAMICRO,20190107,81.2,84.5,79.55,81.25,410520
ASTRAZEN,20190107,1470,1498,1460,1468.45,8036
ASTRON,20190107,113.4,116,112.35,114.85,181972
ATFL,20190107,604.25,622.3,604.25,613.45,3900
ATLANTA,20190107,22.1,22.95,22.1,22.7,70530
ATLASCYCLE,20190107,80,80.4,79.25,79.45,2430
ATNINTER,20190107,0.15,0.15,0.15,0.15,7200
ATUL,20190107,3470,3490,3432.25,3449,30030
ATULAUTO,20190107,354.5,359.4,344,347.4,57410
AUBANK,20190107,625,626,601.5,616.35,476017
AURIONPRO,20190107,135.65,142,135.15,137.45,18337
AUROPHARMA,20190107,726,731,719.6,724.75,1413246
AUSOMENT,20190107,60,61.1,51.05,51.05,135403
AUTOAXLES,20190107,1342,1358.5,1322,1332.8,12130
AUTOIND,20190107,68.65,68.7,65.2,66.15,18926
AUTOLITIND,20190107,41.2,41.75,40.65,41.15,3907
AVADHSUGAR,20190107,399.45,403.4,390,391.1,18506
AVANTIFEED,20190107,377,385.6,377,382.05,192612
AVTNPL,20190107,26.6,27.1,26.6,26.9,16763
AXISBANK,20190107,626,640.7,624.2,637.45,11735286
AXISCADES,20190107,83.7,84.2,81.2,81.8,39860
AXISGOLD,20190107,2820.1,2860,2803.05,2829,128
AXISNIFTY,20190107,1105.65,1106.13,1095.79,1096.19,37
AYMSYNTEX,20190107,41.75,42,39.5,40,6182
BAFNAPHARM,20190107,11.45,11.65,11.3,11.4,6136
BAGFILMS,20190107,4.85,4.95,4.85,4.85,49464
BAJAJ-AUTO,20190107,2739.9,2740,2645,2658.55,462215
BAJAJCORP,20190107,391,397.2,381.55,384.55,139651
BAJAJELEC,20190107,492.7,496.7,488.15,494.05,146116
BAJAJFINSV,20190107,6450.5,6500,6385,6407.15,103217
BAJAJHIND,20190107,9.15,9.25,8.95,9,2101433
BAJAJHLDNG,20190107,2926.05,2987.85,2926.05,2953.8,4452
BAJFINANCE,20190107,2601,2605,2545.35,2553.6,1024328
BALAJITELE,20190107,89.8,91.15,88.2,88.4,17687
BALAMINES,20190107,452.7,459,440.45,447.9,17346
BALAXI,20190107,28.5,28.5,28.5,28.5,4
BALKRISHNA,20190107,51.55,51.55,49.2,49.3,4123
BALKRISIND,20190107,895.9,903.95,880.3,883,302648
BALLARPUR,20190107,5.45,5.6,5.4,5.4,218800
BALMLAWRIE,20190107,203.15,203.15,197.85,200.65,37318
BALPHARMA,20190107,79.85,80.5,78.5,79.15,10531
BALRAMCHIN,20190107,109.5,110.4,106.55,108,2706995
BANARBEADS,20190107,47.5,47.8,47.5,47.8,127
BANARISUG,20190107,1482.1,1500,1470,1472.9,469
BANCOINDIA,20190107,186,186,180,183.55,22146
BANDHANBNK,20190107,540,542,495.55,498.05,2684675
BANG,20190107,60.4,62.5,58.45,59.2,102719
BANKBARODA,20190107,122.5,123.75,121.6,122.7,14244449
BANKBEES,20190107,2796.5,2797.5,2775.35,2787.44,3366
BANKINDIA,20190107,109.6,110.15,105.7,106.4,8123090
BANSWRAS,20190107,82.5,82.5,80,82.2,3653
BARTRONICS,20190107,7.35,7.7,7.25,7.4,22798
BASF,20190107,1540.05,1549,1530,1535.45,2263
BASML,20190107,210,210,200,203.25,145
BATAINDIA,20190107,1125,1136.8,1122,1125.1,740031
BAYERCROP,20190107,4266.45,4280,4191.05,4260.55,11231
BBL,20190107,1154.6,1170,1148.5,1157.5,1702
BBTC,20190107,1304.9,1325,1298.75,1312.75,56622
BCG,20190107,2.7,2.75,2.65,2.65,401220
BDL,20190107,277.3,283,277.1,278.35,10938
BEARDSELL,20190107,23,24.95,23,24.15,4731
BEDMUTHA,20190107,22.1,22.75,22.1,22.75,4997
BEL,20190107,92.5,93.2,91.05,91.4,8019169
BEML,20190107,896,916.95,879.05,910.75,3792164
BEPL,20190107,89.8,89.8,86.8,87.15,345622
BERGEPAINT,20190107,324.8,326.75,315.3,318.1,4258530
BFINVEST,20190107,249.6,260.8,249.6,253.3,247861
BFUTILITIE,20190107,222.85,237,222,232.75,2126888
BGLOBAL,20190107,2.95,3.05,2.9,2.95,16904
BGRENERGY,20190107,60.35,61.8,60.35,61,36970
BHAGERIA,20190107,287.75,287.9,282.5,284.35,1530
BHAGYANGR,20190107,32.3,36.9,32.3,33.95,32587
BHAGYAPROP,20190107,28,29.4,27.35,29,22432
BHANDARI,20190107,2.05,2.1,2,2.05,40045
BHARATFIN,20190107,1000.5,1022.6,979,991.7,647501
BHARATFORG,20190107,482.3,487,470.1,479.7,4043811
BHARATGEAR,20190107,162.1,168,160.2,163.05,29411
BHARATRAS,20190107,5298.45,5335,5180,5199.95,1085
BHARATWIRE,20190107,69.25,71,68.3,68.6,42259
BHARTIARTL,20190107,324.4,327.9,322.1,324.95,4966909
BHEL,20190107,72,72.95,71.75,72.25,8163279
BIGBLOC,20190107,35.3,36.4,34.7,35.95,2899
BIL,20190107,225.4,230.55,225.4,228.05,681
BILENERGY,20190107,0.5,0.55,0.45,0.45,17301
BINANIIND,20190107,71.85,71.85,69,69.85,22699
BINDALAGRO,20190107,17.6,17.6,17.15,17.5,19569
BIOCON,20190107,622,622.5,616.5,620.65,535308
BIOFILCHEM,20190107,7.1,7.1,6.5,6.95,1778
BIRLACABLE,20190107,202.5,202.5,192.3,195.35,60894
BIRLACORPN,20190107,585,592,573,575.8,32710
BIRLAMONEY,20190107,58.3,58.3,56.05,56.3,98541
BKMINDST,20190107,7.6,7.6,7.05,7.45,1082
BLBLIMITED,20190107,5.6,5.65,5.25,5.5,2879
BLISSGVS,20190107,161.55,169.5,161.55,166.2,799087
BLKASHYAP,20190107,20.5,21.6,20.1,20.9,162651
BLS,20190107,118.5,123.15,118.5,120.45,62701
BLUEBLENDS,20190107,4.2,4.5,4,4.3,25367
BLUECHIP,20190107,0.7,0.7,0.7,0.7,630
BLUECOAST,20190107,56.75,56.75,56.75,56.75,50
BLUEDART,20190107,3348,3396.85,3300,3320.3,2198
BLUESTARCO,20190107,624.95,626.25,611,615.25,6989
BODALCHEM,20190107,119.6,122.1,118.25,119.35,141160
BOMDYEING,20190107,112.35,114,110.25,110.9,693062
BOROSIL,20190107,232.4,234.45,227,228.8,19040
BOSCHLTD,20190107,19510,19590,19427.25,19510.4,8827
BPCL,20190107,360,362.8,354,355.55,2895410
BPL,20190107,39.7,40.9,39.7,40.05,60713
BRFL,20190107,9.35,9.45,9,9.1,165948
BRIGADE,20190107,212.1,214.9,210.75,211.6,59762
BRITANNIA,20190107,3137.1,3155,3125,3143.8,152966
BRNL,20190107,106.5,108,102.5,102.65,11136
BROOKS,20190107,58.55,60.7,58.05,59.15,60234
BSE,20190107,600,601,592.9,597.6,57849
BSELINFRA,20190107,2.1,2.35,2.05,2.25,101246
BSL,20190107,44.75,44.75,43.8,43.9,3711
BSLGOLDETF,20190107,2954.95,2995,2950,2950,5
BSLNIFTY,20190107,117.9,117.9,115,115,733
BURNPUR,20190107,4,4,3.9,4,71903
BUTTERFLY,20190107,265,269.8,259.9,261.1,34649
BVCL,20190107,16.6,17.4,16.6,16.6,290
BYKE,20190107,66,66,63.25,63.5,34092
CADILAHC,20190107,346.75,349.65,344.2,348.9,516834
CALSOFT,20190107,22,22,20.3,20.5,60571
CAMLINFINE,20190107,52.85,54.7,52.8,53.75,218023
CANBK,20190107,284.7,286.45,276.85,278.25,3551975
CANDC,20190107,28.05,28.55,27.6,28,7196
CANFINHOME,20190107,286.6,288.95,279.8,283.2,1570668
CANTABIL,20190107,129.3,129.3,126.3,128.5,21540
CAPACITE,20190107,246,251,246,248.05,38023
CAPLIPOINT,20190107,384.9,390,380.05,380.9,10818
CAPTRUST,20190107,189,198.85,182.55,193.7,2314
CARBORUNIV,20190107,366,377.4,364,373.65,699038
CAREERP,20190107,77.85,78.9,76.6,77.1,5360
CARERATING,20190107,985.95,989.5,977.6,984.5,65903
CASTEXTECH,20190107,1.2,1.2,1.15,1.15,207587
CASTROLIND,20190107,148.9,151.55,148.35,150.55,1665037
CCCL,20190107,2.25,2.4,2.25,2.3,14115
CCHHL,20190107,7.7,7.75,7.4,7.4,67993
CCL,20190107,270.15,271.2,260.75,265.25,34140
CDSL,20190107,230,231.85,228,229.7,125163
CEATLTD,20190107,1320,1324.65,1279.6,1284.8,390250
CEBBCO,20190107,28.4,28.4,26.4,28,125216
CELEBRITY,20190107,9.35,9.5,9.25,9.4,20867
CELESTIAL,20190107,8.6,8.6,8.3,8.45,34292
CENTENKA,20190107,262.85,262.85,258.9,259.4,7665
CENTEXT,20190107,7.25,7.7,7.2,7.3,63890
CENTRALBK,20190107,36.3,36.5,35.1,35.3,661375
CENTRUM,20190107,36.6,36.6,35.5,35.65,72371
CENTUM,20190107,343,351.05,341.1,343.15,6376
CENTURYPLY,20190107,172.9,173.75,172,172.75,91297
CENTURYTEX,20190107,915,918.65,901,905.15,360208
CERA,20190107,2500,2665,2483.15,2608.25,15758
CEREBRAINT,20190107,30.35,30.35,28.15,28.7,80833
CESC,20190107,661.05,665.95,651.35,653.7,340481
CGCL,20190107,133.75,133.75,130.3,131.65,407832
CGPOWER,20190107,44.95,45.1,44.3,44.75,3131334
CHAMBLFERT,20190107,157,158,155.3,157.1,184367
CHEMFAB,20190107,149.15,154.4,149.15,150.25,4230
CHENNPETRO,20190107,290,290.1,282.5,284,228690
CHOLAFIN,20190107,1215.85,1227.25,1191.1,1197.65,240466
CHROMATIC,20190107,1.05,1.1,1.05,1.1,121561
CIGNITITEC,20190107,379,381.15,356.25,365.6,15749
CIMMCO,20190107,40.5,40.7,39.75,39.9,19885
CINELINE,20190107,48.8,49.15,47.55,47.85,3038
CINEVISTA,20190107,6.3,6.45,6.15,6.3,6493
CIPLA,20190107,516,517.75,510.3,514.05,1168002
CLEDUCATE,20190107,117.35,118.9,115.1,116,55119
CLNINDIA,20190107,411.45,416.7,407,409,10704
CMICABLES,20190107,170.6,172.95,153,154.95,89764
CNOVAPETRO,20190107,21.55,22.15,21.05,21.75,2703
COALINDIA,20190107,238,238,233.5,234.5,7347326
COCHINSHIP,20190107,371.5,375.1,365,365.55,56464
COFFEEDAY,20190107,270.25,272.95,270,270.2,37485
COLPAL,20190107,1317.1,1319.95,1298.85,1303,416743
COMPINFO,20190107,22.4,22.4,21.8,22.15,8465
COMPUSOFT,20190107,10.85,11.4,10.8,10.95,11666
CONCOR,20190107,681.85,686.55,675.55,681.15,477525
CONSOFINVT,20190107,48,51.9,46.4,48.5,21982
CONTROLPR,20190107,309.9,316.95,305.2,305.95,2533
CORALFINAC,20190107,15.5,15.85,14.65,14.95,15588
CORDSCABLE,20190107,62.5,64.15,62.5,63.55,8990
COROMANDEL,20190107,469.55,474.5,457.3,464.3,172409
CORPBANK,20190107,29.3,29.5,28.5,28.7,124220
COSMOFILMS,20190107,218.25,220,215.85,216.4,7100
COUNCODOS,20190107,2.4,2.6,2.4,2.4,66039
COX&KINGS,20190107,170,171.15,166.25,167.25,18089
CPSEETF,20190107,24.3,24.3,24.02,24.11,2919798
CREATIVEYE,20190107,2.8,2.8,2.8,2.8,1000
CREDITACC,20190107,381.7,388,380.1,382.55,24835
CREST,20190107,143.15,145.35,141.1,141.85,2157
CRISIL,20190107,1644,1648.95,1630.05,1639.8,6337
CROMPTON,20190107,227.65,233.55,225.55,227.05,321983
CTE,20190107,46.75,49.7,46.75,49.7,12009
CUB,20190107,193.1,196.35,189.5,190.1,354031
CUBEXTUB,20190107,14.45,15.25,13.95,14.85,2897
CUMMINSIND,20190107,832.5,849,830.4,842.15,376036
CUPID,20190107,157.5,159.95,152,153.85,19893
CURATECH,20190107,1.1,1.15,1.1,1.15,102
CYBERTECH,20190107,42.2,42.75,41.7,42.65,737
CYIENT,20190107,616,616,606.05,609,38873
DAAWAT,20190107,42.55,42.85,41.7,42,518857
DABUR,20190107,421.55,425.75,418.4,420.45,1394010
DALMIASUG,20190107,96,97.8,94.65,95.7,138659
DAMODARIND,20190107,45,45.55,43.65,44.7,6450
DATAMATICS,20190107,113.2,113.45,110.05,110.75,30683
DBCORP,20190107,168.35,170.35,167.05,168.1,15353
DBL,20190107,419.9,421.55,409.5,410.9,183435
DBREALTY,20190107,32.05,34.6,31.55,33.3,3475776
DCAL,20190107,231.1,237.9,231.1,235.8,53309
DCBBANK,20190107,174.85,178,172.6,174.15,2810693
DCM,20190107,74.7,74.7,72.4,73.05,6298
DCMSHRIRAM,20190107,349.1,355,348.4,352.05,39623
DCW,20190107,18.3,18.75,18.05,18.1,134935
DECCANCE,20190107,399.1,400,395.05,399.9,220
DEEPAKFERT,20190107,147,147,143.8,144.35,166701
DEEPAKNTR,20190107,221.1,224.85,219.85,221.25,64405
DEEPIND,20190107,124.35,126,123.5,123.55,12431
DELTACORP,20190107,261.4,266,259,260.3,2677768
DELTAMAGNT,20190107,76,81.75,76,81.55,331
DEN,20190107,69.55,70.6,69.55,70.15,79078
DENABANK,20190107,14.3,14.45,13.55,13.7,4510939
DENORA,20190107,257,270,257,263.05,6085
DFMFOODS,20190107,208,211,201.15,202.75,3961
DHAMPURSUG,20190107,170.2,172.65,168.7,170.8,443405
DHANBANK,20190107,16.7,16.95,16.4,16.5,71908
DHANUKA,20190107,430,430,414.5,418,19894
DHARSUGAR,20190107,11.85,12,11.6,11.75,11361
DHFL,20190107,241,242.4,227.3,228.8,6243654
DHUNINV,20190107,257.45,263.95,256.35,258,414
DIAMONDYD,20190107,1062.4,1062.4,1034.45,1048.5,1219
DICIND,20190107,382.25,396,376.1,386.55,4438
DIGJAMLTD,20190107,4.65,4.7,4.55,4.65,37514
DISHTV,20190107,39.7,42.6,39.2,41.6,17935610
DIVISLAB,20190107,1470,1495,1461.35,1486,456830
DIXON,20190107,2060.1,2068.65,1990,2007.9,7517
DLF,20190107,178,184,177.1,179.8,10127291
DLINKINDIA,20190107,78,79.85,76.55,76.9,68588
DMART,20190107,1592.7,1592.7,1561,1571.15,315570
DNAMEDIA,20190107,6.8,6.9,6.5,6.55,54613
DOLLAR,20190107,319,319.9,312.1,316.55,37059
DOLPHINOFF,20190107,52.1,52.2,51.15,51.5,117384
DONEAR,20190107,37.5,38.5,37,38,32991
DPSCLTD,20190107,13.6,13.6,13,13.55,4583
DQE,20190107,7.7,7.9,7.6,7.65,4522
DREDGECORP,20190107,440,468.7,434,460.75,2845438
DRREDDY,20190107,2613.85,2613.85,2537.3,2558.65,542415
DSSL,20190107,34.7,35.5,34.5,34.95,2208
DTIL,20190107,249.05,249.05,243.95,246,217
DUCON,20190107,12.75,12.75,12.45,12.55,25105
DVL,20190107,111.8,111.8,101.5,104.55,8303
DWARKESH,20190107,24.8,24.85,24,24.1,243627
DYNAMATECH,20190107,1488.05,1500,1451.3,1470.15,270
DYNPRO,20190107,130.05,132.5,124.8,125.85,8534
EASTSILK,20190107,2.7,2.85,2.7,2.8,3070
EASUNREYRL,20190107,6.05,6.3,6.05,6.15,22730
ECEIND,20190107,221.25,233.9,221.25,226.35,776
ECLERX,20190107,1074,1080.45,1062.15,1069.95,1113
EDELWEISS,20190107,183.75,185.8,182.3,182.9,2698023
EDL,20190107,8.9,9.15,8.8,8.9,4967
EICHERMOT,20190107,20450,20477,19755,19830.4,215668
EIDPARRY,20190107,210,216,208.85,214.7,117928
EIHAHOTELS,20190107,392.65,399.85,385.6,387.1,1929
EIHOTEL,20190107,187.35,192.5,185.5,187.25,519497
EIMCOELECO,20190107,408.5,408.5,399,399.25,190
EKC,20190107,31.95,32.25,31.25,31.35,73655
ELAND,20190107,6.15,6.35,6.15,6.25,2844
ELECON,20190107,66.5,67.95,65.8,66.1,72341
ELECTCAST,20190107,21.2,21.55,20.85,21.2,169455
ELECTHERM,20190107,150.45,152.85,148.55,148.85,3152
ELGIEQUIP,20190107,252.5,255,247.55,249.6,9465
ELGIRUBCO,20190107,27.75,27.75,26.4,26.8,3790
EMAMILTD,20190107,420.15,422,417,418.7,50930
EMAMIREAL,20190107,154,155,149.2,150.25,34744
EMCO,20190107,7.2,7.25,6.35,6.85,49583
EMKAY,20190107,104.05,109.45,103.5,108.2,43471
EMMBI,20190107,131.55,133.9,130,132,3848
ENDURANCE,20190107,1234.95,1264,1205,1211.3,12714
ENERGYDEV,20190107,10.25,10.25,9.85,9.85,19735
ENGINERSIN,20190107,127.9,127.9,124.5,125.7,949595
ENIL,20190107,619.95,620,613.75,617.55,2356
EON,20190107,53.4,57,52,53.5,1072041
EQ30,20190107,295,297.59,285.08,286,416
EQUITAS,20190107,121.95,122.35,119.25,120.45,1086676
ERIS,20190107,686.35,690,651,667.3,33712
EROSMEDIA,20190107,84.65,85.4,84,84.8,134982
ESABINDIA,20190107,895.75,901,885.1,888.6,2079
ESCORTS,20190107,729.8,737.95,726.05,729.25,1287541
ESSARSHPNG,20190107,12.55,13.75,12.35,12.6,91879
ESSDEE,20190107,20.65,22,20.5,20.55,16090
ESSELPACK,20190107,108,108.05,106.45,107,70252
ESTER,20190107,36.15,36.7,34.55,35.45,23981
EUROCERA,20190107,1.9,1.9,1.85,1.85,1466
EUROMULTI,20190107,1.1,1.1,1.1,1.1,49
EUROTEXIND,20190107,22.1,22.1,22.1,22.1,2
EVEREADY,20190107,182.6,183.35,180.7,182.55,77023
EVERESTIND,20190107,501.3,504.85,491.35,494.7,10271
EXCEL,20190107,3,3.05,2.9,2.9,98371
EXCELCROP,20190107,3674.5,3700,3555.55,3580.1,1201
EXCELINDUS,20190107,1452.05,1464,1410,1415.5,12931
EXIDEIND,20190107,261.5,266.65,260,262.35,904616
FACT,20190107,45.05,45.05,42.6,42.95,146766
FAIRCHEM,20190107,350,353.65,341.2,343.7,2991
FCL,20190107,35,35.65,34.55,34.65,135716
FCONSUMER,20190107,44.9,45.3,44.1,44.25,860611
FCSSOFT,20190107,0.2,0.25,0.2,0.2,320328
FDC,20190107,174.65,175.75,172.05,172.55,22725
FEDERALBNK,20190107,95.25,95.75,94,94.6,6098289
FEL,20190107,37.25,37.7,36.75,37.25,134710
FELDVR,20190107,36.85,37.75,36.8,37.45,2865
FIEMIND,20190107,512,515.9,503,511.2,12997
FILATEX,20190107,60,61.4,58.6,59.95,624267
FINCABLES,20190107,451.65,454,450.1,450.8,15936
FINEORG,20190107,1212,1215,1171.1,1174.6,12419
FINPIPE,20190107,531.1,537,530,530.15,8782
FLEXITUFF,20190107,44.9,46.55,42.4,45.05,8453
FLFL,20190107,393.9,399.95,391.15,395.95,29281
FMGOETZE,20190107,503,530,502.15,521,23545
FMNL,20190107,57.15,58.9,55.5,56.4,21608
FORTIS,20190107,140.5,140.9,139.1,139.9,578155
FOSECOIND,20190107,1404.9,1404.9,1375.4,1392.2,160
FRETAIL,20190107,456.85,461.7,447.65,458.6,753321
FSC,20190107,655.05,655.05,652.1,652.7,555
FSL,20190107,47.05,47.65,46.7,46.85,943404
GABRIEL,20190107,145.35,146,144.55,145.4,107832
GAEL,20190107,239,241.85,235.1,236.55,33720
GAIL,20190107,353.5,358.05,351.1,357.1,1704243
GAL,20190107,6.85,6.85,6.5,6.5,11205
GALAXYSURF,20190107,1205,1238,1201.3,1232.15,2582
GALLANTT,20190107,57.8,57.8,55.2,55.3,4889
GALLISPAT,20190107,33,33.65,32,32.35,6380
GAMMNINFRA,20190107,0.65,0.7,0.65,0.7,1751427
GANDHITUBE,20190107,389.5,389.5,379,379.8,1443
GANECOS,20190107,289,290,285.25,288.4,7069
GANESHHOUC,20190107,68.55,74.9,68.55,70.6,102474
GANGESSECU,20190107,44.45,47,44.45,47,1365
GARDENSILK,20190107,23.4,24.9,23.4,23.9,16100
GARFIBRES,20190107,1178.85,1210,1178.85,1191.7,5772
GATI,20190107,84,85.75,84,84.6,218353
GAYAHWS,20190107,1,1.05,0.95,0.95,279697
GAYAPROJ,20190107,179.8,182.25,176,179.05,217499
GDL,20190107,122.2,123,121,121.35,50023
GEECEE,20190107,126.3,127.5,125.1,125.95,2594
GENESYS,20190107,136.55,149,136.55,142.35,45937
GENUSPAPER,20190107,9.3,9.65,8.95,8.95,430881
GENUSPOWER,20190107,29.9,30.45,28.8,29,192873
GEOJITFSL,20190107,44.55,45,44,44.05,39913
GEPIL,20190107,815,825.95,814,820.25,2177
GESHIP,20190107,319.5,319.5,308.35,309.3,42004
GET&D,20190107,305.5,313.5,302,306.15,31283
GHCL,20190107,244.85,246,240.75,242.3,52723
GICHSGFIN,20190107,259.3,261,254,255,27785
GICRE,20190107,264.5,264.5,260.65,263.6,29297
GILLANDERS,20190107,55.2,57.75,55.15,55.65,1171
GILLETTE,20190107,6515,6515,6406.15,6485.65,4727
GINNIFILA,20190107,16.85,17.35,16.55,16.8,40790
GIPCL,20190107,78.15,80.5,78.15,78.85,27760
GKWLIMITED,20190107,907,909.45,900.25,901.95,163
GLAXO,20190107,1450,1464.45,1442.6,1457.9,8561
GLENMARK,20190107,669,669,645.8,653.65,1079160
GLOBALVECT,20190107,63.2,65.9,62.9,62.95,1195
GLOBOFFS,20190107,14.05,14.05,13.5,13.85,7026
GLOBUSSPR,20190107,156.75,159.15,155.1,155.75,28584
GMBREW,20190107,631,641.7,605.25,610.8,223299
GMDCLTD,20190107,90.1,90.15,85.95,86.95,87502
GMMPFAUDLR,20190107,1204,1204,1156.35,1184.65,2994
GMRINFRA,20190107,16,16.15,15.7,15.85,6373303
GNA,20190107,364.45,365.8,352.05,359,19429
GNFC,20190107,345.95,350.4,342,347.7,360792
GOACARBON,20190107,557.95,570.95,557.95,559.5,36758
GOCLCORP,20190107,296.15,299.15,286.1,287.85,476
GODFRYPHLP,20190107,898.85,909.5,893.9,899.3,171639
GODREJAGRO,20190107,502.3,502.3,496,497.45,33858
GODREJCP,20190107,810.9,812.6,798.35,800.55,513788
GODREJIND,20190107,540.7,544.9,534.05,536,235475
GODREJPROP,20190107,685,717.5,680,712.25,829841
GOKEX,20190107,78.2,79.8,76.7,77,46149
GOKUL,20190107,13.9,14.3,13.55,13.7,27776
GOKULAGRO,20190107,15.05,15.6,14.25,14.6,53676
GOLDBEES,20190107,2810.55,2827.7,2791,2822.45,11156
GOLDENTOBC,20190107,51,51.5,46.6,48,11537
GOLDIAM,20190107,81.8,81.8,78.5,78.55,3017
GOLDSHARE,20190107,2820,2850,2810.55,2841.7,1325
GOLDTECH,20190107,16.35,16.7,16,16.15,9579
GOODLUCK,20190107,67.7,68,66.6,66.8,5079
GPIL,20190107,274.9,279.85,258.8,260.4,90166
GPPL,20190107,100.95,101.45,94.35,95.3,196331
GPTINFRA,20190107,54.4,55.7,52.55,54.3,57265
GRANULES,20190107,90.45,91.2,87.6,88.9,780837
GRAPHITE,20190107,740,743.55,719,721,374789
GRASIM,20190107,810.2,824.8,808,820.65,1071590
GRAVITA,20190107,75.8,76.8,72,75.1,43162
GREAVESCOT,20190107,118.5,119.85,117.65,118.55,201534
GREENLAM,20190107,894.4,895.85,872.5,886.85,386
GREENPLY,20190107,137.5,139,135,137.4,73155
GREENPOWER,20190107,6.4,6.4,6.15,6.2,76047
GRINDWELL,20190107,564.45,564.45,555,559.5,6919
GROBTEA,20190107,558,589.4,554.4,578,281
GRPLTD,20190107,1045,1045,1038.6,1042.45,9
GRSE,20190107,93.8,100.8,92,95.45,40965
GRUH,20190107,325,325.95,304.5,306.35,594321
GSCLCEMENT,20190107,24.45,25.4,24,24.5,72546
GSFC,20190107,113.4,114.5,111.8,112.75,922911
GSKCONS,20190107,7499,7538,7471,7487.7,30431
GSPL,20190107,171,178.7,170,175.05,303805
GSS,20190107,131.2,131.25,128,128.9,142344
GTL,20190107,5.55,5.75,5.55,5.65,20871
GTLINFRA,20190107,0.9,0.9,0.85,0.9,2167973
GTNIND,20190107,9.9,10.1,9.8,9.95,1280
GTNTEX,20190107,10.65,10.65,10,10.3,414
GTPL,20190107,85.45,85.9,84.05,84.25,4008
GUFICBIO,20190107,93.35,99.1,93.3,94.75,99161
GUJALKALI,20190107,538.4,541.5,532.05,533.75,26756
GUJAPOLLO,20190107,161,162.7,159,160.9,79
GUJFLUORO,20190107,907.75,928.7,907.75,921.9,78397
GUJGASLTD,20190107,662.05,671,654.4,657,9470
GUJRAFFIA,20190107,17.15,17.5,17.15,17.5,150
GULFOILLUB,20190107,840,840,823.8,838.5,45953
GULFPETRO,20190107,66.75,67.2,66.1,66.15,8493
GULPOLY,20190107,64,65.9,63,64.85,33577
GVKPIL,20190107,7.85,7.95,7.65,7.75,1160820
HAL,20190107,797,804.8,783.95,789.45,49834
HARITASEAT,20190107,527.75,542.45,527.75,541.35,8359
HARRMALAYA,20190107,82.15,82.95,81.8,81.95,9666
HATHWAY,20190107,30.8,30.85,30.7,30.7,224061
HATSUN,20190107,650.05,673.4,650.05,660.45,10697
HAVELLS,20190107,684.05,695.75,683.1,693.55,657814
HAVISHA,20190107,0.7,0.75,0.65,0.65,7469
HBLPOWER,20190107,27.6,28.45,27.3,27.4,122893
HBSL,20190107,9,9.45,8.7,9.05,3512
HCC,20190107,13.5,13.8,13.3,13.45,5879967
HCG,20190107,190,190,181.35,183.1,11672
HCL-INSYS,20190107,25.05,25.65,25,25.05,503857
HCLTECH,20190107,939.9,950,935.9,941.55,1172376
HDFC,20190107,1976.95,1987.5,1963.95,1972.9,2255477
HDFCAMC,20190107,1530,1530,1503,1507.35,39572
HDFCBANK,20190107,2127.7,2135.35,2118,2120.65,1346753
HDFCLIFE,20190107,394.5,395.4,390.1,393.05,346567
HDFCMFGETF,20190107,2890,2900.65,2883.7,2893.8,864
HDFCNIFETF,20190107,1166,1166,1112.49,1112.56,396
HDFCSENETF,20190107,3800,3800,3755.06,3765.21,6
HDIL,20190107,25.8,28.1,25.7,27.25,14987646
HEG,20190107,3700,3715.3,3621,3673.9,74084
HEIDELBERG,20190107,152.35,152.35,149.65,150.05,49892
HERCULES,20190107,103,104.45,101.5,102.4,8968
HERITGFOOD,20190107,530,538,515,528.2,38950
HEROMOTOCO,20190107,3020,3023,2952,2957.95,361881
HESTERBIO,20190107,1178.05,1178.05,1153.1,1159.5,1294
HEXATRADEX,20190107,25.25,25.95,24.7,25.6,8940
HEXAWARE,20190107,335.95,335.95,329.65,331.5,696145
HFCL,20190107,21.2,21.6,21.2,21.3,2291919
HGINFRA,20190107,209,209.5,205,206.25,17064
HGS,20190107,658.85,660,641,643.75,1327
HIGHGROUND,20190107,9.5,9.65,9,9.05,343658
HIKAL,20190107,152.25,154.3,150.5,151,72660
HIL,20190107,2040,2044.45,1991,1998.6,2861
HILTON,20190107,22.9,22.9,21.15,21.5,4143
HIMATSEIDE,20190107,214,221.55,214,215.3,118371
HINDALCO,20190107,213.8,214.75,207.9,208.55,8143876
HINDCOMPOS,20190107,290,290,278.25,280.25,75240
HINDCOPPER,20190107,50.85,51.2,50.15,50.4,574353
HINDMOTORS,20190107,8.25,8.9,8.05,8.7,501461
HINDNATGLS,20190107,82,88.7,82,84.45,3117
HINDOILEXP,20190107,117.5,118.8,116.7,117.3,157003
HINDPETRO,20190107,249,251.9,248.15,249.8,2274016
HINDUJAVEN,20190107,398,407,395.15,396.7,2077
HINDUNILVR,20190107,1791.5,1804,1782.45,1784.95,909032
HINDZINC,20190107,273.9,276,272.05,274.55,472131
HIRECT,20190107,105.05,108.5,105.05,107.3,58416
HISARMETAL,20190107,44.85,45,43.3,45,1548
HITECH,20190107,203.95,206.35,198.75,199.3,1868
HITECHCORP,20190107,114,115.85,112.05,113,2208
HITECHGEAR,20190107,327.7,334,324,327.3,1672
HMVL,20190107,127.65,129.3,125.6,128.8,4411
HNGSNGBEES,20190107,3149.39,3149.4,3147.69,3147.69,11
HONAUT,20190107,21699.95,21749.95,21550,21660.95,270
HONDAPOWER,20190107,1060,1074,1054.4,1057,663
HOTELEELA,20190107,15.25,16.05,15.25,15.3,191388
HOVS,20190107,166.85,170,164,165.2,3840
HPL,20190107,60.8,62.9,60.2,61.5,79388
HSCL,20190107,132,132,130,130.35,207634
HSIL,20190107,233.5,239,232.15,234.25,114389
HTMEDIA,20190107,39.3,39.7,39.15,39.3,45566
HUBTOWN,20190107,40.8,42.2,40.8,41.35,45651
HUDCO,20190107,43.2,43.4,42.65,42.9,555037
IBREALEST,20190107,87.9,92.75,87.45,89.4,4517441
IBULHSGFIN,20190107,842,843.75,787.35,793.9,5265183
IBULISL,20190107,371,373.3,347.75,348.95,150966
IBVENTURES,20190107,397,400,384,387.95,231567
ICICI500,20190107,145.66,146.23,145.15,145.67,827
ICICIB22,20190107,35.41,35.75,35.11,35.39,234144
ICICIBANK,20190107,367.5,371,366.55,367.7,12719847
ICICIGI,20190107,868,886.95,860,865.45,116260
ICICIGOLD,20190107,28.95,28.95,28.5,28.7,13888
ICICILIQ,20190107,1000,1000,1000,1000,5010
ICICILOVOL,20190107,86.24,86.74,86.24,86.54,10181
ICICIMCAP,20190107,66.92,66.92,66.33,66.59,2006
ICICINF100,20190107,120,120,116.31,116.56,618
ICICINIFTY,20190107,112,112.88,111.8,112.16,119446
ICICINV20,20190107,51.7,52.36,51.7,52.23,3188
ICICINXT50,20190107,28.7,29.3,27.05,27.85,5041
ICICIPRULI,20190107,326.15,328.55,319,319.95,1088274
ICICISENSX,20190107,380,380.27,379.66,379.66,7
ICIL,20190107,57.3,57.3,56,56.1,65193
ICRA,20190107,3204.35,3204.35,3157,3189.15,392
ICSA,20190107,1.6,1.6,1.6,1.6,20
IDBI,20190107,61.65,61.75,61.25,61.3,5901189
IDBIGOLD,20190107,2969.9,2969.9,2969.9,2969.9,156
IDEA,20190107,36.6,36.95,36.4,36.65,8261827
IDFC,20190107,43.5,45.45,43.45,44.45,7351139
IDFCBANK,20190107,46,47.45,45.5,46.15,32354449
IDFNIFTYET,20190107,114,114,107,107.05,5
IEX,20190107,162.9,162.9,157.1,158,65153
IFBAGRO,20190107,595,605,587,594.75,1319
IFBIND,20190107,829.5,855,829.5,842.35,3066
IFCI,20190107,14.9,15.05,14.65,14.75,4684828
IFGLEXPOR,20190107,243.45,245,241.3,244.55,4677
IGARASHI,20190107,570.95,570.95,546.2,550.95,4811
IGL,20190107,279.95,280,272,273.55,690779
IGPL,20190107,400,405.9,396,396.55,6997
IIFL,20190107,505,508.65,488.35,494.3,244089
IITL,20190107,72.25,74.45,72.25,74.45,125
IL&FSENGG,20190107,15.75,15.75,14.5,15.2,69381
IL&FSTRANS,20190107,12.9,12.9,12.05,12.15,903274
IMFA,20190107,246.25,250,241.1,241.8,14308
IMPAL,20190107,852.6,865.85,850,863.95,11477
IMPEXFERRO,20190107,0.4,0.4,0.35,0.35,1040
INDBANK,20190107,10.8,10.8,10.2,10.4,56713
INDHOTEL,20190107,143.7,147.65,143.6,144.95,392266
INDIACEM,20190107,93.6,94.6,91,91.5,5003547
INDIAGLYCO,20190107,312,313.55,308.25,309.6,42480
INDIANB,20190107,252.9,253.6,245.1,246.95,1357982
INDIANCARD,20190107,102.25,103.75,100,102,416
INDIANHUME,20190107,350,363.9,345,352.9,206363
INDIGO,20190107,1125.05,1150.1,1105.6,1113.75,1022333
INDLMETER,20190107,49.25,50,47.15,49.6,9981
INDNIPPON,20190107,437.05,442,437,438.8,1046
INDOCO,20190107,218.55,218.6,216,217.1,2579
INDORAMA,20190107,27.5,29.9,27.5,29.9,129105
INDOSOLAR,20190107,2.3,2.35,2.2,2.25,131954
INDOSTAR,20190107,336.05,344,336.05,340.05,70136
INDOTECH,20190107,133,139.6,129.4,132.15,43487
INDOTHAI,20190107,34.6,35.3,34.5,35,1678
INDOWIND,20190107,5.85,5.95,5.8,5.85,23743
INDRAMEDCO,20190107,39.95,41.4,39.65,40.3,86228
INDSWFTLAB,20190107,47.05,48.45,47.05,47.75,2536
INDSWFTLTD,20190107,6.35,6.7,6.25,6.25,11065
INDTERRAIN,20190107,139.5,139.5,132.5,134.25,6247
INDUSINDBK,20190107,1561,1610,1550.5,1559.15,3991996
INEOSSTYRO,20190107,689.05,704,682.7,697.95,1812
INFIBEAM,20190107,45.85,45.85,44.15,44.45,5311263
INFRABEES,20190107,321,325.5,315.35,318.28,611
INFRATEL,20190107,287.5,295.15,285.1,293.75,5453037
INFY,20190107,665,673.6,661.5,671.7,8046340
INGERRAND,20190107,602,602,585.2,587.4,6061
INOXLEISUR,20190107,261,267.4,254.5,256.6,212787
INOXWIND,20190107,76.5,77.35,75.5,75.7,29395
INSECTICID,20190107,572.5,582,567,570.8,25993
INSPIRISYS,20190107,56.1,59,56.1,57.8,8297
INTELLECT,20190107,220.05,222.65,218.9,220.05,213887
INTENTECH,20190107,39,40.45,39,39.1,2898
INVENTURE,20190107,14.1,14.1,13.5,13.95,644
IOB,20190107,14.65,14.95,14.6,14.6,320055
IOC,20190107,134.5,134.75,132.5,133.45,10623470
IOLCP,20190107,173,179,171.6,176.45,617904
IPAPPM,20190107,453.4,456.7,448,450.6,42509
IPCALAB,20190107,799,799,776,784.1,370121
IRB,20190107,159.65,160.5,156.55,158,715798
IRCON,20190107,425,431.9,415.1,416.65,63714
ISEC,20190107,262.9,268,262.9,263.95,24150
ISFT,20190107,180,184.3,180,180,2359
ISMTLTD,20190107,7.9,8,7.8,7.8,90976
ITC,20190107,284.3,285.25,281,281.65,9757529
ITDC,20190107,328,335.95,322,323.35,75624
ITDCEM,20190107,115.8,120.2,115.7,118.3,477586
ITI,20190107,93.55,93.9,91.8,92.1,441958
IVC,20190107,7.15,7.35,6.9,7,283793
IVP,20190107,126.55,127,126.45,126.5,190
IVRCLINFRA,20190107,1.05,1.05,1,1.05,174337
IVZINGOLD,20190107,2885,2900,2885,2897.95,64
IVZINNIFTY,20190107,1279.95,1355,1215.05,1250,22
IZMO,20190107,67.1,69.5,66.6,68.35,35111
J&KBANK,20190107,38.2,38.4,37.4,37.55,581911
JAGRAN,20190107,114.15,116,114.15,115.35,20015
JAGSNPHARM,20190107,31.95,31.95,30.6,31.45,3457
JAIBALAJI,20190107,17.4,18.45,17.35,18.45,22074
JAICORPLTD,20190107,113.25,115.75,112.1,112.8,1019126
JAINSTUDIO,20190107,6.25,6.25,5.95,6,4212
JAMNAAUTO,20190107,64,64.4,62.65,62.8,456543
JAYAGROGN,20190107,228.1,231.95,223.05,223.55,6553
JAYBARMARU,20190107,305.05,307.9,301.55,302.75,7763
JAYNECOIND,20190107,6,6.1,6,6.1,36657
JAYSREETEA,20190107,86.15,86.5,85.1,85.25,34428
JBCHEPHARM,20190107,305.95,307.55,298.2,299.35,38412
JBFIND,20190107,21.75,21.95,21.5,21.7,33423
JBMA,20190107,307.5,313.85,298.7,300.85,27877
JCHAC,20190107,1747,1750,1712,1735.75,788
JETAIRWAYS,20190107,244.8,252.6,242.8,246.2,8624216
JHS,20190107,33.4,33.4,32.5,32.85,31679
JIKIND,20190107,0.4,0.45,0.4,0.45,433
JINDALPHOT,20190107,32.1,32.1,31.5,31.55,1312
JINDALPOLY,20190107,238.05,243,237,239.55,19000
JINDALSAW,20190107,83.25,83.75,80.1,81.35,274125
JINDALSTEL,20190107,155,157,151.05,152.2,8738534
JINDCOT,20190107,4.45,4.85,4.45,4.85,23074
JINDRILL,20190107,112.65,112.65,110.75,111.25,7111
JINDWORLD,20190107,68.7,74.5,68.65,70.95,296906
JISLDVREQS,20190107,48,49.7,47.7,48.1,84682
JISLJALEQS,20190107,66.75,68.5,66.3,67.1,3736845
JITFINFRA,20190107,17.25,17.25,16.35,16.45,1280
JKCEMENT,20190107,717.55,726.05,712,713.7,7266
JKIL,20190107,131,131,127.5,127.85,42240
JKLAKSHMI,20190107,315.5,315.75,312,314.1,66192
JKPAPER,20190107,151.6,151.65,148.25,148.8,440431
JKTYRE,20190107,103.5,106.35,103.45,104,573913
JMA,20190107,174.45,174.6,169.1,169.3,356
JMCPROJECT,20190107,88.25,88.7,87.15,87.35,34741
JMFINANCIL,20190107,91.15,91.85,89.35,90.2,314786
JMTAUTOLTD,20190107,3.75,3.75,3.65,3.75,35867
JOCIL,20190107,125.75,126.65,122.1,123.25,322
JPASSOCIAT,20190107,7.65,7.7,7.5,7.6,19093005
JPINFRATEC,20190107,3.9,4.05,3.8,3.9,4009889
JPOLYINVST,20190107,36.9,38.2,36.4,36.4,654
JPPOWER,20190107,2.1,2.1,2,2.05,2222320
JSL,20190107,33.65,33.9,33.05,33.2,352958
JSLHISAR,20190107,86.5,86.6,85.25,85.5,116905
JSWENERGY,20190107,69.25,70.5,69.25,70.1,480932
JSWHL,20190107,2788,2850,2748.05,2778.4,6466
JSWSTEEL,20190107,292.3,295.25,288.15,289.85,7041362
JTEKTINDIA,20190107,104.8,104.8,102.6,103,29038
JUBILANT,20190107,711,717,703.3,710.45,147878
JUBLFOOD,20190107,1224.5,1236,1208.9,1217.05,1211290
JUBLINDS,20190107,104.75,104.9,102,103.5,2831
JUNIORBEES,20190107,287.64,287.8,285.2,285.5,63085
JUSTDIAL,20190107,497,500,484.2,489,1042439
JYOTHYLAB,20190107,206.8,211,204.35,205.5,92266
KABRAEXTRU,20190107,75.8,76,73.1,74.7,24656
KAJARIACER,20190107,507.1,517.95,507.1,514.45,672470
KAKATCEM,20190107,199.85,200,195.85,196.9,6150
KALPATPOWR,20190107,380,394.5,375.25,377.85,15941
KALYANIFRG,20190107,305,305,296,296.2,35
KAMATHOTEL,20190107,48.9,48.9,46.5,46.7,57137
KAMDHENU,20190107,169.75,169.75,164.4,165.5,4023
KANANIIND,20190107,5.05,5.1,4.85,5.05,1600
KANORICHEM,20190107,65.4,67.3,65.4,65.75,14827
KANSAINER,20190107,479.6,481.7,457.1,466.7,81527
KARDA,20190107,197.6,202.8,197.05,200.8,26868
KARMAENG,20190107,20,20.4,20,20.1,216
KARURVYSYA,20190107,91,92.9,89.65,92.05,1037595
KAUSHALYA,20190107,0.95,0.95,0.95,0.95,3325
KAVVERITEL,20190107,8.3,8.3,7.9,8,8615
KAYA,20190107,736.8,743.95,722.1,728.25,2375
KCP,20190107,90.95,92.45,90.45,91.25,57466
KCPSUGIND,20190107,18.55,18.55,18.3,18.3,75798
KDDL,20190107,505,505,487.1,488.25,553
KEC,20190107,293.1,296.7,291.65,292.55,125471
KECL,20190107,18.5,20.45,18.2,20.45,1065706
KEI,20190107,358.85,362.8,354.95,356.6,110900
KELLTONTEC,20190107,47.1,48.45,47.05,47.4,454914
KERNEX,20190107,23,24,23,23.7,2706
KESARENT,20190107,28.15,30,28.15,30,501
KESORAMIND,20190107,83.9,85.7,82.45,83.25,171338
KGL,20190107,1.55,1.55,1.45,1.55,336131
KHADIM,20190107,532.95,541,524.4,528.45,1964
KHAITANELE,20190107,12,12,12,12,1035
KHAITANLTD,20190107,38,38,36.5,38,66
KICL,20190107,1826.05,1845,1790,1791.95,646
KILITCH,20190107,192.35,200.9,182.15,190.85,567811
KINGFA,20190107,755.45,783.9,751.1,761.5,2093
KIOCL,20190107,154.75,156.45,152,153.1,24858
KIRIINDUS,20190107,443.3,451.05,443,445.75,26508
KIRLOSBROS,20190107,149.8,154,148.65,151.45,29062
KIRLOSENG,20190107,207,207,200.5,201.3,8100
KIRLOSIND,20190107,919.85,919.85,875.2,891.15,338
KITEX,20190107,110,111.7,109,109.3,17905
KKCL,20190107,1212.3,1224.95,1212.3,1213,123
KMSUGAR,20190107,8.05,8.1,7.9,7.9,67477
KNRCON,20190107,223.4,223.7,215.05,217,147576
KOHINOOR,20190107,35.75,35.85,34.5,34.7,73253
KOKUYOCMLN,20190107,106.25,109.3,106,108.65,5433
KOLTEPATIL,20190107,264,279.2,263.25,270.95,614340
KOPRAN,20190107,37.95,38.2,37.5,37.7,55538
KOTAKBANK,20190107,1250.95,1254,1241,1246.6,1211456
KOTAKBKETF,20190107,280,281.19,278.8,278.96,1456
KOTAKGOLD,20190107,277.6,279,276.5,278.45,18017
KOTAKNIFTY,20190107,111,111.34,109.9,110.41,25631
KOTAKNV20,20190107,54.49,54.49,53,53.23,11951
KOTAKPSUBK,20190107,314.5,314.99,309.2,310,1680
KOTARISUG,20190107,10.05,10.25,10.05,10.1,3229
KOTHARIPET,20190107,22,22.4,21.6,21.9,25915
KOTHARIPRO,20190107,99.5,100,97.5,97.95,1240
KPIT,20190107,211.3,212.8,207,207.95,1209137
KPRMILL,20190107,552.9,552.9,536,538.6,14883
KRBL,20190107,282.45,294,280.2,291.25,70451
KREBSBIO,20190107,108.1,108.1,108.1,108.1,228
KRIDHANINF,20190107,46.3,46.5,44.95,45.25,51188
KSB,20190107,764,767,757.05,758.85,5711
KSCL,20190107,548.1,550.95,540.5,546.3,303050
KSERASERA,20190107,0.15,0.2,0.1,0.15,941870
KSK,20190107,1.55,1.6,1.5,1.55,432505
KSL,20190107,221.5,223.95,218,219.5,24105
KTIL,20190107,67.65,67.7,66.55,67.5,179
KTKBANK,20190107,115.5,115.7,113.1,113.6,2015906
KWALITY,20190107,8.1,8.2,8,8.2,1769142
L&TFH,20190107,146.25,148.75,145.25,145.7,4202422
LAKSHVILAS,20190107,86,86.45,82.35,83.1,992813
LALPATHLAB,20190107,941,956.75,940.1,948.7,158556
LAMBODHARA,20190107,43.7,43.7,43.1,43.45,1296
LAOPALA,20190107,215.55,220,208.95,212.6,23474
LASA,20190107,31.5,31.5,31.5,31.5,15042
LAURUSLABS,20190107,381.8,382.9,376.1,378.3,3742
LAXMIMACH,20190107,5740,5740,5658.1,5710.7,1057
LEEL,20190107,55.9,55.9,53.55,53.75,76163
LEMONTREE,20190107,69.95,70.3,69,69.9,147380
LFIC,20190107,87.5,92.05,87.5,92.05,720
LGBBROSLTD,20190107,426,426,406.4,414.7,6587
LIBERTSHOE,20190107,169.7,170.8,167.65,168.15,34044
LICHSGFIN,20190107,491,492,477.55,479.35,1090142
LICNETFGSC,20190107,17.89,17.94,17.7,17.92,189
LICNETFN50,20190107,113.5,117,110.26,116.86,114
LICNFNHGP,20190107,110,110.25,110,110.25,40
LINCOLN,20190107,221.15,224.7,219.7,220.15,14148
LINCPEN,20190107,269,270.9,265,269.15,530
LINDEINDIA,20190107,680,693.8,677,680.25,80685
LIQUIDBEES,20190107,1000,1000.01,999.01,999.99,706623
LIQUIDETF,20190107,1000.01,1000.01,999.99,1000,67969
LOKESHMACH,20190107,45.55,47.4,45.35,45.85,2362
LOTUSEYE,20190107,28,28.95,27.85,28.45,1581
LOVABLE,20190107,117.8,119.2,115.05,115.6,55773
LPDC,20190107,4.3,4.45,4.15,4.25,2680
LSIL,20190107,1.15,1.2,1.15,1.2,762552
LT,20190107,1397,1408.6,1379.05,1383.8,1851513
LTI,20190107,1708.9,1718.95,1699.35,1709.7,102330
LTTS,20190107,1630,1649.9,1612.1,1633.45,59677
LUMAXIND,20190107,1686.85,1702,1680.85,1689.45,1042
LUMAXTECH,20190107,176.55,177.1,171.85,172.8,33655
LUPIN,20190107,834.05,835,818.5,820.45,948727
LUXIND,20190107,1331,1340.95,1302.85,1312.25,47066
LYKALABS,20190107,29.05,29.85,29.05,29.15,15101
LYPSAGEMS,20190107,9.5,9.5,8.75,9.25,15519
M&M,20190107,734.55,735.9,723.55,729.55,2792255
M&MFIN,20190107,470.5,471.95,461,466.75,1012550
M100,20190107,18.35,18.55,18.21,18.44,25547
M50,20190107,104.5,105.15,103.25,104.79,669
MAANALU,20190107,103.4,104.5,100.3,101.25,4230
MADHAV,20190107,45.1,45.6,43.3,43.75,9453
MADHUCON,20190107,6.55,6.85,6.55,6.65,28349
MADRASFERT,20190107,24.55,24.6,24.05,24.15,112964
MAGADSUGAR,20190107,90,90.75,87.15,90.35,2733
MAGMA,20190107,109.6,110.9,108.65,109.65,29850
MAGNUM,20190107,6.7,7,6.7,6.7,7571
MAHABANK,20190107,15.7,15.7,15.1,15.2,819177
MAHAPEXLTD,20190107,125.1,125.1,121.05,124.95,502
MAHASTEEL,20190107,76.2,77,75.45,75.5,1606
MAHINDCIE,20190107,245.1,246.8,242.9,243.45,64354
MAHLIFE,20190107,397,398,390.6,393.55,19314
MAHLOG,20190107,515,515,501.5,503.6,15666
MAHSCOOTER,20190107,3150,3180,3135,3165.1,3667
MAHSEAMLES,20190107,487.5,496.45,487.5,492.85,18886
MAITHANALL,20190107,503.7,503.7,482,483.5,29165
MAJESCO,20190107,500.95,510,497,497.75,13700
MALUPAPER,20190107,37.6,38,37.55,37.55,1931
MAN50ETF,20190107,108.29,115,108.29,114.5,109
MANAKALUCO,20190107,9.15,9.2,8.75,8.75,7090
MANAKCOAT,20190107,7.55,7.55,7.25,7.3,4420
MANAKSIA,20190107,43.5,43.9,41.25,43.15,9938
MANAKSTEEL,20190107,20.3,21.35,19,19.15,96938
MANALIPETC,20190107,31.95,31.95,31.45,31.55,140784
MANAPPURAM,20190107,96,96.35,94.05,94.45,1923639
MANDHANA,20190107,4.7,4.75,4.65,4.7,6196
MANGALAM,20190107,74.95,74.95,71.75,72.45,12065
MANGCHEFER,20190107,41.65,44.55,41.65,43.2,91615
MANGLMCEM,20190107,228.75,229.2,225.1,226.05,1437
MANGTIMBER,20190107,19.9,20.9,19.9,20.55,33782
MANINDS,20190107,69,70.25,68.6,69.65,46518
MANINFRA,20190107,39.4,39.6,37.7,38.05,204056
MANPASAND,20190107,86.5,86.9,85.05,85.25,205512
MANUGRAPH,20190107,31.25,31.7,31,31.2,2661
MARALOVER,20190107,27.8,31,27.6,29.3,40325
MARATHON,20190107,112.85,117.5,112.85,116.8,4313
MARICO,20190107,380.8,391.2,380.05,386.8,3660860
MARKSANS,20190107,27.9,28.05,27.3,27.65,562088
MARUTI,20190107,7310,7407,7300,7362.05,687845
MASFIN,20190107,552.05,564.45,550,555.2,21557
MASTEK,20190107,435.8,444,435.8,438.4,40071
MATRIMONY,20190107,469.15,475.5,465.65,470.2,256
MAWANASUG,20190107,47,47.8,45.6,47.35,17622
MAXINDIA,20190107,83.5,85.65,83.5,84.1,75113
MAXVIL,20190107,52.9,53.45,52.15,52.8,16124
MAYURUNIQ,20190107,395.4,398,392,395.25,7634
MAZDA,20190107,291.6,297.65,291.55,297.55,675
MBECL,20190107,9.35,9.35,8.85,8.85,121871
MBLINFRA,20190107,14.3,14.5,14.2,14.35,37608
MCDHOLDING,20190107,27.2,29.05,27.2,28.1,3837
MCDOWELL-N,20190107,609,620,603.5,607.6,1239175
MCLEODRUSS,20190107,113.3,114.05,112.3,112.55,100087
MCX,20190107,726,736,718.25,724.15,355498
MEGASOFT,20190107,7.8,7.8,7.5,7.5,6015
MEGH,20190107,59.3,59.75,57,57.65,512131
MELSTAR,20190107,1.55,1.55,1.55,1.55,400
MENONBE,20190107,89,89,85,85.35,33156
MEP,20190107,45.7,49,45.7,48.35,465535
MERCATOR,20190107,11.7,11.95,11.7,11.75,133225
MERCK,20190107,3124,3185,3050,3175.55,52063
METALFORGE,20190107,11.05,11.8,10.5,11.45,15234
METKORE,20190107,1.1,1.1,1.1,1.1,65
MFSL,20190107,442.45,447.5,430.55,435.9,679511
MGL,20190107,899.5,909,896.25,905.75,194314
MHRIL,20190107,202,205,201,202.1,174511
MIC,20190107,1.4,1.4,1.3,1.3,5922464
MIDHANI,20190107,136.5,137.75,135.9,137.05,114733
MINDACORP,20190107,150.2,151.5,145.5,147.2,73076
MINDAIND,20190107,334,334,321.15,323.7,145413
MINDTECK,20190107,38.4,42,38.4,41.6,3029
MINDTREE,20190107,819,839.7,816.3,835.35,1238344
MIRCELECTR,20190107,26.2,26.45,25.85,26,84683
MIRZAINT,20190107,81.25,82.4,81,81.45,59032
MMFL,20190107,648,648,626.5,634.65,8382
MMTC,20190107,30,30.3,29.5,29.65,840198
MODIRUBBER,20190107,43.6,43.6,43.6,43.6,11
MOHITIND,20190107,8.65,9.05,8.5,9.05,42367
MOHOTAIND,20190107,78.55,85.1,77.5,84.4,973166
MOIL,20190107,168.2,169.7,167.55,168.05,72598
MOLDTECH,20190107,43.6,45.75,42.85,44.5,19027
MOLDTKPAC,20190107,262.2,267,257,259.95,55052
MONSANTO,20190107,2605,2605,2561,2571.85,558
MONTECARLO,20190107,381.05,384.25,381,381.55,9428
MORARJEE,20190107,25.75,25.85,24.55,24.7,4842
MOREPENLAB,20190107,22.25,22.45,21.45,21.65,285222
MOTHERSUMI,20190107,160.25,161.1,156.1,157.1,3882717
MOTILALOFS,20190107,673,675.55,666.95,673.6,167045
MOTOGENFIN,20190107,47.1,51,47.1,49.95,1227
MPHASIS,20190107,940,944,920,925.3,203261
MPSLTD,20190107,476.65,480,475,475.55,1532
MRF,20190107,67100,67345.9,66666.15,66978.55,6823
MRO-TEK,20190107,45.55,45.55,42.1,42.8,8507
MRPL,20190107,72.8,73,71.55,71.9,493801
MSPL,20190107,12.95,13.25,12.8,12.8,5628
MTEDUCARE,20190107,65.5,67.5,64.45,66.55,21142
MTNL,20190107,16.85,17.05,15.8,15.95,2466696
MUKANDENGG,20190107,22.05,22.85,22.05,22.3,2122
MUKANDLTD,20190107,59,60.4,57.4,57.8,22504
MUKTAARTS,20190107,39.75,39.95,39,39.1,11970
MUNJALAU,20190107,59.05,60.1,58.8,59.1,31578
MUNJALSHOW,20190107,181.95,181.95,178.55,179.65,18267
MURUDCERA,20190107,23.5,26.3,23.1,25.65,763050
MUTHOOTCAP,20190107,921.35,933.55,916.05,922.7,5116
MUTHOOTFIN,20190107,508.35,515,498.85,513.4,1073922
MVL,20190107,0.2,0.25,0.2,0.25,141759
N100,20190107,438,444,437,442.24,13158
NACLIND,20190107,27.4,28.5,27,28.05,60789
NAGAFERT,20190107,8.85,9.1,8.75,8.85,355081
NAGAROIL,20190107,0.8,0.8,0.7,0.75,625952
NAGREEKCAP,20190107,14.35,15.75,14.25,15.75,16264
NAGREEKEXP,20190107,24.15,28.55,24.15,28.55,58211
NAHARCAP,20190107,95.5,95.5,92.6,94.05,1201
NAHARINDUS,20190107,52,53.65,51.65,52.55,10917
NAHARPOLY,20190107,38.3,38.8,37.75,37.85,527
NAHARSPING,20190107,92.35,92.35,90.65,90.8,2963
NATCOPHARM,20190107,704,709.8,693.3,699.05,486342
NATHBIOGEN,20190107,421.9,428.95,413.15,415.3,10487
NATIONALUM,20190107,64.5,64.9,63.6,63.95,2983061
NATNLSTEEL,20190107,6.9,7.15,6.9,7,17064
NAUKRI,20190107,1568.5,1638,1553.55,1622,542045
NAVINFLUOR,20190107,700,707,687,689.65,21149
NAVKARCORP,20190107,54.1,54.8,52,53.05,143560
NAVNETEDUL,20190107,109.7,111,109,109.1,36491
NBCC,20190107,59.25,61.7,59.2,61.05,15013715
NBIFIN,20190107,1239.4,1239.4,1191.8,1214.95,727
NBVENTURES,20190107,118.9,119.5,117.65,117.9,77015
NCC,20190107,89.75,90.1,87.55,87.95,5679618
NCLIND,20190107,133.95,138.75,133.95,136.3,10735
NDGL,20190107,800,812,796,797.15,458
NDL,20190107,64.05,66.8,61.5,62.4,124381
NDTV,20190107,37.05,37.4,36.6,36.85,10516
NECCLTD,20190107,9.7,9.7,9.55,9.6,5399
NECLIFE,20190107,20.2,20.9,20.2,20.45,61501
NELCAST,20190107,78.5,79.5,77.3,77.8,36705
NELCO,20190107,276,278.4,264,266.65,102442
NESCO,20190107,444.2,454,441.5,453.7,7225
NESTLEIND,20190107,10875,10939.65,10700,10786.1,85959
NETF,20190107,126.5,126.5,91.67,107.38,2528
NETWORK18,20190107,40.75,40.95,39.6,39.8,132224
NEULANDLAB,20190107,494.1,494.1,481.25,489.35,1011
NEWGEN,20190107,303.5,311.85,302.85,306,34387
NEXTMEDIA,20190107,25,25.25,24.7,25.05,77611
NFL,20190107,35.85,36.1,35.45,35.55,253860
NH,20190107,188,209.9,188,196.3,33043
NHPC,20190107,25.55,26,25.55,25.95,2658007
NIACL,20190107,180,180.65,178.1,179.5,23953
NIBL,20190107,24,24,23,23.05,4153
NIFTYBEES,20190107,1128,1135.7,1124,1125.62,38459
NIITLTD,20190107,85,85.7,84.4,84.85,261195
NIITTECH,20190107,1125.9,1148,1124.95,1141.4,399650
NILAINFRA,20190107,7.85,8.15,7.8,7.8,183355
NILASPACES,20190107,3,3.25,3,3,124685
NILKAMAL,20190107,1462,1469.5,1445,1447.95,13196
NIPPOBATRY,20190107,710.55,721.85,705.65,708.2,114
NITCO,20190107,41.15,44.3,40.4,43.9,626047
NITESHEST,20190107,5.45,5.6,5.35,5.45,57391
NITINFIRE,20190107,1.8,1.85,1.75,1.8,87783
NITINSPIN,20190107,92.4,92.6,91.1,91.75,17123
NKIND,20190107,47.1,47.1,47.1,47.1,300
NLCINDIA,20190107,68.7,69,67.3,68.3,734772
NMDC,20190107,95,95.85,94.1,94.95,3393526
NOCIL,20190107,163.05,163.6,159.75,160.65,203445
NOESISIND,20190107,0.05,0.05,0.05,0.05,5027
NOIDATOLL,20190107,7.85,8,7.7,7.75,22387
NORBTEAEXP,20190107,5.6,5.6,5.6,5.6,300
NRAIL,20190107,418.35,418.35,406.2,408.75,3298
NRBBEARING,20190107,200.2,204.1,200,201.45,125490
NSIL,20190107,1111,1129,1012.6,1038.25,11663
NTL,20190107,0.9,0.95,0.9,0.95,254
NTPC,20190107,146.25,149.7,146.15,148.6,11768203
NUCLEUS,20190107,378.15,380.9,377.05,378.25,2901
NUTEK,20190107,0.35,0.4,0.35,0.4,3299
OBEROIRLTY,20190107,466.15,478,455.15,457.55,542900
OCCL,20190107,1204.8,1207,1172.2,1177.45,1256
OFSS,20190107,3598.2,3624,3571,3596.2,14801
OIL,20190107,175.4,175.9,172.5,174.6,1275303
OILCOUNTUB,20190107,16.45,16.9,15.25,16.1,48911
OISL,20190107,3,3,2.95,2.95,38297
OLECTRA,20190107,244.65,247.5,241,242.8,57099
OMAXAUTO,20190107,89.6,90.9,87.35,88.75,19648
OMAXE,20190107,214.25,215.45,213.45,214.05,251051
OMKARCHEM,20190107,23.85,23.9,23.85,23.9,36498
OMMETALS,20190107,36,36.05,34.7,34.95,17707
ONELIFECAP,20190107,18,18.5,17.7,17.7,6580
ONGC,20190107,147.55,148.4,145.75,147.85,12700566
ONMOBILE,20190107,39.9,40,38.1,39.1,202519
ONWARDTEC,20190107,71.3,73.4,68.1,71.8,90944
OPTIEMUS,20190107,134.4,134.4,131.5,134.2,107986
OPTOCIRCUI,20190107,9.4,9.5,9.15,9.15,203773
ORBTEXP,20190107,118.2,119,116.1,116.95,9126
ORICONENT,20190107,32.5,32.95,31.7,31.85,16408
ORIENTABRA,20190107,28,28.5,27.65,27.85,14088
ORIENTALTL,20190107,11.85,11.85,11.2,11.7,4579
ORIENTBANK,20190107,99.8,99.9,96.5,97.55,3146316
ORIENTBELL,20190107,177.95,209.3,174,207,953970
ORIENTCEM,20190107,83.5,84.9,82.25,82.8,101929
ORIENTELEC,20190107,146,154,143.9,148.5,109648
ORIENTHOT,20190107,43.5,45.1,43.5,44.7,18118
ORIENTLTD,20190107,154.7,166,154.7,163.95,1200
ORIENTPPR,20190107,43.85,44.1,42.9,43,244375
ORIENTREF,20190107,230,250.9,228.95,234.25,175308
ORISSAMINE,20190107,938,970,922.65,930.55,7200
ORTEL,20190107,4.3,4.3,3.9,3.9,116045
ORTINLABSS,20190107,15.3,15.7,15.1,15.15,7232
OSWALAGRO,20190107,8.8,9.45,8.8,9.1,8484
PAGEIND,20190107,22977.65,23498.8,21825,21907.55,169813
PAISALO,20190107,306,308.85,305.2,308.85,39
PALASHSECU,20190107,38.8,38.85,37.3,38.45,714
PALREDTEC,20190107,41.05,45.9,40.5,43.4,11187
PANACEABIO,20190107,158.95,159.7,155.1,157.1,9363
PANAMAPET,20190107,127.9,127.9,122.3,125.15,10846
PAPERPROD,20190107,191.05,191.9,186.35,189.1,29436
PARABDRUGS,20190107,2.6,2.6,2.45,2.45,6679
PARACABLES,20190107,13.1,13.1,12.7,13.05,52056
PARAGMILK,20190107,246,246,239,239.8,162874
PARSVNATH,20190107,7.2,8.85,7.2,8.05,741191
PATELENG,20190107,38.95,39.4,37.5,37.85,469656
PATINTLOG,20190107,47.4,48,46.5,46.95,11173
PATSPINLTD,20190107,12.15,12.55,12.1,12.3,2728
PBAINFRA,20190107,7.05,7.05,6.7,7.05,2933
PCJEWELLER,20190107,82.7,83.35,80.2,80.75,8943373
PDMJEPAPER,20190107,22.15,22.6,21.9,22,43009
PDPL,20190107,8.5,8.5,8.35,8.4,1379
PDSMFL,20190107,274,279.8,274,278.6,3390
PEARLPOLY,20190107,14.1,15.25,14.1,14.1,10944
PEL,20190107,2375,2382.95,2270,2279.55,471723
PENIND,20190107,36.85,37.15,36.5,36.9,93236
PENINLAND,20190107,10.95,11.65,10.9,11.2,1369418
PENPEBS,20190107,59.55,60.45,59,59.2,13336
PERSISTENT,20190107,586.5,586.5,568.35,570.2,230558
PETRONENGG,20190107,38,38.8,37.7,38.8,211
PETRONET,20190107,220.9,225.35,216.55,217.05,4616473
PFC,20190107,107.15,109.15,105.5,106.65,9048707
PFIZER,20190107,2800,2800,2730,2743.75,24252
PFOCUS,20190107,59.8,70.65,58.5,65.85,219329
PFS,20190107,17.2,18.2,17.05,17.8,1355393
PGEL,20190107,125.35,126.4,120.1,123,237827
PGHH,20190107,9860,9860,9754.05,9804.2,2124
PGIL,20190107,133.75,135.6,131.5,132.45,2774
PHILIPCARB,20190107,205.6,206.5,201.05,202.7,264279
PHOENIXLTD,20190107,587,590,583,586.5,6793
PIDILITIND,20190107,1108.25,1114.8,1092.7,1102.6,225286
PIIND,20190107,859.95,868.8,850.1,864.4,29279
PILANIINVS,20190107,2068.1,2077.75,2000,2004.25,983
PILITA,20190107,8.3,8.95,8.3,8.85,38900
PIONDIST,20190107,168.5,170,163.15,164.15,7902
PIONEEREMB,20190107,26.55,27.35,26.55,26.6,5750
PIRPHYTO,20190107,29.35,30.4,29.35,29.4,3458
PITTIENG,20190107,69.2,70,66.6,67,75502
PKTEA,20190107,168,178.9,166.5,171.4,244
PLASTIBLEN,20190107,178.9,180,177,179.15,725
PNB,20190107,82.45,82.9,80,80.55,21061552
PNBGILTS,20190107,35.05,35.35,33.7,34,161024
PNBHOUSING,20190107,916,925,908.2,913.2,77351
PNC,20190107,17.6,17.6,15.6,16.55,15390
PNCINFRA,20190107,152,152.95,148,148.6,78322
PODDARHOUS,20190107,530.4,535.5,517.1,531.45,660
PODDARMENT,20190107,183.25,194,183,189.25,2538
POKARNA,20190107,157.75,162,156,159.7,8984
POLYMED,20190107,223.8,224.05,220,222.85,5519
POLYPLEX,20190107,514.15,521,514.15,517.4,6171
PONNIERODE,20190107,138.4,140.7,134.25,135.1,1524
POWERGRID,20190107,196.1,198.9,195.85,198.45,2020789
POWERMECH,20190107,931.45,937.95,925,926.85,1393
PPAP,20190107,363.45,369.9,358,359.95,7710
PRABHAT,20190107,93.3,94,91.45,92.4,24732
PRADIP,20190107,1.3,1.3,1.3,1.3,1080
PRAENG,20190107,8.7,9.3,8.5,8.75,23460
PRAJIND,20190107,121.7,124.4,121.1,122.15,1318020
PRAKASH,20190107,82,85.85,82,84.55,950261
PRAKASHCON,20190107,4.35,4.4,4.3,4.3,43426
PRAKASHSTL,20190107,0.4,0.4,0.35,0.35,150968
PRAXIS,20190107,170,173,169.05,169.35,23136
PRECAM,20190107,71.5,71.5,66.5,67,10958
PRECOT,20190107,60.05,60.2,60.05,60.05,400
PRECWIRE,20190107,240,243.65,236,236.6,5419
PREMEXPLN,20190107,244,244.7,236.35,241.7,8588
PREMIER,20190107,7.65,7.9,7.4,7.55,7822
PREMIERPOL,20190107,36.45,38.65,32.4,33.25,122758
PRESSMN,20190107,31.4,32.9,31.4,32.25,18696
PRESTIGE,20190107,233.95,234.95,227,229.15,394502
PRICOLLTD,20190107,49.7,50.7,48.35,48.9,45928
PRIMESECU,20190107,43.7,43.7,41.35,41.6,22248
PROSEED,20190107,1.15,1.15,1.15,1.15,183187
PROVOGE,20190107,3.2,3.2,3.2,3.2,30
PROZONINTU,20190107,30.6,32.9,30.35,31.5,330933
PRSMJOHNSN,20190107,91.25,92.3,86.85,87.4,215400
PSB,20190107,32.45,32.65,31.85,32.05,54426
PSL,20190107,1.75,1.75,1.7,1.7,107583
PSPPROJECT,20190107,427,435.95,415.55,421.25,44124
PSUBNKBEES,20190107,349.8,351,336.69,341.01,1211
PTC,20190107,91.7,92.85,90.8,92.35,1072476
PTL,20190107,42.3,42.45,41.05,41.45,9632
PUNJABCHEM,20190107,710.55,735,710.55,722.45,9491
PUNJLLOYD,20190107,4.05,4.05,4,4.05,792750
PURVA,20190107,76.55,81.5,75.35,79.8,342020
PVP,20190107,3.8,3.85,3.75,3.75,21362
PVR,20190107,1583,1597.5,1575.45,1583.15,283601
QGOLDHALF,20190107,1411,1411,1396,1401,242
QNIFTY,20190107,1098,1098,1098,1098,3
QUESS,20190107,730.15,736.15,716,733.3,277273
QUICKHEAL,20190107,208.4,210.7,206.4,207.05,52485
RADAAN,20190107,3.45,3.45,3.45,3.45,2460
RADICO,20190107,399,405.55,395,395.45,206736
RADIOCITY,20190107,307.1,311.95,305,306.3,14050
RAIN,20190107,128.4,129.3,120.7,121.05,938035
RAINBOWPAP,20190107,1,1.05,1,1.05,41684
RAJESHEXPO,20190107,574.75,592.85,570.5,576.3,473587
RAJSREESUG,20190107,24.2,24.4,23.4,23.7,4970
RAJTV,20190107,45,45,42.4,42.5,372
RALLIS,20190107,172.5,174.55,170,170.2,172272
RAMANEWS,20190107,28.6,30,28.6,29.05,3107
RAMASTEEL,20190107,93.75,96.45,93.75,95.9,89083
RAMCOCEM,20190107,630.05,632.8,625.65,628.6,117473
RAMCOIND,20190107,227,233.95,226.5,227.2,33545
RAMCOSYS,20190107,270.05,280,270.05,270.9,8410
RAMGOPOLY,20190107,3.25,3.25,3.25,3.25,85
RAMKY,20190107,157.3,159.5,153.2,155.5,26952
RANASUG,20190107,3.4,3.5,3.35,3.4,119290
RANEENGINE,20190107,453,453,450,450.35,1049
RANEHOLDIN,20190107,1300,1300,1265.1,1272.7,1340
RATNAMANI,20190107,918.1,919.15,900.15,909.25,2004
RAYMOND,20190107,824.15,827,810,813.9,202634
RBL,20190107,561,570.9,555.2,561.3,3848
RBLBANK,20190107,576.2,578.9,567.55,574.15,1167752
RCF,20190107,63.8,64.1,62.9,63.1,557720
RCOM,20190107,14.25,14.35,13.65,13.9,95262182
RECLTD,20190107,122.45,123.2,118.7,119.9,8751596
REDINGTON,20190107,86.6,87.95,84.15,86.1,107930
REFEX,20190107,19.8,20.75,19.35,20.65,3213
REGENCERAM,20190107,4.3,4.5,4.3,4.3,613
RELAXO,20190107,754,758,743.45,753.7,12617
RELCAPITAL,20190107,218,223,215.7,217.05,4908782
RELCNX100,20190107,113.69,113.69,112.8,112.8,186
RELCONS,20190107,52.21,52.25,51.8,51.8,1509
RELDIVOPP,20190107,28.99,28.99,28.8,28.8,434
RELIANCE,20190107,1107,1118.45,1101,1104.75,5513559
RELIGARE,20190107,29.3,29.6,27.75,28,191425
RELINFRA,20190107,298.65,305,297.3,299.45,3068380
RELNV20,20190107,535.15,535.92,530,534.65,309
REMSONSIND,20190107,117.85,117.85,108.1,109.95,407
RENUKA,20190107,10.95,11.1,10.75,10.8,475604
REPCOHOME,20190107,397.65,423.8,397,418.8,1755306
REPRO,20190107,607,615,589.5,596,3093
RESPONIND,20190107,97,97,92,94.5,173832
REVATHI,20190107,400,400,385.5,385.75,131
RHFL,20190107,40.6,41.5,40.25,40.55,196401
RICOAUTO,20190107,69.5,69.95,68.8,69.1,82651
RIIL,20190107,342.8,347.5,339.25,341.75,260480
RITES,20190107,266,267.1,258.6,259.95,391635
RJL,20190107,314.9,316.75,308.1,310.2,964
RKDL,20190107,9.7,10.35,9.7,9.85,5091
RKFORGE,20190107,524.25,531.95,518,521.9,11617
RMCL,20190107,26.15,26.15,23.75,25,122579
RML,20190107,493,499.95,493,496.8,472
RNAM,20190107,155.3,158.8,155.3,156.25,26833
RNAVAL,20190107,13.85,14.3,13.85,13.9,899411
ROHITFERRO,20190107,1.55,1.55,1.5,1.5,9266
ROHLTD,20190107,128,128.95,126,126.8,4796
ROLLT,20190107,2.85,3,2.85,2.95,11028
ROLTA,20190107,7.75,7.95,7.3,7.95,4552514
ROSSELLIND,20190107,85,85.35,82.55,84.65,9262
RPGLIFE,20190107,237,237,230.5,232.4,4104
RPOWER,20190107,27.9,29.75,27.85,29.1,19212100
RPPINFRA,20190107,123,126,121.05,122.5,3251
RRSLGETF,20190107,18.15,18.15,18.05,18.06,732
RSSOFTWARE,20190107,34.1,34.7,33.7,33.85,20147
RSWM,20190107,226.3,229.1,223.55,225.75,14970
RSYSTEMS,20190107,48.65,48.65,47.6,47.6,5096
RTNINFRA,20190107,3.6,3.6,3.5,3.5,180591
RTNPOWER,20190107,3.55,3.6,3.5,3.5,735632
RUBYMILLS,20190107,266.3,272.95,261,265.2,11336
RUCHINFRA,20190107,4.1,4.1,3.95,4,14623
RUCHIRA,20190107,133,134.4,130.75,131,34628
RUCHISOYA,20190107,8.4,8.5,8.25,8.5,3190269
RUPA,20190107,354,354,342.2,344.1,33675
RUSHIL,20190107,613.65,617.9,601,602.55,4678
SABTN,20190107,6,6,5.7,5.85,14110
SADBHAV,20190107,220,227,216.35,220.1,53391
SADBHIN,20190107,98.65,98.65,97.5,97.75,1556
SAGCEM,20190107,690,698.75,653,659.75,5657
SAIL,20190107,53.95,54.3,53,53.4,7375254
SAKHTISUG,20190107,13,13.25,12.95,13.05,19597
SAKSOFT,20190107,290,296.2,286.95,287.95,7046
SAKUMA,20190107,34,34.45,33.35,33.6,426061
SALASAR,20190107,284.95,290,275.1,285.7,8449
SALONA,20190107,74,74,69.2,71,1518
SALSTEEL,20190107,6.85,6.85,6.5,6.55,20485
SALZERELEC,20190107,136,140,134.05,138.9,6451
SAMBHAAV,20190107,5.1,5.1,4.85,4.9,38503
SANCO,20190107,14.55,15,14.05,14.65,16265
SANDESH,20190107,749,749,742.1,749,337
SANDHAR,20190107,307,307.5,295.8,300.3,11669
SANGAMIND,20190107,74.55,75.5,70.7,71.1,50488
SANGHIIND,20190107,60.7,61.3,60.2,61,103764
SANGHVIFOR,20190107,26.8,27.95,26.8,26.85,147
SANGHVIMOV,20190107,110.15,112,106.65,110.35,31816
SANOFI,20190107,6147.05,6224.7,6077,6105.6,2042
SANWARIA,20190107,10.3,10.6,10.3,10.35,946304
SARDAEN,20190107,261,265,256.35,258.2,8365
SAREGAMA,20190107,601,616.8,596.15,598.75,15416
SARLAPOLY,20190107,30.9,31,29.7,29.9,13470
SASKEN,20190107,680.45,695,680,683.1,4949
SASTASUNDR,20190107,92.3,94.7,92.3,93.05,233
SATHAISPAT,20190107,10,10,9.6,9.75,7816
SATIN,20190107,230.7,233.35,226.25,228.25,91659
SBIETFQLTY,20190107,96,97,93,93.33,3872
SBILIFE,20190107,602.85,608.85,597.7,602.45,316222
SBIN,20190107,301.05,301.5,295.2,296.3,14579399
SCAPDVR,20190107,0.75,0.75,0.65,0.65,71044
SCHAEFFLER,20190107,5700,5721.95,5644.65,5686.8,1793
SCHAND,20190107,214.5,220,214.2,215.25,8860
SCHNEIDER,20190107,101.1,101.4,99.6,100.05,39676
SCI,20190107,45.8,46.7,45.5,45.8,319056
SDBL,20190107,155.55,155.55,151.35,152.95,16312
SEAMECLTD,20190107,207,214.9,199.05,213.05,137873
SELAN,20190107,195.6,196.9,186.55,187.6,150206
SELMCL,20190107,1.5,1.5,1.5,1.5,7275
SEPOWER,20190107,4.7,5.1,4.7,4.7,1885
SEQUENT,20190107,65,67.8,65,66.5,210369
SESHAPAPER,20190107,1050.45,1059,1045,1045.3,820
SETCO,20190107,35.25,35.8,35.05,35.3,59086
SETFGOLD,20190107,2868.5,2871.95,2848,2869.1,4157
SETFNIF50,20190107,108.55,110.25,108.55,109.62,28539
SETFNIFBK,20190107,275.86,277.5,275.86,276.04,90043
SETFNN50,20190107,283.57,283.77,281.07,282.21,1917
SFL,20190107,1400,1402.45,1346,1380.4,28626
SGFL,20190107,1,1,1,1,1
SGL,20190107,8.3,8.7,8.1,8.3,16311
SHAHALLOYS,20190107,18.75,20.35,18.75,19.5,868
SHAKTIPUMP,20190107,431,433.4,413.95,418.55,44183
SHALBY,20190107,143.8,146.9,143.8,144.2,9207
SHALPAINTS,20190107,72.05,72.7,70.8,72.45,73103
SHANKARA,20190107,540,548,527.2,531.8,67644
SHANTIGEAR,20190107,127.65,129.25,127.1,127.35,31128
SHARDACROP,20190107,312,312,301.1,302.7,3778
SHARDAMOTR,20190107,1485.25,1507.2,1462.25,1475.8,521
SHARIABEES,20190107,249,255,242.11,254.49,48
SHEMAROO,20190107,440,448.45,429.05,438,5411
SHILPAMED,20190107,382.4,387.5,376,383.75,10669
SHIRPUR-G,20190107,83,86.95,82.5,85.1,717
SHIVAMAUTO,20190107,44.9,44.9,43.15,43.45,39752
SHIVAMILLS,20190107,55.45,57.8,55.3,56.15,6068
SHIVATEX,20190107,197.25,209,197.25,205.15,705
SHK,20190107,173,174.8,170.1,171.65,41903
SHOPERSTOP,20190107,515.05,523,513.6,519.8,25170
SHREECEM,20190107,16950,16984.9,16800.1,16921.7,11758
SHREEPUSHK,20190107,165.7,168.45,165.05,166.25,25769
SHREERAMA,20190107,6.4,6.4,6.15,6.15,17757
SHREYANIND,20190107,151,151,142.6,142.85,8388
SHREYAS,20190107,209.15,215,208.4,212.8,17873
SHRIPISTON,20190107,1160,1160,1130,1130.65,107
SHRIRAMCIT,20190107,1584.55,1592.6,1560.9,1574.25,2200
SHRIRAMEPC,20190107,12.05,12.35,11.75,11.8,127155
SHYAMCENT,20190107,6.6,6.7,6.5,6.65,2245
SHYAMTEL,20190107,7.75,7.75,7.75,7.75,42
SICAGEN,20190107,24,24.85,24,24.6,4920
SICAL,20190107,146.9,149.55,144.05,144.85,11494
SIEMENS,20190107,1066,1073.95,1058.7,1062.05,221617
SIGIND,20190107,44.5,44.5,42,42.65,1898
SIL,20190107,16.4,16.4,15.5,15.55,568
SILINV,20190107,188,220.2,184,220.2,47560
SIMBHALS,20190107,10.95,11.1,10.6,11.1,11808
SIMPLEXINF,20190107,193.9,195.5,190.5,191.95,70955
SINTEX,20190107,11.8,11.9,11.7,11.75,766819
SIS,20190107,766,766,746.05,750.05,3256
SITASHREE,20190107,0.7,0.7,0.6,0.6,67369
SITINET,20190107,10.95,10.95,10.5,10.65,11481
SIYSIL,20190107,359.4,364.9,350.1,361,7187
SJVN,20190107,25.65,25.8,25.1,25.5,1851530
SKFINDIA,20190107,1912.8,1919.5,1903.05,1915.1,3801
SKIL,20190107,13.5,14.1,13.1,14,12536
SKIPPER,20190107,86,87,85.6,86,10977
SKMEGGPROD,20190107,67.5,72.45,66,70.45,188597
SMARTLINK,20190107,88.05,88.05,85.5,85.6,3961
SMLISUZU,20190107,650.15,660.05,647,650.65,3508
SMPL,20190107,0.4,0.4,0.35,0.4,19635
SMSLIFE,20190107,784.8,840,750.75,805.05,906674
SMSPHARMA,20190107,69.85,72.5,69.85,71.15,48554
SNOWMAN,20190107,34.95,35.35,34.5,34.6,105199
SOBHA,20190107,442,456,442,452.25,580144
SOLARA,20190107,303.5,322.95,303.5,313.85,46296
SOLARINDS,20190107,1063.4,1074,1015,1039.6,10334
SOMANYCERA,20190107,363.85,371.15,353.5,367.7,323653
SOMATEX,20190107,5.2,5.45,4.95,4.95,19134
SOMICONVEY,20190107,33.5,33.5,30.6,32.65,1128
SONATSOFTW,20190107,299,301.4,295,295.75,35909
SORILINFRA,20190107,391,391,356.4,360.7,213802
SOTL,20190107,1095,1104.85,1080,1086.5,545
SOUTHBANK,20190107,15.4,15.45,15.25,15.25,13471836
SPAL,20190107,235.35,240,233.95,235.05,5796
SPARC,20190107,187,187.3,181.45,182.6,265565
SPCENET,20190107,0.75,0.75,0.65,0.75,43187
SPECIALITY,20190107,79.05,82.8,78.6,81.6,75329
SPENTEX,20190107,1.9,1.9,1.85,1.85,15124
SPIC,20190107,28.05,28.5,27.9,28.2,57838
SPICEMOBI,20190107,11.6,11.6,10.3,11.2,18665
SPLIL,20190107,64.8,64.8,61.4,63,88743
SPMLINFRA,20190107,39.35,39.75,38.65,38.75,16648
SPTL,20190107,25.55,25.95,25.4,25.45,896960
SPYL,20190107,0.25,0.3,0.2,0.25,20834
SQSBFSI,20190107,451.45,456.4,448,450.25,4595
SREEL,20190107,224.45,237,217,220,22188
SREINFRA,20190107,33.5,34.05,32.8,33.1,2393012
SRF,20190107,2009.7,2009.7,1976.55,1997.85,324402
SRHHYPOLTD,20190107,153.95,160.85,151.35,151.9,7474
SRIPIPES,20190107,183.65,185.1,181.85,183.4,19126
SRTRANSFIN,20190107,1173.6,1188,1158.85,1176.3,900132
SSWL,20190107,918,923.5,910,913.55,2979
STAMPEDE,20190107,1.3,1.3,1.2,1.2,91335
STAR,20190107,461,465.9,450.5,454.35,673778
STARCEMENT,20190107,101.55,106,101.55,102.95,1375456
STARPAPER,20190107,155.9,156.8,153.1,153.6,24899
STCINDIA,20190107,135.2,139.2,134.95,136.7,262139
STEELXIND,20190107,14.9,14.9,14.2,14.45,7568
STEL,20190107,106,107.65,105,106.45,18936
STERTOOLS,20190107,346.05,354.9,345.2,349.7,11159
STRTECH,20190107,289,293.25,284,284.9,961861
SUBEX,20190107,5.95,5.95,5.6,5.65,1113612
SUBROS,20190107,266,271.1,266,269.25,8631
SUDARSCHEM,20190107,346.1,361,343,349.9,27810
SUJANAUNI,20190107,0.3,0.3,0.3,0.3,100
SUMEETINDS,20190107,3.9,4,3.8,3.85,155290
SUMMITSEC,20190107,560,565,541.05,542.75,569
SUNCLAYLTD,20190107,3530,3530,3412.05,3421.75,586
SUNDARAM,20190107,2.05,2.1,2,2.05,462013
SUNDARMFIN,20190107,1491.35,1510,1480.05,1507.65,9340
SUNDARMHLD,20190107,92.05,93.95,91.5,91.65,8518
SUNDRMBRAK,20190107,378,384.9,375,380.9,1288
SUNDRMFAST,20190107,533,535.45,522.7,525.5,51108
SUNFLAG,20190107,57.25,57.75,53.75,55.2,489918
SUNILHITEC,20190107,1.6,1.6,1.5,1.55,447002
SUNPHARMA,20190107,437.1,438,429.3,430.8,4118235
SUNTECK,20190107,348.8,355.55,342.85,350.85,213144
SUNTV,20190107,597.8,604.4,592.4,595.35,854838
SUPERHOUSE,20190107,132.85,135.35,132,134.1,4243
SUPERSPIN,20190107,8.25,8.25,7.7,8,24787
SUPPETRO,20190107,205.1,207.5,202,202.15,3848
SUPRAJIT,20190107,225,227,219,222.5,17661
SUPREMEIND,20190107,1095,1099.95,1058.05,1060,72197
SUPREMEINF,20190107,22.65,22.9,22,22.2,15918
SURANASOL,20190107,9.15,9.15,8.85,8.85,4525
SURANAT&P,20190107,4.75,4.75,4.5,4.6,12807
SURYALAXMI,20190107,42.6,43.9,42.05,43.1,2016
SURYAROSNI,20190107,230,248,228.5,241.55,547229
SUTLEJTEX,20190107,41.5,41.95,41.4,41.55,8602
SUVEN,20190107,234.95,235.9,229.1,230.6,163368
SUZLON,20190107,5.5,5.55,5.3,5.35,23677578
SWANENERGY,20190107,100.7,100.7,98.05,98.9,324370
SWARAJENG,20190107,1500,1513.5,1480,1484.4,923
SWELECTES,20190107,271.6,280,271,271.8,2127
SYMPHONY,20190107,1155.6,1173.75,1133.3,1142.5,7646
SYNCOM,20190107,3.1,3.15,3.05,3.05,15072
SYNDIBANK,20190107,41.3,41.5,39.6,39.75,7054851
SYNGENE,20190107,548,553.45,546,550.85,15766
TAINWALCHM,20190107,74.5,74.5,72.25,72.3,110
TAJGVK,20190107,173.35,177.9,173.35,174.8,15318
TAKE,20190107,145.5,148.8,143.55,144.75,39786
TALBROAUTO,20190107,241.05,246.95,238.55,241.4,21561
TALWALKARS,20190107,42.8,42.8,41.5,41.65,33103
TALWGYM,20190107,111.1,112.9,110.05,110.6,13231
TANLA,20190107,31.05,31.4,30.55,30.65,30124
TANTIACONS,20190107,4.55,4.65,4.55,4.55,8537
TARAJEWELS,20190107,1.5,1.5,1.5,1.5,11552
TARAPUR,20190107,3.85,3.85,3.85,3.85,650
TARMAT,20190107,38.2,45.8,37.6,45.8,70694
TASTYBITE,20190107,8725,9150,8635.05,8918.9,134
TATACHEM,20190107,702.65,706,694.1,699.9,233122
TATACOFFEE,20190107,97.7,98.3,96.4,97,147086
TATACOMM,20190107,531,536.3,526,528.85,214381
TATAELXSI,20190107,1011,1013.6,970,978.45,1225753
TATAGLOBAL,20190107,214.6,216.95,214,214.95,871903
TATAINVEST,20190107,904,906,889.1,896.95,44419
TATAMETALI,20190107,625,635.45,622.9,631.05,137101
TATAMOTORS,20190107,173.2,178.2,173.2,175.35,21438351
TATAMTRDVR,20190107,92.6,95.35,92.3,93.9,3790291
TATAPOWER,20190107,75.45,75.75,74.25,74.7,1691362
TATASPONGE,20190107,820,825,810.1,813.4,27353
TATASTEEL,20190107,495.4,501,483.9,485.5,8406787
TATASTLBSL,20190107,38.4,38.4,37.2,37.45,951992
TBZ,20190107,68.15,69.5,66.65,67.05,176483
TCI,20190107,283.75,289,282.6,286.2,18410
TCIDEVELOP,20190107,349.2,368.15,345.05,349.45,576
TCIEXP,20190107,644.8,644.8,626.95,631.55,3815
TCIFINANCE,20190107,15.55,15.55,14.8,15.1,12511
TCNSBRANDS,20190107,706.35,718.7,673.45,693.05,46943
TCPLPACK,20190107,437.45,437.45,420.1,420.95,306
TCS,20190107,1891.8,1908.8,1881,1897.9,1856423
TDPOWERSYS,20190107,127,128.95,124.55,126.4,21856
TEAMLEASE,20190107,2878.65,2913.6,2813.95,2883.95,7402
TECHIN,20190107,6.55,6.55,6.35,6.35,725
TECHM,20190107,685,690.85,682.55,687.5,1885000
TECHNOE,20190107,243.45,252.3,240,248.1,45525
TECHNOFAB,20190107,136,140.45,133.85,134,1484
TEJASNET,20190107,202.8,202.8,197.6,201.05,32629
TERASOFT,20190107,40.5,42.9,40.5,41.35,17445
TEXINFRA,20190107,57,57,55.1,55.2,9823
TEXMOPIPES,20190107,20.8,21.3,20.6,20.65,45315
TEXRAIL,20190107,57.75,58.25,57,57.45,103559
TFCILTD,20190107,123.5,124.25,122.1,122.9,81021
TFL,20190107,4.7,4.75,4.5,4.5,6792
TGBHOTELS,20190107,17.5,17.65,16,16.35,11193
THANGAMAYL,20190107,385,389.9,371.7,380.3,11661
THEINVEST,20190107,162.8,164.8,158,163.15,5474
THEMISMED,20190107,328,380,328,330.95,6725
THERMAX,20190107,1147.2,1165,1137.5,1145.1,115880
THIRUSUGAR,20190107,31.35,32.3,29.3,29.85,114718
THOMASCOOK,20190107,239.95,239.95,233.25,234.9,497371
THOMASCOTT,20190107,7.6,7.6,7.6,7.6,43
THYROCARE,20190107,549.5,553.95,535.15,540.9,65679
TI,20190107,15.8,16.4,15.65,16.1,79733
TIDEWATER,20190107,5410.05,5448,5376,5394.4,325
TIFIN,20190107,492.5,505.8,484.9,489.15,28854
TIIL,20190107,598.3,604.1,588.85,599.6,2815
TIINDIA,20190107,362,364.85,346.7,349.05,84754
TIJARIA,20190107,21,21.7,20.3,20.55,23691
TIL,20190107,274.25,274.25,266.5,266.75,2388
TIMESGTY,20190107,34,34,34,34,10
TIMETECHNO,20190107,104.6,104.85,101.1,101.55,72294
TIMKEN,20190107,591.1,602.4,585.1,587,6271
TINPLATE,20190107,147.55,147.7,144.5,145.35,146226
TIPSINDLTD,20190107,61.5,61.5,60.8,60.8,128
TIRUMALCHM,20190107,108.8,108.8,104.9,106,208927
TITAN,20190107,950,964,934.1,944.05,5337211
TMRVL,20190107,35.6,36.5,35.55,35.9,12413
TNPETRO,20190107,38.25,39.25,38.25,38.5,57879
TNPL,20190107,245.55,246.95,242,242.8,18475
TNTELE,20190107,1.7,1.7,1.7,1.7,720
TOKYOPLAST,20190107,49.05,50,48.5,48.7,1779
TORNTPHARM,20190107,1828.6,1839.7,1814,1823.75,145441
TORNTPOWER,20190107,262,269.9,262,264.05,1847402
TPLPLASTEH,20190107,150.3,179.5,149,152.3,764067
TREEHOUSE,20190107,4.45,4.7,4.45,4.5,5755
TREJHARA,20190107,48.9,48.9,48.9,48.9,277
TRENT,20190107,353.95,353.95,346.55,351,567621
TRF,20190107,122.7,125,122.35,123.6,20229
TRIDENT,20190107,67,68,67,67.25,358499
TRIGYN,20190107,87.9,88.5,86.5,87.25,14356
TRIL,20190107,14,14.55,13.75,13.9,70952
TRITURBINE,20190107,109.05,113,108,110.9,96461
TRIVENI,20190107,48.8,49.75,47.55,47.9,290843
TTKHLTCARE,20190107,765,775,762,762.3,848
TTKPRESTIG,20190107,7469.7,7569.8,7424,7543.7,1417
TTL,20190107,66.5,66.5,65.05,65.2,2244
TTML,20190107,3.95,4,3.95,3.95,505721
TV18BRDCST,20190107,37.6,38.35,37.55,37.85,2112905
TVSELECT,20190107,198.7,201.7,193.8,195.65,29323
TVSMOTOR,20190107,543.7,545.7,533.35,534.75,629458
TVSSRICHAK,20190107,2462.6,2480,2440,2472.65,824
TVTODAY,20190107,364,374.8,363.25,371.65,14941
TVVISION,20190107,5.2,5.35,4.75,5,33141
TWL,20190107,80.45,80.95,79,79.45,205612
UBL,20190107,1373.2,1394.4,1373.2,1389.8,453214
UCALFUEL,20190107,176.6,178,175.45,175.85,5070
UCOBANK,20190107,22.2,22.2,21.15,21.25,849720
UFLEX,20190107,276.55,277.95,271,272.25,57062
UFO,20190107,257.6,261.9,257.6,258.95,3353
UGARSUGAR,20190107,12.75,13.3,12.75,13.2,27349
UJAAS,20190107,8.05,8.4,7.85,7.9,173941
UJJIVAN,20190107,286.85,288.7,280.35,282.75,1306669
ULTRACEMCO,20190107,3935,3985.4,3913.85,3926.75,220371
UMANGDAIRY,20190107,59,60,58.2,58.55,13045
UNICHEMLAB,20190107,192.55,194.3,192,193.2,23233
UNIENTER,20190107,97.35,97.35,95.15,96.35,951
UNIONBANK,20190107,93.7,94.2,89.85,90.6,9581302
UNIPLY,20190107,58.4,59.25,57.5,57.75,32847
UNITECH,20190107,2.1,2.1,2.05,2.05,1752081
UNITEDBNK,20190107,12.3,12.45,12,12.05,612878
UNITEDTEA,20190107,350,350,340,344.25,808
UNIVCABLES,20190107,273.3,274.45,261.1,264.4,48260
UPL,20190107,760,767.75,759,763.75,1589933
URJA,20190107,3.5,3.55,3.35,3.5,778575
USHAMART,20190107,35.7,36.5,35.7,36.3,338972
USHERAGRO,20190107,2.25,2.45,2.25,2.35,6413
UTINEXT50,20190107,286,286,273,285,242
UTINIFTETF,20190107,1130,1133,1120.05,1120.05,379
UTISENSETF,20190107,384,384,370.05,377.09,415
UTTAMSTL,20190107,10.9,10.9,10.5,10.65,75082
UTTAMSUGAR,20190107,93.95,95.3,91.65,93.35,31535
UVSL,20190107,0.15,0.15,0.1,0.15,3121595
V2RETAIL,20190107,275,275,269,270.1,48210
VADILALIND,20190107,541.05,554.75,541.05,547.75,10766
VAIBHAVGBL,20190107,715.6,722.5,713,718.2,4710
VAKRANGEE,20190107,35.7,36.1,35.4,36.1,1801398
VARDHACRLC,20190107,45,45.95,44.35,45.3,19340
VARDMNPOLY,20190107,11.5,12,11.35,11.8,5777
VARROC,20190107,722.5,735,722.5,730.2,5283
VASCONEQ,20190107,18.5,19.15,18.15,18.8,846968
VASWANI,20190107,11.35,11.8,11.05,11.35,16614
VBL,20190107,811.35,825,806.5,811.7,309003
VEDL,20190107,196.1,198.65,192.5,193.45,11020289
VENKEYS,20190107,2359.9,2419.95,2350,2390.15,70821
VENUSREM,20190107,45.25,45.3,44.25,44.35,14990
VESUVIUS,20190107,1191.4,1224,1165,1195.2,7766
VETO,20190107,72,72.65,70.7,70.7,20963
VGUARD,20190107,219.6,221,206.6,208.25,1237404
VHL,20190107,2313.95,2737.05,2313.95,2720.85,11317
VICEROY,20190107,5,5.2,4.8,4.85,47583
VIDHIING,20190107,89,89,87.45,88.25,33560
VIJAYABANK,20190107,48.5,49,48.15,48.45,815121
VIJIFIN,20190107,1.7,1.8,1.7,1.7,306937
VIJSHAN,20190107,7.45,7.8,7.3,7.5,12310
VIKASECO,20190107,12.8,12.9,12.35,12.45,237038
VIMTALABS,20190107,304.05,313.8,300,303.1,14502
VINATIORGA,20190107,1639.5,1647,1614,1625.7,6295
VINDHYATEL,20190107,1880,1891.95,1860,1863.65,4696
VINYLINDIA,20190107,80.8,80.8,78.7,78.95,4013
VIPCLOTHNG,20190107,28.3,28.9,28.1,28.2,74762
VIPIND,20190107,522,523.9,512,515.25,154645
VIPULLTD,20190107,35.25,35.25,34,34.2,16968
VISAKAIND,20190107,424.6,435.5,424.6,433.25,15079
VISASTEEL,20190107,8.55,9.4,8.55,8.75,32259
VISESHINFO,20190107,0.05,0.1,0.05,0.1,1172216
VISHNU,20190107,160,160.1,155.8,156.75,3576
VIVIDHA,20190107,0.7,0.75,0.65,0.65,304659
VIVIMEDLAB,20190107,36.2,36.7,35.9,36,156193
VLSFINANCE,20190107,58,58,56.5,57.05,20139
VMART,20190107,2532.65,2635,2502.55,2515.15,34485
VOLTAMP,20190107,1136.6,1136.6,1117.05,1121.5,2090
VOLTAS,20190107,540.8,545.35,538.5,541.75,877380
VRLLOG,20190107,283.6,285,278,280.2,12394
VSSL,20190107,98.3,100.9,97.6,98.35,3919
VSTIND,20190107,3139,3260,3069.65,3227.45,7846
VSTTILLERS,20190107,1556.35,1604.35,1550.05,1593.85,2106
VTL,20190107,1092.5,1120,1089,1096.2,7831
WABAG,20190107,264.75,271,262.65,267.6,249519
WABCOINDIA,20190107,6716.3,6785,6451.5,6474.55,4915
WALCHANNAG,20190107,100.15,101.5,98.5,99,139102
WANBURY,20190107,19.1,19.8,18.55,19.25,1801
WEBELSOLAR,20190107,28,28.6,28,28.15,23277
WEIZFOREX,20190107,529,529,510.15,512.45,9217
WEIZMANIND,20190107,50,53.7,49.85,49.85,8313
WELCORP,20190107,134.35,140.65,134.35,137.85,369160
WELENT,20190107,114.1,114.2,109.25,110.3,167642
WELINV,20190107,159,159,152,156.05,28
WELSPUNIND,20190107,61.05,61.8,61,61.3,252967
WENDT,20190107,3140,3174,3101.1,3144.4,150
WHEELS,20190107,900,910,893,904.8,705
WHIRLPOOL,20190107,1397.75,1449.4,1397.15,1428.6,69973
WILLAMAGOR,20190107,53,55.8,52.9,53.55,2539
WINDMACHIN,20190107,67.5,71.4,66.55,67.35,158066
WINSOME,20190107,1.05,1.1,1.05,1.05,2030
WIPRO,20190107,326.1,326.75,322.3,324.25,1903604
WOCKPHARMA,20190107,514.65,516.45,504.25,506.7,554024
WONDERLA,20190107,265,268.75,263.4,265,191398
WSI,20190107,3.15,3.15,3.15,3.15,115
WSTCSTPAPR,20190107,309.6,309.8,302.25,303.7,51180
XCHANGING,20190107,47,47,45,46.05,5286
XLENERGY,20190107,0.95,1,0.95,1,27
XPROINDIA,20190107,42.45,44.7,41.2,43,6389
YESBANK,20190107,193.9,194.4,185.8,187.15,40515242
ZEEL,20190107,469,469,457.5,462.95,3020561
ZEELEARN,20190107,35.85,36.4,35.4,35.55,50856
ZEEMEDIA,20190107,24.05,24.15,23.7,23.85,100914
ZENITHBIR,20190107,0.65,0.7,0.65,0.7,15975
ZENITHEXPO,20190107,42.5,42.5,42.5,42.5,1
ZENSARTECH,20190107,229.75,231.8,228.35,228.8,42701
ZENTEC,20190107,75,75,72.45,73.2,12775
ZICOM,20190107,6.55,6.65,6.45,6.5,26625
ZODIACLOTH,20190107,138.6,139.9,138,138.1,1087
ZODJRDMKJ,20190107,42.05,43.65,40.6,40.95,3053
ZUARI,20190107,239.7,246.8,237.2,244.4,31841
ZUARIGLOB,20190107,121.25,126.4,120.25,125.35,92171
ZYDUSWELL,20190107,1368,1368,1331,1334.75,13228
NSENIFTY,20190107,10804.85,10835.95,10750.15,10771.80,269371080,0
NIFTYJUNIOR,20190107,27893.95,27932.00,27652.95,27706.60,135700262,0
NIFTYMIDCAPLIQ15,20190107,4071.85,4079.25,4046.55,4055.15,70342612,0
NSE100,20190107,11044.05,11070.20,10983.55,11005.10,408861633,0
NIFTY200,20190107,5720.80,5733.20,5687.95,5699.10,675158750,0
NSE500,20190107,9117.20,9136.30,9064.65,9081.15,985071768,0
NSEMIDCAP150,20190107,-,-,-,6262.61,274198630,0
MIDCAP50,20190107,4879.80,4885.35,4838.05,4849.15,214413208,0
NSEMIDCAP,20190107,17759.95,17777.50,17623.45,17658.15,266297117,0
NIFTYSMALLCAP250,20190107,-,-,-,5256.90,302011505,0
NIFTYSMALLCAP50,20190107,-,-,-,3133.36,233596063,0
NSESMLCAP100,20190107,6430.85,6437.95,6372.40,6387.45,-,0
NIFTYLARGEMIDCAP250,20190107,-,-,-,5701.76,683060263,0
NIFTYMIDSMALLCAP400,20190107,-,-,-,5908.71,576210135,0
NIFTYAUTO,20190107,8891.90,8901.60,8809.90,8820.00,74853665,0
BANKNIFTY,20190107,27378.65,27477.80,27279.55,27304.55,161026470,0
NIFTYFINSERVICE,20190107,11635.65,11663.55,11575.90,11591.60,75242791,0
NIFTYFMGC,20190107,30440.90,30491.20,30241.90,30282.60,20899470,0
NSEIT,20190107,14238.05,14316.00,14204.65,14291.50,23053554,0
NIFTYMEDIA,20190107,2539.10,2544.30,2509.60,2527.20,25145223,0
NIFTYMETAL,20190107,3040.65,3055.30,2991.45,2997.10,66062618,0
NIFTYPHARMA,20190107,8840.60,8847.15,8711.50,8732.65,11250480,0
NIFTYPVTBANK,20190107,15403.90,15486.10,15372.50,15391.30,124612906,0
NIFTYPSUBANK,20190107,3159.15,3164.15,3097.80,3109.10,90078601,0
NIFTYREALTY,20190107,237.75,242.10,237.60,239.05,19023899,0
NIFTYCOMMODITIES,20190107,3358.80,3368.05,3339.20,3345.45,124607679,0
NIFTYCONSUMPTION,20190107,4925.55,4935.90,4890.85,4902.15,52244485,0
NIFTYCPSE,20190107,2044.70,2047.15,2031.60,2039.75,87134357,0
NIFTYENERGY,20190107,14130.40,14243.15,14095.65,14137.05,54259998,0
NIFTY100ESG,20190107,-,-,-,2014.92,329353978,0
NIFTY100ENHESG,20190107,-,-,-,2048.05,310195497,0
NIFTYINFRA,20190107,3147.50,3171.70,3135.90,3146.40,139080001,0
NIFTYMNC,20190107,13685.15,13713.75,13606.55,13620.85,55204447,0
NIFTYPSE,20190107,3348.05,3358.55,3338.40,3349.50,103532700,0
NIFTYSMEEMERGE,20190107,-,-,-,1515.67,1848875,0
NIFTYSERVSECTOR,20190107,14959.40,14994.40,14913.35,14942.05,168284441,0
NIFTYSHARIAH25,20190107,-,-,-,4156.51,60971402,0
NIFTY50SHARIAH,20190107,-,-,-,2354.46,61860181,0
NIFTY500SHARIAH,20190107,-,-,-,2889.75,177296967,0
NIFTYABGROUP,20190107,-,-,-,3396.01,21603130,0
NIFTYMAHINDRA,20190107,-,-,-,11505.45,5964573,0
NIFTYTATA,20190107,-,-,-,6211.49,47538827,0
NIFTYTATA25CAP,20190107,-,-,-,4461.37,45462717,0
NIFTYABGROUP,20190107,-,-,-,3396.01,21603130,0
NIFTYLIQ15,20190107,3798.95,3807.45,3733.50,3739.00,134814515,0
NIFTY500VALUE50,20190107,-,-,-,4279.87,251553717,0
NIFTYALPHALOWVOL30,20190107,-,-,-,11483.23,67121345,0
NIFTYQUALLOWVOL30,20190107,-,-,-,8248.86,62595987,0
NIFTYALPHAQUALLOWVOL30,20190107,-,-,-,9258.06,63551911,0
NIFTYALPHAQUALVALLOWVOL30,20190107,-,-,-,7043.19,74310438,0
NIFTY50EQUALWEIGHT,20190107,11983.40,12002.70,11893.60,11917.65,269371080,0
NIFTY100EQUALWEIGHT,20190107,12987.35,13003.20,12883.75,12908.25,408861633,0
NIFTY100LOWVOL30,20190107,8495.60,8526.55,8472.05,8484.45,73061802,0
NSEDEFTY,20190107,-,-,-,5356.14,-,0
NIFTY50DIVPOINT,20190107,113.60,113.60,113.60,113.60,-,0
NIFTYDIVOPPS50,20190107,2568.25,2570.75,2555.10,2561.00,165919959,0
NIFTYALPHA50,20190107,12041.60,12059.70,11958.30,11982.10,56821018,0
NIFTY50ARBITRAGE,20190107,-,-,-,1765.84,-,0
NIFTY50FUTINDEX,20190107,-,-,-,3817.94,-,0
NIFTY50FUTTRINDEX,20190107,-,-,-,10759.41,-,0
NIFTYHIGHBETA50,20190107,-,-,-,1689.40,291268987,0
NIFTYLOWVOL50,20190107,-,-,-,9908.60,104131944,0
NIFTY200QUALITY30,20190107,-,-,-,9301.26,53172777,0
NIFTY50VALUE20,20190107,5086.45,5100.65,5066.95,5079.25,133386771,0
NIFTYGROWSECT15,20190107,6361.85,6363.20,6301.50,6308.80,29537987,0
NIFTY50TR2XLEV,20190107,5681.60,5713.95,5624.95,5647.10,-,0
NIFTY50PR2XLEV,20190107,4484.55,4510.10,4439.85,4457.30,-,0
NIFTY50TR1XINV,20190107,370.65,372.55,369.60,371.80,-,0
NIFTY50PR1XINV,20190107,417.15,419.25,415.95,418.45,-,0
NIFTY-GS-COMPSITE,20190107,1855.35,1855.95,1849.54,1849.06,-,0
NIFTY-GS-4-8YR,20190107,1928.57,1928.89,1924.18,1924.13,-,0
NIFTY-GS-8-13YR,20190107,1820.63,1821.40,1815.59,1813.76,-,0
NIFTY-GS-10YR,20190107,1700.62,1701.99,1693.14,1694.31,-,0
NIFTY-GS-10YR-CLN,20190107,918.45,919.22,914.27,914.92,-,0
NIFTY-GS-11-15YR,20190107,1902.36,1903.24,1896.32,1894.83,-,0
NIFTY-GS-15YRPLUS,20190107,2047.64,2048.43,2046.62,2040.45,-,0
VIX,20190107,16.16,16.46,15.30,16.30,0,0
