20MICRONS,20191217,32.25,32.3,31.6,31.9,15159
21STCENMGM,20191217,13.6,13.6,13.55,13.55,289
3IINFOTECH,20191217,2.15,2.15,2,2.05,972645
3MINDIA,20191217,21000,21099,20770,20967.3,1121
3PLAND,20191217,5.75,5.75,5.75,5.75,1001
5PAISA,20191217,182.55,187,178.55,180.65,2804
63MOONS,20191217,102.1,103.9,101.5,102.1,106184
A2ZINFRA,20191217,8.1,8.2,7.95,8.05,87058
AARTIDRUGS,20191217,498.85,500.95,493.05,495.2,2968
AARTIIND,20191217,778.7,781,766.1,768.7,84265
AARVEEDEN,20191217,11.75,11.95,11.05,11.45,3119
AAVAS,20191217,1900,1915.05,1880,1898.45,13476
ABAN,20191217,27.4,27.4,26.4,26.65,98554
ABB,20191217,1482.1,1495,1467.3,1474.4,44311
ABBOTINDIA,20191217,13300,13470.05,13210.05,13381.8,10167
ABCAPITAL,20191217,100.25,100.8,98.55,98.9,1044597
ABFRL,20191217,229.6,242.7,229,234,1400801
ABSLBANETF,20191217,319.52,319.52,319.52,319.52,1
ACC,20191217,1443.45,1466,1438.25,1462.3,731437
ACCELYA,20191217,949.25,987.5,949,985.95,7372
ACE,20191217,71.1,73.8,71.1,73,45839
ADANIENT,20191217,210.5,213.2,210,211.2,1968218
ADANIGAS,20191217,152,152.55,150.4,150.65,562415
ADANIGREEN,20191217,135,137,134.55,135.55,957067
ADANIPORTS,20191217,369.2,373,367.55,371.25,4226416
ADANIPOWER,20191217,61.1,62.35,60.9,61.85,4262313
ADANITRANS,20191217,333.25,337.55,329.05,334.05,230362
ADFFOODS,20191217,304.3,304.5,298.2,303.45,9954
ADHUNIKIND,20191217,39.55,39.55,39.55,39.55,19792
ADLABS,20191217,3.35,3.5,3.2,3.5,51915
ADORWELD,20191217,291.85,293.15,286.1,289.9,1158
ADROITINFO,20191217,7.6,7.6,7.35,7.45,499
ADSL,20191217,22.75,24.15,22,23.35,126029
ADVANIHOTR,20191217,54.9,54.95,53.5,54.4,1147
ADVENZYMES,20191217,161.8,166.9,160.65,165.75,169113
AEGISCHEM,20191217,182.1,186.5,181.95,184.05,99675
AFFLE,20191217,1446.7,1485,1444.15,1461.65,63681
AGARIND,20191217,84,84,78.8,79.8,13895
AGCNET,20191217,127.6,130.85,127.55,130.1,828
AGRITECH,20191217,46.75,48.5,45,45.8,24549
AGROPHOS,20191217,147,147.35,146.6,147.1,1799249
AHLEAST,20191217,173.05,179.35,170.05,170.85,2197
AHLUCONT,20191217,279.75,287.7,277.2,286,2001
AHLWEST,20191217,336.8,345,316.15,329.65,7371
AIAENG,20191217,1648,1651.95,1626.05,1634,9196
AIONJSW,20191217,9.55,9.6,8.7,9.5,13116
AIRAN,20191217,14.5,14.7,13.45,14.2,31410
AJANTPHARM,20191217,979.3,985,973.4,977.3,36833
AJMERA,20191217,114.45,118.8,112.5,116.75,36265
AKASH,20191217,62,65.9,62,65.15,3602
AKSHARCHEM,20191217,184.7,187.95,184.05,185.8,1046
AKSHOPTFBR,20191217,6.65,6.7,6.45,6.65,162212
AKZOINDIA,20191217,1938.4,1970,1928.1,1962.5,34338
ALANKIT,20191217,11.7,11.75,11.2,11.6,16640
ALBERTDAVD,20191217,394.45,399,389.95,395.75,5988
ALBK,20191217,19.35,19.35,19.05,19.15,1256106
ALCHEM,20191217,0.7,0.75,0.7,0.75,9099
ALEMBICLTD,20191217,51.1,52.5,51.05,51.2,66225
ALICON,20191217,355.05,368.75,355.05,360.75,126
ALKALI,20191217,39.3,40,38.8,38.85,2023
ALKEM,20191217,2083.35,2094.6,2060,2066.3,11820
ALKYLAMINE,20191217,1064,1064,1040.05,1055.45,2890
ALLCARGO,20191217,94,94,92.6,92.95,85688
ALLSEC,20191217,279.95,289.9,278.55,286.9,189
ALMONDZ,20191217,11.8,11.8,10.1,10.15,2236
ALOKTEXT,20191217,2.95,2.95,2.95,2.95,292115
ALPA,20191217,15.5,15.7,15.05,15.15,26169
ALPHAGEO,20191217,164,168.9,164,167.7,3219
ALPSINDUS,20191217,1.8,1.8,1.8,1.8,7673
AMARAJABAT,20191217,726.65,755,724.05,749.1,1379545
AMBER,20191217,1010.15,1039.9,1010.15,1022.05,8656
AMBIKCO,20191217,865.5,865.5,841.55,845.85,788
AMBUJACEM,20191217,195.25,199.2,194.2,198.55,1508604
AMDIND,20191217,15.25,18.15,14.75,16.35,19709
AMJLAND,20191217,18.8,19.4,18.8,19,17595
AMRUTANJAN,20191217,448,450.05,444,447.95,11245
ANANTRAJ,20191217,32.3,33.25,31.9,32.7,135008
ANDHRABANK,20191217,17.7,17.8,17.45,17.5,588418
ANDHRACEMT,20191217,2.3,2.35,2.3,2.35,20340
ANDHRSUGAR,20191217,281.5,287.9,281.5,284.75,12267
ANIKINDS,20191217,8.4,8.4,7.7,8.2,325
ANKITMETAL,20191217,0.5,0.55,0.5,0.5,124097
ANSALAPI,20191217,4.55,4.6,4.4,4.5,57657
ANSALHSG,20191217,5.05,5.1,4.95,5,36389
ANTGRAPHIC,20191217,0.6,0.6,0.55,0.6,67315
ANUP,20191217,454.95,475.2,451.45,460.4,24801
APARINDS,20191217,400,409.95,394.95,402.9,6433
APCL,20191217,138.8,142.95,138.75,141.3,1028
APCOTEXIND,20191217,149.55,155,149.55,154.5,23102
APEX,20191217,308,308.4,301.85,302.8,105720
APLAPOLLO,20191217,1655,1663.5,1623.2,1637.9,21510
APLLTD,20191217,543,559.05,543,551.6,49264
APOLLO,20191217,69,71.6,68.5,69.55,31811
APOLLOHOSP,20191217,1369.95,1369.95,1341.35,1363.65,1184021
APOLLOPIPE,20191217,343.25,345.45,335.95,340.1,3492
APOLLOTYRE,20191217,165.3,167.6,165,165.4,1728569
APOLSINHOT,20191217,664.8,665.05,654,662.95,1684
APTECHT,20191217,152,168.9,152,166.5,744743
ARCHIDPLY,20191217,25.85,26.75,25.8,26.25,2547
ARCHIES,20191217,21.4,21.4,20.3,20.55,38145
ARCOTECH,20191217,1.95,2.1,1.9,1.95,63251
ARIES,20191217,61.75,63.35,61.75,63.05,11593
ARIHANT,20191217,21.1,21.9,21.05,21.9,81
ARIHANTSUP,20191217,22.9,23.25,22.2,23.25,3195
ARMANFIN,20191217,600,614,585.1,598.55,13946
AROGRANITE,20191217,37.8,37.8,37.05,37.5,1194
ARROWGREEN,20191217,47.1,50.85,47.1,48.6,6050
ARROWTEX,20191217,8.65,9.4,8,8.85,45298
ARSHIYA,20191217,17.2,17.75,17.15,17.2,33958
ARSSINFRA,20191217,22,23.3,21.6,22.25,44513
ARVIND,20191217,40,40.2,38.3,39.65,2658670
ARVINDFASN,20191217,404,424,396.05,418.35,105677
ARVSMART,20191217,88.35,89.9,86.15,89.2,10973
ASAHIINDIA,20191217,205.6,205.6,199,199.6,6243
ASAHISONG,20191217,133.45,141.5,131.25,139.8,12341
ASAL,20191217,30.7,31.65,30.65,31.5,1059
ASHAPURMIN,20191217,26.45,26.45,25.05,25.35,18027
ASHIANA,20191217,97.7,98,95,96.35,303861
ASHIMASYN,20191217,6.1,6.35,6,6.2,20699
ASHOKA,20191217,93.45,93.65,92,92.8,199625
ASHOKLEY,20191217,79.3,80.85,79.2,80.5,9981633
ASIANHOTNR,20191217,100,101,94.25,95.75,1906
ASIANPAINT,20191217,1735.2,1748.95,1730.25,1745.4,873024
ASIANTILES,20191217,223.15,229.4,219,228.2,46457
ASPINWALL,20191217,140.25,141.95,137.1,138.9,2887
ASTEC,20191217,401.95,402,392.2,395,13921
ASTERDM,20191217,157.3,162,155.9,156.55,134822
ASTRAL,20191217,1148.7,1155,1130.05,1145.3,121727
ASTRAMICRO,20191217,85.55,86.35,84.4,84.9,105085
ASTRAZEN,20191217,2890,2931.85,2832.35,2858.65,40447
ASTRON,20191217,39.7,39.8,38.5,38.7,162821
ATFL,20191217,622,629.65,608.15,613.35,2013
ATLANTA,20191217,5.9,5.9,5.6,5.8,12695
ATLASCYCLE,20191217,44.1,45.75,41.9,42,5499
ATUL,20191217,4040,4048.5,3997.6,4003.95,6726
ATULAUTO,20191217,240,241.05,237.95,239.85,12637
AUBANK,20191217,799,800.8,790,797.15,97233
AURIONPRO,20191217,62.55,65.9,60.65,61.4,14737
AUROPHARMA,20191217,455,457,445.7,448.75,4583762
AUSOMENT,20191217,32.5,35.4,32.5,32.75,547
AUTOAXLES,20191217,792.05,798.95,783,786.75,3885
AUTOIND,20191217,26.1,26.1,25.1,25.8,4543
AUTOLITIND,20191217,21.75,21.8,19.55,19.7,4861
AVADHSUGAR,20191217,256,258.5,251.1,253.65,69491
AVANTIFEED,20191217,537,543.7,532.1,540.5,308507
AVTNPL,20191217,31.35,31.75,30.5,30.65,59970
AXISBANK,20191217,747.6,756.5,741.35,745.65,9788065
AXISCADES,20191217,52.9,57.35,52.8,55.25,211822
AXISGOLD,20191217,3341.9,3341.9,3317.05,3332.75,201
AXISNIFTY,20191217,1249.99,1255.4,1246.55,1247.08,94
AYMSYNTEX,20191217,29.7,29.7,28.7,28.7,29103
BAGFILMS,20191217,1.95,1.95,1.9,1.9,26297
BAJAJ-AUTO,20191217,3225,3231.7,3194.4,3199.1,336920
BAJAJCON,20191217,222.95,226.95,220,223.6,115786
BAJAJELEC,20191217,334.9,344.7,331.9,341.4,139377
BAJAJFINSV,20191217,9281.8,9389.8,9261.4,9361.75,220998
BAJAJHIND,20191217,6.7,6.75,6.5,6.55,1060591
BAJAJHLDNG,20191217,3280,3315.5,3279,3286.1,94650
BAJFINANCE,20191217,4056.95,4155,4046.95,4135.75,1379484
BALAJITELE,20191217,51.35,53.4,50.7,52.15,57907
BALAMINES,20191217,345,359.7,343.05,355.2,23149
BALAXI,20191217,84.8,84.8,69.4,78.8,1189
BALKRISHNA,20191217,17.15,17.3,16.75,17.3,25074
BALKRISIND,20191217,948,955.85,943.05,949.85,489263
BALLARPUR,20191217,0.4,0.45,0.4,0.4,7604827
BALMLAWRIE,20191217,189.05,190.4,187,187.8,90526
BALPHARMA,20191217,41,41,39.65,40.15,4150
BALRAMCHIN,20191217,170.05,172.9,168,170.1,1309459
BANARBEADS,20191217,27.6,29.8,27.6,28,814
BANARISUG,20191217,1169,1170,1112.15,1124.05,1329
BANCOINDIA,20191217,95.5,96,94,94.45,23249
BANDHANBNK,20191217,496,496.55,478.5,480,2103627
BANG,20191217,17.05,17.45,16.55,17,6253
BANKBARODA,20191217,101.45,103.5,101.15,102.2,22444734
BANKBEES,20191217,3266.85,3282.7,3259.21,3276.34,2268
BANKINDIA,20191217,71.4,72.3,70.8,71.25,1839246
BANSWRAS,20191217,89.45,89.45,87,87.5,1978
BARTRONICS,20191217,1.6,1.65,1.55,1.6,8395
BASF,20191217,967.45,967.45,946,947.8,15279
BASML,20191217,119.95,119.95,113.3,117.9,1138
BATAINDIA,20191217,1696,1697.5,1676.55,1683.2,403605
BAYERCROP,20191217,3541.1,3630,3510,3600.15,7753
BBL,20191217,783.5,813,781.05,790.7,5016
BBTC,20191217,1026,1054,1026,1037.2,188562
BCG,20191217,5.7,6.3,5.7,5.8,1345060
BCP,20191217,11.55,11.55,11.55,11.55,6763
BDL,20191217,288.45,289.8,283.4,284.45,41508
BEARDSELL,20191217,7.95,7.95,7.7,7.9,1080
BEDMUTHA,20191217,16.5,17.2,15.75,16.1,2486
BEL,20191217,101.05,101.45,100,100.2,4131222
BEML,20191217,997,1001.95,985.2,987.1,296283
BEPL,20191217,42.7,43.35,42,42.25,193524
BERGEPAINT,20191217,493.6,495.5,490.95,492.8,677725
BFINVEST,20191217,321.5,334,311.55,325.9,191784
BFUTILITIE,20191217,322.55,333.9,314.1,319.8,828017
BGLOBAL,20191217,1.9,1.95,1.9,1.9,3225
BGRENERGY,20191217,41.5,41.5,37.85,38.35,1370588
BHAGERIA,20191217,90.7,93.9,90.2,92.9,7235
BHAGYANGR,20191217,17.5,18.75,17.5,18.05,5744
BHAGYAPROP,20191217,20.7,20.7,18.5,18.5,16
BHANDARI,20191217,1.05,1.15,1.05,1.1,80505
BHARATFORG,20191217,473.5,489.65,470.6,485.6,3348800
BHARATGEAR,20191217,64.5,64.8,62.25,63.2,7537
BHARATRAS,20191217,6199.95,6279.95,6132,6165.95,617
BHARATWIRE,20191217,25.2,26.9,23.85,24.05,28133
BHARTIARTL,20191217,424.75,441.5,417.6,439.95,22991811
BHEL,20191217,45.8,46.4,45.6,45.9,8676075
BIGBLOC,20191217,35.25,35.75,35.25,35.25,330
BIL,20191217,141,142,136.05,139,774
BILENERGY,20191217,1.1,1.15,1.1,1.1,133736
BINDALAGRO,20191217,8.8,9.45,8.8,9.05,27805
BIOCON,20191217,295.5,295.6,288.6,290.75,3309345
BIOFILCHEM,20191217,14.85,14.85,14.85,14.85,6133
BIRLACABLE,20191217,55.45,55.45,53.2,53.5,50150
BIRLACORPN,20191217,624,634,611.15,618.4,36991
BIRLAMONEY,20191217,36.65,36.65,34.75,35.05,86389
BKMINDST,20191217,0.75,0.75,0.65,0.7,8769
BLBLIMITED,20191217,4.85,4.85,4.5,4.8,33202
BLISSGVS,20191217,150.15,151,148.5,150,448094
BLKASHYAP,20191217,10,10,9.5,9.65,29920
BLS,20191217,66.15,66.9,65,65.4,18229
BLUEBLENDS,20191217,0.9,0.95,0.85,0.9,2762
BLUECOAST,20191217,3.3,3.3,3.3,3.3,1
BLUEDART,20191217,2164.1,2249.75,2134.65,2214.2,5801
BLUESTARCO,20191217,800,803.85,792,795.35,94834
BODALCHEM,20191217,57.5,58.25,56.3,57.45,59046
BOMDYEING,20191217,75.45,77.35,75,76.9,1440418
BOROSIL,20191217,167.85,170.2,165.1,166.1,58848
BOSCHLTD,20191217,15300,15436,15098.65,15160.65,21002
BPCL,20191217,492,503.5,491.1,496.05,6143569
BPL,20191217,19.5,19.75,18.8,19.1,190526
BRIGADE,20191217,211.65,212,207.55,209.2,310258
BRITANNIA,20191217,3060,3075.5,3050,3071.95,212811
BRNL,20191217,61.45,61.45,59.05,59.55,2136
BROOKS,20191217,26.5,27.85,26.5,27.05,15424
BSE,20191217,496,496.25,490.1,491.1,57015
BSELINFRA,20191217,1,1.05,0.95,1,15947
BSL,20191217,27.95,27.95,26.6,26.65,3059
BSLGOLDETF,20191217,3497,3497,3497,3497,3
BSLNIFTY,20191217,132.3,133.06,132.3,132.88,25
BSOFT,20191217,67.9,68.35,67.3,68.15,231338
BURNPUR,20191217,1.4,1.4,1.3,1.3,23157
BUTTERFLY,20191217,194.45,196.05,192.5,193.2,12260
BVCL,20191217,13.05,13.05,12.45,12.45,46
BYKE,20191217,17,17.7,16.65,17.2,11455
CADILAHC,20191217,261.5,262.5,258.15,259.35,731431
CALSOFT,20191217,14.7,14.7,14,14.35,24633
CAMLINFINE,20191217,74.4,74.6,72,72.45,198421
CANBK,20191217,228,231.95,227,229.1,5940943
CANFINHOME,20191217,417.95,422.5,414.95,419.6,939895
CANTABIL,20191217,266.95,275,262.75,269.8,33061
CAPACITE,20191217,179.4,181.5,172.65,180.8,31492
CAPLIPOINT,20191217,316,316.95,305.25,308.8,33728
CAPTRUST,20191217,89.4,89.4,89.4,89.4,438
CARBORUNIV,20191217,325.65,328.1,324.75,326.3,71700
CAREERP,20191217,113.1,114.45,110.1,110.45,30417
CARERATING,20191217,480.05,482.85,475.6,480.5,16177
CASTEXTECH,20191217,0.3,0.4,0.3,0.35,11766
CASTROLIND,20191217,131.15,136.25,130.7,132,2705725
CCHHL,20191217,3.15,3.3,3.05,3.1,47498
CCL,20191217,190.95,203.8,187,197.6,82403
CDSL,20191217,218.5,223.7,217.75,222.15,407538
CEATLTD,20191217,990.4,995.05,984.05,991.3,108051
CEBBCO,20191217,14.75,15.7,14.65,15.15,24489
CELEBRITY,20191217,5.35,5.5,5.35,5.4,534
CELESTIAL,20191217,3.15,3.2,3,3.2,6915
CENTENKA,20191217,181.9,184.4,180,181.45,7433
CENTEXT,20191217,2.45,2.45,2.25,2.4,53572
CENTRALBK,20191217,19,19.2,18.85,18.9,606776
CENTRUM,20191217,19.9,20.2,19.75,20,52018
CENTUM,20191217,356.85,359.95,346.15,347.75,4479
CENTURYPLY,20191217,163,164.35,160.4,162.5,111836
CENTURYTEX,20191217,494.55,501.35,488.5,490.85,1208044
CERA,20191217,2563.8,2579.5,2509.5,2554.8,1901
CEREBRAINT,20191217,23.45,24,23.2,23.3,48182
CESC,20191217,729.1,746.2,727.1,743.3,217396
CESCVENT,20191217,297.5,305.65,296.7,301.3,5103
CGCL,20191217,195.9,195.9,190.5,193.1,334444
CGPOWER,20191217,11.95,12.05,11.6,11.65,748013
CHALET,20191217,335.95,344.45,331.6,343.2,3882
CHAMBLFERT,20191217,145.5,151,145.5,149.7,485410
CHEMBOND,20191217,209.95,209.95,196,202,1052
CHEMFAB,20191217,162.05,165.5,160.25,163.6,4161
CHENNPETRO,20191217,118.9,119.7,114,115.75,147637
CHOLAFIN,20191217,311,312.5,305.65,310.75,1205861
CHOLAHLDNG,20191217,499.5,500.5,489.5,496.35,398435
CHROMATIC,20191217,0.5,0.5,0.5,0.5,6291
CIGNITITEC,20191217,291.05,309,290,306.6,219548
CIMMCO,20191217,20.25,20.85,20.1,20.25,4144
CINELINE,20191217,30.75,31.4,30.1,30.75,9137
CINEVISTA,20191217,8.7,8.7,8.2,8.4,4549
CIPLA,20191217,462.05,466.2,460.35,463.95,2434853
CKFSL,20191217,0.5,0.5,0.45,0.45,167910
CLEDUCATE,20191217,73.55,73.6,69.95,70.7,1697
CLNINDIA,20191217,322,322.75,318.8,319.8,9962
CMICABLES,20191217,49.4,49.4,47,48.05,15847
CNOVAPETRO,20191217,7.2,7.5,7.2,7.5,9
COALINDIA,20191217,193.45,196.5,192.05,196.2,3652710
COCHINSHIP,20191217,386.5,391,385.6,389.05,58670
COFFEEDAY,20191217,43.7,44.95,43.7,44.95,439725
COLPAL,20191217,1470,1480,1461.1,1466.6,387417
COMPINFO,20191217,11.75,12.1,11.3,11.7,210058
COMPUSOFT,20191217,7.8,7.9,7.6,7.75,28787
CONCOR,20191217,575,580.7,572.25,575.7,1106737
CONFIPET,20191217,27,28.2,26.95,27.75,358830
CONSOFINVT,20191217,35.25,35.35,35.25,35.35,551
CONTROLPR,20191217,236.9,236.95,229.8,233.1,2898
CORALFINAC,20191217,10.5,10.65,10,10.55,24482
CORDSCABLE,20191217,42.05,43,41.55,42.3,5205
COROMANDEL,20191217,511,512.8,503.3,509.25,165132
CORPBANK,20191217,25.5,25.75,24.7,24.95,812050
COSMOFILMS,20191217,228.25,230,225.4,226.6,19362
COUNCODOS,20191217,1.85,1.9,1.85,1.85,3380
COX&KINGS,20191217,1.6,1.7,1.6,1.65,4002965
CPSEETF,20191217,22.83,22.92,22.72,22.8,995830
CREATIVE,20191217,86,89.8,86,86.3,20487
CREATIVEYE,20191217,1.35,1.35,1.35,1.35,1763
CREDITACC,20191217,803,804.75,792.7,796.65,69116
CREST,20191217,90.6,93.8,90.6,92.05,3904
CRISIL,20191217,1721,1796,1721,1778.75,20540
CROMPTON,20191217,243.9,244.35,241.25,242.95,2280256
CSBBANK,20191217,243,249.75,240,245.65,1704620
CTE,20191217,23.5,23.5,22.55,23,3618
CUB,20191217,228.8,234.7,227.05,229.2,1819603
CUBEXTUB,20191217,10.55,12.25,10.5,10.85,6860
CUMMINSIND,20191217,545.95,565,541.25,562.05,928497
CUPID,20191217,195.7,201.9,195,199.05,42890
CURATECH,20191217,1.8,1.8,1.8,1.8,59
CYBERMEDIA,20191217,3,3,3,3,50
CYBERTECH,20191217,46.5,46.95,45.2,46.45,56110
CYIENT,20191217,388.55,397.5,386.1,393.75,51153
DAAWAT,20191217,22,22.4,21.6,21.7,791379
DABUR,20191217,459,462.4,456.4,460.6,1011059
DALBHARAT,20191217,804.1,832.75,800,828.8,84452
DALMIASUG,20191217,83.5,85.45,83.15,83.7,88554
DAMODARIND,20191217,25.5,25.75,25,25.75,1797
DATAMATICS,20191217,70.05,71,69,69.4,33067
DBCORP,20191217,133.7,134.45,133,133.7,14246
DBL,20191217,399,403,394.2,394.85,114114
DBREALTY,20191217,10.2,10.2,10.2,10.2,23525
DBSTOCKBRO,20191217,8.15,8.55,8.15,8.55,2285
DCAL,20191217,127.1,127.1,122.5,123.1,102387
DCBBANK,20191217,173.5,173.5,169.3,171.45,699646
DCM,20191217,19.45,20.55,19.3,19.6,5525
DCMFINSERV,20191217,0.85,0.85,0.85,0.85,100
DCMNVL,20191217,34,34,30.5,30.7,4957
DCMSHRIRAM,20191217,343.5,357.6,338.05,354.85,165601
DCW,20191217,12.9,13.35,12.7,13.2,178035
DECCANCE,20191217,277.85,277.9,267.7,271.2,3898
DEEPAKFERT,20191217,92.75,92.95,91.5,92.1,108492
DEEPAKNTR,20191217,357.4,364.9,354,362.15,224812
DEEPIND,20191217,104.75,105,103,103.25,8681
DELTACORP,20191217,219.35,222,213.15,217.55,926722
DELTAMAGNT,20191217,41,41,38.05,38.3,3234
DEN,20191217,39.95,39.95,38,39.3,14804
DENORA,20191217,201.8,201.8,196.05,198.3,1443
DFMFOODS,20191217,248.75,250.65,245,250.1,84878
DGCONTENT,20191217,5.8,6.05,5.8,5.9,55138
DHAMPURSUG,20191217,204.8,207.9,202.65,205.5,390988
DHANBANK,20191217,14.55,14.55,13.9,14,232751
DHANUKA,20191217,345.9,351.4,340.1,345.95,36726
DHARSUGAR,20191217,6.65,7,6.65,6.85,7070
DHFL,20191217,16.15,16.15,16.15,16.15,234248
DHUNINV,20191217,244.7,250,233.7,237.6,5765
DIAMONDYD,20191217,825.05,861,825.05,852.05,221
DICIND,20191217,309.05,313.05,309,312.1,252
DIGISPICE,20191217,4.8,4.85,4.25,4.45,17237
DISHTV,20191217,12.95,13.5,12.95,13.25,30640533
DIVISLAB,20191217,1862,1868.4,1833.7,1845.4,466589
DIXON,20191217,3571.45,3579,3535,3548.45,10855
DLF,20191217,230.45,231.4,228.5,229.9,5127644
DLINKINDIA,20191217,92,95.65,92,93.55,49468
DMART,20191217,1775,1911.8,1772.05,1883.95,1236147
DNAMEDIA,20191217,0.5,0.55,0.5,0.5,3112
DOLAT,20191217,62.55,69.3,62.3,67.9,143432
DOLLAR,20191217,140,151.9,138.45,146.3,39828
DONEAR,20191217,29.6,30.4,29.6,29.95,6934
DPSCLTD,20191217,8.7,9.3,8.25,8.3,15038
DQE,20191217,2.4,2.4,2.25,2.3,365
DREDGECORP,20191217,328.9,336,328.5,333.3,126929
DRREDDY,20191217,2828,2845,2811,2826.9,367110
DSSL,20191217,22.7,23.25,22.5,22.55,4031
DTIL,20191217,171.35,172.9,170.2,171.05,2100
DUCON,20191217,4.7,4.95,4.6,4.7,77190
DVL,20191217,70.5,70.5,67.4,67.9,6849
DWARKESH,20191217,26.95,27.35,26.05,26.25,546025
DYNAMATECH,20191217,959.45,1013.8,956,990.1,22505
DYNPRO,20191217,134.85,138,131,135.25,28766
EASTSILK,20191217,1.4,1.4,1.4,1.4,5167
ECLERX,20191217,532.8,542,525,538,84429
EDELWEISS,20191217,119.7,119.7,115.95,116.9,518953
EICHERMOT,20191217,21666,21927.9,21626.05,21704.95,116065
EIDPARRY,20191217,201,205.9,200.8,201.55,137533
EIHAHOTELS,20191217,297,301.65,291.1,299.5,1813
EIHOTEL,20191217,141.6,144,140.9,142.9,98102
EIMCOELECO,20191217,290.75,298.95,290.1,290.6,8220
EKC,20191217,21.65,22.7,21,22.35,129037
ELECON,20191217,30,33.4,29.75,33.15,168059
ELECTCAST,20191217,11.3,11.55,11.05,11.5,323273
ELECTHERM,20191217,124.55,132.75,124.5,131.7,14594
ELGIEQUIP,20191217,247,254.8,246,252.9,46841
ELGIRUBCO,20191217,16.7,16.7,15.25,15.75,940
EMAMILTD,20191217,307.6,309.4,303,305.35,114659
EMAMIPAP,20191217,76.5,77.4,74.15,77.4,81639
EMAMIREAL,20191217,39.85,42.5,39.85,41.55,15131
EMKAY,20191217,57.95,59,56.55,57.2,16926
EMMBI,20191217,99.1,101.6,98.2,98.8,1689
ENDURANCE,20191217,1042.6,1065.05,1037.8,1058.05,18292
ENERGYDEV,20191217,5.7,5.9,5.7,5.9,4758
ENGINERSIN,20191217,104.35,104.55,102.15,103.15,397539
ENIL,20191217,232.45,237.85,229,233.15,611
EON,20191217,14,14,13.55,13.55,10905
EQ30,20191217,333,333,333,333,3
EQUITAS,20191217,107.4,107.4,102.55,104.8,10106259
ERIS,20191217,478,489.9,478,484.5,87712
EROSMEDIA,20191217,12.8,13.2,12.7,12.85,138772
ESABINDIA,20191217,1230,1255.95,1230,1233.5,2202
ESCORTS,20191217,616,624.4,613.55,615.75,1601456
ESSARSHPNG,20191217,7.45,7.45,7.15,7.3,6481
ESSELPACK,20191217,154.9,154.9,149.65,151.85,111010
ESTER,20191217,31,31,29.9,30.15,96095
EUROMULTI,20191217,0.55,0.6,0.5,0.6,13946
EUROTEXIND,20191217,12.2,12.2,11.4,11.4,770
EVEREADY,20191217,54.7,54.7,53.3,53.75,85117
EVERESTIND,20191217,240,245,239.1,242.7,20448
EXCEL,20191217,0.9,0.9,0.85,0.9,11515
EXCELINDUS,20191217,814,814,800,802.95,5680
EXIDEIND,20191217,184,186.15,183.4,184.6,967711
EXPLEOSOL,20191217,274.3,284.95,273.95,279.8,5075
FACT,20191217,38.4,39.85,38.3,39.5,75365
FAIRCHEM,20191217,508,509,486.2,500.55,18785
FCL,20191217,25.95,27.9,25.6,26.8,127517
FCONSUMER,20191217,24.25,24.4,23.8,24.05,664153
FCSSOFT,20191217,0.25,0.25,0.2,0.25,186618
FDC,20191217,202.15,203.45,198,202,47173
FEDERALBNK,20191217,87,87.25,85.65,85.95,7852652
FEL,20191217,21.95,22.25,21.1,21.4,244253
FELDVR,20191217,21.35,22.55,21.1,21.4,4581
FIEMIND,20191217,406.1,420,402,412.4,8470
FILATEX,20191217,36.3,36.95,35.5,36.55,180306
FINCABLES,20191217,357.2,373.15,354.3,369.85,103197
FINEORG,20191217,1797.8,1817.95,1780,1791.6,4973
FINPIPE,20191217,554,559.25,549.25,550.3,10467
FLEXITUFF,20191217,7.55,7.55,7.55,7.55,3747
FLFL,20191217,391.35,398.9,391.35,393.8,7335
FLUOROCHEM,20191217,570.05,594,564,582.65,21883
FMGOETZE,20191217,628,666.45,628,662.2,783340
FMNL,20191217,27.2,28.4,26.2,27.5,24101
FORCEMOT,20191217,993,1011.95,985,991.4,18223
FORTIS,20191217,135.4,137.4,134.25,135,366930
FOSECOIND,20191217,1305,1305,1282,1286.1,250
FRETAIL,20191217,330,345,329.05,335.05,506348
FSC,20191217,495,497,487,488.8,43687
FSL,20191217,39,40.7,38.85,40.2,1325508
GABRIEL,20191217,121.4,121.4,115,120.35,62466
GAEL,20191217,135.5,137.5,133,133.85,28959
GAIL,20191217,120.6,120.65,118.3,119.8,8558386
GAL,20191217,1.75,1.85,1.75,1.85,13191
GALAXYSURF,20191217,1445,1480,1432,1465.85,6238
GALLANTT,20191217,29,29.75,28.2,28.75,1838
GALLISPAT,20191217,20.6,21,20.5,20.55,3692
GAMMNINFRA,20191217,0.45,0.5,0.4,0.45,795339
GANDHITUBE,20191217,287,288.95,280,280.15,373
GANECOS,20191217,237.05,241.7,236.05,237.8,3952
GANESHHOUC,20191217,30.95,31.75,30.6,31.5,82251
GANGESSECU,20191217,35.25,37.8,35.25,37.45,3223
GARDENSILK,20191217,8.75,8.85,8.35,8.75,9917
GARFIBRES,20191217,1173.95,1174,1145.5,1152.45,8267
GATI,20191217,56.8,57.6,56.4,56.65,363545
GAYAHWS,20191217,0.35,0.4,0.35,0.4,162280
GAYAPROJ,20191217,81.9,83.4,80.5,82.5,974406
GDL,20191217,97.5,97.5,95.05,96.6,48261
GEECEE,20191217,80.75,81.95,79.6,80,1406
GENESYS,20191217,57,57,55.25,55.55,5581
GENUSPAPER,20191217,5.1,5.35,5.05,5.1,368558
GENUSPOWER,20191217,23.9,23.9,22.8,22.95,119223
GEOJITFSL,20191217,27.8,28.3,27.55,27.95,37823
GEPIL,20191217,700,729.95,685.15,725.1,36381
GESHIP,20191217,295,301.9,295,299.5,64395
GET&D,20191217,151.65,161.75,151.5,154.65,29156
GFLLIMITED,20191217,78.5,79,75.75,76.4,57801
GHCL,20191217,197.9,198.35,194.25,195,81721
GICHSGFIN,20191217,149.6,154,149.3,152.5,67582
GICRE,20191217,232.55,237.3,231.3,232.6,206714
GILLANDERS,20191217,27.7,28.7,27.7,28,741
GILLETTE,20191217,6590,6636,6530,6559.15,4108
GINNIFILA,20191217,8,8.4,8,8.2,50999
GIPCL,20191217,67.75,68.35,67.05,67.8,36064
GKWLIMITED,20191217,685,710,685,709.4,133
GLAXO,20191217,1658.6,1662,1635.1,1643.8,55242
GLENMARK,20191217,344,349.75,344,346.1,1685339
GLFL,20191217,0.8,0.8,0.8,0.8,332
GLOBALVECT,20191217,51.05,57.35,47.25,52.1,75205
GLOBOFFS,20191217,5.4,5.4,5.3,5.3,3473
GLOBUSSPR,20191217,130.2,133.5,130.2,132.9,43731
GMBREW,20191217,404.95,424.5,399.1,419.7,100590
GMDCLTD,20191217,57.5,58.9,57,57.85,130045
GMMPFAUDLR,20191217,1615.3,1649.15,1615.3,1623.8,3727
GMRINFRA,20191217,21.15,22.05,21,21.85,22654060
GNA,20191217,251.9,252.8,245.05,247,15286
GNFC,20191217,171.95,174.25,171.25,173.25,211902
GOACARBON,20191217,204.2,211,196,203.15,27527
GOCLCORP,20191217,284.95,287.95,276.25,276.7,5718
GODFRYPHLP,20191217,1225,1288.45,1221.9,1256.3,166591
GODREJAGRO,20191217,506.5,506.5,497,500.4,21618
GODREJCP,20191217,675,686,670,679,1380097
GODREJIND,20191217,428,436.5,425,434.55,58685
GODREJPROP,20191217,931.5,949.4,918.2,922.45,363202
GOKEX,20191217,75.65,76.1,74.5,74.6,14711
GOKUL,20191217,12.75,13.35,12.4,13.05,1562
GOKULAGRO,20191217,11.7,12.85,11.6,12.45,6945
GOLDBEES,20191217,3344.3,3354.8,3333.05,3350.3,6982
GOLDENTOBC,20191217,29,29.85,28.1,28.45,3978
GOLDIAM,20191217,136.1,137.65,135.05,136,19675
GOLDSHARE,20191217,3379.95,3379.95,3357.05,3359.15,434
GOLDTECH,20191217,8.9,9.05,8.7,8.8,23256
GOODLUCK,20191217,44,45.1,40.4,41.9,22371
GPIL,20191217,163.65,183.8,163.6,181.2,282046
GPPL,20191217,83.35,83.35,81.85,82.75,55285
GPTINFRA,20191217,41.9,41.9,37.1,40.65,497
GRANULES,20191217,130.9,131,125.3,126.35,1027005
GRAPHITE,20191217,307.3,311,305.15,307.2,945922
GRASIM,20191217,765.8,772.95,756.85,768.8,1825062
GRAVITA,20191217,41.9,43.9,41.9,42.7,51750
GREAVESCOT,20191217,125.3,127.45,125.3,126.4,91768
GREENLAM,20191217,999.95,1032,963,977.6,2839
GREENPANEL,20191217,44.6,45.5,44.1,44.8,86375
GREENPLY,20191217,160.05,166.05,158,160.65,37743
GREENPOWER,20191217,2.05,2.05,1.9,2,40901
GRINDWELL,20191217,575.7,580,571.2,579.05,1116
GROBTEA,20191217,416.05,459.75,416.05,459.75,311
GRPLTD,20191217,849.95,849.95,790.2,814.9,56
GRSE,20191217,200.25,204.2,198,200.85,131535
GSCLCEMENT,20191217,18.4,18.5,18.1,18.2,13670
GSFC,20191217,68,69.4,67.75,68.75,199770
GSKCONS,20191217,8490,8558,8351.4,8374.8,74826
GSPL,20191217,218.2,221.85,216,216.7,673816
GSS,20191217,32,33,32,32,7614
GTL,20191217,1.45,1.55,1.45,1.5,75584
GTLINFRA,20191217,0.45,0.45,0.4,0.45,28755612
GTNIND,20191217,6,6.65,5.7,6.65,1576
GTNTEX,20191217,5.3,5.5,5.3,5.5,530
GTPL,20191217,65.15,67.05,64.75,66.3,23230
GUFICBIO,20191217,61.15,63.45,61.15,62.65,20476
GUJALKALI,20191217,391.5,403,391.3,395.05,27392
GUJAPOLLO,20191217,131.95,132,121.35,121.9,2680
GUJGASLTD,20191217,230,234,227.4,228.9,753463
GULFOILLUB,20191217,815.95,824.7,807.6,822,3995
GULFPETRO,20191217,37.65,37.7,35.5,37.7,9074
GULPOLY,20191217,38.4,38.4,36.75,36.9,13316
GVKPIL,20191217,4.5,4.6,4.35,4.4,637734
HAL,20191217,750,759.75,731.7,748,8902
HARITASEAT,20191217,445,448.45,441.95,445.75,1719
HARRMALAYA,20191217,62.9,63.5,59.3,60.5,121547
HATHWAY,20191217,19.7,19.75,19.5,19.65,115177
HATSUN,20191217,565.05,578.95,564.85,573.75,13995
HAVELLS,20191217,649,649.15,639.5,642.4,809881
HAVISHA,20191217,0.5,0.6,0.5,0.6,2863
HBLPOWER,20191217,16,16.1,15.7,15.8,98640
HCC,20191217,10.65,11.7,10.4,11.4,10982666
HCG,20191217,95.5,102,92.15,100.75,444664
HCL-INSYS,20191217,7.4,7.9,7.35,7.65,1051857
HCLTECH,20191217,555.5,559,552.5,557.75,3852266
HDFC,20191217,2365,2436.55,2359.4,2430.1,7277994
HDFCAMC,20191217,3165,3168,3093.25,3153.3,667267
HDFCBANK,20191217,1260,1274.8,1255.35,1271.1,6213677
HDFCLIFE,20191217,595.15,600,586.2,595.6,1636039
HDFCMFGETF,20191217,3425,3430,3415,3424.65,2345
HDFCNIFETF,20191217,1272.4,1274.15,1270.03,1273.18,1851
HDFCSENETF,20191217,4350,4374.07,4321.63,4355,137
HDIL,20191217,3.1,3.4,3.1,3.4,1195359
HEG,20191217,1110,1132.4,1104.5,1115.9,297265
HEIDELBERG,20191217,175.25,181,174.15,177.95,812610
HERCULES,20191217,87.6,90.5,87.3,89.75,4244
HERITGFOOD,20191217,340.75,341.9,337,339.15,3253
HEROMOTOCO,20191217,2318,2328.25,2297,2304.95,810022
HESTERBIO,20191217,1498.95,1498.95,1456.45,1467.65,4471
HEXATRADEX,20191217,9.2,9.2,8.6,9,5132
HEXAWARE,20191217,338.45,340.7,337,338.15,824822
HFCL,20191217,17.2,17.3,17.1,17.15,2160611
HGINFRA,20191217,235.85,235.85,230.5,232.8,6259
HGS,20191217,622.05,632.3,620,629.3,995
HIKAL,20191217,108.8,113.7,107.1,110.85,249395
HIL,20191217,1143.75,1143.75,1122,1130.15,2706
HILTON,20191217,11.6,11.6,11.4,11.45,1862
HIMATSEIDE,20191217,120,124,120,120.65,86204
HINDALCO,20191217,207.9,214.8,206.8,213.7,16629136
HINDCOMPOS,20191217,165,165,161,162.65,789
HINDCOPPER,20191217,37.55,39.4,37.55,38.35,992337
HINDMOTORS,20191217,5.55,5.65,5.5,5.6,108088
HINDNATGLS,20191217,25.3,26.45,25.25,26.45,4918
HINDOILEXP,20191217,85.45,85.6,84.7,85.1,87932
HINDPETRO,20191217,266.7,268.65,263.6,264.9,2362391
HINDSYNTEX,20191217,1.9,1.9,1.85,1.85,1401
HINDUNILVR,20191217,1979,1994.95,1950,1961.35,2189167
HINDZINC,20191217,206.25,208.6,206.25,208,473024
HIRECT,20191217,207.35,212,205.55,206.85,11178
HISARMETAL,20191217,48.95,49,47.2,48.75,3541
HITECH,20191217,135.8,135.8,132.45,134.95,2904
HITECHCORP,20191217,86.25,86.25,80.75,81,3851
HITECHGEAR,20191217,161.5,164.95,153,163.7,6419
HMVL,20191217,71.5,72.4,70.4,71.25,13996
HNDFDS,20191217,681.95,695,661.1,667.05,8506
HNGSNGBEES,20191217,3227.7,3249,3140,3191.65,119
HONAUT,20191217,27130,27989.8,27107.1,27609.25,1077
HONDAPOWER,20191217,1299.7,1358,1266.25,1280.1,9451
HOTELEELA,20191217,6.1,6.2,6.05,6.1,210752
HOVS,20191217,46.05,48,45.7,47.1,6592
HPL,20191217,38,38.25,36.6,37.1,19635
HSCL,20191217,56.45,57.15,55.95,56.35,370291
HSIL,20191217,43.15,44.85,43.15,43.55,65184
HTMEDIA,20191217,15.25,15.25,14.4,14.45,134971
HUBTOWN,20191217,14.25,14.85,14,14.4,6244
HUDCO,20191217,36.45,37.25,36.25,36.65,537816
IBMFNIFTY,20191217,119.35,122.9,119.35,120.2,41
IBREALEST,20191217,62,62.8,60.6,61.35,1049397
IBULHSGFIN,20191217,313,314.8,303.25,305.05,28980623
IBULISL,20191217,77.3,77.3,75.6,76.3,166997
IBVENTURES,20191217,164.1,168.65,160,161.5,4713753
ICICI500,20191217,158.39,159.34,158,158.68,10205
ICICIB22,20191217,34.01,34.3,34.01,34.19,251070
ICICIBANK,20191217,540.95,543,538.75,541.15,11516163
ICICIBANKN,20191217,320.01,323,320.01,322.16,1270
ICICIBANKP,20191217,178,178.48,172,176.91,783
ICICIGI,20191217,1352,1363.5,1340.75,1347.75,294983
ICICIGOLD,20191217,34.9,34.9,33.6,34.25,13314
ICICILIQ,20191217,1000,1000.01,999.99,999.99,19061
ICICILOVOL,20191217,92,92,89,91.36,1320
ICICIMCAP,20191217,64.7,65.53,64.1,65.17,54071
ICICINF100,20191217,125,131,125,131,225
ICICINIFTY,20191217,126,128.2,126,128.02,54700
ICICINV20,20191217,57.6,57.6,55.8,57.03,1995
ICICINXT50,20191217,28.01,28.3,28,28.19,12834
ICICIPRULI,20191217,498,502.4,491.7,495.1,2680939
ICICISENSX,20191217,440,440.87,432.71,440.54,429
ICIL,20191217,48.45,49.7,48.45,49.35,47082
ICRA,20191217,2706.05,2747.4,2702.05,2733.75,301
IDBI,20191217,37.9,38,37,37.4,2554723
IDBIGOLD,20191217,3583.95,3583.95,3564.95,3582,25
IDEA,20191217,6.6,7,6.35,6.9,314339768
IDFC,20191217,32.75,33,32.4,32.55,1576047
IDFCFIRSTB,20191217,43.05,43.3,42.65,42.8,9651911
IDFNIFTYET,20191217,122.75,124.2,120,120.09,104
IEX,20191217,141.9,142.6,139.95,142,56540
IFBAGRO,20191217,390,393.7,378.5,382.8,2314
IFBIND,20191217,610.4,640,606.25,622.35,55694
IFCI,20191217,6.6,6.7,6.5,6.55,1737234
IFGLEXPOR,20191217,138.3,138.3,133.2,133.85,2529
IGARASHI,20191217,237.95,247.1,237.05,242.9,72147
IGL,20191217,421.1,435,419.8,432.35,4563935
IGPL,20191217,129.5,139.5,128.25,133.95,18557
IIFL,20191217,151.45,157,151,155.3,190320
IIFLSEC,20191217,37.2,38,37,38,289482
IIFLWAM,20191217,1130.85,1159.15,1099.95,1137.85,3790
IITL,20191217,61,61,60,60,41
IMFA,20191217,172.3,188.85,171.3,178.75,24578
IMPAL,20191217,564,564,540.8,554.55,1782
IMPEXFERRO,20191217,0.35,0.4,0.3,0.4,22786
INDBANK,20191217,6.7,6.75,6.6,6.7,54168
INDHOTEL,20191217,147.3,150,145.4,149.5,1208730
INDIACEM,20191217,72,72.85,71.4,71.6,1150260
INDIAGLYCO,20191217,218.5,218.95,214.45,215.45,40225
INDIAMART,20191217,2039.85,2060,2005.6,2020.3,12185
INDIANB,20191217,115.95,116.95,109,110,3501794
INDIANCARD,20191217,105,105,103,103,292
INDIANHUME,20191217,200,206.15,197.25,201.3,8194
INDIGO,20191217,1300,1320,1295.05,1315.15,1110006
INDLMETER,20191217,20.7,20.7,20.1,20.6,1672
INDNIPPON,20191217,300.9,303.9,298.45,300.35,1060
INDOCO,20191217,151,165.5,150.95,163.7,96934
INDORAMA,20191217,27.6,28.95,26.75,27.15,35141
INDOSTAR,20191217,172,172.7,168,168.35,49747
INDOTECH,20191217,94,97,94,95.1,615
INDOTHAI,20191217,23.75,23.75,22.5,23,3737
INDOWIND,20191217,2.95,3.05,2.95,2.95,8753
INDRAMEDCO,20191217,38.9,39.45,38.2,39.25,34217
INDSWFTLAB,20191217,24.95,25.25,23.5,23.85,310535
INDSWFTLTD,20191217,3.15,3.15,2.95,3,3781
INDTERRAIN,20191217,59.9,61.5,57.55,58.75,14827
INDUSINDBK,20191217,1500.1,1508.5,1486.2,1492.75,2861481
INEOSSTYRO,20191217,711.65,716,711,713.3,1451
INFIBEAM,20191217,47.35,48.1,46.4,47.15,1337845
INFOBEAN,20191217,66.95,66.95,63.9,64,1617
INFRABEES,20191217,337.1,338.66,335,338.66,83
INFRATEL,20191217,249,251.4,244.65,248.2,9029823
INFY,20191217,719.7,731.25,715,729.7,10525565
INGERRAND,20191217,665,674.8,656.6,662.75,119450
INOXLEISUR,20191217,370.4,382.95,369,370.1,223280
INOXWIND,20191217,35.45,36.2,34.1,34.9,261892
INSECTICID,20191217,449.95,462.05,446.45,455.35,15868
INSPIRISYS,20191217,36.85,38.8,36,37.4,802
INTEGRA,20191217,0.3,0.35,0.25,0.35,14896
INTELLECT,20191217,152.95,152.95,150.05,150.9,59387
INTENTECH,20191217,28.3,28.3,26.2,26.9,4217
INVENTURE,20191217,13.2,13.3,13.05,13.05,20100
IOB,20191217,10.3,10.35,10.05,10.1,503740
IOC,20191217,125.6,126.75,124.85,125.65,5134197
IOLCP,20191217,172.95,173.35,168.5,171.55,91715
IPAPPM,20191217,281,298,281,292,108457
IPCALAB,20191217,1122.5,1154,1113,1147.55,139665
IRB,20191217,71.7,72.6,70.2,70.5,1644916
IRCON,20191217,393.8,395.2,386,387.5,36669
IRCTC,20191217,889,898.5,883,886.75,563331
ISEC,20191217,348.35,353.95,345,345.75,138047
ISFT,20191217,62.8,66,62.8,64.25,3570
ISMTLTD,20191217,4.65,4.65,4.35,4.35,37841
ITC,20191217,237.5,241.7,237.5,241.05,15921196
ITDC,20191217,333,338.95,327.25,330.75,108876
ITDCEM,20191217,49.65,51.4,48.1,50.7,176072
ITI,20191217,90.55,93.5,90.5,91.85,846882
IVC,20191217,3.4,3.45,3.35,3.4,55907
IVP,20191217,55.9,57.8,53,56.2,396
IVZINGOLD,20191217,3440,3450,3440,3450,18
IVZINNIFTY,20191217,1287.65,1287.65,1287.65,1287.65,5
IZMO,20191217,22,22.4,21.15,21.75,3917
J&KBANK,20191217,30,30.4,29.8,29.9,525767
JAGRAN,20191217,58,59.35,57.7,58.7,769748
JAGSNPHARM,20191217,25.2,28.65,24.7,27.3,40189
JAIBALAJI,20191217,21.1,23.35,21.1,23.15,5407
JAICORPLTD,20191217,90.6,99.7,89.7,96.35,5499699
JAINSTUDIO,20191217,1.8,1.8,1.8,1.8,360
JAMNAAUTO,20191217,39.9,40.55,39.35,39.8,727113
JASH,20191217,121.1,129.8,117,123.8,2157
JAYAGROGN,20191217,133.05,135.5,130.6,131.15,4581
JAYBARMARU,20191217,221,233,219,229.55,146085
JAYNECOIND,20191217,3.45,3.5,3.35,3.35,2295
JAYSREETEA,20191217,48.2,49.4,47.45,47.9,139864
JBCHEPHARM,20191217,422.2,427.5,422.2,425.15,88789
JBFIND,20191217,9.35,9.35,8.55,8.55,184780
JBMA,20191217,249.05,263.3,249.05,260.25,90096
JCHAC,20191217,1899.95,1900.05,1861.4,1885.35,2192
JHS,20191217,15.45,15.45,14.75,15.05,36817
JIKIND,20191217,0.3,0.35,0.3,0.3,15836
JINDALPHOT,20191217,13,13.85,11.5,13.7,9145
JINDALPOLY,20191217,219,219.95,218.2,219.3,5542
JINDALSAW,20191217,74,76.3,73.55,75.8,322745
JINDALSTEL,20191217,138.5,147.75,137,145.6,45830185
JINDCOT,20191217,1.8,1.85,1.75,1.85,7600
JINDRILL,20191217,76.1,78.9,76.1,76.8,26834
JINDWORLD,20191217,61.75,63.9,61.2,63.25,156054
JISLDVREQS,20191217,7.65,7.75,7.4,7.75,50347
JISLJALEQS,20191217,7.65,7.85,7.5,7.85,1647979
JITFINFRA,20191217,5.95,6.25,5.95,6.2,540
JIYAECO,20191217,32,32,30.5,30.95,381061
JKCEMENT,20191217,1150.1,1154,1143.75,1151,25263
JKIL,20191217,140.05,142.15,139.25,140.05,146463
JKLAKSHMI,20191217,271.95,275.95,270,274.05,37465
JKPAPER,20191217,128.15,134.95,127.8,130.5,8272441
JKTYRE,20191217,71.8,72.5,71.15,71.75,415026
JMA,20191217,23.35,23.55,22.45,22.9,1815
JMCPROJECT,20191217,99.8,100.5,98.3,100.1,16453
JMFINANCIL,20191217,97,98,93.25,96.1,909508
JMTAUTOLTD,20191217,1.4,1.4,1.3,1.3,25557
JOCIL,20191217,110.1,113,110.05,112,1158
JPASSOCIAT,20191217,2.3,2.4,2.25,2.4,3895932
JPINFRATEC,20191217,1.7,1.75,1.6,1.65,1882938
JPOLYINVST,20191217,11.5,12.5,11.5,12,143
JPPOWER,20191217,1.4,1.4,1.3,1.4,8042673
JSL,20191217,37.4,38.75,37.4,38.25,245811
JSLHISAR,20191217,64.6,68.3,64.6,67.6,245648
JSWENERGY,20191217,71.2,71.85,70.2,70.95,334983
JSWHL,20191217,2228,2259.65,2210,2221.5,463
JSWSTEEL,20191217,254.35,261.6,253.55,258.95,11197549
JTEKTINDIA,20191217,78.9,82.4,78.9,81.7,36849
JUBILANT,20191217,552.1,559.8,539.6,547.15,290406
JUBLFOOD,20191217,1598,1615.95,1575,1583.65,729266
JUBLINDS,20191217,92.1,92.95,86.35,88.55,45599
JUMPNET,20191217,57.35,60,55.2,58.95,1022512
JUNIORBEES,20191217,292,292,288.12,290.99,142375
JUSTDIAL,20191217,572,598,570,590.45,3794305
JYOTHYLAB,20191217,148.95,149.5,148,148.4,119930
KABRAEXTRU,20191217,58.35,58.8,57.1,57.95,6477
KAJARIACER,20191217,520,526.95,515.2,519.7,76172
KAKATCEM,20191217,144,146.5,141.75,145.3,18251
KALPATPOWR,20191217,409.9,422.65,406.15,419.35,169431
KALYANIFRG,20191217,147,155.4,147,155.1,658
KAMATHOTEL,20191217,33.65,35.7,33.05,35.05,111721
KAMDHENU,20191217,97.15,98,91.35,93,6782
KANANIIND,20191217,3.7,3.7,3.1,3.6,40522
KANORICHEM,20191217,35.7,36.2,35.25,35.6,11548
KANSAINER,20191217,546.05,551,536.15,543.6,318935
KARDA,20191217,96,96,92.5,93.95,3226
KARMAENG,20191217,13.05,13.5,13,13.15,1838
KARURVYSYA,20191217,62.2,62.4,60.85,61,467061
KAUSHALYA,20191217,0.45,0.45,0.45,0.45,110
KAVVERITEL,20191217,2.4,2.4,2.4,2.4,50
KAYA,20191217,335.9,335.9,323.1,325.1,4397
KCP,20191217,59.35,61,59.1,60.2,22993
KCPSUGIND,20191217,12.8,12.9,12.7,12.8,45549
KDDL,20191217,321.45,330,314,319.5,832
KEC,20191217,294,300,294,299.1,430222
KECL,20191217,10.2,10.2,9.75,9.8,39689
KEI,20191217,444.45,452.6,438.45,443.4,414782
KELLTONTEC,20191217,15.8,17.25,15.8,17.25,165407
KENNAMET,20191217,978.45,1004.95,956,1000.1,9429
KERNEX,20191217,20.65,22.45,20.6,20.7,14383
KESARENT,20191217,33.3,35.65,32.35,33.05,7905
KESORAMIND,20191217,59.55,59.9,58.6,59.25,241306
KEYFINSERV,20191217,24,25.2,24,25.2,2
KHADIM,20191217,172,173.7,167,167.45,42862
KHAITANLTD,20191217,18.9,18.9,18.9,18.9,40
KICL,20191217,1625,1663.2,1615.25,1654.2,493
KILITCH,20191217,119.65,141.8,119.65,133.2,140834
KINGFA,20191217,606.55,622.95,605.2,614,458
KIOCL,20191217,111.4,111.5,108.15,110.1,6903
KIRIINDUS,20191217,377.85,377.85,364,365.4,91912
KIRLFER,20191217,63.8,63.8,61,61.25,4019
KIRLOSBROS,20191217,124.9,125.85,122.95,124.6,15253
KIRLOSENG,20191217,150.7,152.5,143.95,145.35,79263
KIRLOSIND,20191217,605,615,600,602.95,883
KITEX,20191217,93.55,94.75,93.55,94,13238
KKCL,20191217,969,969,950,954.6,680
KMSUGAR,20191217,6.35,6.6,6.2,6.25,44844
KNRCON,20191217,242.95,242.95,236.1,238.55,49702
KOHINOOR,20191217,8.95,9,8.55,8.7,9912
KOKUYOCMLN,20191217,76.05,76.2,73.2,73.75,15481
KOLTEPATIL,20191217,224.9,266.7,223.85,254.4,883435
KOPRAN,20191217,29.6,33.25,29.6,32.25,281044
KOTAKBANK,20191217,1716.05,1721.4,1708.6,1713.3,2646882
KOTAKBKETF,20191217,328.79,330.82,327.66,329.45,11092
KOTAKGOLD,20191217,335.2,338,335.2,336.25,107853
KOTAKNIFTY,20191217,124.8,125.86,124.8,125.73,164826
KOTAKNV20,20191217,57.8,58.15,57.55,57.88,10778
KOTAKPSUBK,20191217,254,256.23,252.99,255.27,4848
KOTARISUG,20191217,9.8,10.1,9.65,9.65,29216
KOTHARIPET,20191217,16.25,16.3,15.85,15.85,5712
KOTHARIPRO,20191217,59.6,60.35,59.2,59.3,745
KPITTECH,20191217,89.1,92.5,89.1,92.1,414377
KPRMILL,20191217,669,674,661.3,665.3,2713
KRBL,20191217,217.8,223.55,216.1,221.55,131306
KREBSBIO,20191217,87.75,90,84,89.8,1273
KRIDHANINF,20191217,2.85,2.85,2.65,2.65,148316
KRISHANA,20191217,53,53.5,53,53.5,1010
KSB,20191217,651,656.65,643.6,648.3,2174
KSCL,20191217,466,472.85,462.05,471.05,47407
KSERASERA,20191217,0.15,0.15,0.1,0.1,654328
KSK,20191217,0.6,0.6,0.5,0.6,301209
KSL,20191217,224.5,228,222,225.5,66900
KTIL,20191217,29.9,29.9,28,28.25,3650
KTKBANK,20191217,71.5,71.9,70.75,71.5,632996
KUANTUM,20191217,465,508.5,458,480.75,1964
KWALITY,20191217,2.6,2.6,2.5,2.6,210415
L&TFH,20191217,115.9,119.15,115.1,118.25,9825576
LAKSHVILAS,20191217,19.15,19.15,18.5,18.55,1083145
LALPATHLAB,20191217,1460.65,1479.8,1451.65,1464,122710
LAMBODHARA,20191217,29,29.45,28.25,28.7,3074
LAOPALA,20191217,141,145.5,138.1,144.75,116264
LASA,20191217,18.15,18.15,17.65,17.75,5269
LAURUSLABS,20191217,346.7,352.9,346.2,348.05,65841
LAXMIMACH,20191217,3275,3275,3210.15,3229.55,4994
LEMONTREE,20191217,59.7,60.65,59.45,59.85,176606
LFIC,20191217,46.8,51,46.75,48.35,457
LGBBROSLTD,20191217,247.9,247.9,235.6,241.45,4604
LGBFORGE,20191217,2.2,2.35,2.15,2.25,24095
LIBAS,20191217,46.8,46.8,46.8,46.8,10
LIBERTSHOE,20191217,142.7,142.7,138.1,139.3,329966
LICHSGFIN,20191217,431,445.9,427.65,443.1,3911838
LICNETFGSC,20191217,20.15,20.15,19.7,19.79,701
LICNETFN50,20191217,125.51,127,124.31,126,109
LINCOLN,20191217,181.2,186.9,179.2,182.65,70970
LINCPEN,20191217,193.8,193.95,192.1,193,779
LINDEINDIA,20191217,635.9,698.9,613.2,669.55,689049
LIQUIDBEES,20191217,1000,1000.01,999.99,1000,501950
LIQUIDETF,20191217,999.99,1000.01,999.99,1000,9999
LOKESHMACH,20191217,34.1,35.75,33.95,34.35,1763
LOTUSEYE,20191217,23.1,23.4,22.5,23,574
LOVABLE,20191217,66.75,69.1,66.1,68.3,14965
LPDC,20191217,1.65,1.65,1.6,1.65,1388
LSIL,20191217,0.5,0.55,0.45,0.5,391550
LT,20191217,1309.2,1325,1303.8,1317.95,3719446
LTI,20191217,1648,1655,1626.75,1649,149117
LTTS,20191217,1516.85,1523.9,1486.35,1499.1,76729
LUMAXIND,20191217,1203.1,1214,1185,1197.45,1202
LUMAXTECH,20191217,94.35,95.45,94,94.85,6406
LUPIN,20191217,749.6,756.55,745.75,754.35,1328747
LUXIND,20191217,1402,1430,1385,1415.8,98369
LYKALABS,20191217,15.55,18.65,15.55,18.65,114147
LYPSAGEMS,20191217,4.1,4.3,3.65,3.85,15821
M&M,20191217,509.9,512.75,505,505.85,3521314
M&MFIN,20191217,327.95,329,320.3,321.7,4616809
M100,20191217,17.65,17.94,17.65,17.74,100249
M50,20191217,118.41,119.1,118.41,119.1,296
MAANALU,20191217,58,59.45,58,58.9,2550
MADHAV,20191217,25.25,26.05,25,25.6,3500
MADHUCON,20191217,3.5,3.75,3.5,3.55,10508
MADRASFERT,20191217,18.85,19.5,18.7,19,106811
MAGADSUGAR,20191217,104.2,106,101.05,102.2,25348
MAGMA,20191217,54.85,54.85,53.2,53.25,205348
MAGNUM,20191217,3.6,3.85,3.6,3.85,421
MAHABANK,20191217,11.8,11.8,11.6,11.6,251775
MAHAPEXLTD,20191217,92.15,98.9,92.15,98.55,515
MAHASTEEL,20191217,113.5,113.5,103.9,106.15,4138
MAHESHWARI,20191217,224,230.5,222.3,223.7,41845
MAHINDCIE,20191217,159.1,161,155.25,160.5,292955
MAHLIFE,20191217,385.15,406.7,376.6,401.75,217216
MAHLOG,20191217,375,380.05,369.05,370.9,41216
MAHSCOOTER,20191217,4408.6,4449,4371.15,4434.05,6049
MAHSEAMLES,20191217,373.95,373.95,367,371.15,17430
MAITHANALL,20191217,459.95,468,453.05,458.2,13889
MAJESCO,20191217,400,406.6,398,402.8,38198
MALUPAPER,20191217,28.7,29.75,28.6,29.75,374725
MAN50ETF,20191217,122.6,122.95,122.6,122.95,143
MANAKALUCO,20191217,4.2,4.25,4.15,4.2,4576
MANAKCOAT,20191217,4,4.35,3.75,4.2,12590
MANAKSIA,20191217,33.45,33.5,32.2,33.35,8026
MANAKSTEEL,20191217,7.1,8.2,7.1,8,15971
MANALIPETC,20191217,17.35,17.8,17.2,17.55,110438
MANAPPURAM,20191217,172.7,173,169.6,171.95,2175372
MANGALAM,20191217,27.55,29.1,27.55,28.15,9305
MANGCHEFER,20191217,27.65,28.9,27.65,28.3,10432
MANGLMCEM,20191217,268.85,273.3,266.05,266.9,4284
MANGTIMBER,20191217,8.25,8.65,8.25,8.6,2699
MANINDS,20191217,39.9,45,39.6,44.2,243039
MANINFRA,20191217,23.3,23.8,23.1,23.55,43613
MANUGRAPH,20191217,13.85,14.7,13.55,14.6,32660
MARALOVER,20191217,14.25,14.75,14,14.2,8682
MARATHON,20191217,73.65,75.75,73.05,73.7,1991
MARICO,20191217,330.9,332.15,327.6,329.55,1726476
MARKSANS,20191217,15.7,18.6,15.4,18.3,14330288
MARUTI,20191217,7209.9,7276.5,7166,7195.15,939918
MASFIN,20191217,816,823.45,806.3,809.85,6203
MASTEK,20191217,423.2,446,409.3,432.75,1261442
MATRIMONY,20191217,479,486,475,480,1193
MAWANASUG,20191217,32.1,32.35,31.3,31.85,60646
MAXINDIA,20191217,76,79.8,76,76.1,141518
MAXVIL,20191217,44,45.4,43.5,44.9,177416
MAYURUNIQ,20191217,216.05,219.4,214.25,216.95,4626
MAZDA,20191217,383,386.95,374.6,383.95,6045
MBAPL,20191217,70,70,69,69,101
MBECL,20191217,4.6,4.7,4.45,4.7,15682
MBLINFRA,20191217,4.35,4.45,4.15,4.35,49098
MCDHOLDING,20191217,16.45,16.55,16.05,16.4,7303
MCDOWELL-N,20191217,593,595.55,582,583.8,1707930
MCLEODRUSS,20191217,5.25,5.35,5,5.05,853658
MCX,20191217,1136.25,1149.95,1130.85,1147.2,221458
MEGASOFT,20191217,6.1,6.95,6.1,6.45,10796
MEGH,20191217,50,50.1,49.15,49.4,290540
MELSTAR,20191217,1.3,1.3,1.3,1.3,1001
MENONBE,20191217,58.9,58.9,55,55.25,18088
MEP,20191217,40,40.65,39.2,39.6,39605
MERCATOR,20191217,0.95,1,0.95,1,2095369
METALFORGE,20191217,5.2,5.35,5,5.05,39128
METROPOLIS,20191217,1282.65,1299.5,1276.25,1288.55,46738
MFSL,20191217,502.7,517.5,501.1,510.1,1833544
MGL,20191217,1040.1,1082.2,1034.4,1071.75,1033472
MHRIL,20191217,213.05,217.3,213,213.85,267686
MIC,20191217,0.7,0.75,0.65,0.65,25083
MIDHANI,20191217,153,157.1,152,153.2,286120
MINDACORP,20191217,93.7,93.7,90.5,91.1,92631
MINDAIND,20191217,340,345.15,335.05,340.3,111512
MINDTECK,20191217,28.1,28.3,26.3,27.55,2028
MINDTREE,20191217,762,779.6,758.85,772.4,809136
MIRCELECTR,20191217,6.5,6.95,6.5,6.8,58304
MIRZAINT,20191217,57.8,58.4,56.75,57.1,181139
MMFL,20191217,340.05,343.9,325.6,337.35,6269
MMTC,20191217,18.6,19.8,18.6,19.45,2313739
MOHITIND,20191217,4.6,4.7,4.6,4.7,3280
MOHOTAIND,20191217,8.15,8.95,8.15,8.95,9343
MOIL,20191217,137.05,139,137.05,137.45,98220
MOLDTECH,20191217,46.3,47.5,45.75,46.8,6349
MOLDTKPAC,20191217,278.7,286.95,277.2,285.45,36283
MONTECARLO,20191217,258,260.95,256,257.45,8807
MORARJEE,20191217,12.8,13.15,12.4,12.5,7703
MOREPENLAB,20191217,15.3,17.25,15.2,16.7,2329521
MOTHERSUMI,20191217,141.05,142.55,140.55,142.05,5730569
MOTILALOFS,20191217,770,779,761.05,763.8,450531
MOTOGENFIN,20191217,40,40,34.05,36,1595
MPHASIS,20191217,866.95,874,857.25,870.1,107549
MPSLTD,20191217,460.05,473.5,458.65,463.9,3892
MRF,20191217,64254,64999.55,63879,64703.75,3451
MRO-TEK,20191217,33.8,33.8,33,33.3,3362
MRPL,20191217,43.9,44.05,42.55,42.7,766704
MSPL,20191217,5.5,5.5,5.2,5.3,6456
MSTCLTD,20191217,146.35,149.05,141,143.25,154128
MTEDUCARE,20191217,15.95,16.2,15,15.85,32046
MTNL,20191217,9.05,9.05,8.85,9.05,717689
MUKANDENGG,20191217,11.8,12.55,11.8,12,2354
MUKANDLTD,20191217,27.8,29.95,26.2,28.25,18172
MUKTAARTS,20191217,36.35,37.6,36.2,37.3,10563
MUNJALAU,20191217,43.15,47.95,43,47.15,480865
MUNJALSHOW,20191217,121.7,123.9,119.95,123,14483
MURUDCERA,20191217,15.35,16.1,15.1,15.5,19472
MUTHOOTCAP,20191217,471.6,492,471.6,490.1,2901
MUTHOOTFIN,20191217,722,722.35,714.4,717.2,611896
N100,20191217,606.3,606.3,593,599.52,17440
NACLIND,20191217,25.95,26.35,25.5,25.65,19595
NAGAFERT,20191217,3.7,3.7,3.5,3.55,45411
NAGREEKCAP,20191217,7.2,7.55,6.9,7.55,2039
NAGREEKEXP,20191217,13.4,13.55,13.3,13.3,409
NAHARCAP,20191217,70.5,71.25,68.25,69.5,702
NAHARINDUS,20191217,20.9,21,19.5,20.8,12224
NAHARPOLY,20191217,31.2,31.6,31,31.2,2807
NAHARSPING,20191217,40.75,41.85,40.15,41.55,4538
NATCOPHARM,20191217,580.55,584.45,577.05,582.55,135607
NATHBIOGEN,20191217,345,363.95,345,358.3,21571
NATIONALUM,20191217,42.5,43.5,42.1,42.5,19295436
NATNLSTEEL,20191217,1.85,1.9,1.85,1.85,15603
NAUKRI,20191217,2640,2678,2583.3,2606.1,259859
NAVINFLUOR,20191217,947.7,949,929.3,945.75,70589
NAVKARCORP,20191217,29.2,31.25,28.8,29.95,160388
NAVNETEDUL,20191217,88.25,89.7,87.2,87.4,598567
NBCC,20191217,34.8,35.9,34.7,35.25,10299860
NBIFIN,20191217,1489.9,1489.9,1473.85,1474.85,34
NBVENTURES,20191217,68.4,69.3,67.6,68.3,51572
NCC,20191217,53,53.9,52.7,53.4,9917874
NCLIND,20191217,84.05,85.7,82.95,83.85,35986
NDGL,20191217,580,598.95,555.1,580.5,62
NDL,20191217,28,28,26.6,27.5,9269
NDTV,20191217,26.8,26.95,26.45,26.45,4069
NECCLTD,20191217,5.3,5.4,5.25,5.35,7246
NECLIFE,20191217,12.7,13.95,12.45,13.55,548557
NELCAST,20191217,50.05,54.9,49.1,54.2,375975
NELCO,20191217,228.3,231.7,227.6,228.5,20977
NEOGEN,20191217,358.8,366.9,358,359.25,4051
NESCO,20191217,648,655.5,630,633.75,53984
NESTLEIND,20191217,14214.9,14247.1,14081,14149.15,81425
NETF,20191217,123.36,123.36,123.36,123.36,815
NETFCONSUM,20191217,53.05,53.05,51.9,52.2,667
NETFDIVOPP,20191217,29.07,29.07,29.07,29.07,32
NETFLTGILT,20191217,19.9,19.98,19.89,19.89,109979
NETFMID150,20191217,62.4,62.64,62.32,62.63,53409
NETFNIF100,20191217,125,126.19,125,126,14
NETFNV20,20191217,578,583.49,578,582.93,70
NETWORK18,20191217,25.8,27.25,25.8,26.85,133355
NEULANDLAB,20191217,400,403,388.2,391.55,13692
NEWGEN,20191217,192,194.85,190.25,194.15,5550
NEXTMEDIA,20191217,9.45,9.45,9,9.15,8628
NFL,20191217,25.45,25.9,25.1,25.6,147205
NH,20191217,308.55,311.7,305,306.4,591186
NHPC,20191217,24,24.05,23.85,24,937698
NIACL,20191217,135.15,136.5,132.75,133.65,225550
NIBL,20191217,6.85,7.15,6.55,6.95,610
NIFTYBEES,20191217,1282.95,1288,1275.05,1286.16,46108
NIFTYEES,20191217,15150,15150,15150,15150,1
NIITLTD,20191217,99.4,103.8,97.5,100.8,1987081
NIITTECH,20191217,1503,1643.3,1492.05,1604.95,4180592
NILAINFRA,20191217,4.45,4.55,4.35,4.4,74517
NILASPACES,20191217,1.3,1.3,1.2,1.3,45481
NILKAMAL,20191217,1267,1284.9,1265.05,1272.85,3369
NIPPOBATRY,20191217,481.1,484,465.05,470.65,2421
NITCO,20191217,27.3,28.7,27,28.7,36998
NITINSPIN,20191217,50.85,50.85,48.35,49.35,19490
NLCINDIA,20191217,54.15,54.45,54,54.25,86487
NMDC,20191217,114.8,117.7,114.3,117.2,4119980
NOCIL,20191217,97.2,101.6,96.85,100.3,668895
NOIDATOLL,20191217,3.05,3.05,2.95,3,108873
NORBTEAEXP,20191217,3.75,3.75,3.75,3.75,500
NPBET,20191217,179.16,180.29,179.16,179.98,922
NRAIL,20191217,214,224,213,217.05,46894
NRBBEARING,20191217,95.9,96.9,94.4,96.1,18395
NSIL,20191217,750,755.05,720,749.75,22768
NTL,20191217,0.45,0.55,0.45,0.5,524740
NTPC,20191217,114.95,115.95,113.6,115.55,6241009
NUCLEUS,20191217,289.9,289.9,285,286.1,8641
NXTDIGITAL,20191217,374.55,385,374.55,377.85,729
OAL,20191217,179,180,175.05,177.8,1922
OBEROIRLTY,20191217,524.4,527.85,512,514.35,498793
OCCL,20191217,989.2,993.2,980,980.6,2592
OFSS,20191217,2905,2980,2892.05,2950.85,9281
OIL,20191217,153.4,153.8,149.65,151.75,670958
OILCOUNTUB,20191217,5.75,6.05,5.6,5.8,25497
OISL,20191217,3.1,3.3,3.05,3.05,45072
OLECTRA,20191217,178.05,183.65,178,182,58643
OMAXAUTO,20191217,43.05,46.85,42.7,45.45,26635
OMAXE,20191217,154,156.75,145,154.5,356387
OMKARCHEM,20191217,3.35,3.55,3.25,3.55,13967
OMMETALS,20191217,21.9,22.85,21.9,22.5,8424
ONELIFECAP,20191217,5.7,6,5.7,5.8,3988
ONEPOINT,20191217,12.75,13.3,12.7,13.3,52445
ONGC,20191217,125.15,126,124.3,125.3,8062616
ONMOBILE,20191217,33.5,33.8,32.55,32.7,146591
ONWARDTEC,20191217,65.15,67.2,64.7,65.9,3831
OPTIEMUS,20191217,27.25,27.7,27,27.6,2376
OPTOCIRCUI,20191217,3,3.05,2.9,3.05,265458
ORBTEXP,20191217,89,89,86,86.9,921
ORICONENT,20191217,17.4,17.8,16.9,17.45,97428
ORIENTABRA,20191217,16.3,16.55,15.5,15.85,50983
ORIENTALTL,20191217,10.05,10.5,9.85,10.2,12263
ORIENTBANK,20191217,55.2,55.5,53.2,53.95,777018
ORIENTBELL,20191217,134.5,134.5,132,132.25,2878
ORIENTCEM,20191217,71.95,76,68.2,73.4,144792
ORIENTELEC,20191217,184.2,189.5,183,185.1,573100
ORIENTHOT,20191217,34.85,35.2,34.5,34.95,22402
ORIENTLTD,20191217,95,98.05,90.65,93.4,661
ORIENTPPR,20191217,26.2,29.7,26.2,28.5,9066314
ORIENTREF,20191217,230,232,228,230.15,25656
ORISSAMINE,20191217,1374.05,1389.45,1305,1320.4,25445
ORTINLABSS,20191217,8.7,9,8.5,8.7,5675
OSWALAGRO,20191217,4.95,5.1,4.8,5,23074
PAEL,20191217,3.3,3.3,3.1,3.1,631
PAGEIND,20191217,22000,22302.45,21950,22205.9,13742
PAISALO,20191217,430.2,440,430.2,438.45,74331
PALASHSECU,20191217,28.8,28.8,24.45,27.5,6532
PALREDTEC,20191217,15.05,15.95,14.65,15.35,1737
PANACEABIO,20191217,112.05,114.75,111.45,112.3,21015
PANAMAPET,20191217,58.65,58.85,58,58.5,38647
PAPERPROD,20191217,257.3,275.8,257.2,266,269129
PARABDRUGS,20191217,3.45,3.45,3.45,3.45,10689
PARACABLES,20191217,8.35,8.6,8.25,8.35,45241
PARAGMILK,20191217,140,141.8,138.1,138.8,65487
PARSVNATH,20191217,1.8,1.9,1.7,1.9,661254
PATELENG,20191217,14,14.3,13.9,14.05,104607
PATINTLOG,20191217,19.35,19.85,19.3,19.3,14544
PATSPINLTD,20191217,4.85,5.65,4.8,5.2,6044
PCJEWELLER,20191217,27,27.2,24.65,25.85,6950555
PDMJEPAPER,20191217,14.75,14.9,14.5,14.9,212729
PDPL,20191217,2.8,2.8,2.8,2.8,3412
PDSMFL,20191217,329.5,329.5,323,324,2320
PEARLPOLY,20191217,14.5,15.2,14.5,15.2,1643
PEL,20191217,1658,1680.9,1653.6,1659.8,1047951
PENIND,20191217,27.55,28.2,27.25,27.55,99522
PENINLAND,20191217,3.9,4,3.9,3.95,117923
PERSISTENT,20191217,666.7,676.35,666.7,673.15,98502
PETRONENGG,20191217,8.05,8.05,8.05,8.05,1000
PETRONET,20191217,274.65,280.3,274.05,278.15,3583308
PFC,20191217,114.1,115.2,113.25,114.75,4153587
PFIZER,20191217,4377.45,4445,4357,4374.75,16612
PFOCUS,20191217,42.85,43.25,42.6,42.65,11891
PFS,20191217,13.25,13.45,13,13.25,350853
PGEL,20191217,39,40.9,38.4,38.7,149995
PGHH,20191217,11360.2,11438,11265.9,11320.35,1049
PGHL,20191217,4026.85,4050,3960,3966.3,23338
PGIL,20191217,160,164.5,156,158.05,3094
PHILIPCARB,20191217,113.2,113.55,110.55,111.05,484804
PHOENIXLTD,20191217,780,780,768,773.25,36298
PIDILITIND,20191217,1320.9,1331.15,1308,1327.55,323935
PIIND,20191217,1492.95,1506,1481,1498.2,153818
PILANIINVS,20191217,1777,1777,1700,1715.85,3156
PILITA,20191217,5.85,5.95,5.8,5.9,27789
PIONDIST,20191217,121.1,121.6,118.7,119,4118
PIONEEREMB,20191217,27.25,32.6,27,29.8,196273
PITTIENG,20191217,42.25,43.6,41.5,42.55,16450
PKTEA,20191217,133,139.5,133,136.45,140
PLASTIBLEN,20191217,176.2,176.2,171.65,172.95,1586
PNB,20191217,63.8,65.65,63.75,64.7,18888141
PNBGILTS,20191217,27.75,28,27.65,27.8,69140
PNBHOUSING,20191217,442.9,449,435.15,445.95,661332
PNC,20191217,13.95,14.2,13.9,14.2,59
PNCINFRA,20191217,194.05,199.4,192.5,197.05,154898
PODDARHOUS,20191217,314.1,322,305,310.2,431
PODDARMENT,20191217,164.95,165.5,161,162.8,1903
POKARNA,20191217,97.95,102,95.25,96.35,19337
POLYCAB,20191217,968,989.8,966.75,975.15,164962
POLYMED,20191217,206.1,210.2,204.4,205.55,21815
POLYPLEX,20191217,497,499.9,490,495.45,23443
PONNIERODE,20191217,147.7,154,140,148.9,2724
POWERGRID,20191217,187.35,188.85,185.6,188.05,10070797
POWERMECH,20191217,625,637,610.1,621.35,29238
PPAP,20191217,169.5,172,167.5,168.05,6040
PPL,20191217,66.9,67.9,65.5,67.5,5214
PRABHAT,20191217,87.2,88,86.9,87.45,16913
PRADIP,20191217,0.6,0.6,0.6,0.6,620
PRAENG,20191217,6.05,6.15,6,6.05,2518
PRAJIND,20191217,101.15,102.35,101.15,101.85,368466
PRAKASH,20191217,41.9,43.15,41.55,42.55,362931
PRAKASHSTL,20191217,0.2,0.25,0.2,0.25,1050
PRAXIS,20191217,58,61.75,57.5,59.35,6577
PRECAM,20191217,38.25,38.6,37,37.7,7311
PRECOT,20191217,25.4,25.4,24.7,25.2,161
PRECWIRE,20191217,146.35,146.35,139,140.5,18800
PREMEXPLN,20191217,143.1,143.75,140,142.6,3516
PREMIER,20191217,2.7,2.7,2.7,2.7,206
PREMIERPOL,20191217,20.85,20.85,18.05,18.9,1250
PRESSMN,20191217,20.2,20.35,19.7,19.9,6699
PRESTIGE,20191217,316.9,337.5,316,328.05,808716
PRICOLLTD,20191217,43.5,48,40.75,47.2,434974
PRIMESECU,20191217,42,42.85,41.05,41.5,10704
PROSEED,20191217,0.3,0.35,0.25,0.3,74223
PROZONINTU,20191217,18.3,19,17.7,18.95,33813
PRSMJOHNSN,20191217,62.75,63,60.95,61.1,181327
PSB,20191217,19.2,19.55,19.05,19.15,33000
PSL,20191217,0.55,0.55,0.55,0.55,4989
PSPPROJECT,20191217,508.25,509,504.5,505.7,7326
PSUBNKBEES,20191217,280,284.98,280,281.43,2587
PTC,20191217,53.1,54.6,53.1,54.3,581672
PTL,20191217,36.7,36.7,36,36.05,11900
PUNJABCHEM,20191217,467.9,488,464.15,474.1,4185
PURVA,20191217,57.5,57.95,56.4,56.65,50183
PVR,20191217,1758.65,1800.45,1750,1793.6,329346
QGOLDHALF,20191217,1666,1667,1665,1666.35,202
QNIFTY,20191217,1240.5,1244.5,1237.5,1242,46
QUESS,20191217,482.55,500,480.75,493.05,148416
QUICKHEAL,20191217,125.7,129.2,125.5,126.4,143049
RADAAN,20191217,1.05,1.05,1.05,1.05,4533
RADICO,20191217,301.95,303,297.55,298.25,145455
RADIOCITY,20191217,29,29,28.25,28.6,25341
RAIN,20191217,94.8,96.8,94.65,95.5,341934
RAJESHEXPO,20191217,686.2,696.55,684.5,691.15,277304
RAJSREESUG,20191217,16.9,17.5,16.7,17,6653
RAJTV,20191217,42,42.75,40.55,41.95,2932
RALLIS,20191217,168.8,172.3,166.6,167.3,93974
RAMANEWS,20191217,13.6,15.1,13.6,14.2,112607
RAMASTEEL,20191217,35.1,37.45,35.1,36.65,1524
RAMCOCEM,20191217,769.1,776.9,767,771.5,221773
RAMCOIND,20191217,183.05,185.45,180.8,181.6,11172
RAMCOSYS,20191217,141.45,145.75,139.5,143.65,50268
RAMKY,20191217,31.35,32.2,30.4,31.1,69795
RANASUG,20191217,3.05,3.05,2.9,3.05,37459
RANEENGINE,20191217,206,207.75,201.5,203.55,435
RANEHOLDIN,20191217,684,701.6,684,693.1,583
RATNAMANI,20191217,1004.75,1014.2,992.35,997.6,30350
RAYMOND,20191217,684.8,689,676.2,679.15,432243
RBL,20191217,477.9,485,476.35,481.95,4047
RBLBANK,20191217,336.7,342.8,336.25,340.65,10547010
RCF,20191217,45.3,46.1,45.2,45.9,583542
RCOM,20191217,0.8,0.9,0.8,0.9,21427014
RECLTD,20191217,136.2,138.5,135.05,138,2909019
REDINGTON,20191217,113.35,118,112.05,116.95,284120
REFEX,20191217,59,59,56.65,57.1,56531
RELAXO,20191217,608.1,612.45,606,607.6,142420
RELCAPITAL,20191217,11.9,11.9,11.7,11.9,3609901
RELIANCE,20191217,1566.75,1579,1555.55,1562.7,9291724
RELIGARE,20191217,43,43.85,42.2,43.85,681479
RELINFRA,20191217,23.3,23.3,22.2,23.3,4539517
REMSONSIND,20191217,73.5,73.5,70.1,71.15,2455
RENUKA,20191217,7.85,7.95,7.7,7.75,629927
REPCOHOME,20191217,325,341,313.9,322.1,392651
REPRO,20191217,669,669,653.65,655.25,1545
RESPONIND,20191217,90,90.95,88.35,89.05,80543
REVATHI,20191217,346,353,333.6,341.9,582
RGL,20191217,311,325,311,323.55,18319
RHFL,20191217,2.65,2.8,2.6,2.75,6799824
RICOAUTO,20191217,46.25,49.15,45.2,48.6,967073
RIIL,20191217,290.9,310.35,289.4,302.7,884693
RITES,20191217,275.4,280.7,274.25,279,351399
RKDL,20191217,5.6,5.95,5.3,5.9,15531
RKFORGE,20191217,323,332,322.4,328.85,3269
RMCL,20191217,3.95,3.95,3.95,3.95,5065
RML,20191217,230.65,238,230.6,233.4,3581
RNAM,20191217,344,346.8,340,343.4,817093
RNAVAL,20191217,5.65,5.65,5.65,5.65,96647
ROHLTD,20191217,67.1,74.15,67.1,73.2,138696
ROLLT,20191217,1.5,1.7,1.45,1.5,77219
ROLTA,20191217,4.35,4.5,4.3,4.35,145086
ROSSELLIND,20191217,81.9,83.95,80,81.05,3978
RPGLIFE,20191217,296.75,308.35,296.15,300.3,50452
RPOWER,20191217,3.5,3.55,3.45,3.55,13615685
RPPINFRA,20191217,75.55,75.55,71,71.65,2988
RSSOFTWARE,20191217,17.55,18.7,17.35,18.6,14540
RSWM,20191217,86.7,95.4,84.65,92.25,26027
RSYSTEMS,20191217,61.1,69.75,61.1,67,239797
RTNINFRA,20191217,1.85,1.85,1.75,1.85,77249
RTNPOWER,20191217,2,2.1,1.95,2,667620
RUBYMILLS,20191217,185.4,199,180.6,185.65,14633
RUCHINFRA,20191217,2.1,2.25,2.1,2.15,33562
RUCHIRA,20191217,79.9,83.9,79.7,82.4,425251
RUPA,20191217,185.05,189.25,185.05,186.05,14617
RUSHIL,20191217,122.65,126,121.3,121.75,3871
RVNL,20191217,23.35,23.4,23.2,23.25,3363010
SABTN,20191217,1.45,1.5,1.4,1.45,7258
SADBHAV,20191217,118.9,119.85,117.75,118.35,48629
SADBHIN,20191217,40.15,40.15,38.5,39.9,39255
SAFARI,20191217,639,656.2,622.85,638.55,11659
SAGARDEEP,20191217,83.95,84,76.95,80.15,4529
SAGCEM,20191217,495,499.7,491.3,494.5,1039
SAIL,20191217,39.6,41.5,39.35,40.85,42359512
SAKAR,20191217,59.25,61,59.25,59.75,9509
SAKHTISUG,20191217,8.7,8.8,8.55,8.6,13413
SAKSOFT,20191217,200.7,206.95,200.7,203,1571
SAKUMA,20191217,7.1,7.3,6.8,7.15,235221
SALASAR,20191217,101,104,101,101.9,5569
SALONA,20191217,68.45,68.45,62.35,65.6,186
SALSTEEL,20191217,2.5,2.6,2.45,2.6,7986
SALZERELEC,20191217,103.35,105,102,102.35,6090
SAMBHAAV,20191217,2.85,2.9,2.8,2.8,15998
SANCO,20191217,12.9,14.2,11.5,13.6,196670
SANDESH,20191217,555,569.85,550.05,565,466
SANDHAR,20191217,244.75,244.75,236,240.05,3784
SANGAMIND,20191217,59.45,61.45,58.4,58.7,2729
SANGHIIND,20191217,36.45,36.45,35.4,35.65,28532
SANGHVIFOR,20191217,25.85,26.75,24.65,25.15,3069
SANGHVIMOV,20191217,75.05,77,74.85,76.6,4995
SANGINITA,20191217,153.5,154.9,151.9,153.05,23962
SANOFI,20191217,6921,6984.95,6835.1,6870.35,3686
SANWARIA,20191217,1.8,1.85,1.75,1.8,1314965
SARDAEN,20191217,175.8,186,175.15,182.15,45306
SAREGAMA,20191217,432.15,432.2,422,423.95,3221
SARLAPOLY,20191217,19.45,19.8,18.15,19.15,211747
SASKEN,20191217,605.35,605.4,590.9,594.7,2389
SASTASUNDR,20191217,64,71.4,64,68.9,1888
SATHAISPAT,20191217,1.6,1.6,1.6,1.6,500000
SATIA,20191217,84.5,94.85,81,90.55,186651
SATIN,20191217,207.7,209,206,207.7,24961
SBIETFQLTY,20191217,95.75,99,95.75,98,1652
SBILIFE,20191217,975,978.45,968,972.55,822269
SBIN,20191217,333.25,335.75,330.65,332.9,26734601
SCAPDVR,20191217,0.2,0.25,0.2,0.25,647286
SCHAEFFLER,20191217,4426.9,4495,4360,4449.85,6684
SCHAND,20191217,85.15,91.5,85.15,89.1,5074
SCHNEIDER,20191217,63.7,63.7,61.3,61.75,25452
SCI,20191217,61.85,65.15,61.5,63.85,4334777
SDBL,20191217,109.5,110.8,107,108.7,11437
SEAMECLTD,20191217,463.85,492,460,489.95,4061
SELAN,20191217,135.7,138.85,135.65,138,6735
SELMCL,20191217,0.85,0.85,0.8,0.85,35123
SEPOWER,20191217,2.55,3,2.55,2.75,790
SEQUENT,20191217,68,71.2,67.5,70.55,506253
SESHAPAPER,20191217,170.25,182.9,170.25,173.3,194226
SETCO,20191217,13.1,13.75,13.1,13.55,76386
SETFGOLD,20191217,3424.95,3424.95,3401.1,3415.55,2670
SETFNIF50,20191217,126.7,128.5,123.9,125.06,68637
SETFNIFBK,20191217,324.5,325,322,324.4,10385
SETFNN50,20191217,294,308.1,286,289.06,2461
SETUINFRA,20191217,1,1.05,0.95,1,147730
SEYAIND,20191217,93.05,93.05,93.05,93.05,123302
SFL,20191217,1283.1,1283.1,1266.05,1276.2,2303
SGL,20191217,5.7,5.9,5.5,5.65,16281
SHAHALLOYS,20191217,7.8,8.7,7.75,8.25,2480
SHAKTIPUMP,20191217,200.9,203.5,199,200.9,14417
SHALBY,20191217,95.9,97,94,96.35,37485
SHALPAINTS,20191217,80.6,81.9,79,79.8,34147
SHANKARA,20191217,293,297,288.6,292.3,16849
SHANTIGEAR,20191217,99.05,99.8,98.1,99.25,3326
SHARDACROP,20191217,213.25,214,210,212,7113
SHARDAMOTR,20191217,948.75,972,941.3,968.85,3327
SHEMAROO,20191217,140.55,144.35,136.3,140.9,12316
SHILPAMED,20191217,292.7,298.35,291,291.95,3237
SHIRPUR-G,20191217,6.75,6.9,6.35,6.7,6611
SHIVAMAUTO,20191217,22.2,23.5,21.65,23.1,99162
SHIVAMILLS,20191217,29.1,30.45,29,30.45,481
SHIVATEX,20191217,90.8,90.8,87,88.25,313
SHK,20191217,104.5,106.75,103.6,105.3,15505
SHOPERSTOP,20191217,348.05,354.95,348.05,354.15,7279
SHREDIGCEM,20191217,23.5,23.95,23.15,23.65,202194
SHREECEM,20191217,20390,20720,20220.75,20595.85,21035
SHREEPUSHK,20191217,89.3,91.05,87.9,89.45,12290
SHREERAMA,20191217,4.35,4.6,4.35,4.55,15796
SHRENIK,20191217,35.05,39.9,35.05,37.65,202781
SHREYANIND,20191217,114.5,119,112.7,113.75,73428
SHREYAS,20191217,75,75,71,74.35,4105
SHRIPISTON,20191217,690.1,705,690.1,690.8,210
SHRIRAMCIT,20191217,1400.55,1409.9,1398.8,1401.95,1781
SHRIRAMEPC,20191217,5.1,5.1,4.85,4.85,235431
SHYAMCENT,20191217,2.65,3,2.65,2.75,5679
SICAGEN,20191217,15.5,16.1,14.95,15.05,15976
SICAL,20191217,19.4,19.65,19.2,19.65,78076
SIEMENS,20191217,1496.1,1504.8,1480.3,1495.05,391336
SIGIND,20191217,19.4,19.4,18.45,18.7,7743
SIL,20191217,11,11,10.5,11,951
SILINV,20191217,138,143.05,137.1,138.6,3017
SIMBHALS,20191217,5.9,6.2,5.9,6.1,2209
SIMPLEXINF,20191217,31.55,31.55,30,30,224664
SINTEX,20191217,1.3,1.3,1.3,1.3,222711
SIRCA,20191217,243,243.5,241.75,241.75,2746
SIS,20191217,901,924.55,901,919.35,4105
SITINET,20191217,1.9,2,1.9,1.95,21487
SIYSIL,20191217,226.85,228.5,222.95,225.5,7602
SJVN,20191217,24.8,25,24.7,24.95,1007403
SKFINDIA,20191217,2117.7,2152,2117.7,2130.3,2187
SKIL,20191217,4.4,4.4,4.4,4.4,246
SKIPPER,20191217,52,52.45,50.55,51.3,14910
SKMEGGPROD,20191217,37.4,38.4,37.25,37.95,10900
SMARTLINK,20191217,76.5,79.65,76.2,77.95,13684
SMLISUZU,20191217,545.95,559.45,544.1,546.25,8116
SMSLIFE,20191217,274.9,283.9,265.55,269.95,3440
SMSPHARMA,20191217,39.4,40.3,39.25,39.7,11976
SNOWMAN,20191217,38.15,38.6,37.55,37.75,183366
SOBHA,20191217,395.05,402,393.55,397.1,111670
SOLARA,20191217,421.85,427.3,421.4,424.3,3517
SOLARINDS,20191217,1038.6,1057.95,1030,1050.05,8753
SOMANYCERA,20191217,220.05,220.05,213.5,214.65,76898
SOMATEX,20191217,3.3,3.3,3,3.2,390
SOMICONVEY,20191217,11.8,13.1,11.8,12.65,4890
SONATSOFTW,20191217,300,304.7,299.65,301.75,26211
SORILINFRA,20191217,111,113,106.2,107.95,52469
SOTL,20191217,850,851.95,830,836.6,1206
SOUTHBANK,20191217,10.55,10.6,10.45,10.45,2326165
SOUTHWEST,20191217,18.25,18.25,18.2,18.2,10420
SPAL,20191217,205.05,212,203.8,208.4,7413
SPANDANA,20191217,1216,1218,1189.55,1201.3,20078
SPARC,20191217,164.35,165.3,163,163.95,313784
SPCENET,20191217,1.05,1.05,1,1,11788
SPECIALITY,20191217,61.9,62.95,61.3,62.1,23188
SPENCERS,20191217,62.2,63.6,61.8,62.2,195631
SPENTEX,20191217,0.3,0.3,0.25,0.3,115104
SPIC,20191217,17.85,18.3,17.8,18.1,13224
SPICEJET,20191217,102.75,104.1,101.5,102.05,690026
SPLIL,20191217,32.25,38.5,32,34.85,281518
SPMLINFRA,20191217,14.8,15.1,14.15,14.45,21339
SPTL,20191217,1.5,1.5,1.5,1.5,422828
SPYL,20191217,0.4,0.4,0.35,0.4,131074
SREEL,20191217,168.5,173,168,168.8,2037
SREINFRA,20191217,8.5,8.55,8.1,8.1,600764
SRF,20191217,3269.5,3285,3225.2,3240.3,114897
SRHHYPOLTD,20191217,95.2,97.5,94.5,97,3284
SRIPIPES,20191217,157.55,161.25,156,160.2,41803
SRTRANSFIN,20191217,1083.95,1109,1068,1092.85,1563187
SSWL,20191217,761.35,779.25,756.25,764,6075
STAMPEDE,20191217,0.4,0.4,0.35,0.4,35792
STAR,20191217,373.8,376,371.8,374.05,147409
STARCEMENT,20191217,90.95,90.95,87.05,88.25,23962
STARPAPER,20191217,115,119.8,115,119.8,1481453
STCINDIA,20191217,49,49.5,48.1,48.7,31910
STEELCITY,20191217,29.95,29.95,28.95,29,1073
STEELXIND,20191217,17.45,18.5,17,17.55,3144
STEL,20191217,59,61.65,59,61.65,3632
STERTOOLS,20191217,181.9,181.9,173.25,175.05,1654
STINDIA,20191217,5.3,5.3,4.8,5.3,1110
STRTECH,20191217,114.9,117.2,112.55,113.75,1337610
SUBEX,20191217,5.7,5.75,5.6,5.6,717159
SUBROS,20191217,235.6,237.65,231.65,236.95,18006
SUDARSCHEM,20191217,398.3,400.95,394.25,395.6,25831
SUMEETINDS,20191217,1.75,1.75,1.7,1.75,47798
SUMIT,20191217,20,20,19.6,19.75,271
SUMMITSEC,20191217,421.55,427.5,421,423,681
SUNCLAYLTD,20191217,2097.45,2107,2086.45,2098.3,438
SUNDARAM,20191217,1.25,1.25,1.2,1.25,185890
SUNDARMFIN,20191217,1652,1699,1649,1679.75,38694
SUNDARMHLD,20191217,64.2,66.2,64.2,65.2,15754
SUNDRMBRAK,20191217,226.4,231.9,222.25,226.1,3229
SUNDRMFAST,20191217,434,441.65,430,433.2,104260
SUNFLAG,20191217,28.85,30.3,28.4,29.6,153932
SUNPHARMA,20191217,434,437.5,426.25,429.05,6407264
SUNTECK,20191217,405.35,411.9,395.2,403.55,139809
SUNTV,20191217,454.05,464.55,453.7,456.95,1757854
SUPERHOUSE,20191217,87.5,100.9,83.55,97.55,149411
SUPERSPIN,20191217,3.85,3.85,3.6,3.85,6465
SUPPETRO,20191217,144.9,146.75,144.5,146.45,4155
SUPRAJIT,20191217,173,175.2,171.2,172.85,52292
SUPREMEIND,20191217,1122,1133.7,1121.9,1130.65,21239
SUPREMEINF,20191217,6.3,6.85,6.25,6.85,16458
SURANASOL,20191217,5.65,5.9,5.6,5.8,1699
SURANAT&P,20191217,3.45,3.45,3.4,3.45,9005
SURYALAXMI,20191217,18.2,18.2,17.4,17.65,20402
SURYAROSNI,20191217,158,158.5,155.1,155.65,36813
SUTLEJTEX,20191217,30.95,31.05,30.3,30.5,6570
SUVEN,20191217,287.4,293,283.55,290.7,330380
SUZLON,20191217,1.95,2.05,1.9,2,24966605
SWANENERGY,20191217,101.7,103.45,101.5,103.05,85660
SWARAJENG,20191217,1060.05,1080,1051.7,1072.35,1561
SWELECTES,20191217,102.9,120.55,100.4,110,43407
SWSOLAR,20191217,300,313.35,297.6,312.35,320644
SYMPHONY,20191217,1139,1158,1138,1149.45,16704
SYNCOM,20191217,0.85,0.95,0.85,0.9,18068
SYNDIBANK,20191217,28.65,29.05,28.1,28.55,967488
SYNGENE,20191217,298,308,291,299.9,778329
TAINWALCHM,20191217,49.2,51.1,49.15,49.15,375
TAJGVK,20191217,162.25,165.95,161.05,164.35,57530
TAKE,20191217,95.35,95.35,93.2,94,57279
TALBROAUTO,20191217,112.2,114.55,111.15,112.4,6373
TALWALKARS,20191217,3.45,3.45,3.15,3.15,36491
TALWGYM,20191217,3,3,2.9,3,18316
TANLA,20191217,66,66.55,63.1,63.9,137283
TANTIACONS,20191217,1.5,1.5,1.5,1.5,2
TARAPUR,20191217,3.4,3.65,3.35,3.65,1362
TARMAT,20191217,25.45,25.45,24.4,25.1,369
TASTYBITE,20191217,8370,8669.9,8305,8369.2,611
TATACHEM,20191217,656.95,663.05,653.45,654.7,445629
TATACOFFEE,20191217,94,97.5,93.45,95.2,952712
TATACOMM,20191217,384.9,390,380,387.75,44574
TATAELXSI,20191217,855.75,870.2,853.55,856.15,996252
TATAGLOBAL,20191217,323.8,329.9,322.55,325.15,2918086
TATAINVEST,20191217,811.6,814,807.85,813.15,5066
TATAMETALI,20191217,581,598,579.65,590.9,36210
TATAMOTORS,20191217,176,181.15,175.35,180.2,38213263
TATAMTRDVR,20191217,73.2,75.8,72.75,75.5,5794306
TATAPOWER,20191217,55,56.2,54.65,56.05,7255855
TATASTEEL,20191217,423.6,441.9,423.05,439.4,30757738
TATASTLBSL,20191217,26.5,27.85,26.5,27.75,1373218
TATASTLLP,20191217,369,391.2,369,383.8,101634
TBZ,20191217,37.3,38.7,36.8,37.55,65917
TCI,20191217,270.05,280,269,277.7,25145
TCIDEVELOP,20191217,331.5,384.5,331.5,368.25,8037
TCIEXP,20191217,800,806.3,792,803.15,10502
TCIFINANCE,20191217,10.5,10.5,10.2,10.5,54045
TCNSBRANDS,20191217,637.1,640,630,633.5,1408
TCPLPACK,20191217,258,263.95,256.35,259.95,3288
TCS,20191217,2126.5,2169,2119,2164.95,6059673
TDPOWERSYS,20191217,136.15,137.95,135,135.5,8898
TEAMLEASE,20191217,2415.05,2490,2407.55,2475.95,6002
TECHIN,20191217,2.75,2.75,2.7,2.7,2
TECHM,20191217,775.55,782,772.6,777.35,2421510
TECHNOE,20191217,275.45,276.8,272.95,273.1,472
TECHNOFAB,20191217,14.55,14.9,13.85,14.1,8701
TEJASNET,20191217,81.8,81.85,79.95,80.35,36357
TERASOFT,20191217,24.5,24.5,22.3,24.3,8511
TEXINFRA,20191217,43.55,44,43.25,43.4,27801
TEXMOPIPES,20191217,14.05,14.4,13.9,14.25,26838
TEXRAIL,20191217,32.8,33.7,29.4,30.8,881657
TFCILTD,20191217,77.9,78,75.2,75.85,78060
TFL,20191217,5.85,6.2,5.85,6,142759
TGBHOTELS,20191217,4.85,5.05,4.65,4.7,15770
THANGAMAYL,20191217,326.55,340,326.55,333.8,7269
THEINVEST,20191217,125,125,112.1,118.65,1263
THEMISMED,20191217,268.5,268.5,257.25,264.6,1828
THERMAX,20191217,1009.8,1038,1008.55,1035.15,29116
THOMASCOOK,20191217,66.15,68.75,64.2,67.9,64299
THOMASCOTT,20191217,4.25,4.25,4.2,4.2,25
THYROCARE,20191217,539,548.25,535,543.4,31434
TI,20191217,14.6,15.5,14.6,14.6,41182
TIDEWATER,20191217,4470.05,4528,4461.8,4509.6,686
TIIL,20191217,291.9,302.9,291.9,301.85,1953
TIINDIA,20191217,476.25,484,473.75,478.4,28917
TIJARIA,20191217,7,7.35,7,7.15,3486
TIL,20191217,169,172.6,168.65,169.5,2496
TIMESGTY,20191217,29.25,32.8,28.5,31.65,23012
TIMETECHNO,20191217,47.9,53.75,47.75,52.6,1163245
TIMKEN,20191217,864.9,901.95,853,898.85,83303
TINPLATE,20191217,140.45,144.75,140.1,142.9,971034
TIPSINDLTD,20191217,75.05,77,75.05,76.05,5715
TIRUMALCHM,20191217,60.65,62.3,60.45,60.85,174527
TITAN,20191217,1171,1171,1152,1157.35,1706196
TMRVL,20191217,12.45,12.6,11.9,12.25,22548
TNPETRO,20191217,34.4,34.5,33.65,34.05,46269
TNPL,20191217,177.9,179.4,171.3,172.45,256380
TNTELE,20191217,1.1,1.1,1,1,6016
TOKYOPLAST,20191217,71.55,71.7,70,70.85,3598
TORNTPHARM,20191217,1865.05,1870,1831.15,1834.3,177158
TORNTPOWER,20191217,272.25,276,270.1,273.05,648471
TPLPLASTEH,20191217,116.55,116.9,113.4,113.75,2280
TREEHOUSE,20191217,5.3,5.3,4.8,5,20954
TREJHARA,20191217,12.75,15.15,12.75,14.8,2609
TRENT,20191217,514,526.5,501.95,516.3,390685
TRF,20191217,106.15,123.6,104.15,121.75,1978449
TRIDENT,20191217,8.3,8.3,6.9,7.2,27660487
TRIGYN,20191217,42.75,43.9,42.7,42.95,42262
TRIL,20191217,6.55,6.7,6.55,6.55,31634
TRITURBINE,20191217,91.05,95.8,90.5,95.05,89866
TRIVENI,20191217,64.5,64.7,63.3,63.6,246861
TTKHLTCARE,20191217,486.95,486.95,472.35,481.3,320
TTKPRESTIG,20191217,5810.05,5842.25,5662.05,5753.9,9313
TTL,20191217,40.05,40.05,38.7,39.95,717
TTML,20191217,2.35,2.5,2.35,2.45,659604
TV18BRDCST,20191217,21.7,22.6,21.35,22.15,1408431
TVSELECT,20191217,104.4,104.4,101.35,102.25,52836
TVSMOTOR,20191217,449,456.9,447.5,451.4,1259701
TVSSRICHAK,20191217,1606.85,1658,1588.8,1635.2,2043
TVTODAY,20191217,248.95,248.95,245.75,247.8,7804
TVVISION,20191217,1.15,1.15,1.05,1.05,5651
TWL,20191217,45.55,47.4,45.4,46.1,469891
UBL,20191217,1210.1,1221.65,1204.05,1209.75,292306
UCALFUEL,20191217,123.05,125,122,122.9,9787
UCOBANK,20191217,16.95,16.95,16.45,16.65,975482
UFLEX,20191217,195,196.5,192.95,193.95,26023
UFO,20191217,123.05,126,121.1,121.9,6906
UGARSUGAR,20191217,13.2,13.3,12.6,12.7,336886
UJAAS,20191217,3.15,3.15,3,3.05,103402
UJJIVAN,20191217,330.05,331.35,324.2,328.95,2789640
UJJIVANSFB,20191217,60.35,61.1,57.5,58.65,59177594
ULTRACEMCO,20191217,4062.2,4145,4053.85,4119.55,447766
UMANGDAIRY,20191217,34.55,34.9,33.5,34.6,1000
UMESLTD,20191217,0.95,1,0.9,0.95,3701
UNICHEMLAB,20191217,165.45,165.45,162.4,163.65,14019
UNIENTER,20191217,60.25,62.6,60.25,61.4,1376
UNIONBANK,20191217,58.6,59.2,57.8,58.25,11766184
UNIPLY,20191217,13.2,13.85,13.2,13.2,768307
UNITECH,20191217,0.75,0.85,0.75,0.85,5299799
UNITEDBNK,20191217,9,9,8.8,8.85,167812
UNITEDTEA,20191217,291.95,339,286,305.7,3292
UNIVCABLES,20191217,154.45,157.5,152,155.3,9103
UPL,20191217,564.05,568.2,556,564.1,1794161
URJA,20191217,2.05,2.05,2.05,2.05,357342
USHAMART,20191217,28.2,28.2,27.55,27.6,239172
UTINEXT50,20191217,289,289.49,286.25,287,331
UTINIFTETF,20191217,1288.64,1289.2,1280.1,1283.6,1260
UTISENSETF,20191217,434.98,438,431.3,437.55,1599
UTISXN50,20191217,318.37,319.5,318.37,319.49,3
UTTAMSTL,20191217,9.3,9.3,9.2,9.3,68401
UTTAMSUGAR,20191217,97.5,99.3,96.85,97.6,73829
UVSL,20191217,0.1,0.15,0.1,0.15,14399493
V2RETAIL,20191217,96.9,102.15,96.1,100.05,111638
VADILALIND,20191217,706.6,741,703.9,733.35,29299
VAIBHAVGBL,20191217,785.4,799.9,756.45,763.45,6018
VAKRANGEE,20191217,43,43,41.55,42.05,3925782
VARDHACRLC,20191217,35.4,35.4,34.95,35.15,6975
VARDMNPOLY,20191217,2.55,2.65,2.55,2.65,332
VARROC,20191217,411,415.1,411,412.4,4852
VASCONEQ,20191217,14,15.5,14,15.3,449690
VASWANI,20191217,5.65,5.85,5.65,5.8,54826
VBL,20191217,706,716,705,713.05,306633
VEDL,20191217,148.05,154.25,148,152.35,25796975
VENKEYS,20191217,1718.5,1733,1695.5,1703,63740
VENUSREM,20191217,21.9,22.9,21.9,22.15,8898
VESUVIUS,20191217,1081,1129,1078,1115.5,4584
VETO,20191217,35.3,37.15,35.3,36.05,27186
VGUARD,20191217,218.8,218.85,216,216.6,108333
VHL,20191217,1241.05,1259.95,1210.15,1223.75,705
VICEROY,20191217,1.85,1.9,1.85,1.85,32347
VIDHIING,20191217,58.35,61.5,58.1,60.5,15238
VIJIFIN,20191217,0.45,0.5,0.45,0.45,46370
VIKASECO,20191217,2.85,2.9,2.8,2.9,264217
VIKASMCORP,20191217,3.15,3.25,3.05,3.2,796374
VIKASPROP,20191217,6,6,6,6,7812
VIKASWSP,20191217,9,9.15,8.8,8.9,310103
VIMALOIL,20191217,3.95,3.95,3.95,3.95,240
VIMTALABS,20191217,89,104,89,99.25,400200
VINATIORGA,20191217,1963.85,1994,1955,1980.3,22109
VINDHYATEL,20191217,849,849,812.95,833.5,6538
VINYLINDIA,20191217,61.2,61.4,60.7,61.15,4613
VIPCLOTHNG,20191217,8.15,8.25,7.9,8.1,30546
VIPIND,20191217,429.2,433.3,424,424.7,109284
VIPULLTD,20191217,22.2,22.2,20.8,21.4,63329
VISAKAIND,20191217,224.1,240.9,223.5,238.95,153525
VISASTEEL,20191217,4.75,5.1,4.75,4.8,5785
VISESHINFO,20191217,0.1,0.1,0.05,0.1,4339796
VISHAL,20191217,247,261,247,261,12
VISHNU,20191217,107.9,109.9,105.05,107.05,1438
VISHWARAJ,20191217,93.5,101,92.65,94.85,662867
VIVIDHA,20191217,0.35,0.4,0.35,0.4,168183
VIVIMEDLAB,20191217,12.95,13.7,12.65,13.2,202516
VLSFINANCE,20191217,51.85,52.75,51.3,51.75,8600
VMART,20191217,1675.9,1686.75,1661.45,1674.7,5702
VOLTAMP,20191217,1174.05,1184,1165.1,1171.75,4048
VOLTAS,20191217,681.8,681.8,666.4,669.05,1457025
VRLLOG,20191217,270.1,273.55,266.2,270,77121
VSSL,20191217,64.2,64.45,62.5,63.65,4118
VSTIND,20191217,4179.85,4298,4162.8,4266.85,1852
VSTTILLERS,20191217,1072.5,1094,1052.3,1080.55,3690
VTL,20191217,913.3,913.3,892,901.4,23556
WABAG,20191217,175.75,176.5,172.7,173.6,124230
WABCOINDIA,20191217,6309.95,6390,6270,6378.75,1906
WALCHANNAG,20191217,59.55,62.35,58.65,60.7,491882
WANBURY,20191217,19.2,20.5,19.2,19.7,2756
WATERBASE,20191217,117.5,118.5,114.5,115.25,89096
WEBELSOLAR,20191217,22.25,22.8,22,22.2,19018
WEIZFOREX,20191217,255.4,259.85,250.05,251.9,336
WEIZMANIND,20191217,19.55,20.4,19.55,19.6,2176
WELCORP,20191217,139.5,140,136.55,137.3,233529
WELENT,20191217,75,76,73.65,74.4,150251
WELINV,20191217,165,170.5,160,170.5,188
WELSPUNIND,20191217,49.25,50.2,48.8,49.45,697734
WENDT,20191217,2838,2849,2790.05,2807,81
WESTLIFE,20191217,346.8,351.45,346.2,349.05,56767
WHEELS,20191217,600.1,613.25,592.05,597.25,1694
WHIRLPOOL,20191217,2247,2247,2121.2,2159.5,309964
WILLAMAGOR,20191217,13.7,13.75,12.9,13.5,11160
WINDMACHIN,20191217,19.4,19.5,18.4,18.6,260373
WIPL,20191217,52.65,56,52.6,56,29
WIPRO,20191217,244.25,245.95,243.55,244.75,2211379
WOCKPHARMA,20191217,247.2,247.2,243,244.35,308508
WONDERLA,20191217,242,248,242,243.2,7094
WSTCSTPAPR,20191217,214.9,226.9,214,221.35,1390825
XCHANGING,20191217,54.15,55.55,54,54.15,31975
XELPMOC,20191217,63,64.95,60.2,61.35,2160
XPROINDIA,20191217,20.45,20.85,20.1,20.8,1242
YESBANK,20191217,47.4,48.2,46.85,47.6,130789036
ZEEL,20191217,279.5,286.6,278.25,279.75,15385576
ZEELEARN,20191217,18.5,19.2,18.5,18.8,64648
ZEEMEDIA,20191217,6.7,6.7,6.3,6.5,150043
ZENITHBIR,20191217,0.55,0.6,0.55,0.55,10338
ZENITHEXPO,20191217,51.1,51.1,51.05,51.05,298
ZENSARTECH,20191217,169.25,172.7,168.1,170.85,40174
ZENTEC,20191217,55.4,58,55.4,57.25,31574
ZICOM,20191217,2.2,2.2,2.2,2.2,1134
ZODIACLOTH,20191217,168.9,168.9,160.35,164.1,1050
ZODJRDMKJ,20191217,30.1,31.4,29.95,31.35,484
ZOTA,20191217,190.25,191,187.25,189.15,21290
ZUARI,20191217,88.9,88.9,84.35,85.7,19974
ZUARIGLOB,20191217,43.85,44.65,41.9,43.8,40824
ZYDUSWELL,20191217,1469.9,1469.9,1441.1,1445.5,2681
NSENIFTY,20191217,12082.45,12182.75,12070.35,12165.00,499585789,0
NIFTYJUNIOR,20191217,27977.40,28066.30,27921.00,28031.75,467178928,0
NIFTYMIDCAPLIQ15,20191217,3962.60,3982.15,3943.55,3976.20,47865249,0
NSE100,20191217,12173.40,12266.15,12160.90,12248.95,972559023,0
NIFTY200,20191217,6203.55,6248.20,6197.20,6240.00,1270592895,0
NSE500,20191217,9776.45,9842.90,9766.55,9831.35,1516669810,0
NSEMIDCAP150,20191217,6230.45,6250.30,6216.00,6247.15,307629846,0
MIDCAP50,20191217,4619.00,4645.60,4599.80,4641.90,263902364,0
NSEMIDCAP,20191217,16887.15,16956.00,16840.85,16938.95,298033872,0
NSESMLCAP100,20191217,5666.85,5694.05,5658.35,5690.00,-,0
NIFTYLARGEMIDCAP250,20191217,-,-,-,6005.28,1280188869,0
NIFTYAUTO,20191217,8028.10,8068.10,8013.85,8039.90,68358483,0
BANKNIFTY,20191217,32082.40,32213.35,31987.35,32140.25,259934353,0
NIFTYFINSERVICE,20191217,14441.00,14572.20,14410.45,14554.50,115254783,0
NIFTYFMGC,20191217,30115.65,30334.80,30084.35,30182.05,28731629,0
NSEIT,20191217,15417.55,15670.35,15387.20,15637.15,35675500,0
NIFTYMEDIA,20191217,1756.90,1785.80,1755.25,1772.10,51021862,0
NIFTYMETAL,20191217,2603.90,2677.25,2600.95,2665.75,201488191,0
NIFTYPHARMA,20191217,8037.35,8068.20,7973.70,7999.60,22362391,0
NIFTYPVTBANK,20191217,17708.65,17763.25,17653.25,17732.05,193686480,0
NIFTYPSUBANK,20191217,2565.55,2596.10,2558.95,2567.40,95248798,0
NIFTYREALTY,20191217,289.45,290.65,287.65,288.60,8663003,0
NIFTYCOMMODITIES,20191217,3357.00,3395.90,3346.25,3390.60,253769934,0
NIFTYCONSUMPTION,20191217,4878.10,4900.10,4869.85,4893.95,90349800,0
NIFTYCPSE,20191217,1873.00,1884.15,1861.70,1880.45,43440049,0
NIFTYENERGY,20191217,15964.85,16019.05,15907.20,15975.55,63350906,0
NIFTY100ESG,20191217,-,-,-,2256.43,845531886,0
NIFTY100ENHESG,20191217,-,-,-,2278.04,825322731,0
NIFTYINFRA,20191217,3248.60,3273.50,3239.15,3268.55,135979564,0
NIFTYMNC,20191217,13690.05,13740.95,13668.00,13712.35,364615655,0
NIFTYPSE,20191217,3152.65,3170.05,3134.25,3164.85,139018163,0
NIFTYSMEEMERGE,20191217,-,-,-,1320.52,500650,0
NIFTYSERVSECTOR,20191217,17259.40,17442.60,17221.50,17419.75,351976432,0
NIFTYSHARIAH25,20191217,-,-,-,4276.36,55004125,0
NIFTY50SHARIAH,20191217,-,-,-,2474.05,74546552,0
NIFTY500SHARIAH,20191217,-,-,-,2953.86,214520760,0
NIFTYABGROUP,20191217,-,-,-,3029.71,335773519,0
NIFTYMAHINDRA,20191217,-,-,-,9695.10,11380267,0
NIFTYTATA,20191217,-,-,-,6952.44,101444485,0
NIFTYTATA25CAP,20191217,-,-,-,4865.73,90412880,0
NIFTYABGROUP,20191217,-,-,-,3029.71,335773519,0
NIFTYLIQ15,20191217,3770.55,3792.95,3765.65,3787.95,336700813,0
NIFTY500VALUE50,20191217,-,-,-,3634.73,299785617,0
NIFTYALPHALOWVOL30,20191217,-,-,-,12048.97,118277155,0
NIFTYQUALLOWVOL30,20191217,-,-,-,8416.24,79029723,0
NIFTYALPHAQUALLOWVOL30,20191217,-,-,-,9578.13,88186795,0
NIFTYALPHAQUALVALLOWVOL30,20191217,-,-,-,7219.45,106715207,0
NIFTY50EQUALWEIGHT,20191217,12209.45,12301.90,12192.30,12284.95,499585789,0
NIFTY100EQUALWEIGHT,20191217,13198.65,13274.40,13173.05,13259.15,972559023,0
NIFTY100LOWVOL30,20191217,8807.15,8852.95,8792.30,8842.25,106154374,0
NSEDEFTY,20191217,-,-,-,5938.34,-,0
NIFTY50DIVPOINT,20191217,117.82,117.82,117.82,117.82,-,0
NIFTYDIVOPPS50,20191217,2511.75,2530.10,2507.60,2526.45,217895831,0
NIFTYALPHA50,20191217,12766.15,12814.75,12744.50,12806.60,109486127,0
NIFTY50ARBITRAGE,20191217,-,-,-,1877.13,-,0
NIFTY50FUTINDEX,20191217,-,-,-,4108.65,-,0
NIFTY50FUTTRINDEX,20191217,-,-,-,12290.06,-,0
NIFTYHIGHBETA50,20191217,-,-,-,1375.85,895546587,0
NIFTYLOWVOL50,20191217,-,-,-,10528.41,116331745,0
NIFTY50VALUE20,20191217,5414.95,5458.20,5409.95,5446.30,284102808,0
NIFTYGROWSECT15,20191217,6375.55,6428.40,6371.55,6422.80,70849076,0
NIFTY50TR2XLEV,20191217,6789.20,6901.60,6776.15,6881.75,-,0
NIFTY50PR2XLEV,20191217,5222.80,5309.25,5212.75,5294.00,-,0
NIFTY50TR1XINV,20191217,339.20,339.50,336.35,336.85,-,0
NIFTY50PR1XINV,20191217,386.70,387.05,383.45,384.05,-,0
NIFTY-GS-COMPSITE,20191217,2026.11,2031.23,2025.98,2031.70,-,0
NIFTY-GS-4-8YR,20191217,2121.94,2125.94,2121.94,2125.78,-,0
NIFTY-GS-8-13YR,20191217,1989.39,1994.10,1989.21,1995.64,-,0
NIFTY-GS-10YR,20191217,1831.19,1837.30,1830.30,1837.68,-,0
NIFTY-GS-10YR-CLN,20191217,927.28,930.41,926.82,930.61,-,0
NIFTY-GS-11-15YR,20191217,2105.06,2111.61,2105.06,2114.10,-,0
NIFTY-GS-15YRPLUS,20191217,2276.60,2276.60,2276.60,2283.20,-,0
VIX,20191217,13.42,13.43,11.96,12.52,0,0
