20MICRONS,20200220,33,35.15,32.3,34.45,29579
3IINFOTECH,20200220,2.05,2.25,2,2.15,3208905
3MINDIA,20200220,21920,21986.5,21602.65,21683.4,2057
3PLAND,20200220,5.15,5.15,5.15,5.15,9500
5PAISA,20200220,187.25,189.9,183.5,184.75,4175
63MOONS,20200220,102.15,103.45,100.1,100.8,102902
A2ZINFRA,20200220,4.85,5.55,4.85,5.2,282488
AARTIDRUGS,20200220,645.1,687,645.1,673.2,63213
AARTIIND,20200220,1000.95,1054,998.35,1040.55,550752
AARVEEDEN,20200220,13.1,14,13.05,13.3,4118
AAVAS,20200220,1975,2038,1948.15,1965.85,72593
ABAN,20200220,22.3,22.7,21.8,22.5,40027
ABB,20200220,1213.9,1246.9,1213.35,1230.9,48608
ABBOTINDIA,20200220,15800,15984.15,15400.1,15527.65,10598
ABCAPITAL,20200220,88.85,92.25,88.55,90.1,1899902
ABFRL,20200220,273.25,283.8,271.1,278.25,1166552
ABSLNN50ET,20200220,288.29,292.12,288.29,290.51,131
ACC,20200220,1430,1451.75,1420.25,1423.45,558883
ACCELYA,20200220,1062.05,1080,1062.05,1075,2973
ACE,20200220,76.15,77.8,75.5,75.8,100880
ADANIENT,20200220,253.2,261,252.65,258.65,3108173
ADANIGAS,20200220,164.8,194.5,163,184.85,6391050
ADANIGREEN,20200220,197.85,198.15,193,194.85,911195
ADANIPORTS,20200220,371,374.5,370,370.85,1799254
ADANIPOWER,20200220,58.25,58.9,57.2,57.65,4518689
ADANITRANS,20200220,309,332,307.95,325.3,261547
ADFFOODS,20200220,297.7,304,294.25,300.6,16112
ADHUNIKIND,20200220,37.25,38.35,35.85,37.1,188019
ADLABS,20200220,3.55,3.7,3.45,3.55,37768
ADORWELD,20200220,329.45,329.65,315,321.05,5457
ADROITINFO,20200220,5.75,5.8,5.55,5.8,2580
ADSL,20200220,20.05,21.05,20,20.9,22768
ADVANIHOTR,20200220,56.2,57.7,56.1,57.1,3396
ADVENZYMES,20200220,162.3,164.15,160.1,161.4,42813
AEGISCHEM,20200220,253,258.8,248.75,250.15,207219
AFFLE,20200220,2268.45,2284,2173.55,2201.55,326634
AGARIND,20200220,83.9,83.9,79,80.3,2805
AGCNET,20200220,394.4,394.4,394.4,394.4,9365
AGRITECH,20200220,41.35,44.9,40.55,42.2,9268
AGROPHOS,20200220,11.2,12.3,11.2,12.3,593481
AHLEAST,20200220,184.1,189.05,183.15,186.3,493
AHLUCONT,20200220,326,333.05,322.5,328.1,27834
AHLWEST,20200220,367,376.05,367,370.1,1842
AIAENG,20200220,1828.6,1899,1816.05,1890,27981
AIONJSW,20200220,15.35,15.7,15.1,15.3,109885
AIRAN,20200220,13.25,13.25,11.85,12.15,3209
AJANTPHARM,20200220,1319,1485,1316.95,1445.4,627289
AJMERA,20200220,115,115,111.1,112.2,54265
AKSHARCHEM,20200220,327.9,334.9,289,309.25,47202
AKSHOPTFBR,20200220,6.2,6.3,6.2,6.3,97676
AKZOINDIA,20200220,2465.15,2480.75,2405,2415.75,13216
ALANKIT,20200220,15.6,15.6,14.4,15.2,138620
ALBERTDAVD,20200220,450,461,442,455.15,9666
ALBK,20200220,14.05,14.45,14,14.25,908702
ALCHEM,20200220,1,1,1,1,12866
ALEMBICLTD,20200220,51.8,53.6,51.05,53.1,190125
ALICON,20200220,362.2,378,355.1,358.3,1073
ALKALI,20200220,47.1,47.1,45,45.7,2205
ALKEM,20200220,2628.7,2690,2628.65,2658.7,81789
ALKYLAMINE,20200220,1599.9,1665.95,1589,1635.85,56051
ALLCARGO,20200220,111.1,120.2,110.75,115.65,914704
ALLSEC,20200220,269.7,269.95,260.1,264.7,608
ALMONDZ,20200220,16.3,17.5,16.2,17.05,7010
ALOKINDS,20200220,16.05,16.05,16.05,16.05,383712
ALPA,20200220,20,20,18.55,19.25,22611
ALPHAGEO,20200220,230.8,233.45,213.4,218.3,43283
ALPSINDUS,20200220,0.9,1,0.9,0.9,59634
AMARAJABAT,20200220,782,788,766,770.8,614620
AMBER,20200220,1665,1695,1620.25,1639.75,228533
AMBIKCO,20200220,817.2,818,801,807.7,2625
AMBUJACEM,20200220,204.95,210.25,200.1,205.4,3826080
AMDIND,20200220,15.7,15.95,15.4,15.9,3588
AMJLAND,20200220,20.25,20.5,19.75,20.05,12379
AMRUTANJAN,20200220,507,522.9,507,515.45,39930
ANANTRAJ,20200220,32.25,32.25,31.65,32,158960
ANDHRABANK,20200220,15,15.1,14.85,14.95,388663
ANDHRACEMT,20200220,2.2,2.2,2,2.15,73326
ANDHRSUGAR,20200220,276.8,279.75,275.25,276.8,17783
ANDPAPER,20200220,284,293.55,273,275.15,7400
ANIKINDS,20200220,8.35,8.65,8,8.2,3596
ANKITMETAL,20200220,0.45,0.5,0.45,0.5,58054
ANSALAPI,20200220,5.25,5.7,5.05,5.65,122506
ANSALHSG,20200220,4.55,4.95,4.55,4.85,30195
ANTGRAPHIC,20200220,0.65,0.65,0.6,0.65,19176
ANUP,20200220,578,584,566.3,570.75,3955
APARINDS,20200220,390.75,402.45,390,390.95,28639
APCL,20200220,151.1,152.9,149.2,149.3,3140
APCOTEXIND,20200220,145.9,148,140.1,142.05,48165
APEX,20200220,354.3,368.7,354.3,357.05,369983
APLAPOLLO,20200220,2099,2159,2090,2114.3,43382
APLLTD,20200220,685,685,661.2,664.6,285912
APOLLO,20200220,76.4,90.75,75.55,85.5,580389
APOLLOHOSP,20200220,1790,1813.45,1778.25,1800.7,799535
APOLLOPIPE,20200220,470,470,433,458,7739
APOLLOTYRE,20200220,150.6,159.2,149.75,158,6419252
APOLSINHOT,20200220,639.7,639.7,615.5,626.55,271
APTECHT,20200220,144.5,146.9,142.5,143.1,149768
ARCHIDPLY,20200220,20.1,21.1,19.5,20.9,23575
ARCHIES,20200220,15.05,15.05,13.65,14.55,108499
ARCOTECH,20200220,1.45,1.45,1.35,1.35,32222
ARENTERP,20200220,12.9,13.5,12.9,13.5,325
ARIES,20200220,63,63.5,61.75,61.75,17055
ARIHANT,20200220,17.8,20,17.8,19,1723
ARIHANTSUP,20200220,28.5,29.5,28,28,1536
ARMANFIN,20200220,989.7,989.7,965,967.7,9242
AROGRANITE,20200220,33.95,33.95,32.35,32.45,4025
ARROWGREEN,20200220,40.5,43.75,40,41.9,2919
ARSHIYA,20200220,15.6,15.65,14.75,14.9,40896
ARSSINFRA,20200220,16.1,16.4,15.2,15.35,40822
ARTEMISMED,20200220,218.9,238.55,216,221,1309
ARVIND,20200220,39.5,40.5,39.1,39.45,784877
ARVINDFASN,20200220,387.9,402.95,380,380.3,26413
ARVSMART,20200220,87.95,87.95,85,86.55,13811
ASAHIINDIA,20200220,249.25,264.95,246.95,261.9,72048
ASAHISONG,20200220,131.9,132.55,128.7,129.45,6457
ASAL,20200220,23,23,21.8,22.75,17418
ASALCBR,20200220,263,265,254.95,256.3,17903
ASHAPURMIN,20200220,40.45,40.45,38,38.3,31812
ASHIANA,20200220,104.3,106,102.5,103.05,29216
ASHIMASYN,20200220,6.35,6.5,5.7,6.25,26392
ASHOKA,20200220,98.85,101.5,98.1,99.5,307685
ASHOKLEY,20200220,81.3,84.65,81.2,84.3,28489436
ASIANHOTNR,20200220,74.05,78.9,74,76.65,3744
ASIANPAINT,20200220,1883,1886,1839.05,1842.25,1401879
ASIANTILES,20200220,249,255.95,245.95,251.05,94686
ASPINWALL,20200220,138.05,138.75,134,136.25,804
ASTEC,20200220,467,481,467,480.1,11327
ASTERDM,20200220,169.4,172.9,169,170.9,90650
ASTRAL,20200220,1198.15,1208,1185.55,1194.85,76382
ASTRAMICRO,20200220,93.95,99.5,93.95,98.95,968452
ASTRAZEN,20200220,2847.8,2892,2801,2813.7,13087
ASTRON,20200220,39.8,39.8,38.15,38.4,17299
ATFL,20200220,703,705.7,688,700.85,4362
ATLANTA,20200220,5.4,5.6,5.2,5.2,21322
ATLASCYCLE,20200220,47.05,49.75,45.6,47.35,2652
ATUL,20200220,5012,5324.35,4965,5195.95,83511
ATULAUTO,20200220,244,252,241.05,242.9,30956
AUBANK,20200220,1165.5,1194.2,1160,1174.6,597428
AURIONPRO,20200220,43.7,47.5,41.1,45.55,61355
AUROPHARMA,20200220,612.05,617.55,590.35,599.75,14551958
AUSOMENT,20200220,39.1,39.1,37.5,38.25,343
AUTOAXLES,20200220,738,748.95,738,740.5,2019
AUTOIND,20200220,21.4,22,20.9,21.5,3021
AUTOLITIND,20200220,20.35,21.4,19.7,20.45,3653
AVADHSUGAR,20200220,262.85,267.9,260.15,261.95,55129
AVANTIFEED,20200220,521,563,520.95,558.75,1887319
AVTNPL,20200220,41.2,44,41,41.95,655746
AXISBANK,20200220,742.75,754,737.6,744.3,7529403
AXISCADES,20200220,57.3,61.15,57.3,60.9,18127
AXISGOLD,20200220,3650,3659.65,3636.05,3647.85,673
AXISNIFTY,20200220,1200.1,1264.99,1200.1,1250.75,19
AYMSYNTEX,20200220,36.95,36.95,34,34.05,5538
BAGFILMS,20200220,1.65,1.75,1.65,1.7,40202
BAJAJ-AUTO,20200220,3091,3100.05,3057.65,3065.5,256115
BAJAJCON,20200220,200.95,200.95,194.9,198.9,122277
BAJAJELEC,20200220,416.4,422.95,407,409.3,106447
BAJAJFINSV,20200220,9758,9827.55,9693.75,9709.7,167020
BAJAJHIND,20200220,6,6.05,5.85,5.9,808593
BAJAJHLDNG,20200220,3760,3770,3660,3680.3,42410
BAJFINANCE,20200220,4867.9,4923.4,4853.75,4880.45,1634643
BALAJITELE,20200220,54.15,55.85,53.55,55,49937
BALAMINES,20200220,414.05,425,410.1,416.35,27388
BALAXI,20200220,115.1,120,110.5,119.2,2666
BALKRISHNA,20200220,16.5,16.6,16,16.25,5538
BALKRISIND,20200220,1261,1297.95,1252.1,1266.7,1194841
BALLARPUR,20200220,0.45,0.5,0.4,0.45,1540977
BALMLAWRIE,20200220,108.95,111.45,108.95,109.65,111642
BALPHARMA,20200220,39.25,39.65,38,38.25,3763
BALRAMCHIN,20200220,164,167.3,164,164.65,387624
BANARBEADS,20200220,33.55,35.35,33.55,34.5,2281
BANARISUG,20200220,1465,1470,1450.1,1456.25,253
BANCOINDIA,20200220,94.95,98.7,93.15,94.85,38799
BANDHANBNK,20200220,417.95,434,410.1,415.95,5025228
BANG,20200220,18,18.95,18,18.5,4995
BANKBARODA,20200220,80.35,83.25,80.3,82.25,18131343
BANKBEES,20200220,316,316.6,312.6,315.12,314430
BANKINDIA,20200220,60.3,60.95,59.55,59.95,1351308
BANSWRAS,20200220,141,144.5,135,138.35,11279
BARTRONICS,20200220,1.05,1.05,1,1,16522
BASF,20200220,850,856.05,835.1,839.5,29010
BASML,20200220,119.8,119.8,119.8,119.8,26
BATAINDIA,20200220,1800,1824.85,1795.2,1803.7,478540
BAYERCROP,20200220,4250,4315.45,4242.6,4259.4,4189
BBL,20200220,801.95,816.9,797.35,800.35,8540
BBTC,20200220,1122.25,1129.5,1090,1093.7,63089
BCG,20200220,5.1,5.3,5,5.1,570409
BCP,20200220,19.6,19.6,17.95,18.95,57793
BDL,20200220,294,301.85,286,294.2,179513
BEARDSELL,20200220,8,8,7.6,7.6,4037
BEDMUTHA,20200220,14.35,14.9,13.8,14.9,2745
BEL,20200220,84.65,87.1,83.85,86.55,12718445
BEML,20200220,873.2,884.8,870.1,875.3,215868
BEPL,20200220,44.9,46.25,44.2,45,247224
BERGEPAINT,20200220,578.4,582.3,571.1,572.6,760974
BFINVEST,20200220,317.8,326.4,315,319.55,38788
BFUTILITIE,20200220,315.8,320.4,309.95,313.1,185236
BGLOBAL,20200220,1.3,1.35,1.25,1.3,3347
BGRENERGY,20200220,39.5,41.55,39.5,39.85,273533
BHAGERIA,20200220,143.4,147.95,142,142.85,54507
BHAGYANGR,20200220,19.45,19.55,18.7,18.85,11757
BHAGYAPROP,20200220,23.5,23.5,23.1,23.1,206
BHANDARI,20200220,1.2,1.2,1.1,1.15,156778
BHARATFORG,20200220,479,490.9,476,484.5,893829
BHARATGEAR,20200220,49,51.75,47.5,48.85,6253
BHARATRAS,20200220,7900,8155,7650.05,7816.45,9520
BHARATWIRE,20200220,26.7,28.2,26.1,27.35,71536
BHARTIARTL,20200220,543.7,552,538.6,545.6,15715009
BHEL,20200220,35.4,35.9,34.9,35.1,15578115
BIGBLOC,20200220,34,36.2,32.85,34.25,2400
BIL,20200220,136.6,146.8,134.8,145.35,2751
BILENERGY,20200220,0.55,0.6,0.5,0.55,3779794
BINDALAGRO,20200220,11.2,11.9,11.2,11.5,6141
BIOCON,20200220,305.95,319,305.8,315.05,6990659
BIOFILCHEM,20200220,9.5,10.15,9.45,9.8,4747
BIRLACABLE,20200220,49,50.1,48.8,49.55,40975
BIRLACORPN,20200220,742,758,735,737.45,65774
BIRLAMONEY,20200220,34.5,38,34.05,37.2,241871
BIRLATYRE,20200220,9.6,9.6,9.6,9.6,22051
BKMINDST,20200220,0.45,0.45,0.4,0.45,3721
BLBLIMITED,20200220,3.95,4.1,3.95,4.1,6285
BLISSGVS,20200220,142.6,142.6,137.8,139.7,177010
BLKASHYAP,20200220,7.85,8.2,7.85,8.15,40541
BLS,20200220,69,69.65,66.75,68.75,47587
BLUEBLENDS,20200220,0.7,0.75,0.7,0.75,1000
BLUEDART,20200220,2971,3050,2970.05,3005.8,3156
BLUESTARCO,20200220,830.1,858.7,830.1,845.5,64376
BODALCHEM,20200220,83.15,83.6,80.45,81.4,317254
BOMDYEING,20200220,82.4,83.2,81.35,81.7,1259060
BORORENEW,20200220,219,219.4,206.55,208.25,120848
BOSCHLTD,20200220,14512.05,14649.8,14431.2,14552.95,13302
BPCL,20200220,474.85,480,470.55,471.75,4376060
BPL,20200220,19.65,19.95,19.05,19.3,93699
BRFL,20200220,4.25,4.25,4,4.05,10431
BRIGADE,20200220,228.2,254.9,226.75,240.85,642329
BRITANNIA,20200220,3079.8,3123.45,3052.25,3059.4,270720
BRNL,20200220,59,60.3,57.45,58,2463
BROOKS,20200220,26.05,26.7,25.85,26.35,29116
BSE,20200220,515.55,520.05,510,515.25,87259
BSELINFRA,20200220,0.9,0.95,0.9,0.9,4500
BSL,20200220,31.85,33.6,30.4,30.8,12672
BSLGOLDETF,20200220,3792.05,3889,3792,3823.7,180
BSLNIFTY,20200220,131.77,131.82,131.77,131.82,92
BSOFT,20200220,94,102.9,92.9,98.6,4445380
BURNPUR,20200220,1,1.1,1,1.05,32572
BUTTERFLY,20200220,203.3,203.3,198,199.7,58350
BVCL,20200220,12.6,13.35,12.6,13.15,81
BYKE,20200220,17.3,17.5,16.3,16.9,34280
CADILAHC,20200220,276,281.7,275,279.25,1635070
CALSOFT,20200220,13.8,14,13.2,13.55,15769
CAMLINFINE,20200220,67.9,70,67.3,68.9,280060
CANBK,20200220,173.4,177.4,171.15,172.65,7289494
CANFINHOME,20200220,510,514.65,507.05,509.5,243208
CANTABIL,20200220,340,348.8,326,339.6,66076
CAPACITE,20200220,176,178,176,177.15,20294
CAPLIPOINT,20200220,350,360,349.8,350.4,108107
CAPTRUST,20200220,111.7,116.55,111.7,116.5,5522
CARBORUNIV,20200220,344.25,362,343.1,348.05,434379
CAREERP,20200220,139.45,145.5,136.1,141.15,124681
CARERATING,20200220,517,548,511.05,531.5,419318
CASTEXTECH,20200220,0.35,0.4,0.35,0.4,187443
CASTROLIND,20200220,158.75,158.95,153.5,154.35,1115389
CCHHL,20200220,2.9,2.95,2.75,2.85,21600
CCL,20200220,244.5,259.9,242.5,249.05,259203
CDSL,20200220,284,295,284,287.95,1643601
CEATLTD,20200220,1070,1094.4,1020.25,1041.75,184903
CEBBCO,20200220,14,14.1,12.7,13.25,40387
CELEBRITY,20200220,5.5,5.5,5.35,5.45,8551
CELESTIAL,20200220,1.85,1.9,1.8,1.9,7548
CENTENKA,20200220,170.05,172,167.6,168.15,21750
CENTEXT,20200220,2.5,2.7,2.45,2.65,93305
CENTRALBK,20200220,16.95,17.15,16.85,17,229466
CENTRUM,20200220,19.6,20,19.15,19.4,81747
CENTUM,20200220,353.5,369,352,360,2145
CENTURYPLY,20200220,152.05,154.95,151.15,154.3,171539
CENTURYTEX,20200220,612.65,617.15,598,601.45,1321773
CERA,20200220,2461.35,2505.1,2435,2470.25,4603
CEREBRAINT,20200220,39.3,39.75,38.95,39.75,32237
CESC,20200220,689.9,699.8,681.55,697.8,223880
CESCVENT,20200220,297.65,298.3,280.5,294.85,65750
CGCL,20200220,211.9,213.95,210.05,211.25,184192
CGPOWER,20200220,8.45,8.85,8.1,8.35,299658
CHALET,20200220,344.5,346.7,339,340.2,4773
CHAMBLFERT,20200220,153.5,156.15,151.25,151.8,274671
CHEMBOND,20200220,201.9,205,191.6,205,1550
CHEMFAB,20200220,172.85,173.75,166.1,166.5,4810
CHENNPETRO,20200220,114.55,116,113,113.25,134225
CHOLAFIN,20200220,328.9,334.75,327.05,332,1549090
CHOLAHLDNG,20200220,536.75,545,534.05,539.5,14515
CHROMATIC,20200220,0.5,0.5,0.5,0.5,9274
CIGNITITEC,20200220,277.6,279.25,273.1,274.2,11384
CIMMCO,20200220,19.15,20,19.05,19.25,7925
CINELINE,20200220,36.7,38.7,36.15,36.65,48972
CINEVISTA,20200220,6.35,6.65,5.85,6.45,12534
CIPLA,20200220,448,448.8,434.5,435.75,3048500
CKFSL,20200220,0.35,0.35,0.3,0.3,411124
CLEDUCATE,20200220,66.5,69.9,66.5,67.05,3634
CLNINDIA,20200220,364.95,367,360,361.55,23180
CMICABLES,20200220,33,35.1,32.5,35.05,63848
CNOVAPETRO,20200220,6.75,6.75,6.75,6.75,25
COALINDIA,20200220,177.75,180.25,175.2,179.35,16776977
COCHINSHIP,20200220,348.1,349.15,340.2,345.15,210381
COLPAL,20200220,1361.95,1366.95,1339.55,1343.5,467051
COMPINFO,20200220,14.7,14.8,13.85,14.15,35760
COMPUSOFT,20200220,5.35,5.9,5.2,5.7,52225
CONCOR,20200220,551.4,560,548,550.05,539812
CONFIPET,20200220,25.6,26.1,25.1,25.8,161286
CONSOFINVT,20200220,36.7,40.9,34.2,35.25,9148
CONTROLPR,20200220,278.6,289.9,274,280.25,3917
CORALFINAC,20200220,14.5,14.85,14,14.4,38006
CORDSCABLE,20200220,45,45,43,44.1,10803
COROMANDEL,20200220,624.7,627,601.65,619.6,201592
CORPBANK,20200220,20.95,21.4,18.3,20.25,702595
COSMOFILMS,20200220,312,312,305.05,309.65,97611
COUNCODOS,20200220,1.55,1.55,1.55,1.55,1011
CPSEETF,20200220,20,20.21,19.9,20.17,4380745
CREATIVE,20200220,112.1,118,112.1,112.55,7053
CREATIVEYE,20200220,1.45,1.45,1.45,1.45,200
CREDITACC,20200220,963,1000,958.7,991.6,253604
CREST,20200220,97.2,100.35,97.15,99.95,4641
CRISIL,20200220,1640,1700,1634.75,1672.7,103477
CROMPTON,20200220,293.2,301.45,289.55,290.95,1635968
CSBBANK,20200220,162,168.7,160.5,164.25,276347
CTE,20200220,20.5,21,19.3,20.8,5251
CUB,20200220,221.55,224.5,221.05,222.8,1315395
CUBEXTUB,20200220,13.9,15.95,13.5,15.95,46870
CUMMINSIND,20200220,539.85,556.5,539.85,554.75,493528
CUPID,20200220,237.9,238.75,229.2,232.85,78571
CYBERTECH,20200220,45.1,45.75,44.4,44.6,16522
CYIENT,20200220,446.3,447,435,438.05,61166
DAAWAT,20200220,27.65,27.85,27.15,27.3,529531
DABUR,20200220,509,517,503.05,506.15,2543540
DALBHARAT,20200220,869.4,888.8,862.3,869.05,172893
DALMIASUG,20200220,113.6,113.6,109,110.8,129786
DAMODARIND,20200220,25.4,27.15,24.4,25.25,3442
DATAMATICS,20200220,67.05,68.4,66.6,67.5,21845
DBCORP,20200220,126.9,127,120.35,121.55,81723
DBL,20200220,349,364.85,343.6,346.8,247482
DBREALTY,20200220,8.45,8.75,8.1,8.3,69281
DBSTOCKBRO,20200220,8.5,8.5,8.5,8.5,21
DCAL,20200220,93.85,94.8,92,92.75,163763
DCBBANK,20200220,173.25,173.9,168,170.5,531823
DCM,20200220,19.65,20.55,19.65,20.55,10900
DCMNVL,20200220,29.3,31,29.3,31,1182
DCMSHRIRAM,20200220,350.5,355,343.1,347.6,42512
DCW,20200220,13.75,16.55,13.7,16.25,2973219
DECCANCE,20200220,280,285,276.2,280.7,3511
DEEPAKFERT,20200220,97,97.7,95,95.45,166072
DEEPAKNTR,20200220,480,491.7,476.65,483.9,497872
DEEPIND,20200220,93.6,95,90,91.7,25362
DELTACORP,20200220,149,159.3,148.4,156.3,3076599
DELTAMAGNT,20200220,30.9,30.9,29.5,29.5,1804
DEN,20200220,67.4,67.4,62.25,62.25,175366
DENORA,20200220,216.1,220.45,210.7,212.35,7754
DFMFOODS,20200220,294,299,287.1,292.3,64353
DGCONTENT,20200220,4.95,5,4.75,4.95,11049
DHAMPURSUG,20200220,192.7,194.75,190,190.8,258487
DHANBANK,20200220,13.3,13.5,13.25,13.25,205306
DHANUKA,20200220,521.5,525,511.6,516.5,25655
DHARSUGAR,20200220,6.9,7.4,6.6,6.8,5354
DHFL,20200220,11.25,11.25,11.25,11.25,1186255
DHUNINV,20200220,220.45,233,210.2,215.5,2402
DIAMONDYD,20200220,744.4,750,740,742.75,814
DICIND,20200220,359.65,364.35,357,359.45,856
DIGISPICE,20200220,4.9,5.3,4.9,5.25,3022
DISHTV,20200220,11.2,11.7,11,11.1,9704357
DIVISLAB,20200220,2199.5,2236.4,2156.85,2169.35,578488
DIXON,20200220,4488.9,4540,4300,4352.2,341036
DLF,20200220,226.9,228.35,219,220.1,7654026
DLINKINDIA,20200220,103,104.35,101,101.55,44098
DMART,20200220,2433,2485,2430,2462.65,1359803
DNAMEDIA,20200220,0.35,0.4,0.35,0.35,3010
DOLAT,20200220,57.55,59,56.75,58.25,107733
DOLLAR,20200220,154,163,151.1,160.95,92226
DONEAR,20200220,30.1,30.4,29.7,30,7892
DPSCLTD,20200220,6.1,6.4,4.9,5.3,72589
DPWIRES,20200220,79,85,78.3,83.75,127
DQE,20200220,0.95,0.95,0.95,0.95,19709
DREDGECORP,20200220,336.55,341,332.6,333.7,149389
DRREDDY,20200220,3289.3,3364.95,3240.05,3255.3,924466
DSSL,20200220,24,24.7,23.7,24.05,2923
DTIL,20200220,164.45,167.7,161.5,164.95,696
DUCON,20200220,5.6,5.6,5.35,5.35,20237
DVL,20200220,63.45,63.6,60.45,61.35,19865
DWARKESH,20200220,35.6,36.3,35.05,35.2,825275
DYNAMATECH,20200220,900,934.05,900,918.9,744
DYNPRO,20200220,156,158.2,150.15,152.5,16353
EASTSILK,20200220,0.85,0.85,0.85,0.85,5190
EBBETF0423,20200220,1019.6,1020.25,1019.6,1020.21,4151
EBBETF0430,20200220,1034.1,1035,1033.15,1034.18,14597
ECLERX,20200220,603.1,629.4,603.1,623.3,22799
EDELWEISS,20200220,90,93.4,88.2,89.7,1446864
EICHERMOT,20200220,18869.9,19030,18544.5,18848.65,124982
EIDPARRY,20200220,208.85,210.9,203.8,206.2,202786
EIHAHOTELS,20200220,290.45,294,290.4,293.8,461
EIHOTEL,20200220,139.55,145.45,139.5,144.65,189860
EIMCOELECO,20200220,310,310.05,307.1,308.1,212
EKC,20200220,24.5,25.3,24,25,66353
ELECON,20200220,33.25,33.9,32.5,32.75,17886
ELECTCAST,20200220,15.05,15.3,15,15.3,483168
ELECTHERM,20200220,140.9,141,136.4,138.55,6193
ELGIEQUIP,20200220,225,225.7,220.2,221.4,7657
ELGIRUBCO,20200220,17.85,17.85,16.65,17.25,2281
EMAMILTD,20200220,273.85,276.25,268,269.3,601625
EMAMIPAP,20200220,98.45,98.45,96.05,98.45,38907
EMAMIREAL,20200220,47.25,49.8,47.25,47.7,15394
EMKAY,20200220,58,62.25,58,59.95,3535
EMMBI,20200220,99.5,100.9,98.15,98.7,11341
ENDURANCE,20200220,1045,1060.4,1045,1049.45,8184
ENERGYDEV,20200220,5.5,5.5,5.15,5.35,10502
ENGINERSIN,20200220,83.6,83.6,81.45,81.9,933445
ENIL,20200220,220,225.8,210,212.9,34056
EON,20200220,12.8,13,11.7,12.55,13797
EQ30,20200220,342.09,342.09,342.09,342.09,2
EQUITAS,20200220,113.7,117.2,113.45,114.1,5259752
ERIS,20200220,446.8,446.8,426.95,433.15,1216110
EROSMEDIA,20200220,13.75,14,13.3,13.45,77496
ESABINDIA,20200220,1569.5,1596.9,1523.6,1539.65,3764
ESCORTS,20200220,907.95,907.95,838.35,878.3,9012079
ESSARSHPNG,20200220,6.95,6.95,6.55,6.7,8278
ESSELPACK,20200220,186.5,189.3,182.55,187.7,631119
ESTER,20200220,39.55,41.3,39.15,39.7,103819
EUROMULTI,20200220,0.4,0.4,0.4,0.4,1555
EUROTEXIND,20200220,8.8,8.8,7.55,7.65,89
EVEREADY,20200220,68.7,68.9,66.6,67.15,198964
EVERESTIND,20200220,232,240.95,230,232.15,54685
EXCEL,20200220,1.15,1.15,1.1,1.1,51238
EXCELINDUS,20200220,711,728.9,686.05,694.65,56976
EXIDEIND,20200220,179.1,179.9,177.4,178.05,1232465
EXPLEOSOL,20200220,299.35,301.95,293,293.75,1108
FACT,20200220,36.35,37.7,36.1,36.6,80557
FAIRCHEM,20200220,630,648,620.7,626.3,54003
FCL,20200220,24.95,25.5,24.2,24.95,124412
FCONSUMER,20200220,20.85,21.2,20.5,20.7,1013795
FCSSOFT,20200220,0.25,0.25,0.2,0.25,944911
FDC,20200220,240.75,254,240.75,249.8,185547
FEDERALBNK,20200220,85.25,88,85,87.5,12197037
FEL,20200220,21.9,22.45,21.75,22,134132
FELDVR,20200220,20.65,21.3,20.35,21.15,4700
FIEMIND,20200220,476.35,497.85,476.35,489.5,13145
FILATEX,20200220,39.85,40.1,38.7,39.5,165666
FINCABLES,20200220,362.35,365,359.3,361.15,77177
FINEORG,20200220,2216.95,2276.9,2185,2231.75,12933
FINPIPE,20200220,553.95,569,550.1,567,50315
FLEXITUFF,20200220,6.9,6.95,6.6,6.9,4490
FLFL,20200220,388.6,394,377.3,381.8,78937
FLUOROCHEM,20200220,549.25,560.05,546.3,551.25,7649
FMGOETZE,20200220,551.1,558,540,554.9,921
FMNL,20200220,24.25,25.75,23.25,23.85,8260
FORCEMOT,20200220,1261,1300,1261,1270.8,50926
FORTIS,20200220,157.3,158.6,153.5,156.3,671168
FOSECOIND,20200220,1356.45,1410.5,1356.45,1404.05,592
FRETAIL,20200220,352.85,365,340,343.1,945546
FSC,20200220,437.65,447.45,431.3,445.1,9493
FSL,20200220,47,48.65,46.8,48.2,2205021
GABRIEL,20200220,104.6,104.6,100.2,100.6,94275
GAEL,20200220,156.95,164.9,153.8,163.4,102551
GAIL,20200220,118.9,121,118.5,119.3,7262737
GAL,20200220,1.9,1.95,1.85,1.9,8271
GALAXYSURF,20200220,1635,1725,1631.3,1661.05,31863
GALLANTT,20200220,26.5,27.25,26.2,26.55,18492
GALLISPAT,20200220,24.8,24.8,21.55,22.3,70411
GAMMNINFRA,20200220,0.35,0.35,0.3,0.3,504814
GANDHITUBE,20200220,236.8,239.9,233.95,235.05,654
GANECOS,20200220,378.95,383,364.55,369.7,42513
GANESHHOUC,20200220,31,33.2,31,32.9,18669
GANGESSECU,20200220,34.6,37.15,33.6,34.35,1046
GARDENSILK,20200220,8.55,8.9,8.4,8.45,16609
GARFIBRES,20200220,1465,1474,1378,1385.3,9931
GATI,20200220,67,68.5,66.3,67.15,522721
GAYAHWS,20200220,0.25,0.3,0.25,0.3,77977
GAYAPROJ,20200220,25.3,25.3,25.3,25.3,62562
GDL,20200220,125,128,125,126.8,41686
GEECEE,20200220,78.05,79,77.25,77.55,1159
GENESYS,20200220,59.8,65,59,60,34640
GENUSPAPER,20200220,5.3,5.45,5.05,5.1,103025
GENUSPOWER,20200220,26.2,26.75,25.8,26.2,62363
GEOJITFSL,20200220,27.35,28.35,27.1,27.8,242737
GEPIL,20200220,761.5,804.25,761.5,790.45,28005
GESHIP,20200220,275,281,268,272.9,156344
GET&D,20200220,140.6,141.55,138.15,138.75,27850
GFLLIMITED,20200220,150,155.95,148.45,154,58640
GHCL,20200220,170.25,175,170.25,172.95,582710
GICHSGFIN,20200220,116.7,121,116.65,117.7,216693
GICRE,20200220,218,228,209.25,210.45,1179938
GILLANDERS,20200220,28.05,29,27.3,28.45,4410
GILLETTE,20200220,6000,6036,5891,5909.4,7172
GINNIFILA,20200220,8.15,9.6,8.15,9.4,242601
GIPCL,20200220,69.1,70,69.05,69.5,72562
GKWLIMITED,20200220,633,667.85,632.3,664.55,159
GLAXO,20200220,1341.8,1358,1336,1344.65,54312
GLENMARK,20200220,318.1,325.95,317.7,321.55,1529171
GLFL,20200220,0.6,0.6,0.6,0.6,1973
GLOBALVECT,20200220,57,57,53.2,54.45,20660
GLOBOFFS,20200220,4.4,4.6,4.4,4.5,5068
GLOBUSSPR,20200220,147.2,149.9,142.6,144.2,125080
GMBREW,20200220,438.7,446.75,436.6,439.25,19985
GMDCLTD,20200220,58.6,59.3,57.5,58.25,67333
GMMPFAUDLR,20200220,3374,3374,3275,3290.1,27855
GMRINFRA,20200220,23.4,23.9,23,23.65,29860236
GNA,20200220,240,243.95,231,233.45,41358
GNFC,20200220,179,181.9,176,176.95,276648
GOACARBON,20200220,241,241,231,233.55,8478
GOCLCORP,20200220,274.15,278.05,266.6,274.9,1691
GODFRYPHLP,20200220,1302.9,1395,1271,1340.35,365867
GODREJAGRO,20200220,536.55,545,530.25,531.55,104767
GODREJCP,20200220,622.6,637.9,622.6,631.05,1415897
GODREJIND,20200220,415.7,422,415.25,420,129365
GODREJPROP,20200220,1076,1122,1075,1112.2,309423
GOKEX,20200220,65.9,66.7,63.4,64.2,44461
GOKUL,20200220,10.5,10.6,10.25,10.3,1565
GOKULAGRO,20200220,12.6,13.4,12.35,12.95,13747
GOLDBEES,20200220,36.75,37,36.65,36.82,1950317
GOLDENTOBC,20200220,27,27,24.75,25.1,1890
GOLDIAM,20200220,150,153.95,149.5,150.45,17953
GOLDSHARE,20200220,3691,3709.8,3671,3680,694
GOLDTECH,20200220,8.6,8.6,8.25,8.5,11420
GOODLUCK,20200220,46.05,48.95,45.55,46.15,30025
GPIL,20200220,200,201.45,193.8,199.15,44678
GPPL,20200220,78.45,79.7,77.2,77.7,272947
GPTINFRA,20200220,36.75,36.75,30.95,33.75,19513
GRANULES,20200220,187.65,188.45,182,184.35,1209312
GRAPHITE,20200220,274.7,275.05,266.1,267.55,708943
GRASIM,20200220,750,767.8,745.9,751.3,2128575
GRAVITA,20200220,66.95,68.3,65.5,67.2,68675
GREAVESCOT,20200220,145.45,147.45,138.5,139.25,221188
GREENLAM,20200220,989,990,960,972.6,1492
GREENPANEL,20200220,56.3,56.3,54.3,54.85,46282
GREENPLY,20200220,138,139.9,135,135.8,35808
GREENPOWER,20200220,1.95,2,1.95,2,24916
GRINDWELL,20200220,615,622.45,608.3,614.65,7189
GROBTEA,20200220,345.7,368.8,333.7,360.9,800
GRPLTD,20200220,780.05,780.1,770,780,111
GRSE,20200220,184,191.8,181,181.85,343340
GSCLCEMENT,20200220,22.95,23.6,22.75,23,51922
GSFC,20200220,70.1,70.65,69.1,69.8,236393
GSKCONS,20200220,9863,9863,9655.5,9678.2,17019
GSPL,20200220,231.7,240.55,230.05,237.85,600511
GSS,20200220,38,38.2,35.7,36.05,15851
GTL,20200220,1.5,1.6,1.5,1.6,53585
GTLINFRA,20200220,0.35,0.4,0.35,0.4,25432593
GTPL,20200220,69.85,70.35,68.05,68.5,36517
GUFICBIO,20200220,71,76.5,71,73.35,184225
GUJALKALI,20200220,361.5,369.5,360.35,362.5,58112
GUJAPOLLO,20200220,120.65,135,120,129.05,8127
GUJGASLTD,20200220,287.5,289.65,285.75,287.45,1023523
GUJRAFFIA,20200220,10,10.5,10,10.5,488
GULFOILLUB,20200220,741,755.15,741,746.8,2016
GULFPETRO,20200220,48.95,49.35,46.85,47.35,28592
GULPOLY,20200220,43.55,43.9,42.3,43.2,7297
GVKPIL,20200220,4,4.1,3.95,4,961310
HAL,20200220,747.7,755,731.25,736.3,47457
HARITASEAT,20200220,495,495,466.25,481.65,1775
HARRMALAYA,20200220,63.5,64.65,62.95,63.15,80143
HATHWAY,20200220,24.7,24.7,22.35,22.65,2508914
HATSUN,20200220,683.95,684,664.2,672.8,54816
HAVELLS,20200220,621.2,631.35,620.05,622.75,1229373
HAVISHA,20200220,0.6,0.7,0.6,0.6,3856
HBLPOWER,20200220,16.5,17,16.3,16.75,136023
HCC,20200220,9.3,9.6,9.2,9.25,1329755
HCG,20200220,110,110,105.45,107.85,17710
HCL-INSYS,20200220,6,6.35,6,6.15,538818
HCLTECH,20200220,611,612.95,605.15,608.05,4820313
HDFC,20200220,2364,2377.5,2349.05,2369.5,3351611
HDFCAMC,20200220,3372,3446.6,3345,3383.8,493099
HDFCBANK,20200220,1230,1230,1214.1,1217.1,5561707
HDFCLIFE,20200220,582.1,583.7,572.1,573.5,3708209
HDFCMFGETF,20200220,3781.5,3781.55,3740.15,3741.95,7983
HDFCNIFETF,20200220,1270.62,1280.51,1268.85,1271.92,718
HDFCSENETF,20200220,4225,4364,4175,4349.12,159
HDIL,20200220,2.2,2.4,2.2,2.4,225516
HEG,20200220,1017,1022.8,991.1,999.85,185981
HEIDELBERG,20200220,201.7,201.7,199.15,200,250027
HERCULES,20200220,83.6,87.25,83.2,84.25,30285
HERITGFOOD,20200220,395.55,407.95,361.25,367.2,265574
HEROMOTOCO,20200220,2267,2276,2235.45,2240.25,886179
HESTERBIO,20200220,1545.3,1545.35,1511.1,1519.15,2334
HEXATRADEX,20200220,10.45,10.95,10,10.95,45689
HEXAWARE,20200220,369.9,374,361.25,363.95,543565
HFCL,20200220,16.95,17.5,16.9,17,2103562
HGINFRA,20200220,246,255.9,244,253.2,17544
HGS,20200220,878.45,904.8,875.1,888.15,16175
HIKAL,20200220,123.45,127.5,121.85,126.1,256073
HIL,20200220,1144.25,1170.4,1125,1135.15,17072
HILTON,20200220,10.3,10.3,10,10.1,1045
HIMATSEIDE,20200220,101.25,109.9,100.05,107.25,364235
HINDALCO,20200220,187.8,191,185.4,189.95,6207445
HINDCOMPOS,20200220,181.8,185,175.75,179.7,4810
HINDCOPPER,20200220,36.1,37.35,35.7,36.55,571600
HINDMOTORS,20200220,5.05,5.05,4.95,5,34224
HINDNATGLS,20200220,36.45,36.45,35,35,414
HINDOILEXP,20200220,90.9,92.75,90.5,90.9,117087
HINDPETRO,20200220,224.5,228,222,222.4,4909405
HINDSYNTEX,20200220,1.5,1.5,1.5,1.5,499
HINDUNILVR,20200220,2282.2,2289.95,2242.5,2248.25,1555224
HINDZINC,20200220,185,187.7,181.5,182.35,390434
HIRECT,20200220,185.5,187,179.8,181.25,34154
HISARMETAL,20200220,59.95,60,57.15,59.3,5386
HITECH,20200220,176.1,178.25,166.1,172.55,26869
HITECHCORP,20200220,77,81.7,75.8,77,3659
HITECHGEAR,20200220,160.5,166.75,160.1,162.75,5917
HLVLTD,20200220,4.25,4.4,4.1,4.15,272993
HMVL,20200220,70.25,71.05,66.95,69.25,20434
HNDFDS,20200220,743.95,743.95,711.6,723.1,4003
HNGSNGBEES,20200220,351,356.95,351,355.5,478
HONAUT,20200220,35099.9,35250,34820.1,34904.55,1439
HONDAPOWER,20200220,1196.3,1196.55,1172,1175.85,8426
HOVS,20200220,37,41.65,37,40.05,5491
HPL,20200220,38.1,40.45,36.5,37.1,148334
HSCL,20200220,52.65,54.6,52.2,54.1,627545
HSIL,20200220,56.75,57.75,55.2,55.6,209959
HTMEDIA,20200220,14.35,14.35,14,14.15,95615
HUBTOWN,20200220,12.1,12.45,11.9,12.1,45123
HUDCO,20200220,34,34.35,33.4,33.55,821017
IBMFNIFTY,20200220,119.2,121.2,118.25,120.56,2251
IBREALEST,20200220,87.3,91.65,86.55,89.1,3268358
IBULHSGFIN,20200220,304,359.75,301.3,338.2,70436641
IBULISL,20200220,101.95,107.7,101.8,107.7,96832
IBVENTURES,20200220,199.9,220,198.3,217.6,3927912
ICICI500,20200220,160.75,162.47,160.56,160.94,2011
ICICIB22,20200220,32.69,32.69,32.1,32.29,222944
ICICIBANK,20200220,545.5,549.35,541.8,547,13588526
ICICIBANKN,20200220,308.56,311.96,308.56,310.1,1917
ICICIBANKP,20200220,170,170.4,168.45,168.77,118189
ICICIGI,20200220,1356.3,1366.65,1340,1345.45,138284
ICICIGOLD,20200220,36.7,37.99,36.51,37.69,27774
ICICILIQ,20200220,999.94,1000,999.94,1000,36214
ICICILOVOL,20200220,94.77,94.77,90.25,91.97,830
ICICIM150,20200220,66.99,67.77,66.99,67.65,795
ICICIMCAP,20200220,68.1,68.74,68,68.37,320095
ICICINF100,20200220,131.41,131.67,131,131,317
ICICINIFTY,20200220,127.2,128.41,127,127.5,54864
ICICINV20,20200220,58.8,58.8,57.7,57.98,2745
ICICINXT50,20200220,28,29.31,27.95,29.04,11241
ICICIPRULI,20200220,490.8,504,490.8,495,1385523
ICICISENSX,20200220,440.99,441.89,437.02,438.09,317
ICIL,20200220,61.35,67.2,60.5,64.85,921542
ICRA,20200220,2951.05,3098.15,2951.05,3049.6,12894
IDBI,20200220,34.55,34.75,34.4,34.55,1097464
IDBIGOLD,20200220,3801,3828,3791,3791,47
IDEA,20200220,4.45,5,4.2,4.4,956876746
IDFC,20200220,35.3,35.75,34.85,35.6,805518
IDFCFIRSTB,20200220,39.95,40.85,39.45,40.3,13127946
IDFNIFTYET,20200220,125.8,125.8,121.35,121.35,197
IEX,20200220,186.1,191.3,181.1,185.2,1761025
IFBAGRO,20200220,359,369.5,345.1,346.9,16998
IFBIND,20200220,516,524.9,515,517.2,14507
IFCI,20200220,5.95,6.05,5.9,5.95,1517416
IFGLEXPOR,20200220,154,158,148.35,151.15,854
IGARASHI,20200220,344,355.9,338.4,342.6,364772
IGL,20200220,478.8,483.45,462,464.65,3022826
IGPL,20200220,170,175.95,168.3,173.3,19811
IIFL,20200220,197.9,197.9,187,187.95,506312
IIFLSEC,20200220,56.2,58.2,55.7,56.2,257095
IIFLWAM,20200220,1629,1646.5,1580,1589.2,5725
IITL,20200220,87,87,86,86,1449
IMFA,20200220,205.75,213.55,200.75,206.1,20693
IMPAL,20200220,565.05,570.05,564.95,565,1056
IMPEXFERRO,20200220,0.3,0.35,0.3,0.35,15582
INDBANK,20200220,7.35,7.5,7.05,7.25,31662
INDHOTEL,20200220,137.15,141.8,134.2,140.05,1547185
INDIACEM,20200220,74.8,76.7,74.4,75.55,1595495
INDIAGLYCO,20200220,354,368.75,351.4,356.6,505157
INDIAMART,20200220,2574.9,2862.5,2550,2609.35,397297
INDIANB,20200220,83.2,84.5,82.5,83.4,700192
INDIANCARD,20200220,117,117.9,113.05,114.55,719
INDIANHUME,20200220,216,219.6,212,213.6,26156
INDIGO,20200220,1479.75,1479.75,1454.15,1464.85,631873
INDLMETER,20200220,16.25,17.35,16.05,16.05,6765
INDNIPPON,20200220,349,362.7,344,345.15,10258
INDOCO,20200220,262.9,269.7,250.9,266.95,98445
INDORAMA,20200220,20.7,21.45,20.55,20.9,10555
INDOSTAR,20200220,281.9,283.25,281.1,281.5,38636
INDOTECH,20200220,113.9,115,113.9,114.25,11916
INDOTHAI,20200220,22.85,26.4,22,23.7,19438
INDOWIND,20200220,2.75,2.75,2.55,2.55,19055
INDRAMEDCO,20200220,41.75,43.8,41.75,42.55,118908
INDSWFTLAB,20200220,20.9,21.75,20.85,21.25,13186
INDSWFTLTD,20200220,2.65,2.85,2.65,2.8,2723
INDTERRAIN,20200220,52.8,52.8,46.3,49,29364
INDUSINDBK,20200220,1145.05,1203.85,1145.05,1182.2,15703698
INEOSSTYRO,20200220,759.8,763.65,752.6,756.55,2459
INFIBEAM,20200220,58,59.5,57.3,58.75,2390927
INFOBEAN,20200220,139,146.45,133.15,145.05,239549
INFRABEES,20200220,336,337.5,334.87,334.87,977
INFRATEL,20200220,225.5,231,224.6,226.2,10358700
INFY,20200220,803.25,806.1,793.85,797,4564569
INGERRAND,20200220,646,646,638,639.3,154122
INOXLEISUR,20200220,485.9,504,480.3,487.05,627374
INOXWIND,20200220,38.45,38.5,36.9,37.15,613386
INSECTICID,20200220,495,506.95,492.1,493.55,11623
INSPIRISYS,20200220,34.4,34.4,31.9,32.6,7581
INTEGRA,20200220,0.6,0.6,0.6,0.6,265
INTELLECT,20200220,148.45,150.5,142,142.45,177321
INTENTECH,20200220,18.8,21.15,18,20.3,164627
INVENTURE,20200220,12.85,12.95,12.7,12.8,45187
IOB,20200220,9.2,9.2,8.95,9,960306
IOC,20200220,113.55,114.45,112,112.3,10958877
IOLCP,20200220,234,245.95,232.1,235.7,1575518
IPCALAB,20200220,1412,1484,1394.9,1454.7,356916
IRB,20200220,96.9,100.45,95,99.1,1507531
IRCON,20200220,578,587.6,567.05,572.05,1042203
IRCTC,20200220,1870,1977,1862.05,1930.05,12052002
ISEC,20200220,500,523.7,493.15,510.95,1011218
ISFT,20200220,61,61.9,59.85,61,6980
ISMTLTD,20200220,4.2,4.2,3.85,4.1,59956
ITC,20200220,207,208.55,205.45,207.45,15592846
ITDC,20200220,301.9,310.9,296,297.2,133049
ITDCEM,20200220,57.15,58.25,57,57.4,83412
ITI,20200220,86,86.5,84,84.35,714618
IVC,20200220,3.05,3.05,2.95,3,68298
IVP,20200220,48.5,48.5,43.45,44.35,3451
IVZINGOLD,20200220,3780,3790,3705,3790,73
IVZINNIFTY,20200220,1307.6,1307.6,1280.7,1280.7,17
IZMO,20200220,29.3,29.3,26.8,27.2,45187
J&KBANK,20200220,19,22.5,19,19.95,4634127
JAGRAN,20200220,68.9,73.45,68.55,71.5,1630075
JAGSNPHARM,20200220,26.9,28,26.2,27.25,24804
JAIBALAJI,20200220,27.6,28.2,27.1,27.55,4960
JAICORPLTD,20200220,97.9,103,96.95,101.2,2320456
JAINSTUDIO,20200220,1.35,1.4,1.35,1.35,1772
JAMNAAUTO,20200220,40.75,40.95,39.1,39.7,768372
JASH,20200220,180.35,189,180,183.3,33429
JAYAGROGN,20200220,93.8,93.8,88.25,90.2,31100
JAYBARMARU,20200220,231.85,237.1,230.2,232.7,28562
JAYNECOIND,20200220,3.5,3.7,3.5,3.55,13934
JAYSREETEA,20200220,51,51.85,48.95,49.4,111576
JBCHEPHARM,20200220,532.5,544,532.5,533.85,83973
JBFIND,20200220,18.15,18.15,18.15,18.15,57323
JBMA,20200220,228.7,235.9,228.05,230.8,17827
JCHAC,20200220,2958.95,3049,2930.1,2963.9,11008
JHS,20200220,11.8,12,11.35,11.65,58555
JIKIND,20200220,0.35,0.4,0.3,0.4,72650
JINDALPHOT,20200220,13.55,14.15,12.65,13.35,2338
JINDALPOLY,20200220,267,270,258,258.6,13368
JINDALSAW,20200220,88.5,91.3,88.05,89.65,745320
JINDALSTEL,20200220,187.5,195.9,185.8,193.4,16689454
JINDCOT,20200220,1.45,1.55,1.45,1.55,3267
JINDRILL,20200220,93.8,96,93.8,94.3,10279
JINDWORLD,20200220,61.75,61.75,59.95,60.05,162534
JISLDVREQS,20200220,5.75,5.95,5.45,5.9,30789
JISLJALEQS,20200220,6.3,6.5,6.15,6.4,1862018
JITFINFRA,20200220,8.2,8.2,7.8,7.8,674
JIYAECO,20200220,17.45,18.3,16.65,17.6,653676
JKCEMENT,20200220,1460,1478.95,1454.1,1472.2,60515
JKIL,20200220,140.85,142.25,136.55,138.35,129073
JKLAKSHMI,20200220,328.8,330,323.7,325.55,45371
JKPAPER,20200220,132.8,133.5,128.65,129.45,2365171
JKTYRE,20200220,66.75,68.8,66.65,68.05,578441
JMA,20200220,24.1,24.65,23.75,24,885
JMCPROJECT,20200220,79.65,80.8,73.9,74.3,211075
JMFINANCIL,20200220,114.5,123.5,111.15,121.8,1285111
JMTAUTOLTD,20200220,1.5,1.55,1.35,1.4,271285
JOCIL,20200220,118.8,123.95,118.1,119.75,414
JPASSOCIAT,20200220,2.05,2.05,2.05,2.05,4513123
JPINFRATEC,20200220,1.15,1.15,1.1,1.15,813864
JPOLYINVST,20200220,11.15,12.2,11.15,11.3,221
JPPOWER,20200220,1.5,1.5,1.5,1.5,295102
JSL,20200220,41.35,42.4,41,41.6,1494611
JSLHISAR,20200220,74.85,75.2,71.3,72.2,306502
JSWENERGY,20200220,64.6,65.45,62.8,63.15,754557
JSWHL,20200220,2729,2826.05,2710,2824.45,1459
JSWSTEEL,20200220,280.7,285.85,277,281.8,6960354
JTEKTINDIA,20200220,80.95,81.3,77.6,78.35,68851
JUBILANT,20200220,528.75,549.5,527.65,546.55,295475
JUBLFOOD,20200220,1898.75,1915,1872,1883.15,843431
JUBLINDS,20200220,128,133.25,128,128.75,2568
JUMPNET,20200220,55.5,55.5,53,54.1,594317
JUNIORBEES,20200220,298.9,301.75,294.05,298.52,68013
JUSTDIAL,20200220,504.7,511.5,496.45,498.7,2168645
JYOTHYLAB,20200220,129.7,137.9,129,134.4,4981803
KABRAEXTRU,20200220,72.8,73.6,68.65,71,12491
KAJARIACER,20200220,545,559.9,539.55,551.95,485297
KAKATCEM,20200220,184.6,186.45,178.4,181.05,21967
KALPATPOWR,20200220,367.55,376.85,363.05,372.1,152855
KALYANIFRG,20200220,142.95,142.95,135.15,135.5,59
KAMATHOTEL,20200220,35.15,36.25,35.15,35.5,27578
KAMDHENU,20200220,83.95,83.95,78.2,79.1,18578
KANANIIND,20200220,2.5,2.6,2.5,2.55,1223
KANORICHEM,20200220,41,44.2,40.5,43.1,67641
KANSAINER,20200220,499,507.5,499,504.8,239926
KARDA,20200220,150.5,152.6,150.05,152.55,22464
KARMAENG,20200220,12.1,12.1,12.1,12.1,100
KARURVYSYA,20200220,48.2,49.4,47.35,47.85,545347
KAUSHALYA,20200220,0.4,0.4,0.4,0.4,2040
KAVVERITEL,20200220,1.8,1.8,1.8,1.8,100
KAYA,20200220,312.2,318,303.3,308.55,9129
KCP,20200220,61.6,61.6,60.6,60.9,14532
KCPSUGIND,20200220,14.3,14.35,13.9,14,43754
KDDL,20200220,299.4,299.4,272.35,282.15,4681
KEC,20200220,330,346,330,339.35,441603
KECL,20200220,15.5,16.35,15.15,15.2,66802
KEI,20200220,538,538,519,522.1,129949
KELLTONTEC,20200220,16.65,16.65,15.5,15.9,174464
KENNAMET,20200220,980,1030,980,1020.05,13517
KERNEX,20200220,19,19,17.35,18.8,11708
KESORAMIND,20200220,43.45,43.95,42.5,43,110062
KHADIM,20200220,124,131.7,124,125.55,118694
KICL,20200220,1675.05,1675.05,1585.1,1609.65,1754
KILITCH,20200220,116.75,116.75,108,110.75,19874
KINGFA,20200220,647,668,625,641.85,12928
KIOCL,20200220,107,110.5,104.1,106.5,7456
KIRIINDUS,20200220,408.8,429.7,406,423.95,358640
KIRLFER,20200220,68.2,72.5,68.2,70.3,20891
KIRLOSBROS,20200220,179.8,180.4,173.35,177.75,89915
KIRLOSENG,20200220,139,142.7,138.5,139.15,26905
KIRLOSIND,20200220,630.25,635,616,632.5,348
KITEX,20200220,163,171.1,163,165.7,540434
KKCL,20200220,982.5,999,966,982.7,857
KMSUGAR,20200220,8.15,8.25,8.05,8.1,28777
KNRCON,20200220,283,283.8,278.55,280.05,63101
KOHINOOR,20200220,8.4,8.4,7.7,7.9,25852
KOKUYOCMLN,20200220,73.3,73.3,71.5,72.25,17241
KOLTEPATIL,20200220,228.3,233.35,226.4,227.6,36613
KOPRAN,20200220,30,30.6,29.55,29.7,33676
KOTAKBANK,20200220,1697.3,1699.25,1676.2,1685.95,2099903
KOTAKBKETF,20200220,318.9,319.41,315,316.36,780645
KOTAKGOLD,20200220,368.9,368.9,365.5,366.4,9441
KOTAKNIFTY,20200220,125.69,125.75,125.04,125.44,33902
KOTAKNV20,20200220,58.3,59.49,57.51,58.71,6837
KOTAKPSUBK,20200220,212,215.51,212,212.69,5894
KOTARISUG,20200220,12.65,12.7,12.2,12.5,18420
KOTHARIPET,20200220,16.7,17.1,16.45,16.5,6123
KOTHARIPRO,20200220,60.8,62.95,59.6,61.4,3042
KPITTECH,20200220,89.65,90.5,85.55,87.15,266221
KPRMILL,20200220,616.15,624.95,609.1,620.85,3713
KRBL,20200220,302.2,306.35,292,294.2,100497
KREBSBIO,20200220,98.95,103.9,93,98.35,3779
KRIDHANINF,20200220,2.1,2.1,1.95,2.05,55571
KRISHANA,20200220,50.2,50.2,50.2,50.2,1100
KSB,20200220,711,729,698.05,706.8,21657
KSCL,20200220,461.5,473.95,450.25,454.6,106196
KSERASERA,20200220,0.1,0.15,0.05,0.1,557829
KSK,20200220,0.4,0.45,0.4,0.45,396888
KSL,20200220,231.6,236.65,229.55,231.95,32012
KTKBANK,20200220,76.4,77.5,76.05,76.25,633171
KUANTUM,20200220,505,505,475.35,479.7,9022
KWALITY,20200220,1.8,1.8,1.7,1.75,244483
L&TFH,20200220,123,127.65,122.5,123.1,6136632
LAKSHVILAS,20200220,15.4,17,15.4,17,2523590
LALPATHLAB,20200220,1647,1651.5,1602.3,1618.75,66742
LAMBODHARA,20200220,33.65,33.7,31.65,32.9,3305
LAOPALA,20200220,215,217,209.05,211.4,75852
LASA,20200220,36.05,39.1,35.6,39.1,63711
LAURUSLABS,20200220,435.2,444.45,435.2,440.35,75809
LAXMIMACH,20200220,3298,3298,3250,3250.5,5485
LEMONTREE,20200220,60.4,63.35,60.05,62.3,1730402
LFIC,20200220,48.7,54.5,48.7,51.25,886
LGBBROSLTD,20200220,283.05,288,280,281.65,10275
LGBFORGE,20200220,2.45,2.65,2.45,2.55,24703
LIBAS,20200220,43.5,43.5,43.35,43.35,801
LIBERTSHOE,20200220,127.95,130.6,127.45,128.35,77126
LICHSGFIN,20200220,362.25,375.65,362.25,364.6,6059345
LICNETFGSC,20200220,20,20.9,20,20.59,26315
LICNETFN50,20200220,118.02,127.99,118.02,125.67,58
LICNETFSEN,20200220,516,516.09,485.1,499.02,223
LICNFNHGP,20200220,127.7,129.99,125.71,128,10
LINCOLN,20200220,170,179.5,169.3,175,77026
LINCPEN,20200220,221.4,235.8,221.1,227.55,5157
LINDEINDIA,20200220,781.4,795,776,779.8,39763
LIQUIDBEES,20200220,1000.01,1000.01,999.9,1000,604649
LIQUIDETF,20200220,999.99,1000.01,999.99,999.99,10678
LOKESHMACH,20200220,29,31.4,28.25,30.75,32932
LOTUSEYE,20200220,23.9,24.65,23.9,24,3276
LOVABLE,20200220,67.8,71.3,67.75,69.85,23724
LPDC,20200220,1.2,1.2,1.2,1.2,1127
LSIL,20200220,0.45,0.5,0.45,0.5,596682
LT,20200220,1279.9,1288.9,1275.3,1280.6,3034681
LTI,20200220,1966.05,2010,1963.25,2005.95,71624
LTTS,20200220,1742,1751,1724.2,1743,63353
LUMAXIND,20200220,1492.95,1512,1481,1487.65,3123
LUMAXTECH,20200220,105.95,108.35,104.05,107.15,92641
LUPIN,20200220,706.15,708.1,698,699.6,1883153
LUXIND,20200220,1562,1594.4,1542.2,1555.65,45635
LYKALABS,20200220,18.2,18.65,17.6,18.15,33641
LYPSAGEMS,20200220,3.9,4.25,3.9,4.15,13690
M&M,20200220,525.9,533,523,524.85,2077458
M&MFIN,20200220,380.5,389.7,379,381.3,1590043
M100,20200220,18.91,18.99,18.66,18.93,46001
M50,20200220,118.98,119.4,118.17,118.3,2669
MAANALU,20200220,60.4,60.5,58.1,58.15,2200
MADHAV,20200220,32.5,32.5,29.55,31.65,11771
MADHUCON,20200220,2.75,2.95,2.75,2.95,74057
MADRASFERT,20200220,16.65,16.9,16.3,16.4,76328
MAGADSUGAR,20200220,129.5,132,128.75,129.3,25223
MAGMA,20200220,49.9,52.15,49,50,176611
MAGNUM,20200220,2.9,2.95,2.9,2.95,5422
MAHABANK,20200220,11.6,11.6,11.35,11.5,320666
MAHAPEXLTD,20200220,89.05,97.75,89.05,91,1675
MAHASTEEL,20200220,119.5,120.5,115,118.5,11800
MAHEPC,20200220,142,149.8,142,142.7,27458
MAHESHWARI,20200220,254.15,258.6,241.3,248.4,25962
MAHINDCIE,20200220,153.1,156.45,151.25,154.25,893747
MAHLIFE,20200220,378.95,398.5,377.65,395.95,15109
MAHLOG,20200220,400,443.9,395,418.15,274336
MAHSCOOTER,20200220,4701.6,4775,4701.6,4727.45,3659
MAHSEAMLES,20200220,340,348.9,338.05,347.8,9536
MAITHANALL,20200220,568.25,577.3,556,558.05,24780
MAJESCO,20200220,398,403.9,392.6,394.5,17382
MALUPAPER,20200220,36.95,37.95,35.5,35.8,403389
MAN50ETF,20200220,123.1,123.1,122.45,122.45,502
MANAKALUCO,20200220,4,4.15,4,4.15,3774
MANAKCOAT,20200220,3.4,3.75,3.35,3.75,5818
MANAKSIA,20200220,45,47.4,43.5,44,18329
MANAKSTEEL,20200220,10.55,10.9,10.4,10.4,11497
MANALIPETC,20200220,18,18.6,17.55,18.2,212722
MANAPPURAM,20200220,174.45,179.4,174,176.05,7663208
MANGALAM,20200220,29,30.5,28.2,30.1,6908
MANGCHEFER,20200220,30.85,31.2,30.5,30.6,33742
MANGLMCEM,20200220,280,285,276.1,278.45,22920
MANGTIMBER,20200220,9.9,10.4,9.8,10.4,930
MANINDS,20200220,56.95,58.5,55,55.4,130663
MANINFRA,20200220,29,29,27.65,28.1,214103
MANUGRAPH,20200220,13.75,13.75,12.9,13.05,15664
MANXT50,20200220,286.5,289.5,286.5,287,472
MARALOVER,20200220,14.05,15,14.05,14.65,7004
MARATHON,20200220,82.95,87.85,80,87.7,27640
MARICO,20200220,300,307,297,306.2,3667812
MARKSANS,20200220,20,20.75,20,20.1,1148617
MARUTI,20200220,6761,6807.55,6720,6757.6,682513
MASFIN,20200220,1036.05,1096.45,1036.05,1088.65,58263
MASKINVEST,20200220,28.7,28.7,28.7,28.7,1
MASTEK,20200220,428,429.95,420,423.6,25543
MATRIMONY,20200220,436,449.35,434.45,443.8,4352
MAWANASUG,20200220,39.6,40.7,39.5,39.7,128844
MAXINDIA,20200220,87.5,94.25,85.9,86.2,966774
MAXVIL,20200220,49,57.6,49,51.4,907861
MAYURUNIQ,20200220,275.4,283.8,272.35,275.4,129996
MAZDA,20200220,495,502.05,492,499.65,14513
MBAPL,20200220,69,69,68,68,2500
MBECL,20200220,3.2,3.35,3.15,3.25,44930
MBLINFRA,20200220,3.95,3.95,3.65,3.7,61789
MCDHOLDING,20200220,18.65,19.7,18.4,18.55,30081
MCDOWELL-N,20200220,726,742.7,720.7,723.15,1945097
MCLEODRUSS,20200220,3.75,3.9,3.6,3.65,1285538
MCX,20200220,1340,1372.45,1337.85,1357.55,370982
MEGASOFT,20200220,7.25,7.75,6.8,7.25,116441
MEGH,20200220,60,61.65,58.15,59.95,3167460
MENONBE,20200220,52.7,53.35,50.45,50.9,16196
MEP,20200220,35.55,40,35.55,39.25,343021
MERCATOR,20200220,0.85,0.85,0.75,0.8,1060413
METALFORGE,20200220,4.9,5.15,4.8,5.1,22997
METROPOLIS,20200220,1842,1856.3,1780,1827.65,38509
MFSL,20200220,542,597.05,542,565,26621595
MGL,20200220,1148,1153,1123.15,1127.6,731297
MHRIL,20200220,224.35,228.9,223.85,224.4,11738
MIC,20200220,0.65,0.7,0.6,0.65,69639
MIDHANI,20200220,216.95,248.5,216.15,228.6,4868638
MINDACORP,20200220,113,116.3,111,115.4,279844
MINDAIND,20200220,379.4,385,376.1,383.4,90623
MINDTECK,20200220,25.9,27.5,24.75,25.9,3864
MINDTREE,20200220,1017.4,1055.55,1004.6,1049.5,1560504
MIRCELECTR,20200220,9.2,9.5,9.05,9.2,64709
MIRZAINT,20200220,61.1,62.7,60.15,60.5,182489
MMFL,20200220,390.5,406.95,381.75,396.95,3660
MMP,20200220,98.95,98.95,90.15,92.35,294
MMTC,20200220,19.55,20.15,19.25,19.4,947375
MODIRUBBER,20200220,25.6,26.3,25.6,26.3,309
MOHOTAIND,20200220,7.15,7.2,7.15,7.15,4644
MOIL,20200220,138.05,140.55,137.95,138.55,93650
MOLDTECH,20200220,45.5,47.5,45.1,45.65,2816
MOLDTKPAC,20200220,275.5,278.9,271.05,271.85,21694
MONTECARLO,20200220,248.15,250,235.3,237.25,17200
MORARJEE,20200220,15.4,15.4,14.2,14.5,2590
MOREPENLAB,20200220,14.25,14.35,14,14.15,319936
MOTHERSUMI,20200220,121,125.1,120.3,122.95,7018750
MOTILALOFS,20200220,790,836,781.65,827.5,354365
MOTOGENFIN,20200220,35.5,36,32.5,34.6,4076
MPHASIS,20200220,896,914.5,894.1,900.65,236728
MPSLTD,20200220,350,359.8,350,352.9,3345
MRF,20200220,69959.3,71232.6,69751.1,70789.5,8466
MRPL,20200220,40.45,41.45,40.1,41.1,555863
MSPL,20200220,5.9,5.9,5.65,5.7,10838
MSTCLTD,20200220,174.4,204.7,174.05,194.45,3048482
MTEDUCARE,20200220,13.55,14.4,13.35,13.55,173524
MTNL,20200220,9.3,9.4,9.05,9.1,706210
MUKANDENGG,20200220,10.5,11,10.4,10.7,8470
MUKANDLTD,20200220,28.4,29.4,26.5,27.5,18559
MUKTAARTS,20200220,36.5,37.95,36,36.25,12963
MUNJALAU,20200220,43.55,44.4,43.5,43.7,62526
MUNJALSHOW,20200220,117.1,117.95,116,116.9,11065
MURUDCERA,20200220,17,17.1,15.85,16.05,57256
MUTHOOTCAP,20200220,579.7,599.9,566.1,575.25,26710
MUTHOOTFIN,20200220,873,935.45,866.45,912.7,9227400
N100,20200220,690.2,703.8,680.1,686.25,44930
NACLIND,20200220,31.9,33,31.6,32.45,29240
NAGAFERT,20200220,3.65,3.8,3.5,3.8,122141
NAGREEKCAP,20200220,6.45,6.9,6.45,6.8,2458
NAGREEKEXP,20200220,13.55,13.95,13.55,13.7,2043
NAHARCAP,20200220,72.5,72.5,68.7,70.2,3153
NAHARINDUS,20200220,27,28.7,25.1,26.65,23325
NAHARPOLY,20200220,40.95,41.35,39.15,39.4,7117
NAHARSPING,20200220,40.4,41.2,39.7,39.8,4184
NAM-INDIA,20200220,433.8,452.9,430,441.65,4149436
NATCOPHARM,20200220,640.05,674.4,640.05,662.65,159092
NATHBIOGEN,20200220,332.05,390.1,332.05,354.65,219532
NATIONALUM,20200220,39.35,39.6,38.25,38.8,10386184
NATNLSTEEL,20200220,1.7,1.7,1.7,1.7,2016
NAUKRI,20200220,2855.05,2890,2825,2840.45,135848
NAVINFLUOR,20200220,1275.1,1303.7,1240,1278.35,93950
NAVKARCORP,20200220,29.8,32.9,29.65,32.55,410008
NAVNETEDUL,20200220,85.8,92.4,84.85,89.35,160675
NBCC,20200220,29.5,29.5,28.5,28.65,11100258
NBIFIN,20200220,1751.05,1780,1751.05,1772.5,30
NBVENTURES,20200220,69.85,70.85,69.35,70,42267
NCC,20200220,43,44.35,41.45,41.8,30147342
NCLIND,20200220,84.45,84.45,82,83.85,35547
NDGL,20200220,531,533.05,531,533,13
NDL,20200220,21.7,21.8,20.2,20.7,53810
NDTV,20200220,33.7,33.9,32.5,33.15,29107
NECCLTD,20200220,5.1,5.35,4.95,5.15,26787
NECLIFE,20200220,12.5,12.7,12.15,12.3,65456
NELCAST,20200220,45.5,45.65,43.3,44,45921
NELCO,20200220,222,245.4,221,236.3,603604
NEOGEN,20200220,495,513.25,486.5,490.15,49654
NESCO,20200220,738.95,750,721.25,726.5,43659
NESTLEIND,20200220,16740,16740,16525.4,16539.5,65732
NETF,20200220,122.66,123.16,122.46,122.46,246
NETFCONSUM,20200220,55.1,55.3,54.57,54.85,1232
NETFDIVOPP,20200220,29.25,29.3,29.03,29.03,55
NETFLTGILT,20200220,20.74,20.77,20.69,20.75,149122
NETFMID150,20200220,68.6,69,67.05,67.46,15705
NETFNIF100,20200220,126,126,125.57,125.57,1028
NETFNV20,20200220,58.35,59.66,56.15,58.86,1863
NETWORK18,20200220,31.05,32,30.1,30.55,1394200
NEULANDLAB,20200220,447.7,457.7,440.05,447.05,17880
NEWGEN,20200220,196.3,219,196.3,211.9,213494
NEXTMEDIA,20200220,7.5,7.5,7.05,7.05,854
NFL,20200220,24.1,24.1,23.6,23.85,193921
NH,20200220,349.75,354,340.3,347.55,112945
NHPC,20200220,21.35,21.75,20.85,21.45,19183993
NIACL,20200220,135,139.05,133.5,134.2,989782
NIBL,20200220,3.85,4.05,3.85,3.85,15078
NIFTYBEES,20200220,128.55,128.8,128,128.36,354821
NIFTYEES,20200220,15351,15554.5,15150,15554,14
NIITLTD,20200220,113.5,114.8,110.4,110.9,1425895
NIITTECH,20200220,1885.05,1913.85,1845.05,1854.4,511083
NILAINFRA,20200220,4.4,4.5,4.25,4.3,151923
NILASPACES,20200220,1.05,1.05,1,1.05,143407
NILKAMAL,20200220,1497.8,1513.95,1484.15,1496.3,14671
NIPPOBATRY,20200220,567,585,550.15,572.55,6178
NITCO,20200220,23.55,24,23.2,23.45,13165
NITINSPIN,20200220,50.35,51.35,50.35,51,8408
NLCINDIA,20200220,53.15,55,52.55,53.1,2248106
NMDC,20200220,104.8,106.5,103.8,105,7645442
NOCIL,20200220,93.5,97.4,92.75,96.65,1430095
NOIDATOLL,20200220,3.65,3.7,3.55,3.55,47484
NPBET,20200220,172.22,172.24,171.19,171.19,67
NRAIL,20200220,253,255,249,250.1,17241
NRBBEARING,20200220,92.95,97.4,92.1,95.85,30956
NSIL,20200220,779.95,779.95,731.1,736.6,115
NTL,20200220,0.35,0.35,0.35,0.35,234
NTPC,20200220,111.7,112.4,110.95,111.35,19663654
NUCLEUS,20200220,300,306,296.25,300.35,13915
NXTDIGITAL,20200220,393.05,399.5,385,388.2,1945
OAL,20200220,190.8,196.9,190.05,191.55,2555
OBEROIRLTY,20200220,510.1,524,509.55,517.95,161880
OCCL,20200220,970,970.4,950,952.55,1574
OFSS,20200220,2849.1,2881.95,2800,2812.45,17773
OIL,20200220,128.15,128.15,124.6,125.15,8127086
OILCOUNTUB,20200220,3.6,3.6,3.5,3.55,15724
OISL,20200220,2.7,2.7,2.55,2.65,4887
OLECTRA,20200220,149.95,150,147,148.05,28525
OMAXAUTO,20200220,38.95,38.95,36.15,37.15,20710
OMAXE,20200220,156.95,156.95,155.4,155.5,176818
OMKARCHEM,20200220,4.2,4.2,4,4.1,6952
OMMETALS,20200220,23.45,23.45,21.85,22.15,80095
ONELIFECAP,20200220,6.3,6.3,5.9,6.15,11095
ONEPOINT,20200220,22,22.85,21.1,22.7,46994
ONGC,20200220,102,104.1,101.7,102.8,28378025
ONMOBILE,20200220,27,27.75,26.5,27.25,555959
ONWARDTEC,20200220,61.45,62.3,59.65,59.8,3699
OPTIEMUS,20200220,23.95,25.55,21.1,24.25,43695
OPTOCIRCUI,20200220,2.85,2.9,2.7,2.7,215494
ORBTEXP,20200220,75.6,80,70.9,76.65,8459
ORICONENT,20200220,16.8,19.45,16.05,16.7,48476
ORIENTABRA,20200220,17.4,17.75,17.3,17.45,9167
ORIENTALTL,20200220,10,10.2,10,10.2,1001
ORIENTBANK,20200220,41.75,42.95,41.3,42.2,504975
ORIENTBELL,20200220,107.25,111.6,107.25,110.6,10893
ORIENTCEM,20200220,79.15,82.9,79.15,81.95,271819
ORIENTELEC,20200220,274.5,286.9,274,275.95,863676
ORIENTHOT,20200220,27.65,29.4,27.25,27.4,45966
ORIENTLTD,20200220,88.65,93.5,80.05,91.85,6669
ORIENTPPR,20200220,24.5,24.5,23.5,23.5,447780
ORIENTREF,20200220,222.9,227.95,216.25,222.15,83664
ORISSAMINE,20200220,2292,2329.65,2226.1,2250.1,23304
ORTINLABSS,20200220,8.2,8.45,8,8.4,38533
OSWALAGRO,20200220,6.8,6.95,6.4,6.55,34056
PAEL,20200220,2.55,2.55,2.55,2.55,2687
PAGEIND,20200220,22775,23756.2,22775,23075.2,36869
PAISALO,20200220,264.1,273,262,270.85,2302
PALASHSECU,20200220,26.3,28.7,26.3,26.45,1828
PALREDTEC,20200220,16.55,17.4,16.1,16.55,832
PANACEABIO,20200220,116.9,119.15,115.9,116.1,10471
PANACHE,20200220,49,50,48.5,49.75,15680
PANAMAPET,20200220,59.4,60.4,55.5,58.4,24514
PAPERPROD,20200220,296.5,297.75,285.4,287.5,168405
PARABDRUGS,20200220,1.45,1.45,1.35,1.35,321561
PARACABLES,20200220,7.05,7.2,7,7.1,42504
PARAGMILK,20200220,113.8,114.4,102.95,103.95,2523393
PARSVNATH,20200220,2,2,1.95,1.95,32468
PATELENG,20200220,17.4,17.6,16.85,17.1,142056
PATINTLOG,20200220,18.3,18.5,17.3,17.75,12973
PATSPINLTD,20200220,3.65,3.65,3.65,3.65,6210
PCJEWELLER,20200220,18,18,17.5,17.65,3792760
PDMJEPAPER,20200220,17.65,18.25,17.25,17.35,136559
PDPL,20200220,3,3.2,3,3,5886
PDSMFL,20200220,391.95,402,390.2,397.05,14062
PEARLPOLY,20200220,13.35,14.7,13.35,14.7,133
PEL,20200220,1573.1,1633.9,1553.75,1600.1,1829253
PENIND,20200220,24.55,25.05,24.3,24.85,107797
PENINLAND,20200220,3.95,4.1,3.85,4.1,14984
PERSISTENT,20200220,714.95,721.55,710,717.15,41425
PETRONET,20200220,266,271,265.1,267.5,3806959
PFC,20200220,129.25,133.4,128.35,132.25,8741766
PFIZER,20200220,4230,4264.5,4174.95,4187.55,18766
PFOCUS,20200220,44.7,47.35,44.6,46.45,184163
PFS,20200220,12.85,13.2,12.75,13.05,536568
PGEL,20200220,67.5,68.5,63.55,67.05,35675
PGHH,20200220,11208.95,11209,11100,11150.85,4317
PGHL,20200220,4211.2,4248.95,4150,4159.4,17405
PGIL,20200220,133,144.95,131.05,140.2,8912
PHILIPCARB,20200220,131,131,128.3,129.65,434848
PHOENIXLTD,20200220,862.6,876.65,848.75,855.45,423436
PIDILITIND,20200220,1590.1,1597.8,1571.7,1575.3,269015
PIIND,20200220,1552,1564,1535.85,1555.6,251545
PILANIINVS,20200220,1759,1759,1707,1713.35,6221
PILITA,20200220,5.6,5.7,5.25,5.5,62903
PIONDIST,20200220,149,151,145.95,146.35,16854
PIONEEREMB,20200220,28,30.25,27.55,27.9,48404
PITTIENG,20200220,36.95,37.8,36.2,37.3,11510
PLASTIBLEN,20200220,200,205.7,198,203.65,8820
PNB,20200220,52.5,53.7,52.05,52.85,14961174
PNBGILTS,20200220,29.5,29.6,29,29.2,101428
PNBHOUSING,20200220,410,428.9,408.4,416.8,666202
PNC,20200220,14.4,14.45,14.2,14.2,5037
PNCINFRA,20200220,201.85,203.65,197.1,198.3,175656
PODDARHOUS,20200220,274.55,300,274.55,294.8,146
PODDARMENT,20200220,204,207,200.1,201.8,14795
POKARNA,20200220,82.25,84.4,82.25,83.55,37718
POLYCAB,20200220,1077.5,1157.7,1071.05,1138.1,876803
POLYMED,20200220,303.8,330,297.65,320.4,261902
POLYPLEX,20200220,543.7,545.5,527.95,531.15,49399
PONNIERODE,20200220,145,148.4,143.1,143.15,2035
POWERGRID,20200220,187.5,190.7,185.9,189.25,14573061
POWERMECH,20200220,740,749.6,714.1,731.2,20587
PPAP,20200220,194.8,195,189.95,192.7,7287
PPL,20200220,55.55,58.6,55.55,57.85,17017
PRABHAT,20200220,87.55,87.9,80.6,81.6,1261580
PRADIP,20200220,0.45,0.45,0.4,0.4,1368
PRAENG,20200220,5.55,6.3,5.55,5.9,4248
PRAJIND,20200220,106.85,107,103.2,103.6,852322
PRAKASH,20200220,41.55,43.45,41.25,42.7,333789
PRAKASHSTL,20200220,0.2,0.2,0.2,0.2,73391
PRECAM,20200220,39.5,39.5,38,38.85,3555
PRECOT,20200220,31.5,31.5,31.5,31.5,350
PRECWIRE,20200220,136.5,140.9,136.5,140.35,7497
PREMEXPLN,20200220,118.5,125.7,118,124.25,15516
PREMIER,20200220,1.7,1.7,1.7,1.7,2015
PREMIERPOL,20200220,24.75,24.75,22.6,23.35,2178
PRESSMN,20200220,23.95,23.95,22.6,23.5,9354
PRESTIGE,20200220,364,372,362.6,365.25,134806
PRICOLLTD,20200220,45.65,46.4,44.1,45.8,82052
PRIMESECU,20200220,39.9,40.4,38.4,39.4,2639
PRINCEPIPE,20200220,182,185.9,181,181.85,325359
PROSEED,20200220,0.25,0.3,0.25,0.3,6028
PROZONINTU,20200220,17.1,17.65,16.95,17.25,80640
PRSMJOHNSN,20200220,62.85,64.7,62.5,63.95,233457
PSB,20200220,17,17.1,16.15,16.75,52266
PSL,20200220,0.45,0.45,0.45,0.45,5554
PSPPROJECT,20200220,520.3,524,515,517.7,18012
PSUBNKBEES,20200220,23.9,24.05,23,23.87,50680
PTC,20200220,51.5,52.75,51.25,52.3,418653
PTL,20200220,34.45,36.85,34.45,36.75,1682
PUNJABCHEM,20200220,463.35,470,450.55,455.6,7401
PURVA,20200220,56.95,57.85,56.2,56.55,96547
PVR,20200220,2112,2121.4,2061,2071.15,241237
QGOLDHALF,20200220,1826.2,1830,1823,1826.2,1195
QUESS,20200220,547.85,552.85,541.8,544.15,86562
QUICKHEAL,20200220,125.8,132,124.35,128.3,371612
RADAAN,20200220,1.25,1.25,1.25,1.25,2260
RADICO,20200220,437,437.5,423,426.9,378585
RADIOCITY,20200220,27.1,27.1,26.55,26.85,93006
RAIN,20200220,104.4,104.6,101.1,102.4,611876
RAJESHEXPO,20200220,702.5,705.95,661,664.1,209560
RAJSREESUG,20200220,16.9,16.9,15.85,16.15,18786
RAJTV,20200220,41.9,43.4,40.25,41.5,8878
RALLIS,20200220,239.2,256,237.1,244.8,2432382
RAMANEWS,20200220,14.3,15.5,14.3,14.45,11466
RAMASTEEL,20200220,41.2,42.35,38.5,40.6,4828
RAMCOCEM,20200220,799,819,799,804.25,455417
RAMCOIND,20200220,183.05,187.35,177.45,182.85,20698
RAMCOSYS,20200220,152.7,157.55,150.3,155,40225
RAMKY,20200220,30.85,31.25,29.8,29.95,25369
RANASUG,20200220,4.75,4.8,4.6,4.6,157416
RANEENGINE,20200220,218,218,208.3,208.55,531
RANEHOLDIN,20200220,710,717.9,685.1,691.7,1785
RATNAMANI,20200220,1324,1345,1301.1,1315.1,7018
RAYMOND,20200220,582.9,597.1,577.1,583.7,272955
RBL,20200220,572,580,560,567.35,9786
RBLBANK,20200220,306,319.5,303.3,308.8,10577076
RCF,20200220,43.35,43.5,42.6,42.8,827067
RCOM,20200220,0.7,0.75,0.65,0.75,11872387
RECLTD,20200220,136.9,141.4,136.25,139.95,3709506
REDINGTON,20200220,121.65,126.5,116.7,121.05,407195
REFEX,20200220,70.5,73,69.95,69.95,259996
REGENCERAM,20200220,1,1,0.95,0.95,52
RELAXO,20200220,813.85,818,795.05,805.15,238746
RELCAPITAL,20200220,7.25,7.5,7.1,7.5,2312908
RELIANCE,20200220,1497,1508,1483.8,1485.95,7722577
RELIGARE,20200220,44.95,45.45,44.15,45.45,246874
RELINFRA,20200220,22.9,24.35,22.25,23.35,5689505
REMSONSIND,20200220,81,81.7,78.15,81.65,220
RENUKA,20200220,7.15,7.25,7.05,7.1,517038
REPCOHOME,20200220,301.6,312.8,300.65,308.25,86175
REPRO,20200220,560.05,569.9,546.1,555.7,5778
RESPONIND,20200220,88.5,91.7,87.15,89.9,137449
REVATHI,20200220,495,519.95,473.2,510.4,7571
RGL,20200220,400.95,401,389,399.25,7488
RHFL,20200220,1,1,1,1,170612
RICOAUTO,20200220,40.45,41.5,40.15,40.35,231956
RIIL,20200220,360.7,373,360.4,366.5,479412
RITES,20200220,319.9,324,315.5,318.85,963953
RKDL,20200220,5.5,5.8,5.4,5.55,7401
RKFORGE,20200220,341.9,346.5,334.45,342.1,38747
RMCL,20200220,4.9,5.1,4.7,4.75,37196
RML,20200220,266.95,266.95,254.5,255.15,11174
RNAVAL,20200220,1.5,1.6,1.5,1.6,4507984
ROHITFERRO,20200220,0.4,0.45,0.4,0.4,6862
ROHLTD,20200220,71,72.8,70.1,71.45,42466
ROLLT,20200220,1.4,1.5,1.4,1.45,5906
ROLTA,20200220,3.4,3.55,3.35,3.45,164990
ROSSELLIND,20200220,62,62,59,59.1,4928
RPGLIFE,20200220,280,284.4,274,277.2,18982
RPOWER,20200220,1.8,1.8,1.75,1.8,7710936
RPPINFRA,20200220,50.3,52.3,49.1,50.45,17265
RSSOFTWARE,20200220,18.55,19.2,18.25,18.65,14175
RSWM,20200220,117.6,121.9,113.5,114.25,24898
RSYSTEMS,20200220,98.85,101,96.6,97.95,72369
RTNPOWER,20200220,2.85,2.85,2.85,2.85,2011451
RUBYMILLS,20200220,207.95,208.95,198.55,200.8,3065
RUCHI,20200220,48.65,48.65,48.65,48.65,1652
RUCHINFRA,20200220,2.7,2.7,2.7,2.7,27807
RUCHIRA,20200220,61.9,62.65,59.5,60.05,63907
RUPA,20200220,218.1,222.5,217,218.85,13523
RUSHIL,20200220,130,132.5,128,128.8,5403
RVNL,20200220,23.6,24.4,23.4,23.6,9653258
SABTN,20200220,1.3,1.3,1.2,1.25,13477
SADBHAV,20200220,81.5,86,81.5,82.7,550770
SADBHIN,20200220,28.45,31.4,27.65,29.5,396975
SAFARI,20200220,642.9,647.8,618.05,629.75,116700
SAGARDEEP,20200220,81.45,81.45,80.95,80.95,5487
SAGCEM,20200220,516.35,525.65,506.15,512.55,1095
SAIL,20200220,41.25,42.65,40.95,42.15,23850054
SAKAR,20200220,62.9,62.9,62,62,3898
SAKHTISUG,20200220,9.15,9.45,9.15,9.25,63654
SAKSOFT,20200220,203.45,204.85,201.1,202.45,6155
SAKUMA,20200220,6.05,6.2,6,6.1,72687
SALASAR,20200220,122.75,126,119.25,124.35,76789
SALONA,20200220,65.2,69.55,62.1,63.9,1982
SALSTEEL,20200220,2.85,2.95,2.85,2.9,860
SALZERELEC,20200220,106.25,107.6,105.5,106.95,6082
SAMBHAAV,20200220,2.15,2.2,1.95,2.15,6843
SANCO,20200220,14.65,14.7,13.6,14,132427
SANDESH,20200220,586,616.5,580.5,594.3,573
SANDHAR,20200220,262.55,270.8,258,268.1,5302
SANGAMIND,20200220,53.65,56.25,51.55,53,2794
SANGHIIND,20200220,32.2,33.2,32.2,32.8,41093
SANGHVIFOR,20200220,14.8,16.25,14.8,15.45,8025
SANGHVIMOV,20200220,111,115.2,106.35,109.9,36110
SANGINITA,20200220,160,161,159.35,160.6,34784
SANOFI,20200220,7199.95,7395,7185.55,7310.95,16608
SANWARIA,20200220,1.7,1.75,1.5,1.5,5469641
SARDAEN,20200220,204.6,205.15,200.25,202.95,19195
SAREGAMA,20200220,395.3,395.3,382,383.5,7397
SARLAPOLY,20200220,20.15,20.7,20,20.45,24035
SASKEN,20200220,571.45,594.95,571.45,578,12436
SASTASUNDR,20200220,71.3,71.3,68.5,69.95,2087
SATHAISPAT,20200220,1.75,1.8,1.75,1.8,222
SATIA,20200220,104.45,105,98.25,102.6,107309
SATIN,20200220,185.9,191,177,180.3,260231
SBIETFQLTY,20200220,102,103,100.9,101.38,1193
SBILIFE,20200220,939.7,945,921.7,928.75,784552
SBIN,20200220,319.35,329.2,318.75,327.65,40150409
SCAPDVR,20200220,0.15,0.2,0.15,0.2,211243
SCHAEFFLER,20200220,4530.75,4660,4530.7,4646.95,2154
SCHAND,20200220,69.65,73,69.65,72.8,6881
SCHNEIDER,20200220,102,102.9,100,100.25,204955
SCI,20200220,55.6,56.5,55,55.5,559024
SDBL,20200220,104.5,105.7,101.6,104.95,12158
SEAMECLTD,20200220,447.45,447.45,430,435,1363
SELAN,20200220,137.5,139.3,135.1,136.15,29284
SELMCL,20200220,0.7,0.7,0.6,0.65,227440
SEPOWER,20200220,2.15,2.4,2.15,2.3,10350
SEQUENT,20200220,95.25,95.7,93.75,94.15,132071
SESHAPAPER,20200220,161.1,164.8,157.2,158.25,32955
SETCO,20200220,10.55,10.55,9.85,10.05,146899
SETF10GILT,20200220,189.5,190,188.97,189.54,2054
SETFGOLD,20200220,3760,3760,3741,3747.65,24220
SETFNIF50,20200220,123,125.45,123,124.76,76962
SETFNIFBK,20200220,314,314,310.11,311.87,533882
SETFNN50,20200220,291,298,291,296.02,4137
SETUINFRA,20200220,0.8,0.85,0.75,0.8,37706
SEYAIND,20200220,80.55,85.85,79.85,81.15,36651
SFL,20200220,1687,1689,1643.25,1671.5,6312
SGL,20200220,6.65,6.8,6.35,6.55,33518
SHAHALLOYS,20200220,7.15,7.15,7.15,7.15,2
SHAKTIPUMP,20200220,255.5,260.8,247,247.75,127484
SHALBY,20200220,98.5,99,94.3,94.8,38519
SHALPAINTS,20200220,96.1,100.75,96.1,97.25,67079
SHANKARA,20200220,489,502.35,458.3,481.35,106659
SHANTIGEAR,20200220,97,97,92.8,93.05,2973
SHARDACROP,20200220,212.85,217.45,210.1,215.4,9920
SHARDAMOTR,20200220,865,910,865,887.15,882
SHARIABEES,20200220,271.21,271.41,267.4,267.4,451
SHEMAROO,20200220,71,74.3,70.1,72.55,119090
SHIL,20200220,140,142.35,136.85,139.9,22516
SHILPAMED,20200220,460.2,484.05,451.1,466.2,133067
SHIRPUR-G,20200220,8.8,9.5,8.6,9.5,13655
SHIVAMAUTO,20200220,19.45,19.45,18.75,18.85,63205
SHIVAMILLS,20200220,31.5,31.85,30.1,31.5,1095
SHIVATEX,20200220,87.7,91.9,86.05,90.2,3875
SHK,20200220,110.2,116.6,110.2,114.6,40870
SHOPERSTOP,20200220,380,384.25,371.35,382.65,13543
SHREDIGCEM,20200220,27.5,30.5,27.45,30,1241660
SHREECEM,20200220,24400,24791.65,24270.65,24407.4,32057
SHREEPUSHK,20200220,119.9,143.45,119.05,132.6,259740
SHREERAMA,20200220,5.4,5.4,5.2,5.2,30844
SHRENIK,20200220,39.05,39.3,37.15,38.35,216392
SHREYANIND,20200220,116,117,112.7,113,8633
SHREYAS,20200220,75.9,77.3,71.3,72.05,24762
SHRIPISTON,20200220,692,692,670,675,46
SHRIRAMCIT,20200220,1405.35,1442,1400,1435.15,2245
SHRIRAMEPC,20200220,4,4.05,3.85,3.9,57253
SHYAMCENT,20200220,2.85,2.85,2.85,2.85,19
SICAGEN,20200220,14.55,15.8,14.5,15.05,21566
SICAL,20200220,9.75,9.75,9.4,9.6,492888
SIEMENS,20200220,1415.45,1430.25,1408.75,1412.7,269766
SIGIND,20200220,19.6,20.45,19.25,19.35,7944
SIL,20200220,11.05,11.55,11,11.55,1068
SILINV,20200220,136.25,144.85,136,136.85,967
SIMBHALS,20200220,6.8,6.8,6.35,6.55,6714
SIMPLEXINF,20200220,53.95,53.95,53.95,53.95,119808
SINTEX,20200220,0.75,0.75,0.65,0.75,3101243
SIRCA,20200220,323,330.3,323,330.25,6029
SIS,20200220,580,623.7,580,607.4,82759
SITINET,20200220,1.05,1.15,1.05,1.05,166199
SIYSIL,20200220,228.25,228.25,223.55,224.45,24598
SJVN,20200220,25.5,26,25.45,25.65,2990796
SKFINDIA,20200220,1950,2006.9,1950,1973.3,28788
SKIL,20200220,4.15,4.45,4.15,4.4,25681
SKIPPER,20200220,35.4,39.3,35.4,38.05,271000
SKMEGGPROD,20200220,31.2,32.5,30.25,31,26162
SMARTLINK,20200220,80.15,81.05,78.55,78.75,1278
SMLISUZU,20200220,575.65,595,573.15,575.85,86362
SMSLIFE,20200220,253.2,261,250.05,254.15,3688
SMSPHARMA,20200220,40.15,41.25,39.75,39.85,19016
SNOWMAN,20200220,43.4,43.9,43.35,43.6,1583332
SOBHA,20200220,354,354.5,336.1,338.1,324764
SOLARA,20200220,632.8,698,614.6,682.65,133173
SOLARINDS,20200220,1268.8,1279,1205.55,1226.95,15444
SOMANYCERA,20200220,202.8,205.45,199.5,200.05,72549
SOMATEX,20200220,2.1,2.1,2,2.05,2640
SOMICONVEY,20200220,13.5,13.5,12.75,13.5,305
SONATSOFTW,20200220,332.75,343,325,339.45,130691
SORILINFRA,20200220,107.9,108.2,104.2,108.2,46733
SOTL,20200220,815,834,806.1,809.55,795
SOUTHBANK,20200220,9.8,9.8,9.7,9.7,2764977
SOUTHWEST,20200220,19,19,17,17.4,264
SPAL,20200220,166.2,169.1,160.35,167.5,13464
SPANDANA,20200220,1046,1124,1031.6,1098,157775
SPARC,20200220,164.8,170.5,164.35,167.15,602277
SPCENET,20200220,0.85,0.9,0.85,0.9,553
SPECIALITY,20200220,56,57.6,55.85,56.2,54150
SPENCERS,20200220,84.35,92.35,83.45,88.35,3724420
SPENTEX,20200220,0.25,0.25,0.2,0.25,14417
SPIC,20200220,17.45,18,17.45,17.65,16471
SPICEJET,20200220,87.8,94.2,86.55,92.85,6435604
SPLIL,20200220,29.35,29.65,28.1,28.75,13734
SPMLINFRA,20200220,9.1,9.45,8.9,9.05,3423
SPTL,20200220,0.9,0.9,0.8,0.85,1658372
SPYL,20200220,0.3,0.3,0.25,0.25,26209
SREEL,20200220,157.05,161,155.25,156.4,8345
SREINFRA,20200220,8,8.75,8,8.5,677387
SRF,20200220,4170,4260,4155,4166.8,317946
SRHHYPOLTD,20200220,119,136.4,115.5,130.85,55516
SRIPIPES,20200220,223.4,232.25,223.4,229.2,136901
SRTRANSFIN,20200220,1281,1359.4,1277,1341.3,3319174
SSWL,20200220,742.05,754.7,742.05,747.9,10788
STAMPEDE,20200220,0.3,0.35,0.3,0.3,102431
STAR,20200220,509.4,524.8,505,513.4,359087
STARCEMENT,20200220,85.9,86.75,84.6,85.1,26216
STARPAPER,20200220,138,139.65,132.1,133.45,824410
STCINDIA,20200220,49.95,52.9,47.55,50.05,50279
STEELCITY,20200220,28.7,30.45,28.15,29.15,446
STEELXIND,20200220,24,24.7,24,24.5,16901
STEL,20200220,62.3,62.4,60.7,61,10016
STERTOOLS,20200220,202.75,221,202.75,219.15,19466
STINDIA,20200220,4.15,4.15,4.15,4.15,102
STRTECH,20200220,118,118.8,112.8,113.3,2910294
SUBCAPCITY,20200220,5.5,5.5,5.5,5.5,7000
SUBEX,20200220,6.8,7.35,6.2,6.95,6530142
SUBROS,20200220,252.8,269.8,248,264.65,54830
SUDARSCHEM,20200220,462.75,472.9,462,465.95,168926
SUJANAUNI,20200220,0.15,0.2,0.1,0.15,349211
SUMEETINDS,20200220,1.5,1.55,1.5,1.55,55728
SUMICHEM,20200220,253.9,254.8,248.5,249.65,443645
SUMIT,20200220,16.45,17.25,15.65,15.65,6031
SUMMITSEC,20200220,430.05,446.05,426.3,437,1175
SUNCLAYLTD,20200220,2068,2090,2011,2050.5,1393
SUNDARAM,20200220,1.5,1.55,1.5,1.55,182362
SUNDARMFIN,20200220,1650,1650,1632.95,1645.55,42932
SUNDARMHLD,20200220,63.75,63.75,60.2,62.25,13843
SUNDRMBRAK,20200220,294,303,286,292,2799
SUNDRMFAST,20200220,444.85,458.5,444.8,451.1,95422
SUNFLAG,20200220,38,38.6,37.5,37.7,105999
SUNPHARMA,20200220,403.85,411.5,403.55,404.95,4000525
SUNTECK,20200220,404,409.6,381.25,388.8,188468
SUNTV,20200220,493.5,501.6,488.5,490.8,2532878
SUPERHOUSE,20200220,90.1,91.95,89.2,89.9,6410
SUPERSPIN,20200220,3.1,3.15,2.95,3,13084
SUPPETRO,20200220,172.05,172.95,169,169.7,7110
SUPRAJIT,20200220,196.4,199,189,191.2,58920
SUPREMEIND,20200220,1405,1405,1376,1391.1,58170
SUPREMEINF,20200220,19.9,20.85,18.95,20.5,8257
SURANASOL,20200220,7.35,7.6,7.35,7.4,16049
SURANAT&P,20200220,3.7,4.1,3.7,3.85,9538
SURYALAXMI,20200220,18.7,20,17.65,19.1,4053
SURYAROSNI,20200220,164.5,166.55,160.15,161,27962
SUTLEJTEX,20200220,28.6,30.5,28.6,29.9,8577
SUVEN,20200220,53.7,53.7,53.7,53.7,43285
SUZLON,20200220,2.45,2.45,2.45,2.45,5000288
SWANENERGY,20200220,129,129,119.3,123.75,14443
SWARAJENG,20200220,1150.05,1307.9,1150,1265.5,32102
SWELECTES,20200220,120.65,125.8,120.5,123.9,3561
SWSOLAR,20200220,236,242,224,226.95,420200
SYMPHONY,20200220,1366,1404.85,1366,1378.6,175186
SYNCOM,20200220,0.55,0.6,0.55,0.6,14412
SYNDIBANK,20200220,22.25,22.6,21.9,22.25,669164
SYNGENE,20200220,306.8,314,304.5,306.95,145926
TAINWALCHM,20200220,51.1,56,49.5,51.05,19476
TAJGVK,20200220,173.7,178.5,170.8,172.4,35639
TAKE,20200220,99.2,100.5,98.45,99.6,48849
TALBROAUTO,20200220,118.3,119.95,116,116.15,7584
TALWALKARS,20200220,1.85,1.85,1.85,1.85,30919
TALWGYM,20200220,1.3,1.3,1.3,1.3,25121
TANLA,20200220,76.95,79.85,75.1,76.8,296663
TANTIACONS,20200220,2.05,2.25,2.05,2.25,501
TARAPUR,20200220,3.55,3.55,3.55,3.55,200
TARMAT,20200220,31.1,33.4,31.05,33.4,8601
TASTYBITE,20200220,11150,12298.55,10809,12298.55,4862
TATACHEM,20200220,761,778.5,760.1,763.65,763089
TATACOFFEE,20200220,95.4,96.6,93.75,94.25,316613
TATACOMM,20200220,390,445.9,380.05,391.85,329079
TATAELXSI,20200220,1005.7,1021,986,996.4,633182
TATAGLOBAL,20200220,383.15,384.95,379.1,380.5,5137245
TATAINVEST,20200220,922.4,952,920.1,922.4,92534
TATAMETALI,20200220,605.35,645,600.05,636.75,139695
TATAMOTORS,20200220,157.95,162.3,156,158.5,54328194
TATAMTRDVR,20200220,63.95,66.1,63.55,64.85,2754150
TATAPOWER,20200220,51.85,52.65,50.9,51.6,22312622
TATASTEEL,20200220,429,447.7,428,443.55,12980237
TATASTLBSL,20200220,27.1,28.25,27,28,1097539
TATASTLLP,20200220,371.5,381.5,371.3,373.25,30106
TBZ,20200220,35.55,37.05,35.2,35.65,81901
TCI,20200220,259.85,267.55,259.15,261.45,9594
TCIDEVELOP,20200220,347,347,340,347,1420
TCIEXP,20200220,909.8,917.35,900,913.85,13440
TCIFINANCE,20200220,6.05,6.35,6.05,6.1,24342
TCNSBRANDS,20200220,564,598.8,553.25,589.25,13832
TCPLPACK,20200220,280.05,295,280.05,287,2171
TCS,20200220,2204.5,2214.4,2151.25,2156.8,2317278
TDPOWERSYS,20200220,168.65,170.9,167,167.2,16693
TEAMLEASE,20200220,2475,2507,2430.05,2469.7,13034
TECHIN,20200220,2.5,2.5,2.4,2.4,2383
TECHM,20200220,840.15,845.9,826.95,829.6,1066232
TECHNOE,20200220,298.95,300.25,295.65,299.6,1780
TECHNOFAB,20200220,12.5,12.5,12.5,12.5,3604
TEJASNET,20200220,69.35,77,67.05,67.35,846130
TERASOFT,20200220,24.05,25.1,23.45,24.4,12774
TEXINFRA,20200220,41.55,43,41.05,41.3,5526
TEXMOPIPES,20200220,14.3,14.55,13.8,14.05,35729
TEXRAIL,20200220,31.4,31.4,30.2,30.25,191116
TFCILTD,20200220,72,73.2,71.1,72.3,107266
TFL,20200220,3.95,4.15,3.95,3.95,2230
TGBHOTELS,20200220,3.4,3.4,3.15,3.4,8287
THANGAMAYL,20200220,451.05,458.15,447,449.95,13734
THEINVEST,20200220,117,117.9,115.5,116.25,6361
THEMISMED,20200220,417.4,430,407.5,413.9,1365
THERMAX,20200220,989.95,1007.95,972,980.4,27631
THOMASCOOK,20200220,44.8,49.5,44.6,49.5,1683241
THYROCARE,20200220,618,624.4,607.55,612.15,409692
TI,20200220,18.4,19,18.4,18.8,24042
TIDEWATER,20200220,4828.95,4852,4808,4833.25,722
TIIL,20200220,326.9,327.95,305.05,315.25,4161
TIINDIA,20200220,499.9,514.5,490,505.8,54483
TIJARIA,20200220,5,5.25,5,5.15,4825
TIL,20200220,186.3,191.65,181.6,186.2,4401
TIMESGTY,20200220,30.5,30.5,29.1,29.35,804
TIMETECHNO,20200220,51.05,53.25,51.05,52.05,83532
TIMKEN,20200220,1039,1047.95,1029.5,1040.1,31371
TINPLATE,20200220,138.9,142.75,137.25,138.75,391747
TIPSINDLTD,20200220,122.1,129.9,122.1,129,12713
TIRUMALCHM,20200220,64.65,65.5,63,63.35,270646
TITAN,20200220,1330,1341.05,1320,1322.85,1513648
TMRVL,20200220,8.6,8.6,7.8,8.55,36537
TNPETRO,20200220,35.2,35.9,35.1,35.25,41565
TNPL,20200220,173.85,173.85,168,169.75,171137
TNTELE,20200220,1.5,1.5,1.4,1.4,930
TOKYOPLAST,20200220,60,65.2,60,62.65,6205
TORNTPHARM,20200220,2240,2259,2230.05,2238.95,266143
TORNTPOWER,20200220,314,321.65,313.15,314.05,1808533
TOUCHWOOD,20200220,74,78.35,73.7,74.6,23863
TPLPLASTEH,20200220,126.75,126.75,119.05,122.15,3561
TREEHOUSE,20200220,5,5.05,4.75,4.9,4502
TREJHARA,20200220,8.35,8.35,7.55,7.85,34586
TRENT,20200220,775.9,794,765,776.05,1076588
TRF,20200220,111,116.05,110,112.5,45244
TRIDENT,20200220,5.7,6.35,5.65,6.25,9631189
TRIGYN,20200220,45.75,46.35,45.15,45.5,29276
TRIL,20200220,8.9,8.95,8.2,8.45,229800
TRITURBINE,20200220,94.05,100.95,93.8,100.05,161817
TRIVENI,20200220,79.5,81.95,79.2,80.35,559445
TTKHLTCARE,20200220,484.1,497.6,480,485.05,2661
TTKPRESTIG,20200220,5850.75,5880,5840,5865.9,1578
TTL,20200220,40.95,43.3,40.25,41.55,12404
TTML,20200220,3.15,3.3,3.05,3.25,1803291
TV18BRDCST,20200220,28,28.5,26.5,26.85,9337940
TVSELECT,20200220,107.8,110.4,104.3,105.3,30686
TVSMOTOR,20200220,440.5,447.9,437.3,446.45,1211994
TVSSRICHAK,20200220,1592.25,1615,1575.05,1594.3,2122
TVTODAY,20200220,256,263.5,247.9,251,24498
TVVISION,20200220,1.1,1.1,1.05,1.05,2780
TWL,20200220,46.05,46.75,45,45.2,347547
UBL,20200220,1286,1304.7,1261.1,1267,395050
UCALFUEL,20200220,121.65,123.3,119.45,120.8,13814
UCOBANK,20200220,14,14.05,13.65,13.8,384069
UFLEX,20200220,230.65,231.9,222.3,227.5,62513
UFO,20200220,117.2,118.25,115.5,116.1,41667
UGARSUGAR,20200220,14.7,14.9,14.4,14.65,42291
UJAAS,20200220,3.85,4,3.7,3.9,464547
UJJIVAN,20200220,390.9,391.9,384.25,385.4,1243142
UJJIVANSFB,20200220,52.8,53.6,52.45,53.25,1351336
ULTRACEMCO,20200220,4450,4508,4420,4428.1,414088
UMANGDAIRY,20200220,52.5,52.85,48.5,49.7,461133
UMESLTD,20200220,0.85,0.85,0.85,0.85,697
UNICHEMLAB,20200220,138.4,140.9,136.1,136.9,16482
UNIENTER,20200220,69,70,68.05,68.1,6271
UNIONBANK,20200220,43.9,44.8,43.7,44.2,2389438
UNIPLY,20200220,9.2,9.2,8.5,8.5,507195
UNITECH,20200220,2.8,2.8,2.8,2.8,594252
UNITEDBNK,20200220,7.8,7.95,7.7,7.75,159928
UNITEDTEA,20200220,274,274,257,260.35,485
UNIVCABLES,20200220,156,156,151,152.3,8523
UNIVPHOTO,20200220,69.45,69.45,69.45,69.45,658
UPL,20200220,586,596.25,580.7,584.35,1802988
URJA,20200220,1.5,1.5,1.45,1.45,657737
USHAMART,20200220,24.45,24.9,24.05,24.8,122529
UTINEXT50,20200220,291,297,289.7,294.5,13
UTINIFTETF,20200220,1279.8,1291.6,1279.8,1283.9,248
UTISENSETF,20200220,439.97,439.99,432.01,438,156
UTISXN50,20200220,320,320,320,320,1
UTTAMSTL,20200220,6.6,6.6,6.25,6.35,44220
UTTAMSUGAR,20200220,110.7,111.7,108,108.7,67613
UVSL,20200220,0.1,0.1,0.05,0.05,5069274
V2RETAIL,20200220,82,83.6,81.5,81.95,97883
VADILALIND,20200220,839.95,887,832.75,881.6,42747
VAIBHAVGBL,20200220,1173,1199,1164.8,1174.5,67951
VAISHALI,20200220,52,52.35,51,52.05,10221
VAKRANGEE,20200220,46.2,46.2,45.45,45.85,1560671
VARDHACRLC,20200220,33.3,34.1,32.5,34.05,4315
VARDMNPOLY,20200220,2.2,2.2,2.2,2.2,1220
VARROC,20200220,407.9,413,400.05,402.55,16452
VASCONEQ,20200220,15.6,16.25,15.05,15.25,269505
VASWANI,20200220,3.45,3.65,3.4,3.45,5943
VBL,20200220,801.95,836.65,800.05,819.05,247308
VEDL,20200220,141.8,144.75,140.8,142.35,11236035
VENKEYS,20200220,1431,1534,1429.85,1477.15,449904
VENUSREM,20200220,25.8,26.7,25.1,25.85,19342
VESUVIUS,20200220,1120.75,1159.8,1110.35,1150.75,4029
VETO,20200220,53.85,54.75,52,52.5,18374
VGUARD,20200220,206,206,202.25,202.9,348312
VHL,20200220,1280.05,1369.9,1280,1321.7,693
VICEROY,20200220,1.15,1.2,1.1,1.15,19088
VIDHIING,20200220,65.95,67,65.25,65.5,19910
VIJIFIN,20200220,0.35,0.4,0.3,0.35,103120
VIKASECO,20200220,2.4,2.4,2.25,2.3,276683
VIKASMCORP,20200220,2.65,2.65,2.5,2.5,333072
VIKASPROP,20200220,10.5,10.5,10.5,10.5,453876
VIKASWSP,20200220,7.5,7.85,7.5,7.8,179435
VIMTALABS,20200220,101,103.5,99,101.8,21114
VINATIORGA,20200220,1010,1024,1002.45,1016.4,43549
VINDHYATEL,20200220,884,905.85,855.25,881.15,7803
VINYLINDIA,20200220,60.8,62,60.2,60.45,11616
VIPCLOTHNG,20200220,6.7,6.95,6.7,6.8,40639
VIPIND,20200220,455,464.35,449,450.3,212241
VIPULLTD,20200220,19.5,20.5,19.5,19.55,6790
VISAKAIND,20200220,245.85,254.35,244.25,245.85,26706
VISASTEEL,20200220,4,4.15,3.75,4.05,9586
VISESHINFO,20200220,0.05,0.1,0.05,0.1,2552977
VISHAL,20200220,231,231,230,230,26500
VISHNU,20200220,121.75,128,118.6,123.05,14025
VISHWARAJ,20200220,77.9,77.9,68,72.15,3760
VIVIDHA,20200220,0.25,0.3,0.25,0.25,167412
VIVIMEDLAB,20200220,10.2,11.1,10.05,10.8,185442
VLSFINANCE,20200220,55.1,57,54.75,56.05,13808
VMART,20200220,2372,2492,2372,2431.3,35830
VOLTAMP,20200220,1464.8,1469.9,1410,1412.8,17249
VOLTAS,20200220,736,741,721.05,725,2105332
VRLLOG,20200220,243.25,257.7,243.25,245.8,188186
VSSL,20200220,68.75,68.95,67,67.3,6623
VSTIND,20200220,4378.3,4385.1,4326.05,4342.25,5524
VSTTILLERS,20200220,1255.1,1277.9,1232.25,1232.6,3973
VTL,20200220,1064.7,1080,1055.5,1075.35,9422
WABAG,20200220,203.7,223,203.5,216.8,689349
WABCOINDIA,20200220,6735,6920,6730,6806.7,4866
WALCHANNAG,20200220,58.15,59.6,57.7,58.55,159232
WANBURY,20200220,26,27.6,26,27.6,13422
WATERBASE,20200220,132.5,142.6,132.05,136.45,867013
WEBELSOLAR,20200220,26.25,26.7,25.2,25.45,73247
WEIZFOREX,20200220,405,412.4,385,388.55,8096
WEIZMANIND,20200220,24.9,24.9,23.75,23.75,12914
WELCORP,20200220,209.5,210,202.5,203.95,494914
WELENT,20200220,72.6,73.9,72,72.6,165881
WELINV,20200220,213.65,213.65,204.05,206.2,274
WELSPUNIND,20200220,45.45,46.5,45.1,45.3,829756
WENDT,20200220,2710.05,2769.8,2707.25,2750,467
WESTLIFE,20200220,488,489.9,473,477.1,178970
WHEELS,20200220,594.7,600.35,556.2,566.5,1110568
WHIRLPOOL,20200220,2269,2298.9,2244,2276.45,66597
WILLAMAGOR,20200220,16.95,16.95,16.15,16.4,8122
WINDMACHIN,20200220,20.5,20.5,18.65,18.75,8868
WIPRO,20200220,248,248.55,245.1,245.7,2120807
WOCKPHARMA,20200220,367.9,376.5,353.1,357.65,1721408
WONDERLA,20200220,237,237.95,233.65,234.15,12739
WSI,20200220,1.4,1.4,1.4,1.4,21730
WSTCSTPAPR,20200220,230.7,232.5,217.1,219.2,293446
XCHANGING,20200220,54.25,54.25,51.7,52.2,17680
XELPMOC,20200220,58.75,59.9,58.1,58.7,1931
XPROINDIA,20200220,23.7,23.7,22.75,23.5,230
YESBANK,20200220,35.3,36.5,34.65,35.45,119436898
ZEEL,20200220,252.5,260.85,251,256.8,9684251
ZEELEARN,20200220,18.3,18.3,17.5,17.85,149294
ZEEMEDIA,20200220,5.1,5.35,4.95,5.35,461679
ZENITHBIR,20200220,0.45,0.5,0.45,0.5,54278
ZENITHEXPO,20200220,41.3,42,41.3,42,680
ZENSARTECH,20200220,146.45,150.55,144.15,148.55,74552
ZENTEC,20200220,58.35,60,57.8,58,22628
ZICOM,20200220,1.3,1.4,1.3,1.4,2300
ZODIACLOTH,20200220,175.95,186.6,166.35,180.65,4086
ZODJRDMKJ,20200220,27.15,29.25,27.15,28.45,1233
ZOTA,20200220,180,182,178.25,180.95,17163
ZUARI,20200220,85,87.4,84.35,85.05,33209
ZUARIGLOB,20200220,47.6,48.7,46.05,46.65,20987
ZYDUSWELL,20200220,1478,1500,1475,1486.8,4782
NSENIFTY,20200220,12119.00,12152.00,12071.45,12080.85,502875583,0
NIFTYJUNIOR,20200220,28632.20,28958.75,28627.55,28669.80,1218901871,0
NIFTYMIDCAPLIQ15,20200220,4248.90,4291.05,4233.65,4258.75,55020209,0
NSE100,20200220,12242.25,12288.90,12202.75,12211.30,1724531604,0
NIFTY200,20200220,6278.90,6307.30,6263.60,6268.45,2063136325,0
NSE500,20200220,9969.90,10016.65,9950.60,9958.65,2314340813,0
NSEMIDCAP150,20200220,6698.65,6765.20,6688.35,6738.10,361696514,0
MIDCAP50,20200220,4907.30,4965.30,4897.40,4927.75,303182183,0
NSEMIDCAP,20200220,18015.65,18213.80,17987.50,18109.85,338604721,0
NSESMLCAP100,20200220,6151.70,6196.65,6143.00,6162.00,-,0
NIFTYLARGEMIDCAP250,20200220,-,-,-,6230.34,2086228118,0
NIFTYAUTO,20200220,7687.50,7756.35,7667.85,7697.90,104257555,0
BANKNIFTY,20200220,30862.30,31085.30,30702.45,30942.85,273065120,0
NIFTYFINSERVICE,20200220,14511.05,14569.95,14438.45,14510.40,170935284,0
NIFTYFMGC,20200220,30807.75,30904.45,30585.20,30636.25,34634952,0
NSEIT,20200220,16826.30,16843.65,16623.90,16649.40,20306178,0
NIFTYMEDIA,20200220,1882.95,1906.10,1866.75,1871.70,36371863,0
NIFTYMETAL,20200220,2582.95,2627.25,2568.25,2612.25,114333180,0
NIFTYPHARMA,20200220,8401.55,8473.80,8348.75,8364.35,36971243,0
NIFTYPVTBANK,20200220,16863.05,16992.70,16778.35,16895.00,201137589,0
NIFTYPSUBANK,20200220,2140.00,2188.90,2134.55,2168.95,91554258,0
NIFTYREALTY,20200220,305.90,309.00,304.65,306.25,13122599,0
NIFTYCOMMODITIES,20200220,3320.35,3351.20,3314.75,3324.80,249217208,0
NIFTYCONSUMPTION,20200220,5157.35,5178.05,5132.65,5138.70,94917617,0
NIFTYCPSE,20200220,1650.75,1664.20,1641.75,1659.15,143616224,0
NIFTYENERGY,20200220,15012.75,15088.25,14964.75,14987.65,120418565,0
NIFTY100ESG,20200220,-,-,-,2279.31,1601339292,0
NIFTY100ENHESG,20200220,-,-,-,2303.75,1586166518,0
NIFTYINFRA,20200220,3264.30,3280.60,3256.60,3259.10,205059908,0
NIFTYMNC,20200220,14161.30,14220.70,14098.35,14110.00,1012040404,0
NIFTYPSE,20200220,2968.00,2986.55,2954.80,2974.00,219548919,0
NIFTYSMEEMERGE,20200220,-,-,-,1353.47,973280,0
NIFTYSERVSECTOR,20200220,17510.65,17578.55,17454.10,17483.85,404239788,0
NIFTYSHARIAH25,20200220,-,-,-,4407.83,78860807,0
NIFTY50SHARIAH,20200220,-,-,-,2601.45,72590570,0
NIFTY500SHARIAH,20200220,-,-,-,3135.19,297317914,0
NIFTYABGROUP,20200220,-,-,-,2993.11,968935179,0
NIFTYMAHINDRA,20200220,-,-,-,10342.45,5960765,0
NIFTYTATA,20200220,-,-,-,7074.79,110856609,0
NIFTYTATA25CAP,20200220,-,-,-,5111.45,103951511,0
NIFTYABGROUP,20200220,-,-,-,2993.11,968935179,0
NIFTYLIQ15,20200220,3605.35,3666.35,3602.60,3644.95,385462797,0
NIFTY500VALUE50,20200220,-,-,-,3448.71,499494523,0
NIFTYALPHALOWVOL30,20200220,-,-,-,12438.40,119635679,0
NIFTYQUALLOWVOL30,20200220,-,-,-,8609.41,79643495,0
NIFTYALPHAQUALLOWVOL30,20200220,-,-,-,10002.90,100850091,0
NIFTYALPHAQUALVALLOWVOL30,20200220,-,-,-,7424.60,159030868,0
NIFTY50EQUALWEIGHT,20200220,12191.95,12256.30,12166.55,12174.95,502875583,0
NIFTY100EQUALWEIGHT,20200220,13263.00,13385.85,13249.70,13269.95,1724531604,0
NIFTY100LOWVOL30,20200220,8957.35,8958.25,8891.65,8897.80,121444227,0
NSEDEFTY,20200220,-,-,-,5842.93,-,0
NIFTY50DIVPOINT,20200220,123.38,123.38,123.38,123.38,-,0
NIFTYDIVOPPS50,20200220,2511.80,2521.25,2499.40,2502.50,337413789,0
NIFTYALPHA50,20200220,14452.95,14558.75,14410.25,14491.70,100403873,0
NIFTY50ARBITRAGE,20200220,-,-,-,1895.07,-,0
NIFTY50FUTINDEX,20200220,-,-,-,4041.02,-,0
NIFTY50FUTTRINDEX,20200220,-,-,-,12207.23,-,0
NIFTYHIGHBETA50,20200220,-,-,-,1359.07,1626670221,0
NIFTYLOWVOL50,20200220,-,-,-,10989.66,139215200,0
NIFTY50VALUE20,20200220,5548.25,5558.20,5503.20,5511.45,279873883,0
NIFTYGROWSECT15,20200220,6279.95,6295.90,6255.75,6265.50,73320915,0
NIFTY50TR2XLEV,20200220,6754.70,6791.15,6702.15,6712.20,-,0
NIFTY50PR2XLEV,20200220,5191.50,5219.50,5151.10,5158.80,-,0
NIFTY50TR1XINV,20200220,339.90,341.25,339.00,341.00,-,0
NIFTY50PR1XINV,20200220,387.65,389.15,386.60,388.85,-,0
NIFTY-GS-COMPSITE,20200220,2112.07,2112.54,2110.23,2108.06,-,0
NIFTY-GS-4-8YR,20200220,2204.30,2205.84,2201.96,2200.87,-,0
NIFTY-GS-8-13YR,20200220,2073.75,2074.96,2072.41,2069.26,-,0
NIFTY-GS-10YR,20200220,1906.47,1907.17,1904.57,1901.42,-,0
NIFTY-GS-10YR-CLN,20200220,955.16,955.52,954.19,952.57,-,0
NIFTY-GS-11-15YR,20200220,2233.67,2233.67,2231.14,2228.55,-,0
NIFTY-GS-15YRPLUS,20200220,2415.37,2423.92,2415.37,2423.35,-,0
VIX,20200220,14.02,14.03,10.17,13.70,0,0
