20MICRONS,20200109,33.2,34,33.1,33.4,19395
21STCENMGM,20200109,17.1,17.1,16.5,17.1,8524
3IINFOTECH,20200109,2.85,2.95,2.45,2.55,8689138
3MINDIA,20200109,21400,21550,21240,21272.2,2331
3PLAND,20200109,6.2,6.5,5.9,6.5,4102
5PAISA,20200109,201.5,204.95,193.95,195.5,25801
63MOONS,20200109,106.8,111,106.1,107.8,260436
A2ZINFRA,20200109,8.1,8.35,7.85,7.95,251329
AARTIDRUGS,20200109,580,584,570.8,579.25,6173
AARTIIND,20200109,882.7,930.5,882.7,920.45,446795
AARVEEDEN,20200109,14.15,14.7,13.55,14.1,10376
AAVAS,20200109,1958,2101,1952.5,1978.35,59788
ABAN,20200109,27.7,28,26.95,27.05,51666
ABB,20200109,1319,1339,1285,1322.1,49113
ABBOTINDIA,20200109,12800,12847.95,12650,12712.05,5614
ABCAPITAL,20200109,102.5,106.6,102.45,105.5,2931674
ABFRL,20200109,237.15,244.55,237.15,239.85,655948
ABSLBANETF,20200109,317.39,317.39,317.39,317.39,1
ABSLNN50ET,20200109,286.94,286.94,286.94,286.94,1
ACC,20200109,1478,1491.95,1470.9,1486.15,685751
ACCELYA,20200109,1050.3,1057.85,1037.3,1050.9,1877
ACE,20200109,82.6,82.6,79.75,81.1,165019
ADANIENT,20200109,201.9,208.9,201.9,208,3496063
ADANIGAS,20200109,172.5,174.9,168.9,169.6,1688538
ADANIGREEN,20200109,232.15,232.15,232.15,232.15,273048
ADANIPORTS,20200109,389.15,394,386.05,391.8,4186783
ADANIPOWER,20200109,60.35,61.6,60.1,61.15,9268945
ADANITRANS,20200109,336.6,344,331.65,333.85,269745
ADFFOODS,20200109,317,317,302.3,304.75,90711
ADHUNIKIND,20200109,43.5,44.35,42.2,44.35,10895
ADLABS,20200109,4.3,4.35,4.1,4.35,95718
ADORWELD,20200109,306.45,317,306.25,309.45,7687
ADROITINFO,20200109,6.4,6.4,6.1,6.1,14687
ADSL,20200109,19.3,20.55,19.3,20.4,28525
ADVANIHOTR,20200109,52.75,53.1,52,52.15,6398
ADVENZYMES,20200109,167.8,172.5,166.8,169.2,62846
AEGISCHEM,20200109,195.05,201,194.8,198.95,230837
AFFLE,20200109,1569.9,1599,1553,1580.8,66904
AGARIND,20200109,97.1,109.75,97.1,105.75,24953
AGCNET,20200109,154,154,145.1,151,7760
AGRITECH,20200109,43.65,45.75,43.65,44.9,17757
AGROPHOS,20200109,53.1,53.1,53.1,53.1,6276
AHLEAST,20200109,173.75,173.75,168.3,171.8,3440
AHLUCONT,20200109,294.5,298,292.1,294.8,1164
AHLWEST,20200109,356.75,363.55,353.5,360,848
AIAENG,20200109,1640.65,1690.05,1629.5,1654.95,42337
AIONJSW,20200109,15.75,16.5,15.3,15.3,335133
AIRAN,20200109,13.55,13.7,13.15,13.5,733
AJANTPHARM,20200109,1022.4,1040,1022.4,1032,155833
AJMERA,20200109,124.2,134.4,124.2,132.95,209146
AKASH,20200109,77.35,77.35,74.8,76.7,3502
AKSHARCHEM,20200109,240,254,240,242.8,7502
AKSHOPTFBR,20200109,7.05,7.05,6.8,6.95,227168
AKZOINDIA,20200109,1994,2005.95,1963,1976.35,105613
ALANKIT,20200109,13.5,14,13.5,14,72813
ALBERTDAVD,20200109,415,419,411,413.7,7558
ALBK,20200109,18.4,18.5,18.2,18.25,610310
ALCHEM,20200109,1.15,1.15,1.15,1.15,16066
ALEMBICLTD,20200109,57.15,58,56.8,57.3,130578
ALICON,20200109,390.25,410,390.25,401.1,1133
ALKALI,20200109,42,43.15,41.4,42.3,10644
ALKEM,20200109,2125,2150,2118.85,2149.05,104135
ALKYLAMINE,20200109,1250,1275,1236,1261.45,31153
ALLCARGO,20200109,98.7,100,97.6,98.5,96828
ALLSEC,20200109,287.9,293.95,283,287,3699
ALMONDZ,20200109,11.95,12.35,11.4,11.95,327
ALOKTEXT,20200109,2.95,3.05,2.9,2.95,1379395
ALPA,20200109,16.15,16.4,15.9,15.95,40633
ALPHAGEO,20200109,187.1,190.15,186,187.25,5379
ALPSINDUS,20200109,1.85,1.85,1.85,1.85,4401
AMARAJABAT,20200109,726.75,756,726.45,737.85,2007137
AMBER,20200109,1199.9,1224.9,1182,1209.65,43597
AMBIKCO,20200109,841,843.85,835,840,4830
AMBUJACEM,20200109,203.9,209.3,203.85,207.95,5537880
AMDIND,20200109,15.35,15.75,15.25,15.45,6024
AMJLAND,20200109,22.4,22.95,20.3,21.9,6732
AMRUTANJAN,20200109,429.8,437.8,425.1,432.65,13070
ANANTRAJ,20200109,35,38,34.9,37.7,1191137
ANDHRABANK,20200109,16.4,16.55,16.25,16.35,540247
ANDHRACEMT,20200109,2.15,2.15,2.05,2.1,122899
ANDHRSUGAR,20200109,314,316,309.3,311.7,37969
ANIKINDS,20200109,8,8,7.8,7.8,1780
ANKITMETAL,20200109,0.5,0.55,0.5,0.5,28111
ANSALAPI,20200109,5.1,5.15,5,5.05,29326
ANSALHSG,20200109,5.05,5.35,5.05,5.3,22593
ANTGRAPHIC,20200109,0.55,0.6,0.55,0.6,18140
ANUP,20200109,485,514,485,496.65,33445
APARINDS,20200109,395.2,416.85,392.6,400.85,33449
APCL,20200109,161.15,162.6,154.1,159.65,6818
APCOTEXIND,20200109,161.9,162.45,156.6,158.2,8243
APEX,20200109,414.15,424.9,408.6,411.45,556419
APLAPOLLO,20200109,1876.5,1893.95,1855.3,1880.05,41598
APLLTD,20200109,564.9,568.4,556,558.25,70444
APOLLO,20200109,76.45,77.25,73.55,76.6,26367
APOLLOHOSP,20200109,1490,1498.7,1473,1479.6,254798
APOLLOPIPE,20200109,364,364,350.15,354.85,3290
APOLLOTYRE,20200109,164.55,166.9,163.1,165.35,2997881
APOLSINHOT,20200109,694.8,699.7,680,685.55,3135
APTECHT,20200109,182.05,187.45,177,178.4,2460792
ARCHIDPLY,20200109,30.4,32.9,28,30.9,261526
ARCHIES,20200109,17.5,17.9,17.5,17.55,36011
ARCOTECH,20200109,2.2,2.4,2.2,2.25,22570
ARIES,20200109,67,72.45,66.6,69.5,73566
ARIHANT,20200109,19.7,20.65,19.1,19.65,3380
ARIHANTSUP,20200109,26.4,28.4,26.4,27.5,2210
ARMANFIN,20200109,730,786,721.5,746.9,36450
AROGRANITE,20200109,40.35,40.35,37.1,39.4,22828
ARROWGREEN,20200109,50.65,50.65,47.8,49.2,4249
ARROWTEX,20200109,9.55,10.15,9.55,9.9,7120
ARSHIYA,20200109,16.75,17.15,16.05,16.3,43418
ARSSINFRA,20200109,21.05,21.05,20.8,21,8540
ARVIND,20200109,40.4,42.4,40.1,42,2120430
ARVINDFASN,20200109,412,413.5,390.15,396.6,37489
ARVSMART,20200109,86.95,93.5,86,92.4,59581
ASAHIINDIA,20200109,209,209.5,204,205.75,15759
ASAHISONG,20200109,149,155,148.05,151.5,23179
ASAL,20200109,33.95,34.6,33.3,33.35,11018
ASHAPURMIN,20200109,32.4,33.5,30.5,31.3,58202
ASHIANA,20200109,104.6,106.2,103.1,103.95,30727
ASHIMASYN,20200109,6.85,7.05,6.7,6.85,15745
ASHOKA,20200109,102.25,102.85,100.6,101.55,351757
ASHOKLEY,20200109,81.5,82.8,81.15,82.45,18200762
ASIANHOTNR,20200109,98.5,98.5,91,96,3094
ASIANPAINT,20200109,1763,1775,1741,1772.55,1781733
ASIANTILES,20200109,215.8,221.6,215.8,219.4,23248
ASPINWALL,20200109,140,148,135.15,145,2046
ASTEC,20200109,466.7,479,466.7,469.2,6075
ASTERDM,20200109,167,171.7,162.2,165.55,1488525
ASTRAL,20200109,1143.8,1151.1,1125,1128.45,165174
ASTRAMICRO,20200109,83.35,84.5,82.65,82.8,103897
ASTRAZEN,20200109,2605,2639.85,2539.65,2605.45,35091
ASTRON,20200109,39.4,40.8,39.4,39.75,61843
ATFL,20200109,658.95,670,642.35,651.65,7308
ATLANTA,20200109,7.2,7.2,6.8,7.1,36549
ATLASCYCLE,20200109,52.4,53.5,50.25,51.6,1211
ATUL,20200109,4274,4274,4218,4256.85,20986
ATULAUTO,20200109,248.05,250.8,247.55,249.55,7240
AUBANK,20200109,843.75,851,826.35,836.35,1015164
AURIONPRO,20200109,61.25,61.25,59.05,59.65,15757
AUROPHARMA,20200109,456,464.5,454.25,457,1812128
AUSOMENT,20200109,36.3,37,35.05,35.05,2722
AUTOAXLES,20200109,834.8,861.45,825.1,852.45,10450
AUTOIND,20200109,23.9,24.9,23.25,24.7,18544
AUTOLITIND,20200109,22,22.95,21.25,21.9,6336
AVADHSUGAR,20200109,309.1,313.85,304,307.4,132320
AVANTIFEED,20200109,615,626,612,616.15,392122
AVTNPL,20200109,33.1,34.5,33.1,33.6,109362
AXISBANK,20200109,733.55,745,731,742.85,7559853
AXISCADES,20200109,54.4,54.4,53.2,53.85,45815
AXISGOLD,20200109,3526,3597.95,3485,3494.85,1328
AXISNIFTY,20200109,1270,1270,1250,1252.99,46
AYMSYNTEX,20200109,29.75,32.95,29.75,31.8,29438
BAGFILMS,20200109,1.85,1.95,1.85,1.95,47629
BAJAJ-AUTO,20200109,3076,3110,3066.05,3085.7,333029
BAJAJCON,20200109,238,242,237.05,240,184339
BAJAJELEC,20200109,359.25,364.2,355.15,357.55,84650
BAJAJFINSV,20200109,9499.9,9499.9,9209,9395.25,214197
BAJAJHIND,20200109,6.95,7,6.65,6.8,2898304
BAJAJHLDNG,20200109,3448.95,3449,3396,3418.4,74890
BAJFINANCE,20200109,4105.9,4148,4080,4124.2,1419388
BALAJITELE,20200109,49.95,54.3,49.95,53.65,181281
BALAMINES,20200109,397,417,397,412.15,73839
BALAXI,20200109,74.75,74.75,65.05,72,784
BALKRISHNA,20200109,18.95,18.95,18.05,18.05,5295
BALKRISIND,20200109,995.15,1037.65,993.05,1028.8,1135810
BALLARPUR,20200109,0.45,0.45,0.4,0.45,575105
BALMLAWRIE,20200109,122.25,123.9,122.05,122.95,59059
BALPHARMA,20200109,43.95,45.25,42.3,44.5,21982
BALRAMCHIN,20200109,185.65,188,184.5,185.25,662784
BANARBEADS,20200109,29.45,32.2,29.45,32.2,1431
BANARISUG,20200109,1195,1295,1195,1272.6,1306
BANCOINDIA,20200109,102.2,105.55,102.2,103.75,26660
BANDHANBNK,20200109,491.8,493.75,484.25,487.1,1262680
BANG,20200109,25.5,26.2,25.5,26.2,72128
BANKBARODA,20200109,97.25,98,96.55,97.3,21511429
BANKBEES,20200109,320.11,327.89,320.05,327.01,129898
BANKINDIA,20200109,68.9,69.45,68.4,68.75,1894825
BANSWRAS,20200109,113,114.5,108.05,110,3381
BARTRONICS,20200109,1.3,1.3,1.25,1.3,1952
BASF,20200109,982.4,1001.25,980,986.05,12117
BASML,20200109,122.7,134,122.5,131,3660
BATAINDIA,20200109,1740,1771.75,1733.6,1760.65,456274
BAYERCROP,20200109,3764.35,3838.95,3764.3,3798,13323
BBL,20200109,843.95,853.9,832,844.65,6680
BBTC,20200109,1124,1139.9,1108.2,1129.4,171827
BCG,20200109,5.75,5.85,5.7,5.7,209407
BCP,20200109,17.15,17.15,15.55,16.75,41661
BDL,20200109,297.35,303.9,293.1,298.85,36610
BEARDSELL,20200109,12,12.4,10.35,10.9,123622
BEDMUTHA,20200109,17.05,17.85,16.25,16.8,151
BEL,20200109,97,97.25,95.8,97,13893679
BEML,20200109,950,955.05,943.3,946.2,164127
BEPL,20200109,50.75,54.4,50.05,52.35,1227356
BERGEPAINT,20200109,502.5,510,500.05,508.5,1054278
BFINVEST,20200109,329.5,337.3,324.1,328.35,130524
BFUTILITIE,20200109,318.5,329.4,317.25,321.9,476191
BGLOBAL,20200109,1.5,1.55,1.5,1.5,3391
BGRENERGY,20200109,35.6,40.8,35.55,39.65,1906872
BHAGERIA,20200109,109.15,113,109.15,111.3,63031
BHAGYANGR,20200109,19.5,20.8,18.55,20,11212
BHAGYAPROP,20200109,23,23.55,21.95,23.5,9411
BHANDARI,20200109,1.25,1.35,1.25,1.25,169284
BHARATFORG,20200109,492.5,511.9,491.3,507.3,2916567
BHARATGEAR,20200109,69,69.75,64.35,69.75,6586
BHARATRAS,20200109,6100,6190,6050,6063.45,1001
BHARATWIRE,20200109,28.2,29.5,27.9,28.35,15836
BHARTIARTL,20200109,468.4,474.95,455.3,460.1,17845812
BHEL,20200109,44,45.1,43.6,44.9,16119627
BIGBLOC,20200109,34.75,34.75,34.7,34.7,65
BIL,20200109,166.9,171.25,164.1,171.25,1138
BILENERGY,20200109,1.1,1.15,1.05,1.1,167307
BINDALAGRO,20200109,10.25,10.8,10.1,10.65,44319
BIOCON,20200109,289,289.4,281.5,282.3,2737162
BIOFILCHEM,20200109,14.55,14.55,14.55,14.55,669
BIRLACABLE,20200109,62.5,62.5,60.5,61.9,65438
BIRLACORPN,20200109,646,652,636,647.45,128404
BIRLAMONEY,20200109,36.05,36.9,35.3,35.85,161046
BKMINDST,20200109,0.65,0.65,0.6,0.65,83376
BLBLIMITED,20200109,4.15,4.95,4.1,4.95,135140
BLISSGVS,20200109,149.8,150.45,148,148.45,260998
BLKASHYAP,20200109,9.4,9.4,8.9,9,56318
BLS,20200109,71.85,71.85,69.1,70.15,22597
BLUEBLENDS,20200109,0.75,0.75,0.75,0.75,44
BLUEDART,20200109,2247.75,2260,2220,2249.2,3631
BLUESTARCO,20200109,815,829,815,825.7,35059
BODALCHEM,20200109,70.8,73.35,70.3,71.1,336329
BOMDYEING,20200109,80,85,79.05,84.45,5318480
BOROSIL,20200109,156.05,166,155,162.4,190792
BOSCHLTD,20200109,14710,14935,14610,14879.9,10637
BPCL,20200109,472.15,474.4,465.45,470.55,6499656
BPL,20200109,21.2,21.4,20,20.4,162674
BRIGADE,20200109,225.1,227.3,220,225,439738
BRITANNIA,20200109,3047.2,3049,2995.1,3001.1,434270
BRNL,20200109,59,59.4,57.1,57.75,20760
BROOKS,20200109,32,32.8,31.8,32.55,15388
BSE,20200109,496,505,496,501.15,63552
BSELINFRA,20200109,1.05,1.05,1,1.05,32581
BSL,20200109,31.75,31.75,30.05,30.45,3491
BSLGOLDETF,20200109,3716,3716,3652.2,3669.95,227
BSLNIFTY,20200109,132.84,133.41,132.84,133.12,2
BSOFT,20200109,70.15,72,70.1,70.6,178301
BURNPUR,20200109,1.35,1.45,1.35,1.4,37054
BUTTERFLY,20200109,247.1,260.1,242,244,511109
BVCL,20200109,12.35,13.55,12.35,12.85,3017
BYKE,20200109,19,20.4,19,19.4,19000
CADILAHC,20200109,260,262.25,257,258.45,608732
CALSOFT,20200109,13.2,13.65,12.75,13.25,585539
CAMLINFINE,20200109,83.25,83.85,81.5,82,355745
CANBK,20200109,213.6,215.75,210.75,213.45,8668763
CANFINHOME,20200109,395,395,384.5,386.6,146359
CANTABIL,20200109,282.4,286,275.35,282,58017
CAPACITE,20200109,199.15,203,193.8,196.45,75044
CAPLIPOINT,20200109,297.8,297.8,288.5,289.9,68555
CAPTRUST,20200109,191.5,191.5,185.2,191.45,7623
CARBORUNIV,20200109,330.5,330.9,326.5,327.55,26777
CAREERP,20200109,133,133,117.65,118.4,199359
CARERATING,20200109,612,625,597,600.15,522379
CASTEXTECH,20200109,0.4,0.4,0.35,0.35,29893
CASTROLIND,20200109,127,128.85,126.2,126.6,1614831
CCHHL,20200109,3.25,3.3,3.1,3.15,8796
CCL,20200109,199,199,190.25,194.2,260913
CDSL,20200109,245,255.7,244,250.95,1737231
CEATLTD,20200109,1003,1033.9,1000,1030,201567
CEBBCO,20200109,14.15,15.3,14.15,14.9,147878
CELEBRITY,20200109,6.6,7.15,6.6,7.15,12240
CELESTIAL,20200109,3.2,3.35,3.2,3.2,6033
CENTENKA,20200109,179.95,183.9,178.5,180,31337
CENTEXT,20200109,2.45,2.55,2.35,2.5,106618
CENTRALBK,20200109,17.95,18.15,17.75,17.9,442563
CENTRUM,20200109,24.5,24.7,22.9,23.2,146923
CENTUM,20200109,365.7,372.95,356.1,357.15,4280
CENTURYPLY,20200109,166,166,163.1,163.5,240664
CENTURYTEX,20200109,480,494.9,480,488,1699529
CERA,20200109,2586.65,2697.5,2586.6,2671.3,3108
CEREBRAINT,20200109,24.5,24.5,23.05,23.8,9562
CESC,20200109,724.8,746.8,724.8,738.2,323206
CESCVENT,20200109,327,349,326.9,339.15,14929
CGCL,20200109,197.9,200.9,194,199.55,348153
CHALET,20200109,325,338.85,325,338.1,15856
CHAMBLFERT,20200109,152.5,160.65,152.4,155.85,694184
CHEMBOND,20200109,235,235,218,225.05,4674
CHEMFAB,20200109,180.05,184.8,180,181.2,2093
CHENNPETRO,20200109,114.45,115,112.2,113.65,129381
CHOLAFIN,20200109,297.95,309.7,296.75,306.4,1597360
CHOLAHLDNG,20200109,509.95,514.95,504.05,511.6,51740
CHROMATIC,20200109,0.5,0.5,0.5,0.5,5685
CIGNITITEC,20200109,284,290,279,282.05,41266
CIMMCO,20200109,22.65,26.75,22.35,26.4,512745
CINELINE,20200109,32.6,35.9,31.6,35.05,42863
CINEVISTA,20200109,7.45,8.1,7.45,7.85,15617
CIPLA,20200109,467.5,473.3,467.5,470.1,1700600
CKFSL,20200109,0.45,0.5,0.4,0.45,2725092
CLEDUCATE,20200109,76.5,79.5,75.1,77.2,11266
CLNINDIA,20200109,400.05,418.7,398,415.35,71678
CMICABLES,20200109,47.2,49.75,47.2,48.25,18710
CNOVAPETRO,20200109,7.35,7.4,7.35,7.35,3118
COALINDIA,20200109,203.25,203.7,197.35,198,10321169
COCHINSHIP,20200109,405.3,411.8,403,404.7,57553
COLPAL,20200109,1458.25,1466.85,1452,1459.4,254061
COMPINFO,20200109,15.7,16.7,15.7,16.3,45859
COMPUSOFT,20200109,7.75,7.75,7.5,7.5,19003
CONCOR,20200109,558,563.9,555.75,561.45,529238
CONFIPET,20200109,27.35,29.1,27.1,28.45,197222
CONSOFINVT,20200109,38,38.5,37,37.3,26089
CONTROLPR,20200109,259.05,270,253.95,262.8,4462
CORALFINAC,20200109,11,11.8,10.8,11.45,11706
CORDSCABLE,20200109,45,46.8,44.6,45.85,14570
COROMANDEL,20200109,531.9,541,526.75,531.55,188197
CORPBANK,20200109,24.5,24.95,24.4,24.6,674494
COSMOFILMS,20200109,257,264.95,257,262.1,17618
COUNCODOS,20200109,1.65,1.65,1.6,1.65,23442
CPSEETF,20200109,23.18,23.27,22.92,22.96,988797
CREATIVE,20200109,106.5,110.75,106.5,107.45,25011
CREATIVEYE,20200109,1.55,1.55,1.55,1.55,100
CREDITACC,20200109,755,757.95,742,745.3,150780
CREST,20200109,91,92.5,88.15,90.55,1921
CRISIL,20200109,1825,1870.8,1812,1827.45,11103
CROMPTON,20200109,241,242.35,237.05,238.75,1162161
CSBBANK,20200109,207,208.25,203.1,204.1,298193
CTE,20200109,28.05,29.2,28.05,29.2,13350
CUB,20200109,230.9,236.7,229.55,230.5,833885
CUBEXTUB,20200109,13.6,13.6,12.5,13.6,412
CUMMINSIND,20200109,579.1,596.7,579.1,592.25,788564
CUPID,20200109,206.15,214.4,205,211.65,79634
CYBERTECH,20200109,45.45,45.5,44.3,44.9,8858
CYIENT,20200109,419.9,423.1,417.05,420.35,43628
DAAWAT,20200109,24.4,24.8,23.45,23.65,1140819
DABUR,20200109,459.15,464,457.75,460.7,1811623
DALBHARAT,20200109,810,823.15,799,802.65,310890
DALMIASUG,20200109,124.7,126.5,121.8,122.9,302904
DAMODARIND,20200109,26.85,27.85,26,26.9,747
DATAMATICS,20200109,70.5,72.7,69.85,70.85,53062
DBCORP,20200109,134,138,133.55,134.8,86903
DBL,20200109,403.95,412,402,404.95,209198
DBREALTY,20200109,10.55,11,10.3,10.6,30887
DBSTOCKBRO,20200109,12.1,12.1,11,11.15,1848
DCAL,20200109,77.55,77.55,77.55,77.55,250079
DCBBANK,20200109,190,193.1,186.2,186.9,378967
DCM,20200109,21.65,23.15,21.65,22.9,32833
DCMFINSERV,20200109,0.7,0.8,0.7,0.8,210
DCMNVL,20200109,30.05,32.5,29.6,31.05,10262
DCMSHRIRAM,20200109,389.95,399.5,385.1,398.2,115937
DCW,20200109,14.5,15.05,14.5,14.8,247896
DECCANCE,20200109,331,342.2,330,332.4,24329
DEEPAKFERT,20200109,100,108.35,99.85,106.3,1401135
DEEPAKNTR,20200109,386.8,399,381.6,390,797502
DEEPIND,20200109,110.4,114.75,109.5,114.1,45619
DELTACORP,20200109,186,200.3,184.75,197.3,2952628
DELTAMAGNT,20200109,41.5,41.5,39,39.2,161
DEN,20200109,47.5,47.75,46.05,47.75,46930
DENORA,20200109,218,256.1,215.3,253.35,277990
DFMFOODS,20200109,258,264.9,256.55,259,31833
DGCONTENT,20200109,5.85,5.85,5.75,5.75,4132
DHAMPURSUG,20200109,235.8,237.5,230.15,231.9,477001
DHANBANK,20200109,14.45,14.8,14.3,14.5,168906
DHANUKA,20200109,415.95,418.95,410,415.5,15064
DHARSUGAR,20200109,7.75,8.3,7.75,8.2,29348
DHFL,20200109,17.9,17.9,16.75,17.15,2109207
DHUNINV,20200109,232.1,247,232.1,240.15,997
DIAMONDYD,20200109,857.9,857.9,836.4,850,4214
DICIND,20200109,324.5,331.9,323.05,329.75,440
DIGISPICE,20200109,5,5.15,5,5.05,10797
DISHTV,20200109,12.6,12.8,12.4,12.65,27682606
DIVISLAB,20200109,1845,1855,1826.65,1843.4,221553
DIXON,20200109,4185.2,4221,4128,4163.1,59546
DLF,20200109,230,240.5,229.35,238.25,9195030
DLINKINDIA,20200109,99.05,103,99.05,101.7,57610
DMART,20200109,1850,1904,1826.6,1880.55,1572364
DNAMEDIA,20200109,0.4,0.45,0.4,0.45,28471
DOLAT,20200109,58.3,60.35,57.3,57.75,100421
DOLLAR,20200109,137.95,141.25,135.1,137.75,26639
DONEAR,20200109,30.1,33.5,30.1,30.85,62810
DPSCLTD,20200109,8.9,8.9,8.4,8.4,972
DQE,20200109,1.85,1.85,1.8,1.8,7146
DREDGECORP,20200109,349.4,354.9,343.25,346.9,235818
DRREDDY,20200109,2911.6,2936.6,2901,2920.5,375496
DSSL,20200109,23.2,25.25,23.2,24.7,11227
DTIL,20200109,180.75,185,180.5,181.45,4605
DUCON,20200109,5.35,5.55,5.15,5.2,34538
DVL,20200109,73,73.8,71.75,72.75,9273
DWARKESH,20200109,40,40.9,38.8,38.85,2039964
DYNAMATECH,20200109,970,988.7,962.1,985.45,555
DYNPRO,20200109,160,161.95,153.1,155.55,35492
EASTSILK,20200109,1.05,1.05,0.95,1,23683
EBANK,20200109,3430,3839.16,3430,3839.16,2
EBBETF0423,20200109,1001.6,1002.49,1001.43,1002.25,12338
EBBETF0430,20200109,1002.71,1004.19,1002.02,1003.29,50657
ECLERX,20200109,673.1,685,666.1,668.7,63095
EDELWEISS,20200109,116.85,119.9,116.15,117.15,928565
EICHERMOT,20200109,20238,20500,19860,20328.9,259287
EIDPARRY,20200109,228,234.1,227,230.15,233103
EIHAHOTELS,20200109,303.95,316.4,302.6,313.95,3201
EIHOTEL,20200109,142,147.9,141.5,147.2,139738
EIMCOELECO,20200109,344,364,330.5,359.35,5421
EKC,20200109,29.85,29.85,28.55,28.95,89511
ELECON,20200109,40.4,41,37.95,39.15,365571
ELECTCAST,20200109,13.3,14.3,13.25,13.9,558588
ELECTHERM,20200109,125,134.45,123.25,134.45,28118
ELGIEQUIP,20200109,264.15,267.9,263,265.15,5206
ELGIRUBCO,20200109,19.45,19.45,17.05,18.9,37382
EMAMILTD,20200109,307,310.5,302.6,303.4,82727
EMAMIPAP,20200109,81.55,81.55,80.05,81.55,40178
EMAMIREAL,20200109,47.15,47.3,45.1,47.3,27084
EMKAY,20200109,65,69,64.25,68.3,63343
EMMBI,20200109,106,114.9,104.15,111.75,14879
ENDURANCE,20200109,1023.9,1047.5,1015,1034.75,45680
ENERGYDEV,20200109,6.15,6.2,5.95,6,26429
ENGINERSIN,20200109,98.25,100.6,97.45,99.85,1575032
ENIL,20200109,256.45,265,256.45,263.4,3262
EON,20200109,14.2,14.8,13.75,14.35,4852
EQUITAS,20200109,102.9,104.05,101.95,102.45,2597206
ERIS,20200109,496.15,506.8,492.3,499.85,129763
EROSMEDIA,20200109,15.7,15.95,15.2,15.3,220097
ESABINDIA,20200109,1308.75,1308.8,1290,1297.7,1253
ESCORTS,20200109,618,645.4,617.3,643.05,3176353
ESSARSHPNG,20200109,6.6,6.75,6.45,6.75,10562
ESSELPACK,20200109,170.9,177.4,168.3,171.45,58788
ESTER,20200109,34.8,35.35,34.15,34.45,21778
EUROMULTI,20200109,0.55,0.55,0.5,0.5,1561
EUROTEXIND,20200109,10.25,10.75,10.25,10.75,51
EVEREADY,20200109,54.9,57,54.2,55.95,140315
EVERESTIND,20200109,275,284,274.05,280.6,49964
EXCEL,20200109,1.15,1.15,1.1,1.1,4800
EXCELINDUS,20200109,830,868.8,830,839.8,13016
EXIDEIND,20200109,183,187.5,182.55,186.15,2000388
EXPLEOSOL,20200109,283,289.9,280.35,286.85,1539
FACT,20200109,45.9,50.2,45.9,47.7,1603770
FAIRCHEM,20200109,463.9,464.8,451.55,454.65,5543
FCL,20200109,26.8,29.9,26.7,28.7,844948
FCONSUMER,20200109,25.65,26.3,25.15,25.7,1935483
FCSSOFT,20200109,0.25,0.25,0.2,0.2,562293
FDC,20200109,210.7,218.7,210.7,217.3,59470
FEDERALBNK,20200109,87.95,90.8,87.55,89.65,9989902
FEL,20200109,23,23.75,22.85,23.1,194250
FELDVR,20200109,21.75,22.5,21.7,22.25,2507
FIEMIND,20200109,445,453.05,442.85,448.35,13415
FILATEX,20200109,39.8,41.3,39.75,40.55,286510
FINCABLES,20200109,395.5,398.9,391.5,396.35,29802
FINEORG,20200109,1925,1961.1,1916.1,1939.85,8887
FINPIPE,20200109,550,576.9,550,560.25,75418
FLEXITUFF,20200109,6.8,7.5,6.8,6.95,20377
FLFL,20200109,398,405.5,398,400.8,31650
FLUOROCHEM,20200109,600,604,594.5,599.3,5893
FMGOETZE,20200109,662,662.45,660.8,661.8,40903
FMNL,20200109,26.35,27.45,26.1,26.3,59368
FORCEMOT,20200109,1146.65,1155,1135,1142.75,40098
FORTIS,20200109,135.6,136,134.1,135.5,1081802
FOSECOIND,20200109,1394,1499,1361.4,1429.1,4798
FRETAIL,20200109,352.4,356,348.5,353.9,961270
FSC,20200109,464.3,467.95,458.1,463.6,29675
FSL,20200109,40.8,41.35,40.5,40.65,950118
GABRIEL,20200109,124.75,125.3,121.1,122.7,144851
GAEL,20200109,138.4,142.55,135.1,140.15,63205
GAIL,20200109,124.4,125.4,123.2,123.7,4143512
GAL,20200109,2.1,2.25,2.05,2.25,52537
GALAXYSURF,20200109,1487,1510,1475.5,1491.8,43054
GALLANTT,20200109,34.4,36.5,34.25,35.75,7121
GALLISPAT,20200109,28.3,28.3,25.55,28.15,20945
GAMMNINFRA,20200109,0.45,0.45,0.4,0.4,1340096
GANDHITUBE,20200109,272.7,272.7,266.4,269.15,3319
GANECOS,20200109,244.9,246.85,241.1,246.45,9456
GANESHHOUC,20200109,34.3,37,34.3,35.8,27720
GANGESSECU,20200109,38.55,42.75,38.5,40.15,1498
GARDENSILK,20200109,11.15,11.85,10.8,11.85,33137
GARFIBRES,20200109,1225.9,1272.8,1212.05,1241.2,4418
GATI,20200109,59.95,61.5,58.5,60.65,1178112
GAYAHWS,20200109,0.4,0.45,0.4,0.4,392617
GAYAPROJ,20200109,81.05,84.6,81.05,83.6,680380
GDL,20200109,122.9,122.9,120.1,120.85,31625
GEECEE,20200109,83.95,84,79.75,80.75,12453
GENESYS,20200109,64.3,65.2,61.5,63.4,22236
GENUSPAPER,20200109,5.1,5.2,5.05,5.1,30120
GENUSPOWER,20200109,26,26.9,26,26.35,94406
GEOJITFSL,20200109,28.65,29.15,28.05,28.8,174258
GEPIL,20200109,705.1,723.25,701.4,719.65,13480
GESHIP,20200109,306,309,301.65,304,32990
GET&D,20200109,154.55,158.5,153,156,34079
GFLLIMITED,20200109,92.85,92.85,89.55,90.55,48055
GHCL,20200109,200,200.7,191.8,192.95,498465
GICHSGFIN,20200109,156.85,159.8,156,156.35,96154
GICRE,20200109,241.7,249.2,240.1,244.8,287816
GILLANDERS,20200109,30.8,30.95,29,29.1,6341
GILLETTE,20200109,6490,6550,6437.15,6456.55,4397
GINNIFILA,20200109,8.2,8.2,8,8.05,16811
GIPCL,20200109,78.5,82.4,78,78.65,711699
GISOLUTION,20200109,2.5,2.6,2.4,2.4,13781
GKWLIMITED,20200109,711,713,687,712.8,331
GLAXO,20200109,1648,1653.1,1623.05,1640.65,34375
GLENMARK,20200109,344.3,349.35,343.5,346.8,987182
GLOBALVECT,20200109,56.5,61,55.6,57.9,76235
GLOBOFFS,20200109,5.3,5.3,5,5.25,7127
GLOBUSSPR,20200109,135.95,136.9,134.3,135.95,31121
GMBREW,20200109,386.95,394,385.1,388.25,55326
GMDCLTD,20200109,63.2,67.45,63.2,66.35,600415
GMMPFAUDLR,20200109,1885,1966.55,1870,1957.5,32988
GMRINFRA,20200109,24.65,24.7,23.9,24.1,34139426
GNA,20200109,265.4,273.8,262.3,265.15,91806
GNFC,20200109,187.95,195.3,186.3,191.1,2585009
GOACARBON,20200109,242.1,242.1,242.1,242.1,14292
GOCLCORP,20200109,273.45,278.8,268.05,269.8,5122
GODFRYPHLP,20200109,1326.25,1343.95,1317.05,1325.95,49134
GODREJAGRO,20200109,536.1,572,536.1,554.9,774441
GODREJCP,20200109,713.65,725.3,712.15,724.4,676098
GODREJIND,20200109,441.5,458.7,441.5,445.65,160025
GODREJPROP,20200109,958.05,975.5,957,962.1,144322
GOKEX,20200109,76.25,77.2,75,76.95,54642
GOKUL,20200109,12.85,13.8,12.85,13.6,3605
GOKULAGRO,20200109,13.6,13.6,12.1,12.65,6566
GOLDBEES,20200109,35.95,35.95,34.85,35.05,2183753
GOLDENTOBC,20200109,25.85,28,25.65,26.95,6189
GOLDIAM,20200109,156.2,162.7,153,154.1,50499
GOLDSHARE,20200109,3713.8,3713.8,3605.05,3632.4,1088
GOLDTECH,20200109,8.35,8.65,8.35,8.5,29303
GOODLUCK,20200109,58.15,58.15,54.1,54.85,22938
GPIL,20200109,248,256.7,248,250.55,180648
GPPL,20200109,89.9,91.7,88.95,89.65,111235
GPTINFRA,20200109,39.95,39.95,36,36.7,69063
GRANULES,20200109,132.5,136.75,130.5,133,3437565
GRAPHITE,20200109,296,303.9,294.6,297.85,1977076
GRASIM,20200109,752.95,761.3,750.05,757.3,1471931
GRAVITA,20200109,53.75,55.9,53.45,54.6,136251
GREAVESCOT,20200109,137.8,140.8,137.05,139.25,170170
GREENLAM,20200109,922.4,970,922.4,950.7,1439
GREENPANEL,20200109,46,46.3,44.4,44.75,78960
GREENPLY,20200109,169.5,172.7,167.8,168.5,19494
GREENPOWER,20200109,2.3,2.3,2.2,2.25,202198
GRINDWELL,20200109,596.8,600,590.4,595.4,2159
GROBTEA,20200109,498,498,476.2,494,280
GRPLTD,20200109,824.95,835,786,800,446
GRSE,20200109,199.65,202.5,196.55,198.5,230986
GSCLCEMENT,20200109,24,24.4,23.5,23.6,156679
GSFC,20200109,75.05,81.8,74.55,79.45,5383437
GSKCONS,20200109,8394,8445.7,8376.25,8392.65,6482
GSPL,20200109,239.75,241.7,238,239.7,662373
GSS,20200109,38.65,39.25,36.95,37,26737
GTL,20200109,1.55,1.55,1.45,1.5,86128
GTLINFRA,20200109,0.4,0.4,0.35,0.4,5594635
GTNIND,20200109,6.6,6.6,6.05,6.15,596
GTPL,20200109,81,82.6,80.5,81.25,222889
GUFICBIO,20200109,62,65,60.05,62.15,67234
GUJALKALI,20200109,417.3,440.6,417.3,432.5,120475
GUJAPOLLO,20200109,131.65,139,131.6,135.5,2493
GUJGASLTD,20200109,263,272,262.1,269.05,1579485
GULFOILLUB,20200109,818.55,823,802,804.65,3448
GULFPETRO,20200109,42,44,41.1,42.25,16977
GULPOLY,20200109,41,41.75,40.25,41.1,4810
GVKPIL,20200109,4.15,4.2,4.05,4.05,1109858
HAL,20200109,736,743,731.9,735.25,8810
HARITASEAT,20200109,448.95,483.85,447,475.2,47114
HARRMALAYA,20200109,62.2,62.7,60.8,61.3,77852
HATHWAY,20200109,19.25,19.55,19.05,19.35,315304
HATSUN,20200109,579.05,594,579.05,587.15,8713
HAVELLS,20200109,635.2,641.6,632.35,639.2,1767768
HAVISHA,20200109,0.55,0.55,0.5,0.55,41634
HBLPOWER,20200109,16.4,17.4,16.4,17.05,422622
HCC,20200109,10.3,10.65,10.3,10.4,1864792
HCG,20200109,105.5,113.05,103.9,104.5,12773
HCL-INSYS,20200109,7.1,7.2,6.9,7.1,259071
HCLTECH,20200109,586,588.15,579.25,580.3,2313648
HDFC,20200109,2430,2462.7,2421.15,2457.4,3247323
HDFCAMC,20200109,3148.45,3175,3115,3131.45,283802
HDFCBANK,20200109,1265,1275.8,1263.1,1271.4,4773158
HDFCLIFE,20200109,635,636.5,627.8,631.5,1338705
HDFCMFGETF,20200109,3639.95,3639.95,3566.65,3595.9,4610
HDFCNIFETF,20200109,1270,1283,1270,1281.22,289
HDFCSENETF,20200109,4357.52,4357.52,4339.37,4339.37,19
HDIL,20200109,2.85,2.85,2.75,2.8,577221
HEG,20200109,1040,1072,1034.2,1055.3,494393
HEIDELBERG,20200109,196.3,199.9,194,195.25,539650
HERCULES,20200109,96.9,102,96.85,98.2,27819
HERITGFOOD,20200109,367.3,374.8,360,364.7,29518
HEROMOTOCO,20200109,2341,2365,2326.1,2354.55,732115
HESTERBIO,20200109,1450,1458,1435,1435.4,1704
HEXATRADEX,20200109,8.65,9.35,8.65,9.35,73386
HEXAWARE,20200109,335,336.6,333.2,334.1,133811
HFCL,20200109,17.55,17.8,17.5,17.55,2289944
HGINFRA,20200109,256.65,266,254.9,263.1,35030
HGS,20200109,602.1,609,595.05,597.3,1638
HIKAL,20200109,120.5,121.5,118,118.65,389002
HIL,20200109,1300.15,1370,1300.15,1339.95,9903
HILTON,20200109,10.3,10.5,9.9,10.15,2036
HIMATSEIDE,20200109,125.8,129.3,125.25,127,132309
HINDALCO,20200109,211.5,211.95,208.9,210.75,8676205
HINDCOMPOS,20200109,173,177.4,172,174.9,1607
HINDCOPPER,20200109,47.05,47.9,46.6,46.85,1683221
HINDMOTORS,20200109,5.5,5.75,5.5,5.65,95046
HINDNATGLS,20200109,31,31.55,30.35,30.65,642
HINDOILEXP,20200109,98,99.9,97.05,99.25,232118
HINDPETRO,20200109,250,254,246.5,252.95,7942398
HINDUNILVR,20200109,1941.55,1947.3,1931,1935.05,1544334
HINDZINC,20200109,215.3,215.3,211.35,213.25,380062
HIRECT,20200109,223,239,223,236.25,67604
HISARMETAL,20200109,62,64.7,61.4,62.8,11823
HITECH,20200109,172.95,172.95,166.05,167.95,32720
HITECHCORP,20200109,81.1,89.05,81.1,87.95,616
HITECHGEAR,20200109,172.75,181.7,170.5,179.1,10528
HLVLTD,20200109,5.85,5.95,5.75,5.85,210734
HMVL,20200109,71,72.35,70.25,71.25,3575
HNDFDS,20200109,665,697.1,655.05,675.1,10386
HNGSNGBEES,20200109,359,372,344.2,350.7,231
HONAUT,20200109,26698.65,27200,26600.05,27125.45,1120
HONDAPOWER,20200109,1205.15,1230,1205.1,1224.75,2617
HOVS,20200109,45.6,48,45.5,47.65,5734
HPL,20200109,41,46,40.4,42.45,76641
HSCL,20200109,68.75,68.75,67.15,67.4,1642119
HSIL,20200109,51.95,55.9,51.1,53.75,504477
HTMEDIA,20200109,16.75,16.75,16.3,16.35,125177
HUBTOWN,20200109,14.2,14.4,13.65,13.75,6517
HUDCO,20200109,37.8,39.3,37.8,38.65,1763090
IBMFNIFTY,20200109,119.5,125,119.5,119.61,1515
IBREALEST,20200109,88,89.9,86,89.65,6273177
IBULHSGFIN,20200109,320,332.8,317,322.7,34527599
IBULISL,20200109,114.5,115.7,113.1,115.7,76948
IBVENTURES,20200109,197,202.95,195.65,198.65,961112
ICICI500,20200109,159.75,160.84,159.6,160.84,21622
ICICIB22,20200109,33.85,34.25,33.81,34.15,458080
ICICIBANK,20200109,530.7,547.4,530.3,546.3,18934019
ICICIBANKN,20200109,318.42,322.55,318,322.1,1161
ICICIBANKP,20200109,178,179.13,175.67,178.5,283
ICICIGI,20200109,1396,1400.5,1373,1380.55,214666
ICICIGOLD,20200109,36.55,36.55,35.5,36.1,66494
ICICILIQ,20200109,999.95,1000,999.95,999.99,26734
ICICILOVOL,20200109,93,93,91.41,91.88,4299
ICICIMCAP,20200109,66,66,65.37,65.93,26502
ICICINF100,20200109,128.5,132,128.5,132,3751
ICICINIFTY,20200109,127,128.96,127,128.88,58734
ICICINV20,20200109,58.5,58.5,57.05,57.35,4403
ICICINXT50,20200109,29.47,29.47,28.09,28.65,6072
ICICIPRULI,20200109,487.5,487.5,478,483.8,1141789
ICICISENSX,20200109,438.12,442.91,437.12,442.56,1090
ICIL,20200109,52.15,53.9,52.15,52.8,139451
ICRA,20200109,2950,2990.9,2881.05,2956.75,6767
IDBI,20200109,35.35,36.15,35.3,35.7,1606394
IDBIGOLD,20200109,3750,3750,3679,3739.75,205
IDEA,20200109,6.55,6.65,5.65,6.25,384515490
IDFC,20200109,36.6,38.4,36.6,37.85,3893415
IDFCFIRSTB,20200109,43.75,44.75,43.5,44.35,19277585
IEX,20200109,169,171.8,167.05,169.6,197184
IFBAGRO,20200109,420.05,435.95,420.05,426.1,7225
IFBIND,20200109,710.25,720.75,685.05,692.5,16494
IFCI,20200109,6.65,6.9,6.6,6.8,2575165
IFGLEXPOR,20200109,142.6,148.95,142.6,148.4,1623
IGARASHI,20200109,338.7,344,335,337.6,359144
IGL,20200109,421.55,422.95,417.45,419.9,1070484
IGPL,20200109,178,187.3,172.05,173.05,49069
IIFL,20200109,155,163.9,154,156.85,688140
IIFLSEC,20200109,57.05,57.05,57.05,57.05,79647
IIFLWAM,20200109,1119.95,1190,1119.95,1177.6,11408
IITL,20200109,60.95,60.95,58.05,59.8,763
IMFA,20200109,214.75,216.3,210.3,212.9,41137
IMPAL,20200109,588.4,588.4,576.2,583.1,3633
IMPEXFERRO,20200109,0.4,0.45,0.4,0.45,1537
INDBANK,20200109,7,7.1,6.9,7,23444
INDHOTEL,20200109,140.4,142.25,138.8,139.7,989555
INDIACEM,20200109,78.8,79.25,77.4,77.8,1895448
INDIAGLYCO,20200109,223,229.35,222.5,224.5,117229
INDIAMART,20200109,2035,2060,2000,2003.4,21770
INDIANB,20200109,99.7,101,98.85,99.4,1302942
INDIANCARD,20200109,104.5,111.25,104.5,108.6,524
INDIANHUME,20200109,265.9,267.8,254,256.2,132948
INDIGO,20200109,1385,1410,1369.2,1402.2,1937904
INDLMETER,20200109,24.35,25.15,24,25,1028
INDNIPPON,20200109,390.25,414.1,387,401.95,127565
INDOCO,20200109,185.5,185.5,180.15,181.05,21651
INDORAMA,20200109,26.55,26.7,25.9,25.95,14546
INDOSTAR,20200109,193.05,194,188.05,192.5,100356
INDOTECH,20200109,110.7,112,110.7,111.75,4560
INDOTHAI,20200109,27.65,27.65,25.05,25.75,8055
INDOWIND,20200109,3.8,4.2,3.7,4.2,638038
INDRAMEDCO,20200109,48.5,52.5,46.7,47.3,3848728
INDSWFTLAB,20200109,26.25,26.25,24.2,24.2,180646
INDSWFTLTD,20200109,3.15,3.3,3.15,3.2,15338
INDTERRAIN,20200109,62.05,72,60.4,67.9,74509
INDUSINDBK,20200109,1490,1515.95,1483.2,1507.65,3496433
INEOSSTYRO,20200109,736.7,755,736.7,753.25,5819
INFIBEAM,20200109,54,54.95,53.5,54,1308061
INFOBEAN,20200109,69,69,62.05,64.65,6331
INFRABEES,20200109,336.76,340.49,336.76,338.66,87
INFRATEL,20200109,240,252.5,239.85,250.6,9394608
INFY,20200109,721.7,731.5,714.3,727.55,13521186
INGERRAND,20200109,640,655,635.3,645.95,13909
INOXLEISUR,20200109,375,395,374.3,388.2,412250
INOXWIND,20200109,34.95,36.85,34.6,36.4,925473
INSECTICID,20200109,473.9,480,464.35,467,18351
INSPIRISYS,20200109,39.45,41,39,40.6,11094
INTEGRA,20200109,0.35,0.35,0.35,0.35,7948
INTELLECT,20200109,151.05,155.6,150.65,153,371958
INTENTECH,20200109,28.5,29.5,27.5,28.4,2037
INVENTURE,20200109,14.95,14.95,14.1,14.75,20016
IOB,20200109,11.3,11.4,11.25,11.3,868460
IOC,20200109,124.9,125.5,122.85,124.5,9218835
IOLCP,20200109,170.2,174.9,169.45,172.3,193934
IPAPPM,20200109,296,296,290,292.75,7566
IPCALAB,20200109,1210,1212.05,1187,1195.95,181298
IRB,20200109,76.1,77,75,75.55,919832
IRCON,20200109,431,435.8,421.1,425.15,271918
IRCTC,20200109,910.35,920.6,910,913.65,599400
ISEC,20200109,411,414.4,401,402.95,449972
ISFT,20200109,73.7,74.8,72.2,73,1405
ISMTLTD,20200109,4.25,4.45,4.25,4.4,33407
ITC,20200109,235.6,236.6,235.05,235.8,9452653
ITDC,20200109,299.9,299.9,292.55,295.4,122225
ITDCEM,20200109,53.5,55.45,53.5,54.15,708394
ITI,20200109,102.5,105.8,101.3,102.95,4036444
IVC,20200109,3.7,3.7,3.4,3.45,181938
IVP,20200109,56,57.9,55.15,55.2,440
IVZINGOLD,20200109,3665,3665,3665,3665,1
IZMO,20200109,25.45,26.4,25.4,26,5272
J&KBANK,20200109,29.4,30.35,29.1,30,684579
JAGRAN,20200109,63.5,63.5,62.25,62.65,371136
JAGSNPHARM,20200109,26.1,28.8,25.35,26.8,67101
JAIBALAJI,20200109,26.5,28.45,26.5,28.3,28625
JAICORPLTD,20200109,112.15,114.2,107.75,109.9,4651587
JAMNAAUTO,20200109,44.6,45.4,44.05,44.45,479719
JASH,20200109,121,124.15,120.5,121.55,6291
JAYAGROGN,20200109,121.9,129.3,121.5,128.25,50450
JAYBARMARU,20200109,224.3,231.85,222.75,229.15,67068
JAYNECOIND,20200109,3.65,3.9,3.65,3.7,18354
JAYSREETEA,20200109,52.5,52.75,50.85,51.85,139368
JBCHEPHARM,20200109,438.55,440,435.1,437.15,109829
JBFIND,20200109,6.95,7.4,6.9,7.25,17354
JBMA,20200109,263.1,275,263.1,269.1,54695
JCHAC,20200109,1887,1975.95,1887,1963.3,3759
JHS,20200109,15.7,16.1,15.65,15.95,19799
JIKIND,20200109,0.3,0.3,0.25,0.3,14428
JINDALPHOT,20200109,14.25,15,12.75,13.8,30305
JINDALPOLY,20200109,229.6,232,228,228.8,4192
JINDALSAW,20200109,85.8,94.5,85,92.35,4834232
JINDALSTEL,20200109,177.25,179.5,174.35,176.4,18381117
JINDCOT,20200109,1.75,1.75,1.75,1.75,7114
JINDRILL,20200109,100.5,100.5,97.05,97.35,41778
JINDWORLD,20200109,64.15,64.5,62,62.45,158397
JISLDVREQS,20200109,8.5,8.5,8.15,8.3,39377
JISLJALEQS,20200109,8.5,8.75,8.35,8.5,3800805
JITFINFRA,20200109,8.15,8.15,8.15,8.15,10824
JIYAECO,20200109,18.25,19.05,17.55,19.05,420316
JKCEMENT,20200109,1289.95,1294.4,1268,1277.1,71333
JKIL,20200109,152.25,156.05,150.2,151.95,95589
JKLAKSHMI,20200109,317,320.7,312.5,318.9,294446
JKPAPER,20200109,126.2,129.9,126.2,129.1,1244498
JKTYRE,20200109,75.6,76.95,75.25,75.75,517671
JMA,20200109,24.7,25.75,23.7,24.95,7442
JMCPROJECT,20200109,100,102.3,98.55,100.25,32965
JMFINANCIL,20200109,94.7,97.5,92.2,93.2,1777372
JMTAUTOLTD,20200109,1.35,1.35,1.3,1.3,66703
JOCIL,20200109,108.3,111.95,108,109.95,6654
JPASSOCIAT,20200109,2,2.1,2,2.05,3026385
JPINFRATEC,20200109,1.15,1.15,1.15,1.15,1030913
JPOLYINVST,20200109,14.95,14.95,14.25,14.25,2330
JPPOWER,20200109,1.7,1.75,1.7,1.7,4540098
JSL,20200109,38.75,42.2,38.1,41.2,25216898
JSLHISAR,20200109,80,85.75,79.2,83.6,596409
JSWENERGY,20200109,72.1,72.25,69.2,69.4,763997
JSWHL,20200109,2225,2225,2150,2173.8,857
JSWSTEEL,20200109,267.7,279.2,267.7,278.1,13317832
JTEKTINDIA,20200109,91.2,92.4,89.25,90.15,70799
JUBILANT,20200109,546.1,559.25,546.1,550.35,260840
JUBLFOOD,20200109,1738,1739,1706.05,1714.3,827093
JUBLINDS,20200109,118.4,118.4,113.3,117.05,25865
JUMPNET,20200109,55,56.3,54.85,55.6,787324
JUNIORBEES,20200109,305,305,293.6,296.1,54385
JUSTDIAL,20200109,569,579.5,569,575.55,1627646
JYOTHYLAB,20200109,150.8,150.8,147.1,148.65,833925
KABRAEXTRU,20200109,69,72.9,68,68.55,36262
KAJARIACER,20200109,560,560.5,547.6,558.65,162708
KAKATCEM,20200109,248,274.2,245,274.2,2386837
KALPATPOWR,20200109,422,426.55,414.1,415.3,44524
KALYANIFRG,20200109,170,176.75,170,170,436
KAMATHOTEL,20200109,36,38.75,35.8,37,46199
KAMDHENU,20200109,97.9,97.9,95,95.4,22324
KANANIIND,20200109,4.15,4.15,3.95,3.95,3248
KANORICHEM,20200109,41.4,41.4,39.3,40.25,41916
KANSAINER,20200109,517.7,518,509.2,511.8,339101
KARDA,20200109,131,134.5,129.5,131.45,11151
KARMAENG,20200109,13.8,14.35,13.6,14.35,3819
KARURVYSYA,20200109,56.05,57,55.65,56.6,544174
KAUSHALYA,20200109,0.6,0.6,0.5,0.55,7657
KAVVERITEL,20200109,1.85,1.85,1.85,1.85,1186
KAYA,20200109,359.3,368.7,351.05,355,10713
KCP,20200109,64.15,65.7,63.05,64.4,92703
KCPSUGIND,20200109,15.95,15.95,15.3,15.35,121680
KDDL,20200109,321,330,315,323.7,1493
KEC,20200109,307.9,312.5,303.05,310.65,279154
KECL,20200109,11.95,12.45,11.55,12.1,119192
KEI,20200109,498,509.7,491,506.4,278362
KELLTONTEC,20200109,16.6,17.45,16.55,16.7,30471
KENNAMET,20200109,985,1028,982.1,1017.15,2422
KERNEX,20200109,22,22.45,21.6,22.35,8502
KESORAMIND,20200109,55.4,55.9,54.25,54.75,223075
KEYFINSERV,20200109,26.45,26.45,25.25,25.25,200
KHADIM,20200109,182.3,188,175.2,179.25,538148
KHAITANLTD,20200109,21.4,21.4,19.4,21.4,3232
KICL,20200109,1749,1780,1736.1,1770.15,691
KILITCH,20200109,125.8,129.55,122,123.9,19670
KINGFA,20200109,623.7,625.7,608.65,617.8,2859
KIOCL,20200109,115,122.6,114.45,118.6,28758
KIRIINDUS,20200109,381,390,379.35,381.15,134661
KIRLFER,20200109,73.95,73.95,70.05,72.95,18288
KIRLOSBROS,20200109,147,152.6,143.05,147.6,61255
KIRLOSENG,20200109,150,151.5,147.9,148.8,49386
KIRLOSIND,20200109,640,665,640,661.9,1433
KITEX,20200109,129.75,132,125.05,126.5,566986
KKCL,20200109,986.6,1000,984,986.8,180
KMSUGAR,20200109,9.7,9.7,8.55,9.05,368562
KNRCON,20200109,260,260.55,252.9,254.5,192313
KOHINOOR,20200109,9.55,9.6,9,9.45,15487
KOKUYOCMLN,20200109,83,85.4,82,82.75,51317
KOLTEPATIL,20200109,243,249.8,241,243,37038
KOPRAN,20200109,31.6,33.1,31.45,32.4,103498
KOTAKBANK,20200109,1673.5,1673.75,1658.7,1665.05,2668424
KOTAKBKETF,20200109,325.59,330.11,325.1,329.81,35223
KOTAKGOLD,20200109,355.9,355.95,349.5,352.15,49490
KOTAKNIFTY,20200109,125.59,126.74,125.55,126.47,20451
KOTAKNV20,20200109,58.5,58.5,58.1,58.33,3998
KOTAKPSUBK,20200109,240,250.99,240,243.99,4294
KOTARISUG,20200109,11.05,11.3,10.9,11.1,22795
KOTHARIPET,20200109,17.35,17.7,16.5,16.9,14453
KOTHARIPRO,20200109,63,64.4,61.65,64.1,5989
KPITTECH,20200109,86.6,88.45,86.6,87.3,86291
KPRMILL,20200109,694.6,715,694.6,700.95,20912
KRBL,20200109,276.25,281.85,272,273.5,294814
KREBSBIO,20200109,83,83,80.1,82.5,1219
KRIDHANINF,20200109,2.8,2.9,2.7,2.9,66671
KSB,20200109,680.75,704.65,670.6,684.6,26129
KSCL,20200109,481,507.15,481,495.85,157988
KSERASERA,20200109,0.1,0.15,0.1,0.1,838475
KSK,20200109,0.6,0.6,0.5,0.55,285085
KSL,20200109,252.75,258,250.1,253.45,61622
KTKBANK,20200109,72.6,74.4,72.6,73.8,888516
KUANTUM,20200109,498.85,498.85,472,473.5,463
KWALITY,20200109,2.4,2.45,2.35,2.4,156429
L&TFH,20200109,120.6,124.35,120.6,123.1,12244649
LAKSHVILAS,20200109,16.2,16.65,16,16.65,1354479
LALPATHLAB,20200109,1580.1,1667,1574,1653.7,183441
LAMBODHARA,20200109,31.85,33.75,30,32.55,36246
LAOPALA,20200109,155.9,167.5,154.35,165.75,147455
LASA,20200109,23.85,23.85,23.85,23.85,14902
LAURUSLABS,20200109,394.95,399.9,388.1,393.75,140823
LAXMIMACH,20200109,3340.35,3441,3333.05,3401.25,7846
LEMONTREE,20200109,59.7,59.7,58.3,58.5,1475839
LFIC,20200109,54,54,50,50,45
LGBBROSLTD,20200109,346.5,352,333,336,99367
LGBFORGE,20200109,3.55,3.9,3.55,3.6,149032
LIBAS,20200109,49,49,47,48.4,580
LIBERTSHOE,20200109,136.65,140.75,135.9,138.65,362883
LICHSGFIN,20200109,428.4,440.45,427,438.85,3614762
LICNETFGSC,20200109,20.5,20.65,19.91,20,4450
LICNETFN50,20200109,128.2,128.2,126,126.7,10
LICNETFSEN,20200109,500,514.99,499.8,499.81,39
LICNFNHGP,20200109,128.99,128.99,126.5,127.98,45
LINCOLN,20200109,199,201.8,195.5,196.2,94268
LINCPEN,20200109,185,193,185,192.5,1613
LINDEINDIA,20200109,658,732,653,696,564989
LIQUIDBEES,20200109,1000,1000.01,999.99,999.99,679842
LIQUIDETF,20200109,1000.04,1000.04,999.99,999.99,8302
LOKESHMACH,20200109,36,37.5,35.2,36.85,19858
LOTUSEYE,20200109,23.5,24,22.35,22.45,50909
LOVABLE,20200109,76.5,82.5,76.25,80.25,123299
LPDC,20200109,1.65,1.7,1.6,1.65,5373
LSIL,20200109,0.5,0.55,0.45,0.5,1587825
LT,20200109,1311,1319.9,1305.1,1316.15,2067779
LTI,20200109,1795.9,1835.65,1795.9,1816.6,90617
LTTS,20200109,1545,1555.95,1536.7,1551.4,74313
LUMAXIND,20200109,1285.05,1349,1285,1346.8,6483
LUMAXTECH,20200109,99.25,103.75,99.25,101.1,30354
LUPIN,20200109,762,767.3,757.1,758.9,778130
LUXIND,20200109,1319.75,1355,1317.7,1346.3,62124
LYKALABS,20200109,19.85,20,19.5,19.6,8988
LYPSAGEMS,20200109,4,4.3,3.8,4,11739
M&M,20200109,529.85,542.45,525.7,541.25,2897598
M&MFIN,20200109,328.5,334.2,327.1,331.4,3231164
M100,20200109,19.3,19.6,17.95,18.14,34720
M50,20200109,117.68,120.15,117.68,119.39,2106
MAANALU,20200109,67.1,69.15,67.1,67.55,3412
MADHAV,20200109,31.9,31.9,29.6,30.4,2203
MADHUCON,20200109,3.8,3.8,3.65,3.7,44301
MADRASFERT,20200109,21,22.1,20.85,21.15,617336
MAGADSUGAR,20200109,125.5,131,124,124.65,52723
MAGMA,20200109,56.55,57.7,55.9,56.1,115547
MAGNUM,20200109,3.85,3.95,3.8,3.8,6922
MAHABANK,20200109,12.5,12.75,12.5,12.6,320648
MAHAPEXLTD,20200109,88,93.95,88,93.3,441
MAHASTEEL,20200109,97,100,93,93,24293
MAHESHWARI,20200109,223.35,232.2,223.3,229.8,9233
MAHINDCIE,20200109,171.3,176.1,170.65,172.45,265199
MAHLIFE,20200109,405.95,418,401.6,407.7,150157
MAHLOG,20200109,407.95,413,406.7,408.75,17369
MAHSCOOTER,20200109,4352.75,4403,4352.75,4367.45,1543
MAHSEAMLES,20200109,415.05,423.5,415.05,421.65,38522
MAITHANALL,20200109,556.1,581.8,538.1,543.2,53928
MAJESCO,20200109,395.95,395.95,383.25,386.85,13994
MALUPAPER,20200109,28.5,29.65,28.2,28.8,81460
MAN50ETF,20200109,123.35,123.8,123.1,123.77,1402
MANAKALUCO,20200109,4.3,4.5,4.3,4.3,1838
MANAKCOAT,20200109,4.2,4.2,4.1,4.2,3807
MANAKSIA,20200109,35.5,35.5,34.2,34.85,4719
MANAKSTEEL,20200109,15.2,15.35,14.35,14.95,66320
MANALIPETC,20200109,19,19.5,18.95,19.1,167015
MANAPPURAM,20200109,177.5,178.85,171.65,172.65,3677710
MANGALAM,20200109,29.35,31.8,29.35,30.5,19031
MANGCHEFER,20200109,33.05,35.85,33.05,34.7,191986
MANGLMCEM,20200109,314,325,310,320.1,62302
MANGTIMBER,20200109,10,10.5,10,10.05,3195
MANINDS,20200109,48.4,49.9,47.95,48.15,193115
MANINFRA,20200109,30.5,30.5,28.8,29.05,198650
MANUGRAPH,20200109,14.8,14.8,13.85,14.45,3726
MARALOVER,20200109,15.1,15.85,15,15.85,9511
MARATHON,20200109,78.85,84.65,75.5,83.3,24657
MARICO,20200109,334.8,336.95,332.3,333.1,1728574
MARKSANS,20200109,17.9,18.35,17.65,18.15,1419784
MARUTI,20200109,7140,7240,7102,7227.9,798184
MASFIN,20200109,869,877.6,865.3,872.3,11091
MASKINVEST,20200109,35.15,35.15,35.15,35.15,10
MASTEK,20200109,428.2,440.85,428.2,434.05,141979
MATRIMONY,20200109,478.95,483.55,466.75,471.7,5169
MAWANASUG,20200109,41.8,41.9,40.55,41.2,420950
MAXINDIA,20200109,79,79.95,77.4,78.05,169092
MAXVIL,20200109,55.65,55.8,52.2,52.7,147701
MAYURUNIQ,20200109,211,215.5,205.5,213.95,247285
MAZDA,20200109,416,443.7,414.65,435.75,13233
MBAPL,20200109,71.4,71.4,71.4,71.4,4
MBECL,20200109,4.6,4.6,4.3,4.3,5678
MBLINFRA,20200109,4.85,4.85,4.45,4.55,50405
MCDHOLDING,20200109,17,17.45,16.95,17.35,14815
MCDOWELL-N,20200109,578.7,593,568.7,591.85,4138116
MCLEODRUSS,20200109,5.2,5.25,5.1,5.25,201259
MCX,20200109,1292,1312.9,1280.1,1293.8,962650
MEGASOFT,20200109,6.9,7.2,6.8,7.15,42812
MEGH,20200109,59,59.65,58.3,59.05,1003027
MELSTAR,20200109,2.15,2.2,2.15,2.2,303
MENONBE,20200109,57.9,60.45,57.9,60,25569
MEP,20200109,39.15,40.5,38.75,39.3,36482
MERCATOR,20200109,0.85,0.9,0.85,0.85,1378865
METALFORGE,20200109,4.8,4.9,4.65,4.7,17473
METROPOLIS,20200109,1525,1595,1501,1580.35,135413
MFSL,20200109,562.5,568.2,468.75,505.3,21157561
MGL,20200109,1039.95,1042,1023.65,1028.9,456854
MHRIL,20200109,228.85,234,228.15,229.65,15283
MIC,20200109,0.55,0.6,0.55,0.55,35738
MIDHANI,20200109,158.95,173.3,157.5,168.3,2833676
MINDACORP,20200109,100.9,104,99.7,103.25,345417
MINDAIND,20200109,363,394.1,363,383.55,228221
MINDTECK,20200109,27.8,27.8,26.55,26.8,16618
MINDTREE,20200109,853,853,823.1,827.05,1075678
MIRCELECTR,20200109,7.9,8.05,7.4,8.05,930492
MIRZAINT,20200109,58.95,59.85,58.1,58.85,346716
MMFL,20200109,371.95,389.95,371.1,385.35,5875
MMP,20200109,112,112.5,106,106,3501
MMTC,20200109,21.05,21.3,20.2,20.3,2011204
MODIRUBBER,20200109,30.9,32.05,30.9,32.05,108
MOHITIND,20200109,4.9,4.9,4.5,4.75,80
MOHOTAIND,20200109,8.1,8.25,7.75,8.15,8023
MOIL,20200109,157.05,157.9,154.15,155.4,231771
MOLDTECH,20200109,48.1,50.5,48.1,50.1,6093
MOLDTKPAC,20200109,281.95,285,279.05,279.75,8187
MONTECARLO,20200109,278,287,275.75,281.75,11757
MORARJEE,20200109,13.3,14,13.15,13.9,6125
MOREPENLAB,20200109,15.7,15.8,15.4,15.5,496248
MOTHERSUMI,20200109,148,151,145.65,149.9,8331258
MOTILALOFS,20200109,856,878.6,841.05,850,216252
MOTOGENFIN,20200109,36.6,36.6,32.9,34.45,2865
MPHASIS,20200109,889.6,889.7,878,883.3,388633
MPSLTD,20200109,486.8,493,475.1,476.3,4354
MRF,20200109,65800,67150,65520.8,66917.7,9491
MRO-TEK,20200109,32.8,32.8,32.8,32.8,15
MRPL,20200109,43.45,43.9,43.15,43.4,214766
MSPL,20200109,6.6,7.1,6.6,6.8,6320
MSTCLTD,20200109,138,146.45,137.65,142.7,327773
MTEDUCARE,20200109,14.4,15.2,14.1,14.25,71391
MTNL,20200109,10.95,11.3,10.55,10.75,7131355
MUKANDENGG,20200109,12.5,12.7,12.2,12.3,7896
MUKANDLTD,20200109,30.05,33,30.05,32.45,10670
MUKTAARTS,20200109,37.8,40,37.75,39.4,25293
MUNJALAU,20200109,44.7,45.4,44.35,44.85,116329
MUNJALSHOW,20200109,128.95,129.5,126,128.6,14275
MURUDCERA,20200109,17.9,19.75,17.9,19.3,339154
MUTHOOTCAP,20200109,514.9,605.7,505.45,593.3,148793
MUTHOOTFIN,20200109,753,754.9,740,742,694565
N100,20200109,653,653,623.5,631.38,34928
NACLIND,20200109,26.55,28.2,26.5,27.95,54311
NAGAFERT,20200109,4.2,4.3,4.2,4.3,54150
NAGREEKCAP,20200109,7.55,7.55,7.2,7.2,1413
NAGREEKEXP,20200109,14.35,14.5,14.35,14.45,1121
NAHARCAP,20200109,75,78.5,73.2,77,632
NAHARINDUS,20200109,26.55,28.5,26.55,27.2,3442
NAHARPOLY,20200109,33.9,36.75,33.5,36,2711
NAHARSPING,20200109,46.35,46.35,44.6,44.95,29961
NATCOPHARM,20200109,603,625,602.2,622.05,143299
NATHBIOGEN,20200109,343.4,368.8,343.4,351.65,11584
NATIONALUM,20200109,45.25,46,45,45.5,8191985
NATNLSTEEL,20200109,2.1,2.2,2,2.05,9303
NAUKRI,20200109,2560.2,2570,2535,2558.8,82953
NAVINFLUOR,20200109,1100,1125,1078,1087.55,111435
NAVKARCORP,20200109,31.25,32.4,30.8,31.75,208377
NAVNETEDUL,20200109,93.55,98.65,92.5,97.3,404311
NBCC,20200109,35.4,36.65,34.9,36.25,23416513
NBIFIN,20200109,1550,1550,1519,1524.15,36
NBVENTURES,20200109,81.6,84.5,80.95,82.9,238843
NCC,20200109,54.9,56.75,54.8,56.3,11665531
NCLIND,20200109,96.5,98.7,90.9,94.05,367582
NDL,20200109,28.5,30.4,28,29.5,32822
NDTV,20200109,25.95,26.25,25,25.15,119619
NECCLTD,20200109,5.65,5.65,5.2,5.25,45803
NECLIFE,20200109,13.05,13.5,12.6,12.95,259163
NELCAST,20200109,51,51.5,50,50.35,63165
NELCO,20200109,234.8,237.6,233.5,235.5,37189
NEOGEN,20200109,384,391.8,377,383.1,20041
NESCO,20200109,685,686.85,674,675.7,23263
NESTLEIND,20200109,14495,14675,14450,14643.45,55708
NETF,20200109,123.02,124.17,123.02,124.17,815
NETFCONSUM,20200109,52.19,52.61,52.07,52.12,5159
NETFDIVOPP,20200109,29.18,29.38,29.11,29.11,2119
NETFLTGILT,20200109,20.25,20.28,20.2,20.28,8023
NETFMID150,20200109,64,64.3,63.9,63.97,278033
NETFNIF100,20200109,126.25,126.85,125.85,126.15,406
NETFNV20,20200109,58.1,58.6,58.1,58.37,2867
NETWORK18,20200109,24.2,25.3,24.2,25.2,147571
NEULANDLAB,20200109,423,447.75,422.95,431.5,34134
NEWGEN,20200109,196,201,196,197.75,13125
NEXTMEDIA,20200109,9.25,9.55,9.25,9.25,1209
NFL,20200109,27.15,28.35,27.1,27.5,1564744
NH,20200109,357.5,361.85,344,346.35,476077
NHPC,20200109,23.9,24.1,23.85,23.95,1624871
NIACL,20200109,147,151,145.9,146.8,328215
NIBL,20200109,6.75,6.75,6.15,6.15,16254
NIFTYBEES,20200109,128.95,129.55,128.35,129.34,291102
NIITLTD,20200109,104.3,112.5,101.35,102.15,5270823
NIITTECH,20200109,1740,1778,1726.9,1753.65,826968
NILAINFRA,20200109,4.5,5.05,4.4,4.5,1147213
NILASPACES,20200109,1.15,1.15,1.05,1.05,269164
NILKAMAL,20200109,1294,1330.45,1288.55,1311.85,7700
NIPPOBATRY,20200109,498,516.7,498,507.45,2708
NITCO,20200109,29.2,29.8,28.95,29.6,61232
NITINSPIN,20200109,52.9,52.9,51.1,51.65,26746
NKIND,20200109,26.8,26.8,26.8,26.8,74
NLCINDIA,20200109,56.45,57.2,56,56.55,148034
NMDC,20200109,123.8,123.9,119.45,120.75,10218493
NOCIL,20200109,115.05,118.7,114.6,116.05,2497190
NOIDATOLL,20200109,3.45,3.45,3.3,3.4,37840
NPBET,20200109,178,180.58,178,180.42,136
NRAIL,20200109,213.8,215.5,208.5,210.95,12257
NRBBEARING,20200109,96.15,96.2,94.1,95.65,15132
NSIL,20200109,745,754,730,750.3,930
NTL,20200109,0.4,0.4,0.4,0.4,3060
NTPC,20200109,120.5,121.2,118.9,119.35,8309627
NUCLEUS,20200109,287,288.75,280.35,281.9,50794
NXTDIGITAL,20200109,386,401.45,382.5,384.9,1299
OAL,20200109,185.4,189.3,184,185.4,2637
OBEROIRLTY,20200109,514.95,527.1,514.95,522.05,692636
OCCL,20200109,1024.05,1039.95,1024,1030.2,3304
OFSS,20200109,2759.9,2864,2710.5,2751.6,71278
OIL,20200109,155.6,157.8,153.75,156.4,820144
OILCOUNTUB,20200109,6.1,6.4,5.85,6.15,25474
OISL,20200109,3.1,3.1,3,3.1,666
OLECTRA,20200109,177.55,180,175.3,176.45,45003
OMAXAUTO,20200109,46,48,45.05,46.85,22292
OMAXE,20200109,156.1,157,155.1,155.5,26314
OMKARCHEM,20200109,4.55,4.65,4.5,4.6,3171
OMMETALS,20200109,23,23.25,22.35,23,66223
ONELIFECAP,20200109,7.4,7.65,7.15,7.65,100
ONEPOINT,20200109,14.25,15.65,14.25,14.8,32300
ONGC,20200109,124.95,125.1,122.8,123.7,10135017
ONMOBILE,20200109,30.9,30.9,30.05,30.25,70008
ONWARDTEC,20200109,66,66,63,63.75,9178
OPTIEMUS,20200109,31,31.05,30,30.75,18536
OPTOCIRCUI,20200109,2.95,2.95,2.85,2.9,154576
ORBTEXP,20200109,83.25,84.95,80.2,83.25,2563
ORICONENT,20200109,18.9,20.6,18.3,19.8,310331
ORIENTABRA,20200109,18.3,18.5,17.35,17.9,57331
ORIENTALTL,20200109,10.75,10.75,10.15,10.25,4373
ORIENTBANK,20200109,51.45,52.2,51.2,51.3,715772
ORIENTBELL,20200109,138,145.4,137.5,142.6,439531
ORIENTCEM,20200109,83,83.85,81.25,82.25,319631
ORIENTELEC,20200109,195,198.65,191.3,195.7,116569
ORIENTHOT,20200109,34.5,34.6,33.5,34.2,12434
ORIENTLTD,20200109,99.1,99.1,93.5,93.5,4
ORIENTPPR,20200109,27.1,28.2,26.95,27.45,520093
ORIENTREF,20200109,240,250.8,240,245.6,47228
ORISSAMINE,20200109,1294.9,1380.2,1291.2,1328.7,55180
ORTINLABSS,20200109,10,10,9.7,9.8,7845
OSWALAGRO,20200109,5.6,5.75,5.5,5.75,19957
PAEL,20200109,4,4,3.7,3.7,5197
PAGEIND,20200109,23000,23660,22941,23544.85,58676
PAISALO,20200109,427,432.2,425,427.9,116031
PALASHSECU,20200109,32,36.3,28.2,36.3,15507
PALREDTEC,20200109,17.65,17.65,16.4,16.65,560
PANACEABIO,20200109,132,133.3,130,130.4,12453
PANACHE,20200109,63.05,63.05,61,62.2,28952
PANAMAPET,20200109,69.8,69.8,64.3,68,13647
PAPERPROD,20200109,250.65,254,250.4,251.85,9158
PARABDRUGS,20200109,2.25,2.25,2.25,2.25,2492
PARACABLES,20200109,8.55,8.55,8.3,8.35,43057
PARAGMILK,20200109,138.65,141.9,137.35,138.6,164795
PARSVNATH,20200109,2,2.15,2,2.05,45949
PATELENG,20200109,16.7,17.3,16.5,16.8,433043
PATINTLOG,20200109,23.4,24.45,22.65,24.05,34559
PATSPINLTD,20200109,5.25,5.5,5,5,3575
PCJEWELLER,20200109,24.1,24.1,23.45,23.6,2684346
PDMJEPAPER,20200109,15,15.2,14.6,15.2,63420
PDPL,20200109,3.6,3.7,3.5,3.7,4671
PDSMFL,20200109,316,322.5,314,314.45,413
PEARLPOLY,20200109,15.75,15.75,14.55,15,2991
PEL,20200109,1492,1509.4,1470.6,1476.15,829437
PENIND,20200109,24.9,25.6,24.65,25.2,469089
PENINLAND,20200109,5.25,5.25,5.15,5.25,369235
PERSISTENT,20200109,694,694,683,685.6,27524
PETRONENGG,20200109,7.6,7.95,7.25,7.4,1402
PETRONET,20200109,271.8,273.15,268.1,270.25,1009431
PFC,20200109,117.2,119.9,116.65,119.5,3356743
PFIZER,20200109,4050,4059.95,3945.25,3972,47313
PFOCUS,20200109,43.9,43.9,42.25,42.75,4452
PFS,20200109,13.2,13.45,13.15,13.3,345331
PGEL,20200109,56,60.85,56,59.3,186743
PGHH,20200109,10990,11149,10990,11110,1650
PGHL,20200109,4260,4400,4260,4349.55,15577
PGIL,20200109,164.45,164.45,155.6,157.25,17858
PHILIPCARB,20200109,127,131.55,127,128.2,1520357
PHOENIXLTD,20200109,870,874,854.05,869.4,382289
PIDILITIND,20200109,1410.55,1425.45,1407.1,1414.4,510894
PIIND,20200109,1450.1,1464,1439,1445.15,96389
PILANIINVS,20200109,1759.95,1775,1744,1759.15,3203
PILITA,20200109,5.2,5.35,5.05,5.25,56125
PIONDIST,20200109,120.6,125,120.05,121.05,6898
PIONEEREMB,20200109,32.95,35,32.1,33.15,14649
PITTIENG,20200109,42.5,44.5,42.1,44,23274
PKTEA,20200109,130,132.95,127,132.95,999
PLASTIBLEN,20200109,177.3,182.8,176.75,180.95,2994
PNB,20200109,62.3,63,61.8,62.6,18885640
PNBGILTS,20200109,28.05,28.6,28.05,28.25,143194
PNBHOUSING,20200109,480.6,487.2,474.5,482.25,595405
PNC,20200109,15.85,15.85,14.35,14.35,3259
PNCINFRA,20200109,195.95,196.1,192.2,193.55,245946
PODDARHOUS,20200109,297.75,297.75,290,290,255
PODDARMENT,20200109,170,176.4,162.5,174.55,9367
POKARNA,20200109,99.8,99.8,93.9,94.4,38026
POLYCAB,20200109,978,981.95,968,971.75,150582
POLYMED,20200109,213,219,210,217.95,28313
POLYPLEX,20200109,520,524,511,522.75,35822
PONNIERODE,20200109,175,175,170.1,173.15,4300
POWERGRID,20200109,191.95,193.4,191.15,192.95,4339607
POWERMECH,20200109,629.85,629.85,614.55,625.3,9859
PPAP,20200109,184,190,184,189.3,5118
PPL,20200109,69.9,71,68.3,68.75,28414
PRABHAT,20200109,87,88.6,86.9,87.35,19070
PRADIP,20200109,0.55,0.6,0.55,0.55,15792
PRAENG,20200109,6.25,6.25,5.8,5.85,48478
PRAJIND,20200109,111.25,114.9,110.75,112.75,1710870
PRAKASH,20200109,57.15,57.85,56.6,56.95,970441
PRAKASHSTL,20200109,0.2,0.2,0.2,0.2,22000
PRAXIS,20200109,63.9,63.9,59.05,62.75,5439
PRECAM,20200109,38.5,39.85,38.5,39.75,4885
PRECOT,20200109,23.45,27.15,23.4,25.5,756
PRECWIRE,20200109,168,170.95,162.15,163.8,4216
PREMEXPLN,20200109,160.15,164.9,156.6,162.5,70894
PREMIER,20200109,2.4,2.4,2.4,2.4,901
PREMIERPOL,20200109,22.3,25.3,21.1,25.3,49511
PRESSMN,20200109,21.75,24,21.75,23.85,26984
PRESTIGE,20200109,318.9,325.05,314,316,349742
PRICOLLTD,20200109,47,52.6,47,51.75,714661
PRIMESECU,20200109,41.65,44.95,40.8,43.05,12765
PRINCEPIPE,20200109,155.5,169,153.05,161.9,3636245
PROSEED,20200109,0.25,0.35,0.25,0.3,33201
PROZONINTU,20200109,19.15,20.05,19.15,19.9,30676
PRSMJOHNSN,20200109,64.9,65.3,63.95,64.05,448641
PSB,20200109,21.6,21.8,21.35,21.55,52857
PSL,20200109,0.5,0.5,0.5,0.5,1709
PSPPROJECT,20200109,514.55,525,514.55,520.4,9760
PSUBNKBEES,20200109,26.9,27.1,26.8,26.99,25517
PTC,20200109,55.9,56.9,55.7,56.7,498918
PTL,20200109,38.05,38.05,37.15,37.8,20144
PUNJABCHEM,20200109,496.95,520.1,496.95,508.25,3759
PURVA,20200109,58.9,62.85,57.65,62.05,311037
PVR,20200109,1875,1910.05,1871.25,1901.55,409561
QGOLDHALF,20200109,1770,1770,1738,1744.9,1374
QNIFTY,20200109,1247,1247,1247,1247,1
QUESS,20200109,533,545,528.15,537,213679
QUICKHEAL,20200109,129,132.9,128.7,131.75,187358
RADAAN,20200109,1,1.05,1,1.05,201
RADICO,20200109,317,327,313.3,324.45,753837
RADIOCITY,20200109,27.4,28,27.3,27.7,61859
RAIN,20200109,104.5,108.8,103.35,106.45,2090629
RAJESHEXPO,20200109,684.2,686.1,680.5,683.6,183572
RAJSREESUG,20200109,21.8,21.8,20.2,20.85,21763
RAJTV,20200109,43.7,43.7,41.1,42.8,764
RALLIS,20200109,178.65,182.5,177.8,181.45,257324
RAMANEWS,20200109,15.25,15.25,14.4,14.5,12597
RAMASTEEL,20200109,45,45,42.2,42.4,8089
RAMCOCEM,20200109,810.25,818.35,792.55,803,943986
RAMCOIND,20200109,192.8,197.05,192.3,195.4,47456
RAMCOSYS,20200109,174.4,177.8,168.15,171.1,108255
RAMKY,20200109,36.9,36.9,34.6,36.05,58207
RANASUG,20200109,3.5,3.5,3.3,3.45,77935
RANEENGINE,20200109,289.7,290,271,274.4,5202
RANEHOLDIN,20200109,731,746.95,726,733.1,11542
RATNAMANI,20200109,1179,1193,1143.35,1160.85,16391
RAYMOND,20200109,649,661.95,645.6,656.85,265674
RBL,20200109,669,674.85,657.1,660.45,31039
RBLBANK,20200109,355,360.65,352.5,355.35,8506943
RCF,20200109,50.2,53.5,50.05,52,6734487
RCOM,20200109,0.85,0.9,0.8,0.9,6822331
RECLTD,20200109,139.85,143.05,139.85,142.45,2482089
REDINGTON,20200109,113.9,113.9,112.25,113,87037
REFEX,20200109,50.5,52.05,50.5,52.05,36700
REGENCERAM,20200109,1.35,1.35,1.35,1.35,100
RELAXO,20200109,630,633.05,628.1,630.45,69817
RELCAPITAL,20200109,13.05,13.3,12.65,12.65,7111929
RELIANCE,20200109,1538.6,1550,1531.25,1548,6849606
RELIGARE,20200109,41.3,43.85,41.3,43,724269
RELINFRA,20200109,27.1,27.55,26.2,26.2,4544113
REMSONSIND,20200109,77.85,77.85,71.5,71.55,165
RENUKA,20200109,9,9.15,8.65,8.75,1960233
REPCOHOME,20200109,334,338.5,321.8,324.65,41978
REPRO,20200109,625.05,628,614.6,620.3,914
RESPONIND,20200109,90.25,92.9,89.5,90.6,65805
REVATHI,20200109,399,399,360.15,388.65,1651
RGL,20200109,347,349,345,348.85,2387
RHFL,20200109,2.7,2.7,2.6,2.6,677707
RICOAUTO,20200109,47.7,49.2,47.4,47.8,780387
RIIL,20200109,471,479,441.3,450.45,2491947
RITES,20200109,306.8,307.95,303.05,304.55,510575
RKDL,20200109,5.6,5.6,5.2,5.45,13649
RKFORGE,20200109,356,362.8,352,358.8,7063
RMCL,20200109,6.6,6.9,6.6,6.6,54296
RML,20200109,303,308,299,301,50282
RNAM,20200109,338,345.4,335.45,342.8,1704476
RNAVAL,20200109,3.7,3.7,3.7,3.7,178136
ROHITFERRO,20200109,0.7,0.7,0.6,0.6,2773
ROHLTD,20200109,71.85,74.8,71.15,72.45,54997
ROLLT,20200109,1.65,1.75,1.65,1.65,30577
ROLTA,20200109,4.6,4.6,4.45,4.5,53814
ROSSELLIND,20200109,72.6,74.95,72.6,74.2,7134
RPGLIFE,20200109,306.9,315.9,305.5,307.9,41942
RPOWER,20200109,2.85,2.9,2.85,2.85,26806352
RPPINFRA,20200109,70.2,70.2,66.3,66.7,21851
RSSOFTWARE,20200109,22.4,22.4,20.8,21.05,53381
RSWM,20200109,98.35,107.8,98.35,101.8,24630
RSYSTEMS,20200109,77,79,65.35,68.55,93583
RTNINFRA,20200109,2.4,2.5,2.4,2.4,174051
RTNPOWER,20200109,2.25,2.3,2.2,2.3,3339818
RUBYMILLS,20200109,184,190.95,184,188.35,4211
RUCHINFRA,20200109,2.2,2.35,2.2,2.35,4150
RUCHIRA,20200109,81.45,82.75,79.8,80.15,56293
RUPA,20200109,196.4,204,195.35,199.75,50335
RUSHIL,20200109,148.35,152,144.2,149.2,9896
RVNL,20200109,25.4,26.1,25.25,25.7,11073581
SABTN,20200109,1.45,1.45,1.35,1.4,66154
SADBHAV,20200109,122.9,124.85,120.85,123.2,66932
SADBHIN,20200109,38.25,41,36.1,37.3,3978438
SAFARI,20200109,610,616.75,600.55,604.5,4356
SAGARDEEP,20200109,62.3,62.3,62.3,62.3,259
SAGCEM,20200109,578,592.75,575,578.35,4906
SAIL,20200109,47.4,48.85,47.35,48.55,30851490
SAKAR,20200109,66.35,66.35,65.85,66.3,4218
SAKHTISUG,20200109,9.7,9.95,9.4,9.6,135572
SAKSOFT,20200109,220.05,229,218.15,219.95,10888
SAKUMA,20200109,7.15,7.4,6.75,6.8,255525
SALASAR,20200109,115,116.95,108,111.5,15142
SALONA,20200109,60,63.4,60,61.05,533
SALSTEEL,20200109,2.7,2.8,2.65,2.7,16801
SALZERELEC,20200109,109.8,114.95,109.8,112.15,19777
SAMBHAAV,20200109,2.55,2.65,2.5,2.6,2671
SANCO,20200109,12.75,13.15,12.5,13,212913
SANDESH,20200109,625,625,605.5,607.05,282
SANDHAR,20200109,253,273.85,250.55,266.55,23267
SANGAMIND,20200109,62.9,62.9,59.3,62.45,2520
SANGHIIND,20200109,40.15,41.8,40.15,41.35,180034
SANGHVIFOR,20200109,22.45,23.25,21.4,21.6,3129
SANGHVIMOV,20200109,89.05,94.5,89.05,93.7,38078
SANGINITA,20200109,151.95,154,150,150.6,26818
SANOFI,20200109,6880.1,6925,6800,6812.4,3233
SANWARIA,20200109,1.8,1.85,1.8,1.85,1771890
SARDAEN,20200109,248,259,248,257.6,87124
SAREGAMA,20200109,419.55,427,414.2,422.15,12441
SARLAPOLY,20200109,23.5,25.2,23.5,24.65,169928
SASKEN,20200109,650,650,605.1,610.65,33105
SASTASUNDR,20200109,70,70.15,65.1,67.35,8314
SATIA,20200109,79.3,88,77.6,84.75,154209
SATIN,20200109,201.1,226.4,201,221.45,299735
SBIETFQLTY,20200109,98.8,99.5,98.2,98.6,902
SBILIFE,20200109,996.8,998,979.75,988.5,614382
SBIN,20200109,326.9,331.4,325,330.2,40348407
SCAPDVR,20200109,0.2,0.25,0.15,0.2,277946
SCHAEFFLER,20200109,4631,4749,4631,4695.8,3323
SCHAND,20200109,85.3,90.3,85.3,90.05,11899
SCHNEIDER,20200109,86.15,92.95,83,86,3603785
SCI,20200109,59.15,60,59.15,59.7,827239
SDBL,20200109,110.7,110.7,106.1,108.45,4692
SEAMECLTD,20200109,486.05,498.5,482,489.55,3506
SELAN,20200109,161,165.7,158.75,159.6,77169
SELMCL,20200109,0.8,0.8,0.7,0.7,97626
SEPOWER,20200109,2.9,2.9,2.5,2.6,224754
SEQUENT,20200109,73.2,77.5,73.2,75,495109
SESHAPAPER,20200109,164.5,169.7,164.3,167,16762
SETCO,20200109,14.25,16,14.25,14.75,180226
SETF10GILT,20200109,192,192,190,190.81,39
SETFGOLD,20200109,3648.5,3648.5,3577,3598.2,5144
SETFNIF50,20200109,124.71,125.88,124.71,125.47,76361
SETFNIFBK,20200109,318,324.43,318,323.71,28531
SETFNN50,20200109,295.95,295.95,290,290.75,18947
SETUINFRA,20200109,0.9,0.95,0.9,0.95,235142
SEYAIND,20200109,98,103.6,96,103.6,9138
SFL,20200109,1330,1330,1312,1320,21158
SGL,20200109,6.1,6.1,5.8,6,2040
SHAHALLOYS,20200109,7.75,8.3,7.75,7.95,2584
SHAKTIPUMP,20200109,206.1,244.1,206.1,244.1,927998
SHALBY,20200109,95.5,104.8,94,95.65,2438940
SHALPAINTS,20200109,84,86.4,84,85.1,28517
SHANKARA,20200109,392.7,404.8,376.65,383.35,119074
SHANTIGEAR,20200109,99,101.5,99,100.05,4989
SHARDACROP,20200109,267,269.1,261,264.55,12716
SHARDAMOTR,20200109,1090,1090,1067.1,1080.25,149
SHARIABEES,20200109,255.47,257.14,255.12,257.14,23
SHEMAROO,20200109,156.9,164,152,161.2,17820
SHIL,20200109,170.1,178.8,168,175.6,73801
SHILPAMED,20200109,275,277.9,271.05,272.15,17139
SHIRPUR-G,20200109,9.8,9.8,9.8,9.8,5600
SHIVAMAUTO,20200109,22.65,23.5,22.65,22.95,43607
SHIVAMILLS,20200109,29.45,32.5,29.45,31.45,2487
SHIVATEX,20200109,92,96.8,90.2,95.05,2995
SHK,20200109,112.2,116.9,111.6,113.15,45304
SHOPERSTOP,20200109,379.9,383.95,377.05,381.55,15809
SHREDIGCEM,20200109,26.4,27,26,26.35,195791
SHREECEM,20200109,22521.8,22959.85,22327.25,22814.55,40252
SHREEPUSHK,20200109,112.6,123.6,107.05,118.7,197808
SHREERAMA,20200109,4.8,5,4.75,4.9,1203
SHRENIK,20200109,40.5,43,38.3,41.85,222868
SHREYANIND,20200109,111,118,111,113.5,9028
SHREYAS,20200109,80,81.9,77.15,79.85,4434
SHRIPISTON,20200109,740,740,685.05,701.55,1052
SHRIRAMCIT,20200109,1393.75,1411.65,1393.75,1405.9,1201
SHRIRAMEPC,20200109,4.65,4.7,4.4,4.7,412196
SHYAMCENT,20200109,3.15,3.15,2.9,3.05,7736
SICAGEN,20200109,15.25,16,15,15.25,21736
SICAL,20200109,18.8,18.8,17.65,18.4,36438
SIEMENS,20200109,1509.4,1511.85,1486.05,1509.4,208851
SIGIND,20200109,21.1,22.5,21.05,21.55,17202
SIL,20200109,14.7,14.7,13.3,13.35,4887
SILINV,20200109,145.35,152,145.35,149.75,1863
SIMBHALS,20200109,7.1,7.45,7.1,7.4,23975
SIMPLEXINF,20200109,45.8,45.8,41.5,45.8,1873481
SINTEX,20200109,0.85,0.95,0.85,0.95,3126976
SIRCA,20200109,239.85,240,235.2,240,2635
SIS,20200109,941,982,941,972.6,224723
SITINET,20200109,2,2,1.9,2,839785
SIYSIL,20200109,231.25,237,230,235.55,7041
SJVN,20200109,26,26.45,25.85,26,716153
SKFINDIA,20200109,2125.05,2153,2113,2136,70922
SKIL,20200109,5.1,5.1,5.1,5.1,4180
SKIPPER,20200109,49.65,51,48.5,50.9,321335
SKMEGGPROD,20200109,35.65,36.9,35.35,36.1,27769
SMARTLINK,20200109,83,83.6,80.3,81.45,3951
SMLISUZU,20200109,593.05,603,585.1,588.15,38020
SMSLIFE,20200109,274.2,284.5,274.2,278.05,2188
SMSPHARMA,20200109,43.6,45.45,43.6,44.2,18373
SNOWMAN,20200109,42.3,42.75,42.3,42.6,703285
SOBHA,20200109,403.45,409,401,403.6,179771
SOLARA,20200109,426,430.05,420.5,422.6,9936
SOLARINDS,20200109,1119.6,1128.35,1105,1111.55,5331
SOMANYCERA,20200109,218.25,224,217.1,218.7,34458
SOMATEX,20200109,3.1,3.1,3.05,3.1,663
SOMICONVEY,20200109,16.2,16.2,13.7,14.05,3370
SONATSOFTW,20200109,311.9,315.5,307.6,314.3,53716
SORILINFRA,20200109,132,136.25,132,136.25,151131
SOTL,20200109,846.45,860.05,841.05,845.25,2153
SOUTHBANK,20200109,10.25,10.35,10.2,10.25,2461281
SOUTHWEST,20200109,18.4,18.4,17.45,17.55,11822
SPAL,20200109,223,227,219.1,222.9,28534
SPANDANA,20200109,1155,1185,1155,1173.6,11335
SPARC,20200109,171.5,175.9,169.2,171.45,1274290
SPCENET,20200109,1.1,1.1,1.1,1.1,282
SPECIALITY,20200109,64.5,68.1,64.2,66.9,103302
SPENCERS,20200109,59.55,61.05,58.5,58.95,263779
SPENTEX,20200109,0.4,0.4,0.35,0.35,52637
SPIC,20200109,21.45,22,20.75,21.5,170602
SPICEJET,20200109,103.1,109.6,103.1,106.3,4502983
SPLIL,20200109,33.9,34.25,32.2,33.7,30750
SPMLINFRA,20200109,12.4,12.45,12.05,12.2,6981
SPTL,20200109,1.2,1.25,1.2,1.2,1943496
SPYL,20200109,0.25,0.3,0.25,0.3,31450
SREEL,20200109,168.3,172.65,166,171.85,2587
SREINFRA,20200109,9.15,9.65,9.15,9.5,799272
SRF,20200109,3474.9,3516,3458.2,3496.15,265052
SRHHYPOLTD,20200109,99,107,98.5,105.1,6045
SRIPIPES,20200109,181.45,186.7,181,183.65,49024
SRTRANSFIN,20200109,1139.1,1154.15,1122.1,1147.1,863249
SSWL,20200109,768,772.9,760.05,767.9,2120
STAMPEDE,20200109,0.35,0.45,0.35,0.4,253933
STAR,20200109,388,395,385,392.1,368719
STARCEMENT,20200109,94.7,94.7,92.45,93.3,41439
STARPAPER,20200109,113.95,117.5,113.95,115.6,180427
STCINDIA,20200109,50.3,50.3,48.25,49.35,27885
STEELCITY,20200109,32.45,32.45,29.8,30.85,1142
STEELXIND,20200109,25.6,27,25.55,25.75,14067
STEL,20200109,61,63.6,61,61.6,6004
STERTOOLS,20200109,209.8,220,201.4,212.95,30230
STINDIA,20200109,4.8,4.8,4.8,4.8,109
STRTECH,20200109,123,126.25,122,124.3,1533373
SUBCAPCITY,20200109,11.05,12.15,11.05,11.15,113
SUBEX,20200109,6.4,6.5,6.25,6.35,1067102
SUBROS,20200109,264.25,279.05,263.8,273.8,61242
SUDARSCHEM,20200109,443,463.5,440,459.6,707146
SUMEETINDS,20200109,1.75,1.8,1.75,1.75,18882
SUMIT,20200109,19.5,19.8,19.4,19.8,2551
SUMMITSEC,20200109,453.85,453.85,426,434.3,926
SUNCLAYLTD,20200109,2095.55,2096.5,2048.85,2068.25,362
SUNDARAM,20200109,1.35,1.35,1.25,1.25,100674
SUNDARMFIN,20200109,1615.8,1644.5,1611.65,1635.75,13595
SUNDARMHLD,20200109,71.95,74.5,69.55,71.1,18994
SUNDRMBRAK,20200109,280,293.5,276,290.25,4154
SUNDRMFAST,20200109,482.3,489.8,475,483.2,27466
SUNFLAG,20200109,37.65,40.1,37.4,38.95,424133
SUNPHARMA,20200109,442.7,444.85,439,439.85,3934566
SUNTECK,20200109,441.05,456.9,438.8,452.8,296851
SUNTV,20200109,428.8,445.4,427.15,431.35,4565888
SUPERHOUSE,20200109,91,93,90,92.05,7432
SUPERSPIN,20200109,3.65,3.7,3.5,3.6,1068
SUPPETRO,20200109,161,165,160,161.6,10542
SUPRAJIT,20200109,201,207.5,201,204.5,35421
SUPREMEIND,20200109,1145,1197.5,1144.95,1190.45,127656
SUPREMEINF,20200109,11.65,11.65,11.65,11.65,3075
SURANASOL,20200109,9.65,10.5,9.1,10.5,539681
SURANAT&P,20200109,3.25,3.95,3.25,3.7,49457
SURYALAXMI,20200109,17.9,18,17.35,17.95,1713
SURYAROSNI,20200109,173,183.45,172.8,178.25,168366
SUTLEJTEX,20200109,31.45,31.45,29.5,30.3,25735
SUVEN,20200109,306,309.85,305,306.2,168364
SUZLON,20200109,2.85,2.85,2.85,2.85,4490139
SWANENERGY,20200109,122.5,128.4,120.05,122.05,154534
SWARAJENG,20200109,1243.95,1265.7,1227.25,1256.15,5586
SWELECTES,20200109,146.9,158.8,146.9,156.75,51625
SWSOLAR,20200109,311,322.05,309.15,322.05,597015
SYMPHONY,20200109,1135,1156.05,1131.15,1140.3,23416
SYNCOM,20200109,0.8,0.85,0.8,0.8,13200
SYNDIBANK,20200109,27.4,27.4,26.8,26.95,521335
SYNGENE,20200109,311,314.7,309,309.45,95905
TAINWALCHM,20200109,60,60,52.25,55.1,1317
TAJGVK,20200109,168,174.6,165,169.25,81734
TAKE,20200109,105,105,102.3,103.15,65073
TALBROAUTO,20200109,134,139,133,136.3,27380
TALWALKARS,20200109,4.35,4.35,4.1,4.25,56780
TALWGYM,20200109,3.35,3.35,3.15,3.2,25538
TANLA,20200109,68.7,68.7,66.55,68,245946
TANTIACONS,20200109,1.7,1.7,1.7,1.7,199
TARAPUR,20200109,3.6,3.6,3.6,3.6,1070
TARMAT,20200109,29.4,29.5,25.2,27.6,7427
TASTYBITE,20200109,8240.05,8346,8240.05,8301.25,115
TATACHEM,20200109,667.9,679.1,667.15,675.65,718119
TATACOFFEE,20200109,90.3,92.8,90,91.45,456659
TATACOMM,20200109,420,426.45,410.1,413.75,80708
TATAELXSI,20200109,826.9,851.7,825,843.15,469880
TATAGLOBAL,20200109,318.05,330,317.4,328.55,4302141
TATAINVEST,20200109,805.25,808,801,801.85,6808
TATAMETALI,20200109,639.9,656.9,637,653.05,102951
TATAMOTORS,20200109,184.85,192.75,184.25,192,40803142
TATAMTRDVR,20200109,75.9,79.7,75.65,79.45,7627454
TATAPOWER,20200109,56.55,58.2,56.55,57.8,6282472
TATASTEEL,20200109,485,486,479.1,483.15,10131152
TATASTLBSL,20200109,30.7,31,30.5,30.65,998146
TATASTLLP,20200109,436.2,451.95,436.2,443.65,168346
TBZ,20200109,37.4,38.7,36.65,37.8,69839
TCI,20200109,275,275.05,270.1,271.65,10967
TCIDEVELOP,20200109,360,365.05,332,365,570
TCIEXP,20200109,735,738.6,723.4,727.4,8040
TCIFINANCE,20200109,8.7,8.7,8.5,8.5,5378
TCNSBRANDS,20200109,598,617.2,589.15,605.85,7243
TCPLPACK,20200109,260,264.75,256.5,259.1,18064
TCS,20200109,2248.75,2251.95,2210,2214.35,3734173
TDPOWERSYS,20200109,137.05,140.8,136.15,136.4,3279
TEAMLEASE,20200109,2645.6,2666,2585,2601.4,21931
TECHIN,20200109,3,3.15,2.85,2.95,4921
TECHM,20200109,770.5,776.45,762.2,773.65,1678891
TECHNOE,20200109,284.05,289.75,284,287.6,4221
TECHNOFAB,20200109,15.25,16.15,14.9,16.15,5873
TEJASNET,20200109,89.8,95.25,87.5,95.25,2309234
TERASOFT,20200109,24.25,26.5,24.25,25.8,16956
TEXINFRA,20200109,46.1,55.85,46.1,53.6,565967
TEXMOPIPES,20200109,14.4,15.2,14.3,14.75,75634
TEXRAIL,20200109,35.8,42.3,35.7,42,4694563
TFCILTD,20200109,61.9,63.6,60,63.05,425426
TFL,20200109,4.75,4.95,4.75,4.8,8909
TGBHOTELS,20200109,3.55,3.8,3.5,3.6,17145
THANGAMAYL,20200109,345.05,360.1,343.05,359.05,2529
THEINVEST,20200109,124.75,124.75,118,123.65,1804
THEMISMED,20200109,343,350,340.1,341.25,1541
THERMAX,20200109,1091,1095,1065,1071.7,29610
THOMASCOOK,20200109,62,62.6,60.65,61.9,306547
THOMASCOTT,20200109,4.4,4.4,4.4,4.4,25
THYROCARE,20200109,525,530,524,527.65,16089
TI,20200109,13,13.3,12.9,12.95,15029
TIDEWATER,20200109,4540,4595,4535.15,4569.1,344
TIIL,20200109,319.85,327.55,314.95,321.85,4215
TIINDIA,20200109,483.95,493,483.95,490.35,61621
TIJARIA,20200109,7,7.3,6.9,7.1,6071
TIL,20200109,171,180.2,171,175.4,15902
TIMESGTY,20200109,28.55,32.8,28.55,30.8,4653
TIMETECHNO,20200109,53.1,54.8,52.8,53.45,223401
TIMKEN,20200109,910,934.7,905.5,920.3,148202
TINPLATE,20200109,149.85,152.65,148.5,150.85,549242
TIPSINDLTD,20200109,90.35,92.8,90.35,92.5,3530
TIRUMALCHM,20200109,77.4,78.6,75.85,76.7,707535
TITAN,20200109,1155,1168,1148.5,1163.45,1764131
TMRVL,20200109,12.6,12.6,11.75,12,47580
TNPETRO,20200109,41,41.75,39.4,39.95,189022
TNPL,20200109,166.85,167.5,165.6,166.75,42256
TNTELE,20200109,1,1.05,0.95,1.05,7700
TOKYOPLAST,20200109,71.05,74,71.05,71.65,2170
TORNTPHARM,20200109,1872,1896.3,1866.1,1878.8,98122
TORNTPOWER,20200109,290.15,297,290.15,292.95,1686167
TPLPLASTEH,20200109,129.1,132.95,125.05,127.15,4937
TREEHOUSE,20200109,5.5,5.7,5.35,5.4,77274
TREJHARA,20200109,10.5,11.8,10.5,11,2354
TRENT,20200109,535,557.85,532,547.45,200543
TRF,20200109,115.6,136.35,115.6,136.35,1280505
TRIDENT,20200109,6.55,6.95,6.55,6.85,8724590
TRIGYN,20200109,46.25,48.6,45.55,46.5,73085
TRIL,20200109,7.75,8,7.6,7.7,150748
TRITURBINE,20200109,96.25,96.5,93.6,96.05,11766
TRIVENI,20200109,73.3,74.2,72.9,73.6,378684
TTKHLTCARE,20200109,508.8,535,505,509.65,1442
TTKPRESTIG,20200109,5670,5717,5602,5657.4,12808
TTL,20200109,40.05,42.3,40,41.05,15824
TTML,20200109,2.35,2.4,2.25,2.3,986356
TV18BRDCST,20200109,21.75,22.5,21.65,22.15,2334775
TVSELECT,20200109,105.05,107.9,104.35,107.9,71749
TVSMOTOR,20200109,450.65,463.7,450.65,462.3,1127745
TVSSRICHAK,20200109,1698.95,1721.35,1685,1693.4,3163
TVTODAY,20200109,244.95,246,239,239.9,26458
TVVISION,20200109,1.15,1.15,1.15,1.15,50
TWL,20200109,49,58.1,49,58.1,7779332
UBL,20200109,1252,1282.15,1252,1263.6,366442
UCALFUEL,20200109,134,141,134,137.2,28911
UCOBANK,20200109,16.75,16.75,16.4,16.5,814750
UFLEX,20200109,209.8,213.5,209,211.05,29835
UFO,20200109,129,134.9,127.25,130.7,39982
UGARSUGAR,20200109,15.05,15.3,14.8,14.9,103604
UJAAS,20200109,5.9,6.1,5.8,6.1,1674350
UJJIVAN,20200109,335,341.8,334.3,340.5,909758
UJJIVANSFB,20200109,55,55,52.9,53.15,5424010
ULTRACEMCO,20200109,4337,4400,4331.6,4388,698429
UMANGDAIRY,20200109,42.55,43.45,42.05,42.6,6526
UMESLTD,20200109,0.95,1,0.95,1,14075
UNICHEMLAB,20200109,163.95,164.5,161.5,164.1,26708
UNIENTER,20200109,68.45,69.75,66.85,67.15,12604
UNIONBANK,20200109,52.9,53.4,52.25,52.55,5088100
UNIPLY,20200109,10.75,10.75,10.75,10.75,51389
UNITECH,20200109,0.95,0.95,0.85,0.95,2620131
UNITEDBNK,20200109,8.85,8.9,8.7,8.75,146893
UNITEDTEA,20200109,299,299,281.65,283.25,3632
UNIVCABLES,20200109,164.75,169,162.2,164.7,18058
UPL,20200109,602,614.9,598.25,604.55,2795225
URJA,20200109,1.8,1.8,1.75,1.75,836636
USHAMART,20200109,27.05,27.6,27,27.3,186409
UTINEXT50,20200109,285,291,285,289,377
UTINIFTETF,20200109,1300,1406,1284.35,1295.62,3650
UTISENSETF,20200109,434.7,439.99,432,433.97,2377
UTTAMSTL,20200109,8.6,8.7,8.15,8.25,128594
UTTAMSUGAR,20200109,118.6,119.05,116.5,116.95,111486
UVSL,20200109,0.1,0.15,0.1,0.15,7862586
V2RETAIL,20200109,102.6,107.5,102.6,104.8,136684
VADILALIND,20200109,748,748,731,733.65,4210
VAIBHAVGBL,20200109,854.95,868,850.35,861.95,15723
VAKRANGEE,20200109,50,50.7,49,50.1,3801472
VARDHACRLC,20200109,35.7,35.7,34.3,34.9,9287
VARDMNPOLY,20200109,2.65,2.65,2.55,2.65,4355
VARROC,20200109,443.95,454,443,445.4,21792
VASCONEQ,20200109,14.6,15.75,14.55,15.1,354892
VASWANI,20200109,5.4,5.4,5.05,5.15,5637
VBL,20200109,708,722,704.85,715.75,148382
VEDL,20200109,159.4,160.2,157.4,158.15,11725302
VENKEYS,20200109,1711,1740,1711,1727.4,87591
VENUSREM,20200109,23,23,22.05,22.4,10563
VESUVIUS,20200109,1146.1,1173.9,1135,1163.05,10733
VETO,20200109,41.3,43.9,41.25,42.4,11800
VGUARD,20200109,212.1,215.6,211.4,213.1,296121
VHL,20200109,1281,1315,1249.95,1257.45,1636
VICEROY,20200109,1.6,1.6,1.5,1.5,35796
VIDHIING,20200109,63.7,66.7,63.3,64.85,53331
VIJIFIN,20200109,0.45,0.45,0.4,0.4,130803
VIKASECO,20200109,2.9,3,2.8,2.95,329924
VIKASMCORP,20200109,2.9,3.1,2.85,2.85,226280
VIKASPROP,20200109,7,7,7,7,64388
VIKASWSP,20200109,8.75,8.75,8.35,8.5,234439
VIMALOIL,20200109,3.35,3.4,3.35,3.4,291
VIMTALABS,20200109,91.9,93.9,91.65,92.8,25386
VINATIORGA,20200109,1940,1960,1935,1955.8,14721
VINDHYATEL,20200109,905.3,921.55,902.7,908.8,5759
VINYLINDIA,20200109,64.95,67.5,64.5,65.35,21984
VIPCLOTHNG,20200109,8.7,8.75,8.3,8.4,97017
VIPIND,20200109,429.65,429.65,422.05,425.75,168555
VIPULLTD,20200109,19,19.6,19,19.2,5489
VISAKAIND,20200109,277,277,265.65,266.95,26143
VISASTEEL,20200109,4.9,4.9,4.75,4.75,24088
VISESHINFO,20200109,0.05,0.1,0.05,0.05,3812910
VISHAL,20200109,247,253,247,251.75,17
VISHNU,20200109,128.05,132.95,127,131.15,9752
VISHWARAJ,20200109,87.4,94,87.3,90.25,206368
VIVIDHA,20200109,0.3,0.35,0.3,0.3,50334
VIVIMEDLAB,20200109,12.35,12.6,12.2,12.25,86070
VLSFINANCE,20200109,51.2,54.5,51.2,53.55,19176
VMART,20200109,1682,1690,1670.05,1679.5,34762
VOLTAMP,20200109,1245,1272,1245,1267.1,9496
VOLTAS,20200109,655.3,689.15,655.3,684.3,2697590
VRLLOG,20200109,262.9,266.2,259.65,265,93625
VSSL,20200109,81.3,83,78.25,79.6,12645
VSTIND,20200109,4199.9,4285.95,4175.3,4275.5,1437
VSTTILLERS,20200109,1180.65,1215,1174.35,1209.95,6528
VTL,20200109,990,990,966.1,973.05,4726
WABAG,20200109,219.8,221.95,215.2,216.3,343417
WABCOINDIA,20200109,6632.6,6690,6579.55,6645.45,2303
WALCHANNAG,20200109,65,66.25,64.1,65.05,366768
WANBURY,20200109,19.4,19.95,18.5,18.65,6982
WATERBASE,20200109,142,145.9,141.35,142.7,338939
WEBELSOLAR,20200109,26.5,28.1,24.4,25.55,212759
WEIZFOREX,20200109,484,508.85,472.6,508.85,51399
WEIZMANIND,20200109,39.65,39.65,39.65,39.65,5944
WELCORP,20200109,152.9,162.9,151.5,160.7,3225003
WELENT,20200109,93.5,95,91.3,91.5,735572
WELINV,20200109,170,173,170,172.05,218
WELSPUNIND,20200109,49.3,50.85,49.25,49.85,809043
WENDT,20200109,2800,2848,2780,2847.95,142
WESTLIFE,20200109,369,382,365.7,377.55,73659
WHEELS,20200109,634.75,722.7,625.4,662.2,56004
WHIRLPOOL,20200109,2310,2364.7,2270,2347.7,56320
WILLAMAGOR,20200109,13.5,13.5,12.85,13.45,2148
WINDMACHIN,20200109,19.1,20.35,19.1,20.1,10555
WIPL,20200109,55.85,55.85,55.85,55.85,350
WIPRO,20200109,254.25,256.5,252.65,253.65,2495023
WOCKPHARMA,20200109,245,245.55,243,244.2,369546
WONDERLA,20200109,251,256.75,247,252.7,789217
WSI,20200109,1.05,1.05,0.95,1.05,11816
WSTCSTPAPR,20200109,216.5,224.8,216.3,219.75,93296
XCHANGING,20200109,55.85,56.45,55.05,55.2,15171
XELPMOC,20200109,62.2,62.2,61.3,62.05,988
XPROINDIA,20200109,24.8,24.8,23.1,23.5,5977
YESBANK,20200109,47,48.5,46.3,47.3,152025694
ZEEL,20200109,271.1,275.2,269,272.05,10045128
ZEELEARN,20200109,20.3,20.5,18.75,19.35,172803
ZEEMEDIA,20200109,5.9,6.1,5.9,5.95,467695
ZENITHBIR,20200109,0.55,0.6,0.55,0.55,5786
ZENITHEXPO,20200109,45.2,49.9,45.2,48,2353
ZENSARTECH,20200109,185.8,188,184,184.85,29045
ZENTEC,20200109,60.4,61,59.1,60.45,27579
ZICOM,20200109,1.95,1.95,1.95,1.95,20282
ZODIACLOTH,20200109,172.05,174.9,170.5,171.9,4601
ZODJRDMKJ,20200109,34.5,34.5,29.7,30.65,2448
ZOTA,20200109,187.75,187.75,184.3,185.35,27632
ZUARI,20200109,127,129.5,121.15,122.3,670799
ZUARIGLOB,20200109,72.75,78.1,68.6,68.95,339453
ZYDUSWELL,20200109,1454.05,1465,1421,1454.9,3132
NSENIFTY,20200109,12153.15,12224.05,12132.55,12215.90,477469878,0
NIFTYJUNIOR,20200109,28397.10,28517.05,28349.35,28484.30,568303526,0
NIFTYMIDCAPLIQ15,20200109,4032.80,4097.35,4028.80,4092.95,55855168,0
NSE100,20200109,12259.55,12328.25,12241.75,12319.70,1053400858,0
NIFTY200,20200109,6256.30,6291.65,6248.05,6287.10,1375778495,0
NSE500,20200109,9894.05,9951.20,9882.15,9943.90,1668330558,0
NSEMIDCAP150,20200109,6370.75,6413.10,6369.40,6403.55,333013142,0
MIDCAP50,20200109,4733.20,4771.10,4730.75,4766.10,289248773,0
NSEMIDCAP,20200109,17233.05,17349.90,17228.15,17319.65,322377637,0
NSESMLCAP100,20200109,5955.25,6009.60,5954.65,6005.85,-,0
NIFTYLARGEMIDCAP250,20200109,-,-,-,6097.59,1386414000,0
NIFTYAUTO,20200109,8035.45,8165.90,8022.35,8155.25,83425221,0
BANKNIFTY,20200109,31748.25,32172.70,31667.15,32092.40,307977487,0
NIFTYFINSERVICE,20200109,14461.15,14604.40,14427.25,14590.10,129535970,0
NIFTYFMGC,20200109,30071.40,30170.65,30035.30,30123.60,25835515,0
NSEIT,20200109,15970.65,16017.25,15857.25,15925.15,27876904,0
NIFTYMEDIA,20200109,1749.10,1772.45,1747.75,1767.95,47531017,0
NIFTYMETAL,20200109,2814.95,2820.45,2787.25,2806.80,127392791,0
NIFTYPHARMA,20200109,8057.80,8090.95,8015.15,8033.15,13984986,0
NIFTYPVTBANK,20200109,17566.85,17818.05,17521.60,17760.50,228065896,0
NIFTYPSUBANK,20200109,2452.50,2472.70,2437.90,2459.85,100883963,0
NIFTYREALTY,20200109,300.65,305.80,300.20,305.15,18103713,0
NIFTYCOMMODITIES,20200109,3472.95,3484.00,3461.00,3477.55,193415855,0
NIFTYCONSUMPTION,20200109,4916.15,4941.30,4908.15,4936.50,75444214,0
NIFTYCPSE,20200109,1908.65,1911.15,1884.45,1893.90,80335914,0
NIFTYENERGY,20200109,15897.35,15921.15,15820.90,15900.35,63990475,0
NIFTY100ESG,20200109,-,-,-,2275.07,951740637,0
NIFTY100ENHESG,20200109,-,-,-,2297.11,937224179,0
NIFTYINFRA,20200109,3288.35,3300.55,3279.65,3298.50,141269605,0
NIFTYMNC,20200109,13722.70,13771.45,13692.70,13756.00,432983441,0
NIFTYPSE,20200109,3192.90,3199.30,3168.90,3183.55,149614211,0
NIFTYSMEEMERGE,20200109,-,-,-,1321.42,735970,0
NIFTYSERVSECTOR,20200109,17439.00,17553.90,17406.40,17534.55,368294497,0
NIFTYSHARIAH25,20200109,-,-,-,4321.37,56451140,0
NIFTY50SHARIAH,20200109,-,-,-,2491.32,63357831,0
NIFTY500SHARIAH,20200109,-,-,-,3000.13,252974381,0
NIFTYABGROUP,20200109,-,-,-,3099.82,399110723,0
NIFTYMAHINDRA,20200109,-,-,-,10022.42,8261247,0
NIFTYTATA,20200109,-,-,-,7133.14,81966443,0
NIFTYTATA25CAP,20200109,-,-,-,5032.07,71374779,0
NIFTYABGROUP,20200109,-,-,-,3099.82,399110723,0
NIFTYLIQ15,20200109,3796.75,3829.80,3786.15,3823.20,338986560,0
NIFTY500VALUE50,20200109,-,-,-,3685.58,411527160,0
NIFTYALPHALOWVOL30,20200109,-,-,-,12146.20,92144506,0
NIFTYQUALLOWVOL30,20200109,-,-,-,8494.49,71585292,0
NIFTYALPHAQUALLOWVOL30,20200109,-,-,-,9629.81,81664942,0
NIFTYALPHAQUALVALLOWVOL30,20200109,-,-,-,7275.96,96817763,0
NIFTY50EQUALWEIGHT,20200109,12385.50,12441.75,12366.00,12432.10,477469878,0
NIFTY100EQUALWEIGHT,20200109,13385.65,13443.40,13364.80,13431.00,1053400858,0
NIFTY100LOWVOL30,20200109,8912.55,8930.85,8899.75,8925.35,91749807,0
NSEDEFTY,20200109,-,-,-,5943.90,-,0
NIFTY50DIVPOINT,20200109,118.39,118.39,118.39,118.39,-,0
NIFTYDIVOPPS50,20200109,2529.90,2533.95,2519.35,2526.35,231785773,0
NIFTYALPHA50,20200109,13592.85,13657.25,13576.80,13632.05,75327906,0
NIFTY50ARBITRAGE,20200109,-,-,-,1882.96,-,0
NIFTY50FUTINDEX,20200109,-,-,-,4116.37,-,0
NIFTY50FUTTRINDEX,20200109,-,-,-,12356.33,-,0
NIFTYHIGHBETA50,20200109,-,-,-,1424.65,1026160131,0
NIFTYLOWVOL50,20200109,-,-,-,10692.46,103475260,0
NIFTY50VALUE20,20200109,5476.30,5484.90,5447.85,5460.45,276564930,0
NIFTYGROWSECT15,20200109,6364.10,6395.70,6353.25,6390.00,51037579,0
NIFTY50TR2XLEV,20200109,6842.45,6921.45,6823.90,6912.35,-,0
NIFTY50PR2XLEV,20200109,5263.30,5324.05,5249.00,5317.05,-,0
NIFTY50TR1XINV,20200109,337.90,338.40,335.90,336.15,-,0
NIFTY50PR1XINV,20200109,385.25,385.75,382.95,383.20,-,0
NIFTY-GS-COMPSITE,20200109,2060.12,2064.33,2060.12,2064.41,-,0
NIFTY-GS-4-8YR,20200109,2148.71,2153.21,2148.71,2153.05,-,0
NIFTY-GS-8-13YR,20200109,2025.46,2029.65,2025.46,2029.70,-,0
NIFTY-GS-10YR,20200109,1869.73,1875.01,1869.73,1874.04,-,0
NIFTY-GS-10YR-CLN,20200109,943.30,946.01,943.30,945.51,-,0
NIFTY-GS-11-15YR,20200109,2159.26,2166.47,2159.26,2166.49,-,0
NIFTY-GS-15YRPLUS,20200109,2343.95,2343.95,2343.23,2349.32,-,0
VIX,20200109,15.64,15.64,13.00,14.00,0,0
