20MICRONS,20200305,31,31.2,30.4,30.8,9134
21STCENMGM,20200305,11.9,12.1,11.9,11.95,257
3IINFOTECH,20200305,1.85,1.95,1.85,1.9,740462
3MINDIA,20200305,22777,24349.9,22500,22885.45,51972
3PLAND,20200305,4.4,4.5,4.15,4.15,2299
5PAISA,20200305,160,160,153,153.45,3662
63MOONS,20200305,89,91.7,88.6,88.7,70818
A2ZINFRA,20200305,4.05,4.1,3.85,3.9,243031
AARTIDRUGS,20200305,666,681.95,661.15,673.85,65622
AARTIIND,20200305,974,1000,965,989.5,162734
AARVEEDEN,20200305,12.6,12.6,11.65,11.8,4426
AAVAS,20200305,1882.75,1936.7,1877.25,1928.45,27074
ABAN,20200305,20.5,20.5,19.4,19.45,64497
ABB,20200305,1167.8,1185,1160,1180.55,27103
ABBOTINDIA,20200305,15050,15293.95,14721.05,14853.55,14482
ABCAPITAL,20200305,75.65,79.5,75.65,78.2,1439424
ABFRL,20200305,251.65,255.2,249,252.45,253270
ABSLBANETF,20200305,289.2,289.2,289.2,289.2,1
ABSLNN50ET,20200305,269.5,273,269.25,272.5,57
ACC,20200305,1328.9,1344.9,1297.15,1302.6,826033
ACCELYA,20200305,1025.35,1040.8,1025.3,1033.55,5408
ACE,20200305,66,66,64.15,64.85,79433
ADANIENT,20200305,223.75,226.85,219.35,221.75,3159080
ADANIGAS,20200305,131,135.6,127,131.3,2696074
ADANIGREEN,20200305,151.55,158.75,145.45,152.5,1252377
ADANIPORTS,20200305,347.3,351.9,346.5,349.15,2709900
ADANIPOWER,20200305,47.5,48.3,46.35,46.75,9256866
ADANITRANS,20200305,249.35,255.05,247,250.35,90096
ADFFOODS,20200305,245.3,261,244.7,253.2,50481
ADHUNIKIND,20200305,28.35,28.75,28.35,28.35,12641
ADLABS,20200305,3.65,3.65,3.35,3.35,32337
ADORWELD,20200305,298.05,298.05,292.95,295.45,1187
ADROITINFO,20200305,6.1,6.1,6.1,6.1,1601
ADSL,20200305,17.7,18.05,16.65,18.05,39635
ADVANIHOTR,20200305,51.2,51.3,50,50.3,1759
ADVENZYMES,20200305,150.75,152.95,150,151.15,27112
AEGISCHEM,20200305,211.5,214,203.8,210.45,356339
AFFLE,20200305,1720,1798.95,1640,1722.25,40291
AGARIND,20200305,71.95,73.95,62,66.65,7875
AGCNET,20200305,352.9,352.9,352.9,352.9,402
AGRITECH,20200305,36.2,36.4,34.2,34.55,7391
AGROPHOS,20200305,12.3,12.4,12.1,12.1,21815
AHLEAST,20200305,221.9,221.9,184.05,192,606
AHLUCONT,20200305,339.3,340,330.05,332.85,55761
AHLWEST,20200305,300.05,320.05,300.05,314.95,2431
AIAENG,20200305,1809.9,1834.85,1763.1,1783.75,26194
AIONJSW,20200305,13,13,12.15,12.4,74951
AIRAN,20200305,11.4,11.95,11.25,11.45,20587
AJANTPHARM,20200305,1512,1545,1454.4,1478.5,537796
AJMERA,20200305,96.8,96.8,91.65,92.85,25091
AKSHARCHEM,20200305,253.95,255.4,245,246.95,3582
AKSHOPTFBR,20200305,5.25,5.4,5.05,5.05,276645
AKZOINDIA,20200305,2415.3,2450,2402.25,2435.45,13805
ALANKIT,20200305,14.95,14.95,14.05,14.45,323415
ALBERTDAVD,20200305,421.9,440,415.15,429.8,5880
ALBK,20200305,12,13.35,12,12.95,3204476
ALCHEM,20200305,0.75,0.8,0.7,0.8,31963
ALEMBICLTD,20200305,48.35,50.2,47.5,48.2,56701
ALICON,20200305,272.05,286,272.05,280.95,3700
ALKALI,20200305,42.7,43.45,40.1,41.45,3674
ALKEM,20200305,2550,2650,2549.85,2611.1,54742
ALKYLAMINE,20200305,1522.6,1548.8,1500,1533.85,19811
ALLCARGO,20200305,114.75,114.75,110,110.85,165388
ALLSEC,20200305,250.1,261.75,250.1,258,464
ALMONDZ,20200305,16.25,16.3,15.55,16.25,1158
ALOKINDS,20200305,9.75,9.75,9.75,9.75,325161
ALPA,20200305,15.55,16.25,15,15.95,23017
ALPHAGEO,20200305,187.1,194,183,189.6,32158
ALPSINDUS,20200305,0.7,0.75,0.7,0.75,5419
AMARAJABAT,20200305,638.2,646.9,624.05,628.65,415269
AMBER,20200305,1397,1444,1350.45,1423,89510
AMBIKCO,20200305,788.3,816,785.45,802.15,2220
AMBUJACEM,20200305,208.2,211.9,203.65,204.4,2414347
AMDIND,20200305,14.5,15.5,13.35,13.75,32028
AMJLAND,20200305,18.75,20,18.5,18.85,3670
AMRUTANJAN,20200305,456.25,466,452,457.9,41068
ANANTRAJ,20200305,29.4,30,29,29.95,186288
ANDHRABANK,20200305,12.95,13.65,12.95,13.55,1388067
ANDHRACEMT,20200305,1.85,1.95,1.85,1.85,72752
ANDHRAPAP,20200305,238,248.7,227,243.2,2994
ANDHRSUGAR,20200305,245.9,255,239.1,251.8,36160
ANIKINDS,20200305,7.4,7.6,7.3,7.3,676
ANKITMETAL,20200305,0.45,0.5,0.4,0.4,22525
ANSALAPI,20200305,5.4,5.5,5.25,5.25,113300
ANSALHSG,20200305,4,4,3.85,3.9,25123
ANTGRAPHIC,20200305,0.6,0.6,0.55,0.55,21469
ANUP,20200305,528.95,530.05,525,527,3657
APARINDS,20200305,380,380.5,366.1,369,52361
APCL,20200305,136,136.35,133.15,136.3,8702
APCOTEXIND,20200305,103,104,98.1,99.7,37215
APEX,20200305,239.65,247.95,234.65,245.45,283040
APLAPOLLO,20200305,1920,1938,1886.7,1899.85,35935
APLLTD,20200305,656,656,627.1,633.7,212163
APOLLO,20200305,68.2,72.15,68.2,70.05,25793
APOLLOHOSP,20200305,1764.95,1768.85,1718.6,1727.2,661463
APOLLOPIPE,20200305,417.95,418,397.25,402.75,4386
APOLLOTYRE,20200305,140.65,142.65,138.65,139.25,3841282
APOLSINHOT,20200305,484.05,517.9,480,490.25,2001
APTECHT,20200305,119,120.05,115.5,116.15,95265
ARCHIDPLY,20200305,19,19.75,18.05,19,3584
ARCHIES,20200305,13.75,14.2,13.5,13.5,33629
ARCOTECH,20200305,1.1,1.1,1.1,1.1,9567
ARENTERP,20200305,16.25,16.25,16.25,16.25,17
ARIES,20200305,51.25,53,49.25,50.4,31011
ARIHANT,20200305,16.7,18.4,16.4,16.55,2103
ARIHANTSUP,20200305,23.5,24.2,23.5,24.15,342
ARMANFIN,20200305,902,955,902,920.7,12528
AROGRANITE,20200305,27.7,28.8,26.05,27,13246
ARROWGREEN,20200305,39.5,40,37.65,38,6186
ARSHIYA,20200305,13.05,13.85,12.55,12.8,56606
ARSSINFRA,20200305,14.8,15.45,14.5,15.35,10779
ARTEMISMED,20200305,190,204,185,197.2,275
ARVIND,20200305,36.6,37.9,36.4,36.7,510757
ARVINDFASN,20200305,350,353.6,340.05,349.25,14482
ARVSMART,20200305,83.6,88,83.15,86.8,21065
ASAHIINDIA,20200305,236.55,251.05,232.05,247.1,152182
ASAHISONG,20200305,129,129,124.35,125.55,2130
ASAL,20200305,17.85,19.2,17.7,18.7,7789
ASALCBR,20200305,199.7,204.55,191,200.55,28153
ASHAPURMIN,20200305,33.5,33.6,33,33.6,21705
ASHIANA,20200305,93.75,95.9,89.1,91.5,304629
ASHIMASYN,20200305,5.55,5.55,5.15,5.4,8621
ASHOKA,20200305,86.3,89.7,85.2,86.2,173913
ASHOKLEY,20200305,73.05,74.1,70.85,71.8,33516020
ASIANHOTNR,20200305,70.1,75,68,70.15,906
ASIANPAINT,20200305,1854,1882,1852.1,1874.45,2062439
ASIANTILES,20200305,247.55,251.55,242.55,244.6,46409
ASPINWALL,20200305,126,126,122,124.75,743
ASTEC,20200305,470.9,487.2,466.5,485.35,5559
ASTERDM,20200305,161.1,162.95,158,159.05,36534
ASTRAL,20200305,1134.4,1134.4,1112,1119.4,44058
ASTRAMICRO,20200305,85.1,86.5,83.8,84.75,128584
ASTRAZEN,20200305,2687.65,2697,2615,2627.3,7412
ASTRON,20200305,36.15,37.8,36.05,37.2,38995
ATFL,20200305,621.9,654,610,647.6,3806
ATLANTA,20200305,4.4,4.4,4.2,4.25,17087
ATLASCYCLE,20200305,39,40,38,39.3,1762
ATUL,20200305,5068,5236,4972,5088.2,18840
ATULAUTO,20200305,208,214.45,205.85,208.5,35803
AUBANK,20200305,1157,1184.8,1143.25,1174.7,1107051
AURIONPRO,20200305,38.9,40.1,38.2,39.2,10483
AUROPHARMA,20200305,526.8,534.3,521.35,526.9,2952730
AUSOMENT,20200305,37,37,35.15,35.15,1870
AUTOAXLES,20200305,642.05,665,641.2,655,6432
AUTOIND,20200305,17.25,18.15,17.2,17.5,5968
AUTOLITIND,20200305,19.7,20,16.75,17.8,7225
AVADHSUGAR,20200305,202.9,207.7,196.95,200.2,116715
AVANTIFEED,20200305,427,437,415.45,422.65,638822
AVTNPL,20200305,35.5,36.2,35.05,35.35,48685
AXISBANK,20200305,686.5,694,675.25,677.9,10508008
AXISCADES,20200305,49.15,50,46.65,47.1,51656
AXISGOLD,20200305,3800,3812,3780,3795.8,481
AXISNIFTY,20200305,1160.62,1179.3,1160.62,1170,118
AYMSYNTEX,20200305,29.8,29.8,28.35,28.6,4487
BAFNAPH,20200305,5.25,5.25,5.25,5.25,58
BAGFILMS,20200305,1.55,1.55,1.5,1.55,74311
BAJAJ-AUTO,20200305,2719.95,2749,2696.2,2703.65,384427
BAJAJCON,20200305,178.05,180.4,169.05,179.9,283327
BAJAJELEC,20200305,408,419.8,401,403.75,84959
BAJAJFINSV,20200305,8870,8970,8761.05,8879.9,319853
BAJAJHIND,20200305,4.2,4.3,3.95,4.05,3670688
BAJAJHLDNG,20200305,3333.7,3397.95,3298.45,3343.1,51392
BAJFINANCE,20200305,4310,4367.55,4273.15,4330.7,1833295
BALAJITELE,20200305,49.2,49.95,47.75,48.1,20232
BALAMINES,20200305,393.15,409.9,392.7,401.9,71340
BALAXI,20200305,106.75,106.75,97.6,98.7,372
BALKRISHNA,20200305,15.05,15.45,15.05,15.1,979
BALKRISIND,20200305,1115.3,1135,1092.55,1099.25,529835
BALLARPUR,20200305,0.45,0.5,0.4,0.4,546139
BALMLAWRIE,20200305,100.4,101.8,98.85,100.5,57749
BALPHARMA,20200305,37.5,39.8,37.4,37.7,2221
BALRAMCHIN,20200305,142.4,142.85,135.05,136.1,795358
BANARBEADS,20200305,32.1,33.25,32.1,33.1,1106
BANARISUG,20200305,1191.95,1230,1152,1158.2,357
BANCOINDIA,20200305,82.6,85,82.5,84,23747
BANDHANBNK,20200305,405.6,424.9,403.1,423.2,4734555
BANG,20200305,17.15,17.15,16.15,16.55,10982
BANKBARODA,20200305,73.2,75.35,70.65,73.65,27590830
BANKBEES,20200305,293.35,297.4,291.04,294.59,77804
BANKINDIA,20200305,48.2,49.35,47.7,48.25,3033072
BANSWRAS,20200305,113,123.3,113,116.65,7213
BASF,20200305,1175,1225,1135.7,1206.2,687076
BASML,20200305,98.1,100.25,96.3,96.5,731
BATAINDIA,20200305,1600,1624.8,1542.5,1612.95,944547
BAYERCROP,20200305,4346.95,4390,4325.5,4361.5,6717
BBL,20200305,769.3,769.3,725,734.6,14902
BBTC,20200305,1093,1115,1085,1089.75,30552
BCG,20200305,4.4,4.5,4.25,4.25,692805
BCP,20200305,18.9,18.9,17.75,18.7,48165
BDL,20200305,261.1,274,259.5,262.95,101900
BEARDSELL,20200305,6.65,6.95,6.65,6.65,22833
BEDMUTHA,20200305,12.5,12.6,11.6,12.55,14659
BEL,20200305,76.5,76.5,72.65,73.1,15594961
BEML,20200305,702,713.9,691.05,698.45,216148
BEPL,20200305,37.75,39.5,37.3,38.55,252530
BERGEPAINT,20200305,547,550,537.5,539.8,1446743
BFINVEST,20200305,322.2,327,319,320.4,28011
BFUTILITIE,20200305,286.75,299.45,278.15,282.05,263877
BGLOBAL,20200305,1.15,1.2,1.15,1.2,11751
BGRENERGY,20200305,32.9,34,31.6,32.1,103303
BHAGERIA,20200305,118.1,122.45,118.05,121.15,27639
BHAGYANGR,20200305,19.45,21.8,19.25,19.85,25410
BHAGYAPROP,20200305,22.5,23.95,21.25,23,3044
BHANDARI,20200305,1,1,0.95,0.95,44918
BHARATFORG,20200305,436,443.4,432.1,439.95,1473099
BHARATGEAR,20200305,36,37.6,34.55,35.1,17580
BHARATRAS,20200305,7290,7349,7105,7160.25,1280
BHARATWIRE,20200305,24.1,25.65,24.1,25,9233
BHARTIARTL,20200305,522.8,530.7,516.65,526.9,14080598
BHEL,20200305,30.9,31.4,29.95,30.7,20609801
BIGBLOC,20200305,30.05,30.4,30.05,30.4,78
BIL,20200305,129,136,121,130.05,805
BILENERGY,20200305,0.7,0.7,0.65,0.65,929302
BINDALAGRO,20200305,10.4,10.4,9.45,9.7,9092
BIOCON,20200305,304,314,304,312.95,4949625
BIOFILCHEM,20200305,8.6,9,8.2,9,13722
BIRLACABLE,20200305,46.45,46.45,43.1,44,44935
BIRLACORPN,20200305,698.75,716.75,690.2,699.6,74201
BIRLAMONEY,20200305,32.2,33.15,31.65,32.5,123547
BIRLATYRE,20200305,5.35,5.35,5.35,5.35,5033
BKMINDST,20200305,0.45,0.45,0.45,0.45,350
BLBLIMITED,20200305,4.5,4.85,4.15,4.5,39126
BLISSGVS,20200305,113.75,113.75,110.05,112.15,330279
BLKASHYAP,20200305,7.3,7.45,6.7,7.35,36213
BLS,20200305,52.1,55.2,52.1,54.55,35807
BLUEDART,20200305,2867.8,2918,2812.1,2885.2,2589
BLUESTARCO,20200305,795,799.8,788.5,794,52106
BODALCHEM,20200305,63.9,64.6,62.75,63.5,155393
BOMDYEING,20200305,71,71.9,69.4,70.05,1209777
BORORENEW,20200305,188.85,195.95,185,188.8,76090
BOSCHLTD,20200305,13401.05,13609.25,13050,13126.25,21125
BPCL,20200305,418.65,429.15,417.05,418.4,5725414
BPL,20200305,16.65,16.95,15.95,16.45,76301
BRFL,20200305,4.65,4.65,4.2,4.2,41114
BRIGADE,20200305,221.6,223.1,216.1,220.95,16707
BRITANNIA,20200305,3082.6,3165,3076.1,3127.15,720100
BRNL,20200305,53,53,47.2,48.6,10925
BROOKS,20200305,23.4,24,22.75,23.6,27976
BSE,20200305,436.05,444,431.2,432.7,135039
BSELINFRA,20200305,0.8,0.85,0.8,0.85,1900
BSL,20200305,27.9,27.9,26.65,27.1,2355
BSLGOLDETF,20200305,3931,4010,3920,3948.65,444
BSLNIFTY,20200305,123.7,123.7,123,123.13,100
BSOFT,20200305,97,99.75,94.1,95.3,1551392
BURNPUR,20200305,0.95,1.05,0.95,1,41494
BUTTERFLY,20200305,169.7,174,167.3,169.8,35002
BVCL,20200305,11.1,11.9,11.1,11.9,2252
BYKE,20200305,15.95,16.25,15.3,15.6,45372
CADILAHC,20200305,256.8,272.75,256.8,264.05,5574983
CALSOFT,20200305,12,12.15,11.5,11.6,131207
CAMLINFINE,20200305,69.9,70.6,64.8,66.05,634669
CANBK,20200305,139.75,143.35,133.95,139.1,14180230
CANFINHOME,20200305,478,484.4,473,480,183826
CANTABIL,20200305,262.2,274.6,260,269.1,33279
CAPACITE,20200305,148.25,151.55,147.8,148.4,16652
CAPLIPOINT,20200305,305,307,296.45,300.55,54712
CAPTRUST,20200305,90,90,85.5,85.5,1655
CARBORUNIV,20200305,316.05,321.35,308.6,314.95,56459
CAREERP,20200305,134.9,137.9,132.1,136.55,29632
CARERATING,20200305,474,492,463.1,485.15,189833
CASTEXTECH,20200305,0.4,0.4,0.35,0.35,172617
CASTROLIND,20200305,140.7,144.3,138,138.25,849830
CCCL,20200305,0.35,0.35,0.35,0.35,74208
CCHHL,20200305,2.4,2.5,2.3,2.4,24569
CCL,20200305,226.15,230.95,223.65,228.1,102362
CDSL,20200305,255,261.65,250,256.3,521197
CEATLTD,20200305,1000,1012.95,994.05,1005.1,38549
CEBBCO,20200305,14.45,15.2,13.25,13.7,59315
CELEBRITY,20200305,5.4,5.4,5.05,5.25,3311
CENTENKA,20200305,160.9,161,157.7,158.9,11823
CENTEXT,20200305,2.25,2.4,2.25,2.3,12768
CENTRALBK,20200305,15.1,16,14.95,15.6,719274
CENTRUM,20200305,18.05,19.3,18,18.9,71259
CENTUM,20200305,328.1,331.15,309,314.5,1302
CENTURYPLY,20200305,153.8,153.8,150,150.2,157455
CENTURYTEX,20200305,504.9,518,502.65,509.95,1533428
CERA,20200305,2527.9,2584.95,2460.05,2537.8,9362
CEREBRAINT,20200305,32.95,34,31.9,32.4,352595
CESC,20200305,617,629.95,608,619.25,432626
CESCVENT,20200305,268,274,257,259.6,15036
CGCL,20200305,214.15,216.3,214.05,215.55,323477
CGPOWER,20200305,5.95,6.4,5.95,6,705239
CHALET,20200305,308,316.75,305,308.1,30508
CHAMBLFERT,20200305,136.75,137.9,132.6,134.6,302900
CHEMBOND,20200305,186.45,189.25,175.25,180.75,499
CHEMFAB,20200305,160,166.7,160,161.5,1177
CHENNPETRO,20200305,98.55,101.25,98.5,99.5,317142
CHOLAFIN,20200305,296,297.95,283,289.55,5632169
CHOLAHLDNG,20200305,496.5,503,490.7,500.3,16848
CHROMATIC,20200305,0.5,0.55,0.5,0.55,6047
CIGNITITEC,20200305,258,261,246.9,253,32222
CIMMCO,20200305,16.8,19,16.5,18.25,23521
CINELINE,20200305,27.4,27.95,26.45,27.15,32060
CINEVISTA,20200305,5.25,5.95,5.25,5.6,9242
CIPLA,20200305,447.85,472,437.45,440.6,9637431
CKFSL,20200305,0.35,0.35,0.3,0.35,80657
CLEDUCATE,20200305,59.8,59.85,53.7,54.6,7067
CLNINDIA,20200305,346.05,360.7,342.5,350.3,92169
CMICABLES,20200305,26.4,28.3,26.4,26.9,40245
CNOVAPETRO,20200305,4.55,4.95,4.55,4.95,22362
COALINDIA,20200305,180,180.2,172.2,177.15,12349902
COCHINSHIP,20200305,326.8,341.95,324.35,328.85,438315
COLPAL,20200305,1312.45,1350,1310.05,1343.2,615834
COMPINFO,20200305,12.85,12.85,11.95,11.95,36661
COMPUSOFT,20200305,3.75,4,3.45,3.85,97525
CONCOR,20200305,481.4,482.5,462,466.15,2296805
CONFIPET,20200305,22.9,23.55,22.15,22.9,192482
CONSOFINVT,20200305,32,32.8,29.7,31.25,797
CONTROLPR,20200305,255,268,251,262.25,2913
CORALFINAC,20200305,14,14.85,13.85,14.6,25230
CORDSCABLE,20200305,42.9,42.9,40.9,42.05,4531
COROMANDEL,20200305,613.65,621.9,606.05,618.65,150578
CORPBANK,20200305,19.15,19.35,18.65,19,865753
COSMOFILMS,20200305,308.7,311.7,302,303.2,24901
CPSEETF,20200305,19.79,19.95,19.32,19.41,2951207
CREATIVE,20200305,114,120.5,111.05,119.75,10120
CREDITACC,20200305,857,903.6,843,879.1,129042
CREST,20200305,92.25,94,90,90,2664
CRISIL,20200305,1520,1570,1515,1564.05,10989
CROMPTON,20200305,274,280.4,267.5,276.35,588208
CSBBANK,20200305,166.5,172.35,165.05,170.5,157678
CTE,20200305,13.7,13.85,13.3,13.4,7508
CUB,20200305,216.5,217,210.5,213.95,902821
CUBEXTUB,20200305,13.8,13.8,13.8,13.8,6762
CUMMINSIND,20200305,499.7,508.9,494.5,502.55,375385
CUPID,20200305,187.6,194,183,189.6,47280
CYBERTECH,20200305,38.05,41.4,37.6,38.55,18580
CYIENT,20200305,415,419.45,412.5,417.9,99837
DAAWAT,20200305,23.4,23.75,22.95,23.5,620379
DABUR,20200305,520,525,514.55,517.95,3594544
DALBHARAT,20200305,730.25,749,723.05,745.75,168093
DALMIASUG,20200305,81,84.4,78.4,82.2,297713
DAMODARIND,20200305,25.5,26.7,25,26.35,709
DATAMATICS,20200305,54.7,56.95,54.55,54.95,26219
DBCORP,20200305,109.85,112.1,108.55,109.35,103920
DBL,20200305,299.55,304.45,291.1,293.95,155373
DBREALTY,20200305,8.3,8.7,8.1,8.25,176892
DBSTOCKBRO,20200305,7.35,7.35,7,7,110
DCAL,20200305,73,74.8,71.2,72.65,203910
DCBBANK,20200305,155.55,157.8,155.55,157.25,395934
DCM,20200305,19.85,20.65,19.8,20.2,2431
DCMNVL,20200305,30.15,31,30.15,30.95,4464
DCMSHRIRAM,20200305,323.8,332.75,318,329.3,61828
DCW,20200305,13.15,13.8,13.1,13.5,172418
DECCANCE,20200305,267.05,269.75,266,267.75,1389
DEEPAKFERT,20200305,91.8,94.3,88.7,91.75,217866
DEEPAKNTR,20200305,527,530,514,519.85,730753
DEEPIND,20200305,77.6,77.6,71.5,72,24106
DELTACORP,20200305,126.5,131.1,124.2,126.5,1426241
DELTAMAGNT,20200305,25.3,30.3,23,27.8,2716
DEN,20200305,44,46,43.7,45.15,57221
DENORA,20200305,219,224.4,215.2,221.9,6069
DFMFOODS,20200305,267.05,272,265,266.7,45826
DGCONTENT,20200305,4.8,5,4.8,5,688
DHAMPURSUG,20200305,147,153.95,144,148.65,499585
DHANBANK,20200305,13.35,13.8,13.15,13.65,369830
DHANUKA,20200305,449.95,477,441.25,466.85,25703
DHARSUGAR,20200305,6.05,6.45,5.9,6.05,5880
DHFL,20200305,17.15,17.15,17.15,17.15,280586
DHUNINV,20200305,197,204,196.15,199,461
DIAMONDYD,20200305,709,709,691,704.15,4220
DICIND,20200305,372.75,378.35,364.2,366.85,3458
DIGISPICE,20200305,4.7,4.7,4.4,4.4,920
DISHTV,20200305,7.3,7.65,6.6,7.4,19686849
DIVISLAB,20200305,2175,2239,2175,2223.75,1094422
DIXON,20200305,3945,4149,3891.55,4101.45,83146
DLF,20200305,205.8,207.35,200.4,202.6,8576035
DLINKINDIA,20200305,85.05,88.6,85.05,86.55,38736
DMART,20200305,2200,2252,2150,2247.2,363292
DNAMEDIA,20200305,0.35,0.35,0.3,0.35,1266
DOLAT,20200305,46.15,49.45,45.9,48.1,34496
DOLLAR,20200305,163.05,169.75,163.05,164.65,6923
DONEAR,20200305,28.1,29.55,27.85,27.95,13119
DPSCLTD,20200305,6.8,6.8,6.35,6.45,26364
DPWIRES,20200305,72,72.5,70.1,70.25,741
DQE,20200305,1.4,1.4,1.4,1.4,41530
DREDGECORP,20200305,273,273.75,267.35,270.5,101819
DRREDDY,20200305,3171,3231.95,3166.2,3184.45,1045742
DSSL,20200305,20.55,21.65,20.5,21.3,438
DTIL,20200305,151,155.3,145.35,146.05,250
DUCON,20200305,4.4,4.75,4.4,4.7,41954
DVL,20200305,59.25,59.45,57.5,58.2,7515
DWARKESH,20200305,25.3,26.35,24.75,25.65,1125408
DYNAMATECH,20200305,820,820,786,794.75,786
DYNPRO,20200305,140.5,145,139.05,143.05,14680
EASTSILK,20200305,0.8,0.8,0.75,0.8,646
EBBETF0423,20200305,1023.47,1023.95,1023,1023.44,28714
EBBETF0430,20200305,1041.43,1043,1040,1042.28,5228
ECLERX,20200305,575,585.05,556.85,573,163410
EDELWEISS,20200305,85.7,87.5,82.55,86.3,1335349
EICHERMOT,20200305,17450,17888,17161.8,17775.35,231375
EIDPARRY,20200305,188.9,189,181.7,184.95,66106
EIHAHOTELS,20200305,262.95,262.95,240.5,247.75,6041
EIHOTEL,20200305,124.8,127.25,121.2,124.1,68119
EIMCOELECO,20200305,280.8,291.55,275,277.5,717
EKC,20200305,21,21.65,20.6,21.15,49384
ELECON,20200305,27.2,28.5,27,28.05,162033
ELECTCAST,20200305,12.8,12.95,12.65,12.8,139871
ELECTHERM,20200305,123.05,127,123.05,123.3,1161
ELGIEQUIP,20200305,208,239.5,198.9,200.05,141429
ELGIRUBCO,20200305,15.9,16.45,15.05,15.15,4424
EMAMILTD,20200305,250,253.35,242,244.3,921558
EMAMIPAP,20200305,76.1,79.9,76.1,79.9,21491
EMAMIREAL,20200305,41.6,41.6,38.1,38.55,14784
EMKAY,20200305,51.05,53.75,49.25,53.5,9658
EMMBI,20200305,90.05,90.05,87.55,88.5,8255
ENDURANCE,20200305,998.9,1027.45,962.1,1020.9,19500
ENERGYDEV,20200305,4.95,5.05,4.75,5,21481
ENGINERSIN,20200305,73.6,73.6,71.1,71.85,975196
ENIL,20200305,189.7,195,187,193.55,48652
EQ30,20200305,330,330,330,330,9
EQUITAS,20200305,105.1,105.5,101.5,101.85,3698619
ERIS,20200305,439.7,445.8,424.4,431.9,52563
EROSMEDIA,20200305,12.35,12.5,11.7,12.4,90510
ESABINDIA,20200305,1457,1457,1389.5,1408.25,7356
ESCORTS,20200305,832.05,845.35,822.1,832.25,1905379
ESSARSHPNG,20200305,6.25,6.25,5.35,6,9970
ESSELPACK,20200305,174,185.9,173.7,177.1,459021
ESTER,20200305,35.9,38,35.6,37.55,53730
EUROMULTI,20200305,0.35,0.35,0.35,0.35,91
EUROTEXIND,20200305,6.7,6.7,6.7,6.7,100
EVEREADY,20200305,62,64.9,60.2,64,3245481
EVERESTIND,20200305,199.9,215.25,199.9,204.85,60310
EXCEL,20200305,1,1.05,1,1,13421
EXCELINDUS,20200305,660,660,582,592,54849
EXIDEIND,20200305,160.5,163,157.8,161.85,3146718
EXPLEOSOL,20200305,262.35,262.4,250,254.45,3017
FACT,20200305,31,31.65,30.7,31.25,42126
FAIRCHEM,20200305,618,635,600,606.2,42054
FCL,20200305,22.1,22.7,20.8,22.15,78988
FCONSUMER,20200305,16,16.75,15.8,16.75,3320950
FCSSOFT,20200305,0.2,0.2,0.15,0.15,912996
FDC,20200305,228.1,246,221.9,240.95,2413810
FEDERALBNK,20200305,84.8,84.95,83,83.2,9188495
FEL,20200305,20.15,20.55,19.3,19.55,137165
FELDVR,20200305,20.6,20.6,18.1,18.5,9917
FIEMIND,20200305,406.05,415,391.3,395.4,7288
FILATEX,20200305,35,36.9,34.45,35.05,161730
FINCABLES,20200305,323,328.7,322,325,30446
FINEORG,20200305,2156.05,2274,2101.1,2209.9,23202
FINPIPE,20200305,546.1,553.8,546.1,550.15,14160
FLEXITUFF,20200305,4.7,4.7,4.7,4.7,29
FLFL,20200305,325.6,329.1,286,297.05,151395
FLUOROCHEM,20200305,470,495,470,490,15052
FMGOETZE,20200305,511.6,518.5,511.5,515.15,272
FMNL,20200305,20,21.6,19.95,20.6,10652
FORCEMOT,20200305,1061.1,1083.7,1040,1053.2,42792
FORTIS,20200305,153.5,156.95,153,154.55,1132076
FOSECOIND,20200305,1319,1320,1261.05,1269.55,588
FRETAIL,20200305,309,309,271.65,294.55,1982061
FSC,20200305,389.45,389.45,375.2,383.9,26523
FSL,20200305,41.95,42.25,41,41.3,542229
GABRIEL,20200305,93,94.75,90.5,91.35,33657
GAEL,20200305,154.95,155.15,146.05,147.55,55561
GAIL,20200305,109.85,111.25,105.9,106.8,19248671
GAL,20200305,1.8,1.8,1.75,1.75,962
GALAXYSURF,20200305,1605,1615,1572.05,1601.6,13706
GALLANTT,20200305,22.35,24.95,22.3,23.2,4271
GALLISPAT,20200305,21.4,21.95,20,21,30411
GAMMNINFRA,20200305,0.3,0.3,0.25,0.25,1229120
GANDHITUBE,20200305,229,232,229,230,222
GANECOS,20200305,320.45,324.9,311,321.65,14863
GANESHHOUC,20200305,27.45,28,26.85,27.15,8041
GANGESSECU,20200305,31.5,31.6,31.5,31.55,378
GARFIBRES,20200305,1491.45,1517.35,1454.5,1467.85,5968
GATI,20200305,67.2,68.65,66.6,67.3,464270
GAYAHWS,20200305,0.25,0.3,0.25,0.25,95819
GAYAPROJ,20200305,17.8,17.8,17.8,17.8,12469
GBGLOBAL,20200305,4.8,4.8,4.7,4.7,562
GDL,20200305,125.1,128.15,123.9,125,29955
GEECEE,20200305,69.25,69.8,67.55,68.65,5443
GENESYS,20200305,52.15,54,50,50.9,8898
GENUSPAPER,20200305,4.55,4.9,4.35,4.6,26418
GENUSPOWER,20200305,24.45,24.45,23,23.75,63013
GEOJITFSL,20200305,23.6,23.8,23,23.1,147970
GEPIL,20200305,700.4,707.65,691.05,694.35,10342
GESHIP,20200305,242,243.55,232.5,236.1,388466
GET&D,20200305,126.25,130.55,125.1,126.4,18214
GFLLIMITED,20200305,112.35,122.5,112.35,115.35,141984
GHCL,20200305,162.6,165.1,161,162.15,79170
GICHSGFIN,20200305,94.85,98.05,92.5,94,92725
GICRE,20200305,164.45,167.9,161.05,162.2,183232
GILLANDERS,20200305,26.8,26.8,25.2,26,23
GILLETTE,20200305,5747.8,5799,5666,5771.65,4166
GINNIFILA,20200305,8.3,8.75,8.3,8.45,9515
GIPCL,20200305,66,66.15,64.65,65.3,27569
GKWLIMITED,20200305,637.55,645,637.5,640.05,10371
GLAXO,20200305,1324,1329,1306.5,1314.25,21513
GLENMARK,20200305,291.4,294.9,286.85,290.6,1745178
GLFL,20200305,1.05,1.05,1.05,1.05,650
GLOBALVECT,20200305,48.25,54,47.55,49.1,20695
GLOBOFFS,20200305,3.7,3.75,3.65,3.65,6686
GLOBUSSPR,20200305,111,113.85,108.75,110.25,66907
GMBREW,20200305,382.65,393.55,382.2,383.8,12111
GMDCLTD,20200305,48.2,48.9,47.5,47.75,86619
GMMPFAUDLR,20200305,3043.95,3087.5,2960,2981.95,27374
GMRINFRA,20200305,20.35,20.5,19.8,20.25,26902645
GNA,20200305,194.55,199.45,194.2,195.35,13487
GNFC,20200305,160,161,155.05,155.8,282128
GOACARBON,20200305,210.45,219.9,204,207.6,24684
GOCLCORP,20200305,240,243,234.1,241,4257
GODFRYPHLP,20200305,1175,1226,1170,1184.2,164291
GODREJAGRO,20200305,460.55,479.75,455,467.75,47836
GODREJCP,20200305,638.1,654.85,636.05,650.65,2911172
GODREJIND,20200305,424.95,430.6,411.05,425.45,145926
GODREJPROP,20200305,990.5,998.95,950,954.05,1141134
GOKEX,20200305,58.2,58.8,56.5,56.9,29705
GOKUL,20200305,9,9.05,8.7,9.05,1835
GOKULAGRO,20200305,10.85,11.25,10.75,11.05,6693
GOLDBEES,20200305,38.1,38.29,37.93,38.04,2939616
GOLDENTOBC,20200305,22,24.3,22,22.55,5949
GOLDIAM,20200305,142.8,148,141,141.8,17858
GOLDSHARE,20200305,3825,3845,3812,3836.65,946
GOLDTECH,20200305,7.8,8.15,7.4,8,22130
GOODLUCK,20200305,38.85,38.95,37.7,38.3,8881
GPIL,20200305,167.85,170.2,162.05,164.15,48534
GPPL,20200305,74.5,76.2,73.55,75.8,156847
GPTINFRA,20200305,27.5,29.2,27,27.8,5544
GRANULES,20200305,174,179.8,174,178.5,3459987
GRAPHITE,20200305,235,237.1,226,227.55,773413
GRASIM,20200305,692.8,695.5,678,680.3,2162532
GRAVITA,20200305,44.05,46.8,44.05,45.15,93702
GREAVESCOT,20200305,129.25,131.7,128.5,130.6,110903
GREENLAM,20200305,945,945,903.8,919.1,289
GREENPANEL,20200305,45.4,45.4,38.65,39.5,539391
GREENPLY,20200305,123.35,124.6,118.4,119.6,128616
GREENPOWER,20200305,1.75,1.8,1.75,1.75,870483
GRINDWELL,20200305,585,600.5,575,590.55,72918
GROBTEA,20200305,315,324.5,315,324.5,34
GRPLTD,20200305,649.95,649.95,625,627.1,32
GRSE,20200305,158.4,162.1,153.1,154.75,156583
GSCLCEMENT,20200305,19.35,20.1,19.35,19.85,28438
GSFC,20200305,58,59,57.1,57.3,309493
GSKCONS,20200305,9550,9835.6,9536.55,9668.05,23080
GSPL,20200305,229,234.75,228.4,230.05,556882
GSS,20200305,28.65,30.2,27.55,30.2,23863
GTL,20200305,1.45,1.5,1.45,1.45,28942
GTLINFRA,20200305,0.35,0.35,0.3,0.3,4091442
GTNIND,20200305,5.5,5.8,5.5,5.8,1119
GTNTEX,20200305,6.8,6.8,6.8,6.8,25
GTPL,20200305,59.1,60.8,59,59.95,15248
GUFICBIO,20200305,61,63.95,61,62.85,11811
GUJALKALI,20200305,316.6,324.65,310,313,53018
GUJAPOLLO,20200305,122.75,124.5,117,117.2,878
GUJGASLTD,20200305,290,299.2,282.05,289,907979
GUJRAFFIA,20200305,8.7,8.7,8.7,8.7,5
GULFOILLUB,20200305,719,725.5,701.05,703.6,7033
GULFPETRO,20200305,39.95,40.6,38.4,39.1,16225
GULPOLY,20200305,40.95,41,38.4,38.85,10630
GVKPIL,20200305,3.3,3.35,3.1,3.25,1749497
HAL,20200305,648,664,640.55,644.65,28994
HARITASEAT,20200305,470.1,470.1,464.05,465.75,1857
HARRMALAYA,20200305,61.95,62.55,60.8,61,16404
HATHWAY,20200305,18.35,19,18.1,18.9,272173
HATSUN,20200305,677,689,677,685.05,4298
HAVELLS,20200305,637.9,639.5,626.7,635.3,913452
HAVISHA,20200305,0.6,0.65,0.6,0.65,1150
HBLPOWER,20200305,15.05,15.4,13.9,15,337758
HCC,20200305,7.85,8.3,7.85,8.05,1485084
HCG,20200305,113.45,115.05,112,112.4,17232
HCL-INSYS,20200305,4.9,5.05,4.85,4.95,328377
HCLTECH,20200305,568,581.9,563.15,576.4,6061347
HDFC,20200305,2206,2232.2,2183,2195.05,3916762
HDFCAMC,20200305,3030,3092.4,3017.7,3051.75,270095
HDFCBANK,20200305,1153,1165,1142.75,1151.35,9774854
HDFCLIFE,20200305,572,572.8,556.4,564.95,3821330
HDFCMFGETF,20200305,3881.35,3900,3875,3892.75,7006
HDFCNIFETF,20200305,1193.52,1198.39,1184.71,1189.69,2713
HDFCSENETF,20200305,4067.61,4119.88,4067.61,4080.52,1114
HEG,20200305,970.1,978,944,950.6,176260
HEIDELBERG,20200305,193,193,184.3,185.6,343518
HERCULES,20200305,75.9,76.6,73.75,75.95,4297
HERITGFOOD,20200305,334.95,344,331.55,340.35,27324
HEROMOTOCO,20200305,2061.7,2093.1,2052.3,2063.9,899516
HESTERBIO,20200305,1450,1450,1399,1435.95,2090
HEXATRADEX,20200305,9.85,10.3,9.4,9.95,1997
HEXAWARE,20200305,356.2,361.05,341.3,345.15,657063
HFCL,20200305,12.8,13.1,12.65,12.85,1165490
HGINFRA,20200305,218.3,224.5,218.3,220.15,7930
HGS,20200305,766.6,809,760.2,799,5699
HIKAL,20200305,121.05,123,119.1,121.95,151647
HIL,20200305,1021.9,1045.15,1000,1010.95,5595
HILTON,20200305,8.55,8.95,8.25,8.75,2422
HIMATSEIDE,20200305,92,92.5,89.8,90.2,187793
HINDALCO,20200305,162.7,167.9,154.85,155.5,12338386
HINDCOMPOS,20200305,169.9,170,163,167.2,8684
HINDCOPPER,20200305,30,30.75,29.75,30.5,517061
HINDMOTORS,20200305,4.6,4.6,4.45,4.5,46164
HINDNATGLS,20200305,32.3,32.3,32.3,32.3,339
HINDOILEXP,20200305,74,74.05,72.05,72.8,117586
HINDPETRO,20200305,206.95,210.8,203.1,203.7,4449463
HINDUNILVR,20200305,2185,2258.65,2181.85,2218,2272645
HINDZINC,20200305,172,174.35,169,169.35,228864
HIRECT,20200305,159,161.85,144.2,156.25,35226
HISARMETAL,20200305,45.15,48.55,45.15,46.9,4126
HITECH,20200305,145,152.55,135.65,142.1,2244
HITECHCORP,20200305,67.5,68,66.8,66.9,184
HITECHGEAR,20200305,152.65,154.5,140,143.9,4225
HLVLTD,20200305,3.6,3.75,3.5,3.5,234669
HMVL,20200305,60,60.5,57.3,57.8,18800
HNDFDS,20200305,617,617,593.05,605.15,2825
HNGSNGBEES,20200305,372.08,374.7,357,373.79,368
HONAUT,20200305,33000,35484,32801,34149.3,6663
HONDAPOWER,20200305,1041.05,1071.95,1027.65,1042.85,1790
HOVS,20200305,35.85,35.85,30.95,31.2,11387
HPL,20200305,31.85,33.2,30.65,30.9,64398
HSCL,20200305,48.25,48.5,46.8,47.4,510660
HSIL,20200305,52,53,51.25,52.55,102444
HTMEDIA,20200305,13.5,13.6,12.55,13.1,48270
HUBTOWN,20200305,9,9.9,9,9.1,184622
HUDCO,20200305,29.5,30.4,29,29.5,1057595
IBMFNIFTY,20200305,121.4,121.4,115,115.07,198
IBREALEST,20200305,75.5,76.3,72.1,73.2,3094981
IBULHSGFIN,20200305,288.9,300,280.3,285.45,40814937
IBULISL,20200305,101.6,103.5,100.05,101.45,71630
IBVENTURES,20200305,213.05,216.5,209.2,211.15,2278882
ICICI500,20200305,150.19,159.15,150.19,154.5,9801
ICICIB22,20200305,30.24,30.24,29.72,29.97,103483
ICICIBANK,20200305,509.75,511.15,500,504.5,16671516
ICICIBANKN,20200305,288.77,292.1,286.71,289.54,72986
ICICIBANKP,20200305,158.99,161,157,159.25,32288
ICICIGI,20200305,1222,1279.8,1212.05,1262.75,485211
ICICIGOLD,20200305,38.92,39.14,38.11,38.95,26920
ICICILIQ,20200305,999.99,1000,999.99,999.99,24192
ICICILOVOL,20200305,90.5,90.5,87.5,88.55,2087
ICICIM150,20200305,62.5,63.38,62.33,63.08,3904
ICICIMCAP,20200305,63.81,64.39,63.28,64.16,8800
ICICINF100,20200305,122.75,123.72,121.59,122.77,2212
ICICINIFTY,20200305,119,120.37,118.6,119.09,119539
ICICINV20,20200305,56.5,56.5,54,55.01,3613
ICICINXT50,20200305,27,27.75,26.25,27.26,7320
ICICIPRULI,20200305,445.5,447.5,430.75,432.7,3897680
ICICISENSX,20200305,411.17,415.01,408.32,409.24,1513
ICIL,20200305,52.7,53,50.4,52.35,133443
ICRA,20200305,2883.1,2884.65,2840,2846.45,751
IDBI,20200305,28.65,30.4,28.1,29.9,2520562
IDBIGOLD,20200305,3999,3999,3999,3999,2
IDEA,20200305,3.45,3.85,3.3,3.6,338216925
IDFC,20200305,32.5,32.5,31.75,31.85,945943
IDFCFIRSTB,20200305,37.9,37.95,36.8,37.75,16161886
IDFNIFTYET,20200305,118.25,122.99,118.22,118.31,152
IEX,20200305,188.05,189.7,182.65,186.35,206437
IFBAGRO,20200305,275.05,280,268,271.85,7003
IFBIND,20200305,448.75,448.75,435,437.75,14095
IFCI,20200305,5.3,5.5,5.3,5.4,1413226
IFGLEXPOR,20200305,149.7,150.9,131.55,140.1,1516
IGARASHI,20200305,316.95,327.7,315,321.95,142778
IGL,20200305,439,443.6,434,439.65,1666483
IGPL,20200305,155.75,158.65,150.4,154.15,7188
IIFL,20200305,160.5,163.5,156.4,160.05,223166
IIFLSEC,20200305,45.5,47.7,45.5,47.7,450848
IIFLWAM,20200305,1462.45,1546.95,1450,1472.9,18558
IITL,20200305,82.85,82.9,78.05,78.05,1358
IMFA,20200305,188.95,188.95,182.85,186.15,7744
IMPAL,20200305,538.05,548.4,525,527.35,1461
IMPEXFERRO,20200305,0.3,0.35,0.3,0.3,2445
INDBANK,20200305,6.5,6.5,6.15,6.35,15226
INDHOTEL,20200305,124.5,125.85,115,118.95,5905737
INDIACEM,20200305,89.45,96.4,88.15,93.1,5033662
INDIAGLYCO,20200305,341.7,348.25,337.3,339.7,184399
INDIAMART,20200305,2526,2698,2506.3,2622.85,85919
INDIANB,20200305,71.4,73.3,70.4,71.95,2435154
INDIANCARD,20200305,93.5,103.15,93.35,103.15,913
INDIANHUME,20200305,164.55,170,164,168.05,14985
INDIGO,20200305,1200,1227.65,1184.2,1211.1,2209405
INDLMETER,20200305,14.4,15.9,14.4,14.55,9778
INDNIPPON,20200305,306.9,306.9,299.95,301.15,10006
INDOCO,20200305,250.55,259.5,238.8,247.05,171227
INDORAMA,20200305,20.05,20.6,19.55,19.65,9832
INDOSTAR,20200305,279.6,281.35,279.6,280.5,18623
INDOTECH,20200305,104.1,107.5,99,104.05,230
INDOTHAI,20200305,20.5,20.5,18.6,18.95,1563
INDOWIND,20200305,2.5,2.5,2.4,2.4,52456
INDRAMEDCO,20200305,40.3,40.3,39,39.55,108364
INDSWFTLAB,20200305,18.15,18.15,15.5,15.7,36385
INDSWFTLTD,20200305,2.4,2.55,2.35,2.4,47972
INDTERRAIN,20200305,50,53.9,50,50.5,9644
INDUSINDBK,20200305,1075,1094.95,1063,1075,6815347
INEOSSTYRO,20200305,687.05,715,682,709.4,10165
INFIBEAM,20200305,55.9,57.2,54.55,55.7,2076784
INFOBEAN,20200305,100,103.85,95.85,95.85,39322
INFRABEES,20200305,314.8,314.8,308.57,310.11,272
INFRATEL,20200305,222.7,223.75,211.6,214.7,6312226
INFY,20200305,763.75,773.55,751.75,754.6,7755293
INGERRAND,20200305,645.95,645.95,640.25,642,6605
INOXLEISUR,20200305,382.7,407,375,399.9,765968
INOXWIND,20200305,31,31.85,29.4,29.45,200721
INSECTICID,20200305,446.95,457.7,437,453.65,13369
INSPIRISYS,20200305,29.05,30.85,28.05,29.05,1321
INTELLECT,20200305,109,112,107.85,110.6,115970
INTENTECH,20200305,21.6,21.6,18.5,18.8,25988
INVENTURE,20200305,11.75,11.75,11.55,11.7,20259
IOB,20200305,8.65,9.25,8.6,8.85,1225826
IOC,20200305,107.55,108.4,104.45,104.8,10165175
IOLCP,20200305,241,244.35,240.65,244.35,787018
IPCALAB,20200305,1430,1464,1373.25,1446.4,341487
IRB,20200305,81.7,81.7,76.2,77.35,1876086
IRCON,20200305,460,477.7,447,459.5,594195
IRCTC,20200305,1507,1524.95,1411.1,1430.85,7607334
ISEC,20200305,430.1,448,430.1,445.6,283696
ISFT,20200305,39.15,42.65,39.15,39.15,6093
ISMTLTD,20200305,3.45,3.6,3.45,3.6,46704
ITC,20200305,187.55,191.2,186.55,188.05,20025924
ITDC,20200305,223,225,214,217.65,75950
ITDCEM,20200305,50,50.4,49.1,49.35,81429
ITI,20200305,74.25,77.95,72.65,75.75,1545075
IVC,20200305,2.9,2.9,2.55,2.55,91679
IVP,20200305,42,45,38.1,40.05,11020
IVZINGOLD,20200305,4075,4075,4059.95,4059.95,2
IVZINNIFTY,20200305,1222.45,1222.45,1222.35,1222.35,10
IZMO,20200305,21.55,22,21,21.05,8789
J&KBANK,20200305,19,19.3,18.05,18.75,1087177
JAGRAN,20200305,57.85,58.85,55.6,56.2,66675
JAGSNPHARM,20200305,26.1,26.4,24.75,25.35,11106
JAIBALAJI,20200305,24.95,24.95,23,23.25,6614
JAICORPLTD,20200305,87.15,87.8,84.8,85.45,1063246
JAINSTUDIO,20200305,1.05,1.05,1,1,4653
JAMNAAUTO,20200305,33,33.7,30.95,31.9,1296061
JASH,20200305,141,152.9,138.4,150.6,15747
JAYAGROGN,20200305,72.95,77,64.45,72.9,19576
JAYBARMARU,20200305,198.2,204.95,191.6,194.9,29047
JAYNECOIND,20200305,3.1,3.3,3.1,3.1,31898
JAYSREETEA,20200305,41.7,43,41.55,42.25,27185
JBCHEPHARM,20200305,581.45,595.95,568,573.75,206525
JBFIND,20200305,15.5,15.5,15.5,15.5,1560
JBMA,20200305,190,199.95,190,196.55,16709
JCHAC,20200305,3170,3339,3166.1,3219.25,24071
JHS,20200305,10.3,10.5,10,10.05,90040
JIKIND,20200305,0.25,0.3,0.25,0.3,30293
JINDALPHOT,20200305,10.75,12.3,10.55,11,6407
JINDALPOLY,20200305,252.6,258.55,248,249.8,4308
JINDALSAW,20200305,85,85.55,82.5,83.35,677634
JINDALSTEL,20200305,156.8,159.8,152.8,154.4,18929214
JINDCOT,20200305,1.55,1.55,1.55,1.55,29325
JINDRILL,20200305,78.05,81.05,76.95,80.35,5172
JINDWORLD,20200305,59,60.1,57.9,58.1,132531
JISLDVREQS,20200305,4.5,4.65,4.3,4.65,34104
JISLJALEQS,20200305,4.55,4.9,4.5,4.9,3888138
JITFINFRA,20200305,6,6.3,5.7,5.7,27939
JIYAECO,20200305,12.15,12.55,12.1,12.1,157825
JKCEMENT,20200305,1360,1414.75,1310,1366.9,88487
JKIL,20200305,125.9,125.9,121.1,123.1,94159
JKLAKSHMI,20200305,298.3,305,292.05,296.8,63865
JKPAPER,20200305,116.55,117,110.7,111.35,1006825
JKTYRE,20200305,63.55,64.9,62.85,64.45,260548
JMA,20200305,22.5,22.9,21.2,22.45,4498
JMCPROJECT,20200305,68.1,69.95,68.1,69.25,25785
JMFINANCIL,20200305,108,115,106,110.35,1697830
JMTAUTOLTD,20200305,1.3,1.3,1.2,1.25,37699
JOCIL,20200305,106.65,110,104.1,106,4518
JPASSOCIAT,20200305,1.8,1.85,1.8,1.8,2909829
JPINFRATEC,20200305,1.1,1.15,1.1,1.1,1057974
JPOLYINVST,20200305,11.75,11.75,11.2,11.2,892
JPPOWER,20200305,1.05,1.05,1.05,1.05,436894
JSL,20200305,40.4,40.8,39.5,40,1134299
JSLHISAR,20200305,65.4,66.2,59.8,64.75,437817
JSWENERGY,20200305,54.15,55.2,53.15,54.85,625078
JSWHL,20200305,2300,2306,2240,2268.65,1091
JSWSTEEL,20200305,248.7,252.75,244.35,247.15,7130730
JTEKTINDIA,20200305,71.8,72,68.55,70.2,31946
JUBILANT,20200305,499.05,510.5,492.1,497.35,203278
JUBLFOOD,20200305,1656,1745,1636,1710.95,1855145
JUBLINDS,20200305,122,125,120,123.85,5739
JUMPNET,20200305,57,62,55.5,56.3,608887
JUNIORBEES,20200305,281.5,282.22,276.5,280.38,116252
JUSTDIAL,20200305,486.3,493.75,473,475.3,1592677
JYOTHYLAB,20200305,123.25,130.65,122.1,125.75,295404
KABRAEXTRU,20200305,62,66.4,62,63.35,5734
KAJARIACER,20200305,543.65,550,530.1,547.6,195736
KAKATCEM,20200305,153.05,154.5,150.25,152.35,14185
KALPATPOWR,20200305,330.2,338,329.65,332.7,39749
KALYANIFRG,20200305,121,121.95,116,116.35,284
KAMATHOTEL,20200305,32.5,32.5,30.75,31.05,49760
KAMDHENU,20200305,64.7,66.9,62,63.05,11593
KANANIIND,20200305,1.8,1.8,1.8,1.8,3402
KANORICHEM,20200305,37.05,41.25,36.1,38.45,37179
KANSAINER,20200305,491.3,500.25,491.3,495,468375
KARDA,20200305,150.5,153.7,149.45,153,10030
KARURVYSYA,20200305,38.3,38.7,37.45,38.05,643215
KAUSHALYA,20200305,0.45,0.45,0.35,0.45,24262
KAVVERITEL,20200305,1.8,1.8,1.8,1.8,150
KAYA,20200305,259.6,260,243.3,247,10774
KCP,20200305,58.85,59.8,57.6,59.05,30238
KCPSUGIND,20200305,11.65,12.6,11.5,12.5,54517
KDDL,20200305,230.55,241,230.25,234.95,375
KEC,20200305,316,324.8,314.1,323.3,420487
KECL,20200305,11,11.3,10.4,10.45,71490
KEI,20200305,503.05,513.5,495.6,505.85,309120
KELLTONTEC,20200305,16,17.5,15.5,17.2,943619
KENNAMET,20200305,945.15,975,937.95,963.25,631
KERNEX,20200305,19.25,19.3,18.2,18.2,12196
KESORAMIND,20200305,33.3,33.8,30.4,31.8,137287
KHADIM,20200305,104.2,110,104.2,106.15,18314
KHAITANLTD,20200305,17.05,17.8,17.05,17.8,3676
KICL,20200305,1515.05,1555,1480,1495.4,1546
KILITCH,20200305,101.2,105,96.1,98.95,13822
KINGFA,20200305,555.45,585,549.8,574.75,2985
KIOCL,20200305,88.55,91.5,88.5,89.05,12111
KIRIINDUS,20200305,365.2,369.15,355,357.45,137281
KIRLFER,20200305,66.35,66.35,64.7,65.3,24647
KIRLOSBROS,20200305,145.55,151.9,140.1,148.8,18454
KIRLOSENG,20200305,123.4,126,123,125.4,11398
KIRLOSIND,20200305,609.9,610,591,603.55,942
KITEX,20200305,130.8,135.2,127.8,131.25,194718
KKCL,20200305,945,948.05,938.05,943,2145
KMSUGAR,20200305,6.7,6.95,6.6,6.85,34529
KNRCON,20200305,268.3,268.85,262,263.15,108638
KOKUYOCMLN,20200305,65.1,67.65,65.1,65.5,13803
KOLTEPATIL,20200305,218.5,219.2,213,215.3,22053
KOPRAN,20200305,26.5,27.3,26.4,26.6,53205
KOTAKBANK,20200305,1615,1676.5,1608,1651.35,5060962
KOTAKBKETF,20200305,299,299,293.46,295.84,98030
KOTAKGOLD,20200305,382.95,382.95,380,381,17186
KOTAKNIFTY,20200305,119.2,119.2,116.93,117.13,32413
KOTAKNV20,20200305,55.97,56,54.85,55.97,5167
KOTAKPSUBK,20200305,187,190,181.01,185.42,30259
KOTARISUG,20200305,10.25,11.7,10.1,10.75,105533
KOTHARIPET,20200305,14.25,14.65,13.9,14.4,12379
KOTHARIPRO,20200305,52.1,52.95,51.05,52.15,4943
KPITTECH,20200305,79.3,81.2,78,80.55,123260
KPRMILL,20200305,582.85,585.8,570.1,579.1,2346
KRBL,20200305,257.5,264.4,250,254.85,94734
KREBSBIO,20200305,96.9,96.95,87.6,93.15,6538
KRIDHANINF,20200305,1.75,1.85,1.75,1.8,102961
KSB,20200305,692,692,662,667.9,6020
KSCL,20200305,437,438.1,424,426.25,142448
KSERASERA,20200305,0.05,0.1,0.05,0.1,1435959
KSK,20200305,0.3,0.35,0.3,0.3,313364
KSL,20200305,205,211.6,200.95,204.1,57864
KTKBANK,20200305,68.5,69.45,67.55,68.05,656392
KUANTUM,20200305,465,480,439,458.45,6825
KWALITY,20200305,1.6,1.65,1.55,1.55,590269
L&TFH,20200305,106,109.5,104,106.8,8462531
LAKSHVILAS,20200305,14.35,15.05,14.15,15.05,501108
LALPATHLAB,20200305,1715,1737,1686,1705.85,165178
LAMBODHARA,20200305,27.3,29.35,26.65,28.5,3191
LAOPALA,20200305,208,211.05,201,204.9,38828
LASA,20200305,45.1,46.2,42.85,44,35161
LAURUSLABS,20200305,427,437.8,418,421.8,162204
LAXMIMACH,20200305,3299.75,3318,3251.1,3275.05,3030
LEMONTREE,20200305,46,49.05,46,48.8,817272
LFIC,20200305,47.05,52.55,47.05,50.65,706
LGBBROSLTD,20200305,239.5,241.45,234.35,239.5,10943
LGBFORGE,20200305,2.3,2.3,2.2,2.2,29129
LIBAS,20200305,44.6,44.6,44.6,44.6,1100
LIBERTSHOE,20200305,102,105.75,101.75,103.6,46075
LICHSGFIN,20200305,325,327.75,318,320.4,3455654
LICNETFGSC,20200305,19.3,20.5,19.3,19.95,13386
LICNETFN50,20200305,114.55,119.8,114.55,118.6,218
LICNETFSEN,20200305,479,479,479,479,1
LICNFNHGP,20200305,110.1,119.8,110.1,119.35,573
LINCOLN,20200305,160.6,162,156.65,158.45,20473
LINCPEN,20200305,185.45,189.8,185.2,188.1,460
LINDEINDIA,20200305,645.15,655,637,639.4,25705
LIQUIDBEES,20200305,1000,1000.01,999.52,1000,837112
LIQUIDETF,20200305,999.99,1000.01,999.99,1000,14335
LOKESHMACH,20200305,24.2,25.5,23.25,23.65,3763
LOTUSEYE,20200305,26.5,28,25.8,27,2780
LOVABLE,20200305,61.2,61.2,57.75,58.3,14486
LPDC,20200305,0.9,0.9,0.9,0.9,2501
LSIL,20200305,0.45,0.45,0.4,0.4,905889
LT,20200305,1180.1,1187.25,1166.2,1182.45,2625152
LTI,20200305,1896,1919,1880,1892.2,43705
LTTS,20200305,1663,1665.25,1621.5,1638.5,49153
LUMAXIND,20200305,1270,1300,1265,1274.75,2573
LUMAXTECH,20200305,91.05,92.3,89.1,91.55,10147
LUPIN,20200305,668,686.65,666,676.55,2089837
LUXIND,20200305,1309,1367.9,1309,1351.5,41621
LYKALABS,20200305,17.15,17.75,16.2,17.05,5441
LYPSAGEMS,20200305,3.65,3.8,3.65,3.8,5262
M&M,20200305,472.7,482.5,469,479.3,4081050
M&MFIN,20200305,336.25,346.55,332.65,337.1,2346033
M100,20200305,17.51,17.73,17.41,17.7,62745
M50,20200305,110.9,111.76,110.67,110.89,505
MAANALU,20200305,50.45,53.9,50.35,52.45,3763
MADHAV,20200305,29,29,28.55,28.8,2422
MADHUCON,20200305,2.65,2.7,2.5,2.7,26050
MADRASFERT,20200305,13.8,14,13.6,13.85,33793
MAGADSUGAR,20200305,102.95,109,99,107.25,47051
MAGMA,20200305,41.75,42.5,39.15,40.55,175534
MAHABANK,20200305,10.75,10.8,10.5,10.6,322735
MAHAPEXLTD,20200305,90,90,90,90,10
MAHASTEEL,20200305,84.35,88.75,84.35,84.35,4057
MAHEPC,20200305,108,117.25,108,112.75,46636
MAHESHWARI,20200305,241.05,242.65,239.2,239.8,29117
MAHINDCIE,20200305,131.7,133.8,129.05,130.6,57007
MAHLIFE,20200305,339.2,346.95,329.7,335.35,24837
MAHLOG,20200305,354.6,365,346.2,350.6,24209
MAHSCOOTER,20200305,4325,4329.9,4201.35,4249.65,2519
MAHSEAMLES,20200305,320,323,306.35,315.15,25040
MAITHANALL,20200305,481.95,496.5,480.15,486.75,16330
MAJESCO,20200305,370.1,374.5,364.55,371.25,10642
MALUPAPER,20200305,29.3,30.4,28.1,29.45,132447
MAN50ETF,20200305,115.1,115.85,114.8,115.35,19797
MANAKALUCO,20200305,3.8,3.85,3.3,3.55,18270
MANAKCOAT,20200305,3.6,3.85,3.55,3.75,3279
MANAKSIA,20200305,42,42,40.05,40.7,25848
MANAKSTEEL,20200305,9.45,9.45,8.95,9,6168
MANALIPETC,20200305,15.7,15.95,15.4,15.55,103779
MANAPPURAM,20200305,158,159.2,155.25,157.9,5211279
MANGALAM,20200305,28.4,28.4,27.2,27.35,2632
MANGCHEFER,20200305,28,30.2,28,29.35,113513
MANGLMCEM,20200305,243.95,243.95,234.8,237.7,4488
MANGTIMBER,20200305,10,10,9.8,9.8,11130
MANINDS,20200305,51.5,54.4,51,51.55,24835
MANINFRA,20200305,25.2,26.25,25.2,26.05,90019
MANUGRAPH,20200305,10.4,10.8,9.9,9.95,5973
MANXT50,20200305,270,270.5,267,268.08,2464
MARALOVER,20200305,13.35,13.8,13,13.75,1222
MARATHON,20200305,70.6,76.85,70.6,74.9,9852
MARICO,20200305,295.45,300.45,292,293.25,1666684
MARKSANS,20200305,16.5,17.35,16.5,17.1,781197
MARUTI,20200305,6411.9,6464,6330.2,6365.95,645853
MASFIN,20200305,1066.5,1066.5,1030,1042.6,42447
MASKINVEST,20200305,18.25,18.25,18.25,18.25,7
MASTEK,20200305,405,421,405,413.2,11032
MATRIMONY,20200305,415,419.05,400,403.85,1697
MAWANASUG,20200305,34.1,35.8,33.7,35.2,121652
MAXINDIA,20200305,88,89.7,87.5,87.75,137764
MAXVIL,20200305,46.1,48.2,46.1,46.55,82453
MAYURUNIQ,20200305,238,245,232.6,234.3,38968
MAZDA,20200305,410.45,418.75,406,407.5,9250
MBECL,20200305,2.95,2.95,2.75,2.75,84152
MBLINFRA,20200305,2.85,3,2.8,2.95,31658
MCDHOLDING,20200305,15.25,15.6,14.6,15.5,12541
MCDOWELL-N,20200305,667.9,677.1,657,662.15,1377480
MCLEODRUSS,20200305,2.65,2.8,2.6,2.8,1079905
MCX,20200305,1322.4,1328.6,1286.4,1300.7,221583
MEGASOFT,20200305,6.8,7.3,6.75,7,39738
MEGH,20200305,51.6,52.45,51.6,52.1,300380
MENONBE,20200305,46.5,50.25,46.5,49.8,38158
MEP,20200305,33.85,35.55,33.3,33.85,92411
MERCATOR,20200305,0.7,0.7,0.65,0.7,201087
METALFORGE,20200305,4.6,5,4.6,4.7,27932
METROPOLIS,20200305,1885,1925,1798.25,1809.9,112604
MFSL,20200305,597.8,610.55,590.55,605.2,2950492
MGL,20200305,1027.6,1034.05,1010,1024.05,494916
MHRIL,20200305,216.3,220.05,215.25,218.4,321203
MIC,20200305,0.5,0.6,0.5,0.5,54310
MIDHANI,20200305,249.55,251.8,234.5,236,1704059
MINDACORP,20200305,103.05,107,101,101.65,122407
MINDAIND,20200305,361.5,365,347.3,357.05,176518
MINDTECK,20200305,17.15,19.05,17.05,17.7,18351
MINDTREE,20200305,995.5,1007.9,956.65,961.6,732857
MIRCELECTR,20200305,7.85,8.1,7.7,8.05,93818
MIRZAINT,20200305,52.95,54.75,51.9,53.5,159147
MMFL,20200305,374.05,384,372.1,380.3,2623
MMP,20200305,98.9,98.9,93,93,1486
MMTC,20200305,16.7,17.05,16.3,16.65,647486
MODIRUBBER,20200305,23.2,23.2,23.2,23.2,27
MOHITIND,20200305,3.75,3.75,3.75,3.75,3600
MOHOTAIND,20200305,7.2,7.4,6.9,7.35,1234
MOIL,20200305,128.55,129,126.8,127.55,108565
MOLDTECH,20200305,44.5,44.75,42.75,43.35,7087
MOLDTKPAC,20200305,236,239.8,230.35,234.6,27468
MONTECARLO,20200305,196.05,202.15,196.05,198.85,3109
MORARJEE,20200305,12.8,12.8,11.9,11.95,2857
MOREPENLAB,20200305,11.45,11.65,11,11.05,460058
MOTHERSUMI,20200305,102,102.75,97.5,100.45,25839027
MOTILALOFS,20200305,763.9,774.75,747,767.15,41704
MOTOGENFIN,20200305,29,31.7,29,30.95,383
MPHASIS,20200305,853.9,863.35,820.1,831.7,549126
MPSLTD,20200305,303,317,302.85,307.55,1670
MRF,20200305,67300.05,68169.9,66809.5,67325.15,5745
MRPL,20200305,38,38.3,37.5,37.85,406315
MSPL,20200305,4.4,4.75,4.4,4.6,9507
MSTCLTD,20200305,144,146.9,139.15,144.3,282802
MTEDUCARE,20200305,10,10.3,9.85,9.85,74847
MTNL,20200305,7.85,8.1,7.5,7.6,616492
MUKANDENGG,20200305,9.9,9.9,8.7,9.05,1054
MUKANDLTD,20200305,26.1,27.05,25.6,26,10695
MUKTAARTS,20200305,30.95,31.95,29.5,29.9,9857
MUNJALAU,20200305,35.4,35.95,34.5,34.65,100694
MUNJALSHOW,20200305,98,99.65,95,95.85,20039
MURUDCERA,20200305,13.95,14.4,13.7,14.25,26390
MUTHOOTCAP,20200305,485.05,506.3,485.05,499.35,3208
MUTHOOTFIN,20200305,879.8,891.25,869.1,877.95,1338135
N100,20200305,640,644.9,630.6,634.6,21722
NACLIND,20200305,30.15,31,29.1,30.4,37813
NAGAFERT,20200305,3.9,4.05,3.9,3.95,73369
NAGREEKCAP,20200305,6.55,6.95,6.3,6.45,515
NAGREEKEXP,20200305,12.5,12.5,12,12.1,809
NAHARCAP,20200305,66.8,68.45,62.35,65.4,4206
NAHARINDUS,20200305,22.2,24.15,22.2,23.75,3610
NAHARPOLY,20200305,36.45,36.75,35.35,35.95,11342
NAHARSPING,20200305,36.1,38.8,34.7,35.7,13665
NAM-INDIA,20200305,397.25,398.45,383,385.25,1835137
NATCOPHARM,20200305,612.1,624,606.15,609.3,79253
NATHBIOGEN,20200305,315,338.3,315,320.1,15180
NATIONALUM,20200305,35.25,35.65,34.05,34.35,6379219
NATNLSTEEL,20200305,1.6,1.65,1.6,1.65,3434
NAUKRI,20200305,2625.3,2738,2558.15,2704.25,357343
NAVINFLUOR,20200305,1405,1440,1335.4,1419.7,428357
NAVKARCORP,20200305,25.8,26.9,25.6,26.45,124451
NAVNETEDUL,20200305,82.7,83.15,81.65,82,101159
NBCC,20200305,26.25,26.45,25.55,25.9,8614726
NBIFIN,20200305,1725.05,1770,1710,1770,763
NBVENTURES,20200305,64.6,70,64.5,66,436635
NCC,20200305,35.6,36.7,34.9,35.5,30508778
NCLIND,20200305,72,74.95,72,72.8,42355
NDGL,20200305,503.05,505.9,501,501,30
NDL,20200305,19.5,19.95,19.05,19.5,16173
NDTV,20200305,31.8,32.35,30.25,31.85,5273
NECCLTD,20200305,4.7,5.15,4.7,4.9,11903
NECLIFE,20200305,10.95,11.3,10.9,11.1,65932
NELCAST,20200305,34.25,35.75,34.25,34.6,15383
NELCO,20200305,223.2,225.8,217.55,218.95,51988
NEOGEN,20200305,442.2,467,442.2,461.95,20049
NESCO,20200305,652.8,667,640,649.15,55684
NESTLEIND,20200305,16550,16835.15,16482.5,16576.3,85090
NETF,20200305,114.91,115,114.11,114.87,9
NETFCONSUM,20200305,52.46,52.92,52.16,52.75,746
NETFDIVOPP,20200305,27.47,27.69,27.47,27.53,146
NETFLTGILT,20200305,20.9,20.99,20.9,20.95,89586
NETFMID150,20200305,63.6,63.6,62.3,62.96,47175
NETFNIF100,20200305,117.4,117.83,117.4,117.53,321
NETFNV20,20200305,55.47,56.7,55.47,56.01,3981
NETWORK18,20200305,26.6,26.65,25.6,25.75,261048
NEULANDLAB,20200305,403.85,408,390.3,397.35,6158
NEWGEN,20200305,195.25,197.3,180,191.75,6790
NEXTMEDIA,20200305,5.8,5.8,5.8,5.8,100
NFL,20200305,22.5,22.95,22.5,22.55,148111
NH,20200305,321,324.9,316,321.7,238156
NHPC,20200305,22.25,22.3,21.7,22,3322572
NIACL,20200305,107,109,104.2,105.4,175262
NIBL,20200305,5.75,5.75,5.75,5.75,40661
NIFTYBEES,20200305,142.95,142.95,118.6,119.75,513870
NIITLTD,20200305,88.85,91.75,87.25,91,348652
NIITTECH,20200305,1830,1880,1796.6,1827.65,435452
NILAINFRA,20200305,3.85,4.1,3.85,3.95,70323
NILASPACES,20200305,0.95,0.95,0.9,0.95,28683
NILKAMAL,20200305,1390,1390,1357,1385.1,16022
NIPPOBATRY,20200305,511.3,522.45,495.05,506.25,5532
NITCO,20200305,20.6,21.2,19.35,19.85,34354
NITINSPIN,20200305,46.6,46.6,45,45.1,20705
NKIND,20200305,12.1,12.1,11.6,12,613
NLCINDIA,20200305,52,52.75,50.7,51.65,1588524
NMDC,20200305,94.8,97.4,93.3,94.35,10244890
NOCIL,20200305,96.4,96.9,92.6,93.05,961607
NOIDATOLL,20200305,3.4,3.5,3.4,3.5,24831
NPBET,20200305,161,162.67,160.63,162,9
NRAIL,20200305,220,220,202,203.85,13032
NRBBEARING,20200305,80.95,84,77.4,81.55,13791
NSIL,20200305,752.35,768,730,742,340
NTL,20200305,0.5,0.5,0.4,0.4,2250
NTPC,20200305,108.1,109.65,107.05,107.85,11579256
NUCLEUS,20200305,291.1,294.8,282.85,285.85,4244
NXTDIGITAL,20200305,332.95,338.05,326.5,330.05,1013
OAL,20200305,181,189,173.1,181.85,2545
OBEROIRLTY,20200305,506.2,512,493,496.1,225225
OCCL,20200305,895.85,908.35,880,896.1,1312
OFSS,20200305,2630,2630,2570,2582.65,21286
OIL,20200305,111.6,115.05,104.45,105.65,3377344
OILCOUNTUB,20200305,3.15,3.3,3.1,3.15,4383
OISL,20200305,2.15,2.55,2.15,2.4,30180
OLECTRA,20200305,107,108.15,103,104.3,54373
OMAXAUTO,20200305,31,31,28.55,29.75,17514
OMAXE,20200305,159.15,159.3,156,156.6,192761
OMKARCHEM,20200305,3.3,3.3,3.3,3.3,20116
OMMETALS,20200305,16.45,17.45,16.45,17.25,38348
ONEPOINT,20200305,23.35,23.7,22.2,23.35,52679
ONGC,20200305,93.35,94.4,92,92.6,16357817
ONMOBILE,20200305,23.9,24.6,23.05,23.95,29261
ONWARDTEC,20200305,58.45,59.35,57.25,58.5,1378
OPTIEMUS,20200305,19.7,19.7,18.55,19,63235
OPTOCIRCUI,20200305,2.75,2.75,2.45,2.55,88565
ORBTEXP,20200305,70,71.55,69,70.1,2457
ORICONENT,20200305,13.8,14.5,13.55,14.05,43274
ORIENTABRA,20200305,14.6,15.35,14.5,14.8,7479
ORIENTALTL,20200305,10.95,10.95,9,9.2,11194
ORIENTBANK,20200305,41.15,47.8,40.85,47.05,9471039
ORIENTBELL,20200305,105.25,105.3,95.1,99.1,15337
ORIENTCEM,20200305,76.1,79.5,76.1,78.3,54776
ORIENTELEC,20200305,262,262,250.25,254,607564
ORIENTHOT,20200305,23.65,24.25,21.2,22.35,47223
ORIENTLTD,20200305,94,99.9,94,95,2122
ORIENTPPR,20200305,20.9,20.9,19.6,20.1,332843
ORIENTREF,20200305,229.5,229.5,222,222.4,27926
ORISSAMINE,20200305,1776,1845.1,1760.05,1813.75,23449
ORTINLABSS,20200305,8,8.6,7.4,8.25,17356
OSWALAGRO,20200305,5.5,5.75,5.25,5.55,18952
PAEL,20200305,2,2,2,2,211
PAGEIND,20200305,22199,22513,22024.35,22154.15,13775
PAISALO,20200305,227,227,224,225.75,140349
PALASHSECU,20200305,24.2,24.2,23.8,24,678
PALREDTEC,20200305,14.2,14.7,13.65,13.85,612
PANACEABIO,20200305,107.75,113,104.75,110.55,35556
PANACHE,20200305,51.1,51.1,46.35,46.7,9164
PANAMAPET,20200305,49.5,50.05,45.7,47.05,54292
PAPERPROD,20200305,257.9,269,256.15,265.55,51345
PARACABLES,20200305,6.3,6.6,5.85,6.45,40082
PARAGMILK,20200305,74.2,75.9,71,73.6,400875
PARSVNATH,20200305,1.75,1.85,1.75,1.85,19911
PATELENG,20200305,14,15,14,14.7,186051
PATINTLOG,20200305,14.8,15.3,14.55,15.2,4022
PATSPINLTD,20200305,2.6,2.6,2.5,2.5,5350
PCJEWELLER,20200305,13.5,14.8,13.45,14.25,6646464
PDMJEPAPER,20200305,14.85,15.05,14.5,14.75,118195
PDPL,20200305,2.6,2.6,2.6,2.6,1620
PDSMFL,20200305,415,415.05,410,413.85,2017
PEARLPOLY,20200305,14,14.2,13.9,14.2,300
PEL,20200305,1440,1454.95,1400.15,1428.25,1853146
PENIND,20200305,22.5,22.85,22,22.25,247473
PENINLAND,20200305,4,4,3.75,3.8,68476
PERSISTENT,20200305,705.1,711.25,693.95,706.35,44374
PETRONET,20200305,248.5,248.5,241.6,242.35,3026302
PFC,20200305,114,115.5,112.7,113.05,4899636
PFIZER,20200305,4453.4,4481.95,4370,4411.45,41683
PFOCUS,20200305,42.55,43.8,40.3,41,28984
PFS,20200305,12.3,12.45,12.25,12.3,433773
PGEL,20200305,57.65,61.9,57.65,58.35,107691
PGHH,20200305,10540,10556,10112,10298.25,5875
PGHL,20200305,4018,4120,3960,3992.7,12996
PGIL,20200305,134.9,134.9,122.15,125.2,3886
PHILIPCARB,20200305,107.9,108.3,106,106.2,319840
PHOENIXLTD,20200305,880,887.8,840.6,851.3,47058
PIDILITIND,20200305,1608,1645,1592.1,1629.7,1515933
PIIND,20200305,1586,1589.85,1541.15,1562.2,93190
PILANIINVS,20200305,1618.95,1618.95,1567.3,1599.9,5412
PILITA,20200305,4.55,4.75,4.5,4.7,35633
PIONDIST,20200305,131,134,130.1,132.05,976
PIONEEREMB,20200305,22.65,22.65,21.6,21.7,2415
PITTIENG,20200305,39.9,43.3,38.65,38.75,19546
PKTEA,20200305,110,110,105.25,109,14
PLASTIBLEN,20200305,180.65,183.3,178.1,178.65,2714
PNB,20200305,44.5,45.95,42.7,45,29076191
PNBGILTS,20200305,30.75,31.25,30,30.2,144357
PNBHOUSING,20200305,333,335.5,325.25,326.45,437381
PNC,20200305,13.5,13.95,13.3,13.65,1356
PNCINFRA,20200305,180.8,183.3,176.1,177.7,56655
PODDARHOUS,20200305,260,287.75,253,287.75,156
PODDARMENT,20200305,165,166.9,161.1,162.05,2591
POKARNA,20200305,77.2,79,76.55,77.05,4856
POLYCAB,20200305,1059,1063,1036.4,1052.05,136221
POLYMED,20200305,303.7,311,294,306,122803
POLYPLEX,20200305,477.05,485.7,472,476.8,17822
PONNIERODE,20200305,131,138,127,129.3,983
POWERGRID,20200305,196.05,199.55,194.55,195.95,5464838
POWERMECH,20200305,646,646,606.65,618.25,30925
PPAP,20200305,185.95,188.2,174,178.45,9046
PPL,20200305,51.4,54.7,51.4,52.05,39668
PRABHAT,20200305,69.85,70.45,69.85,70.1,19378
PRADIP,20200305,0.4,0.45,0.4,0.4,4515
PRAENG,20200305,5.95,6.05,5.95,6,1995
PRAJIND,20200305,90,92.15,89.3,90.25,647347
PRAKASH,20200305,37.6,38.25,36.7,37.4,466440
PRAKASHSTL,20200305,0.2,0.2,0.2,0.2,200
PRECAM,20200305,35.05,36.95,35.05,35.75,16687
PRECOT,20200305,29.25,29.25,29.25,29.25,83
PRECWIRE,20200305,113.8,113.8,107.35,109.9,10945
PREMEXPLN,20200305,100.3,101.9,98.1,99.85,16495
PREMIER,20200305,1.75,1.75,1.75,1.75,479
PREMIERPOL,20200305,22.9,22.9,22.05,22.6,1250
PRESSMN,20200305,19.2,19.3,19,19,4374
PRESTIGE,20200305,315,323.9,291,318.25,647646
PRICOLLTD,20200305,36.5,38.8,35.3,38.25,50826
PRIMESECU,20200305,35.65,35.75,34.85,35.1,4609
PRINCEPIPE,20200305,158.3,159.9,154.75,155.4,279236
PROSEED,20200305,0.25,0.25,0.25,0.25,3727
PROZONINTU,20200305,16.45,16.9,16.25,16.55,51178
PRSMJOHNSN,20200305,56.65,58.2,56,56.05,283635
PSB,20200305,14.8,15.15,14.45,14.8,66778
PSL,20200305,0.4,0.5,0.4,0.5,351
PSPPROJECT,20200305,498,498,479.55,486.7,15428
PSUBNKBEES,20200305,20.8,21.24,20,20.86,96734
PTC,20200305,47,47.75,46.2,46.35,817707
PTL,20200305,35.35,35.35,34,34.5,8536
PUNJABCHEM,20200305,430,434.9,425.1,429.35,1458
PURVA,20200305,51,52.3,50.25,51.35,48855
PVR,20200305,1690,1752.15,1638,1706.55,1872271
QGOLDHALF,20200305,1853,1907,1815.2,1889.85,673
QNIFTY,20200305,1161,1161,1161,1161,4
QUESS,20200305,506,511.9,497,500.4,185303
QUICKHEAL,20200305,109.15,114,109,111.25,139977
RADAAN,20200305,1.1,1.1,1.1,1.1,10
RADICO,20200305,392.5,396.4,380,382.75,291320
RADIOCITY,20200305,26.55,27,26.45,26.95,119148
RAIN,20200305,93.5,95.5,92.6,94.2,680010
RAJESHEXPO,20200305,682.65,686.95,677.85,679.35,48679
RAJSREESUG,20200305,14.1,14.45,13.7,14,14042
RAJTV,20200305,37,37.5,34.7,35.95,3356
RAJVIR,20200305,10.5,10.5,10.5,10.5,5
RALLIS,20200305,232,236,229.2,230.6,180535
RAMANEWS,20200305,12.5,13,12.45,12.55,7652
RAMASTEEL,20200305,34.9,34.9,33.1,33.25,687
RAMCOCEM,20200305,753,757,722.3,737.1,1597824
RAMCOIND,20200305,171.2,171.2,162.3,164.65,19605
RAMCOSYS,20200305,123,126.8,120,120.95,47814
RAMKY,20200305,27,27.3,26.5,26.8,37724
RANASUG,20200305,3.8,3.85,3.55,3.6,185127
RANEENGINE,20200305,179.8,180,172.5,173.3,1430
RANEHOLDIN,20200305,556,587.95,546.8,564.35,5753
RATNAMANI,20200305,1325,1335,1290.05,1311.8,7268
RAYMOND,20200305,505.1,507.45,490.55,495.6,172193
RBL,20200305,467,476.4,462.8,470.35,5807
RBLBANK,20200305,298,308.1,289.65,301.4,10911968
RCF,20200305,37.95,37.95,37,37.5,739801
RCOM,20200305,0.8,0.8,0.8,0.8,21689107
RECLTD,20200305,118,121.2,117.35,118.35,7267568
REDINGTON,20200305,107.9,116.85,107.9,115.2,537452
REFEX,20200305,52.8,55.75,50.5,53.6,271536
REGENCERAM,20200305,0.95,0.95,0.95,0.95,1
RELAXO,20200305,695.45,715.1,687.45,703.5,306050
RELCAPITAL,20200305,6.15,6.25,5.75,5.8,4930783
RELIANCE,20200305,1352.2,1357.95,1306,1311.15,13948324
RELIGARE,20200305,34.8,35.1,32.8,33.2,246850
RELINFRA,20200305,18.5,18.95,18.05,18.7,2380532
REMSONSIND,20200305,61.15,68,61.15,66.4,1710
RENUKA,20200305,6,6.1,5.6,5.85,1131747
REPCOHOME,20200305,278.1,293.85,276.65,289.8,85071
REPRO,20200305,486,500.65,486,495.35,656
RESPONIND,20200305,83,92,83,88.45,137118
REVATHI,20200305,421.75,433.35,417.3,421.5,727
RGL,20200305,397.75,397.75,368,370.75,2225
RHFL,20200305,1.45,1.45,1.35,1.35,3496358
RICOAUTO,20200305,30.6,30.95,29.85,30.25,168221
RIIL,20200305,305.85,309.4,296.65,299.3,251976
RITES,20200305,291,293,285.8,289,184170
RKDL,20200305,6.1,6.4,6,6.2,15118
RKFORGE,20200305,275,279.4,268.2,272.3,21780
RMCL,20200305,3.25,3.25,3.25,3.25,22278
RML,20200305,209.95,210,201,202.25,21461
RNAVAL,20200305,1.2,1.3,1.2,1.3,2708533
ROHITFERRO,20200305,0.3,0.35,0.25,0.35,13361
ROHLTD,20200305,56,58.9,56,56.6,8798
ROLLT,20200305,1.55,1.6,1.45,1.45,7395
ROLTA,20200305,2.65,2.65,2.65,2.65,45057
ROSSELLIND,20200305,54,58.55,53.05,58.45,7985
RPGLIFE,20200305,230.8,241,228.5,240.2,28428
RPOWER,20200305,1.6,1.65,1.55,1.65,16657057
RPPINFRA,20200305,40.7,44.4,38.6,40.7,92338
RSSOFTWARE,20200305,18.2,19.2,18.2,18.35,12752
RSWM,20200305,88.5,88.5,86.05,86.95,42147
RSYSTEMS,20200305,88.7,99,88.7,93.05,33174
RTNPOWER,20200305,2.15,2.25,2.15,2.15,798424
RUBYMILLS,20200305,175.65,192.15,174,176.5,1317
RUCHI,20200305,75.3,75.3,75.3,75.3,1344
RUCHINFRA,20200305,2.45,2.45,2.25,2.25,17365
RUCHIRA,20200305,54.75,54.75,50.05,50.8,101522
RUPA,20200305,180,184.45,172,175.45,21614
RUSHIL,20200305,106.4,106.4,103.1,104.4,7299
RVNL,20200305,20.1,20.55,19.75,20,3229172
SABTN,20200305,1.25,1.35,1.2,1.35,15938
SADBHAV,20200305,64.9,69,60.05,62.05,711022
SADBHIN,20200305,21.4,24.5,21,22.4,79371
SAFARI,20200305,564,593.5,560.5,586.6,6236
SAGARDEEP,20200305,83.95,83.95,83.95,83.95,2
SAGCEM,20200305,424,431.9,414.5,427.35,1876
SAIL,20200305,35.3,35.65,34.05,34.2,36583370
SAKAR,20200305,58.75,59,58.45,59,6928
SAKHTISUG,20200305,7.4,7.65,7.1,7.25,25930
SAKSOFT,20200305,193,194.05,185.95,188.75,4280
SAKUMA,20200305,5.65,5.65,4.9,5.2,308956
SALASAR,20200305,110.05,111,107.1,108.95,77597
SALONA,20200305,55.15,57.5,51,51.35,283
SALSTEEL,20200305,2.55,2.65,2.45,2.55,8130
SALZERELEC,20200305,91.8,97,91.8,95.75,10124
SAMBHAAV,20200305,1.8,1.8,1.65,1.8,3433
SANCO,20200305,11.2,11.6,9.7,11,229941
SANDESH,20200305,566,576,552.6,564,465
SANDHAR,20200305,223.75,250,223.75,237.15,6727
SANGAMIND,20200305,48.1,51.2,48.1,51.1,6248
SANGHIIND,20200305,31.5,31.5,30.05,30.35,41533
SANGHVIFOR,20200305,14.2,14.7,14,14.7,2520
SANGHVIMOV,20200305,97.5,97.5,92.5,93,34038
SANGINITA,20200305,142.9,143.95,134.9,135.8,27788
SANOFI,20200305,7465,7610,7465,7584.9,31272
SANWARIA,20200305,1.2,1.2,1.2,1.2,507849
SARDAEN,20200305,169.3,172,161.1,163.3,57699
SAREGAMA,20200305,353.5,353.55,332.95,337.5,6565
SARLAPOLY,20200305,19.5,20.5,19.3,19.6,36897
SASKEN,20200305,579,586,570,577.8,6381
SASTASUNDR,20200305,69,69,64.5,65.1,757
SATHAISPAT,20200305,1.35,1.35,1.35,1.35,30000
SATIA,20200305,98.4,101.8,94.95,96.1,40915
SATIN,20200305,175.9,179,170.3,172.55,72468
SBIETFQLTY,20200305,98.9,98.9,95.2,97.95,2275
SBILIFE,20200305,891.35,901.45,876.55,884.45,1014502
SBIN,20200305,290.9,298.4,270,288.5,149245973
SCAPDVR,20200305,0.2,0.2,0.15,0.15,65900
SCHAEFFLER,20200305,4401.35,4499.5,4352.05,4475.25,3673
SCHAND,20200305,69.9,69.95,67,67.5,19824
SCHNEIDER,20200305,88.65,90.85,87.4,88,102877
SCI,20200305,42.8,42.95,41.05,41.5,950738
SDBL,20200305,85.1,89.6,84,87.9,18770
SEAMECLTD,20200305,378.15,378.15,365,371.45,651
SELAN,20200305,111.15,113.55,110,111.35,22951
SELMCL,20200305,0.7,0.7,0.65,0.65,91494
SEPOWER,20200305,2.05,2.15,1.95,2.05,6168
SEQUENT,20200305,84.3,85.25,81.65,83.5,494116
SESHAPAPER,20200305,139.45,139.8,132.15,134.5,12261
SETCO,20200305,7.5,7.8,7.3,7.7,107642
SETF10GILT,20200305,185,185,173,173.75,191
SETFGOLD,20200305,3898.5,3898.5,3870.05,3885,3803
SETFNIF50,20200305,118.55,118.55,116.19,116.55,83945
SETFNIFBK,20200305,290,294.89,288.8,291,110476
SETFNN50,20200305,281.4,286.9,275,277.38,3876
SETUINFRA,20200305,0.65,0.7,0.6,0.65,276517
SEYAIND,20200305,70.95,71.5,69.05,71.45,2994
SFL,20200305,1605,1644,1605,1629.9,7285
SGL,20200305,6.3,6.45,6.3,6.4,1999
SHAKTIPUMP,20200305,201,204.4,195.5,199.25,67120
SHALBY,20200305,79.55,83.05,78.65,80,581830
SHALPAINTS,20200305,84.3,86.4,83.7,84.65,62919
SHANKARA,20200305,444,457,423.5,429.75,75401
SHANTIGEAR,20200305,87.95,88,85,85.9,5657
SHARDACROP,20200305,215.8,220.1,213,214.1,13766
SHARDAMOTR,20200305,803.95,816.05,790,808.65,1270
SHARIABEES,20200305,256.33,259.7,256.22,257.32,136
SHEMAROO,20200305,51.25,53.6,50.75,50.75,32847
SHIL,20200305,123,123,117.05,120.5,28556
SHILPAMED,20200305,468,475.8,462.15,469.6,119037
SHIRPUR-G,20200305,9,9.45,9,9,4519
SHIVAMAUTO,20200305,16.15,16.75,15.3,16.4,49147
SHIVAMILLS,20200305,28,28,27,27.8,87
SHIVATEX,20200305,73.05,76,73.05,74,1239
SHK,20200305,95.1,96.95,92.95,93.3,22811
SHOPERSTOP,20200305,375,379.8,363.85,375,25213
SHREDIGCEM,20200305,31.9,31.95,30.8,31.05,195563
SHREECEM,20200305,23283,23581.3,23001,23066.2,43550
SHREEPUSHK,20200305,103.3,108,102.5,104.35,37946
SHREERAMA,20200305,4.75,5.15,4.75,4.85,40018
SHRENIK,20200305,31.8,32.7,30,31.25,62194
SHREYANIND,20200305,90.7,94.3,90.7,92.95,5541
SHREYAS,20200305,57.1,60,56.9,56.9,17765
SHRIPISTON,20200305,577,610,577,588.65,10167
SHRIRAMCIT,20200305,1420.3,1433.4,1420.25,1426.25,952
SHRIRAMEPC,20200305,3.2,3.2,3.05,3.15,132375
SHYAMCENT,20200305,2.55,2.55,2.55,2.55,375
SHYAMTEL,20200305,7.75,7.75,7.75,7.75,20
SICAGEN,20200305,12.7,12.9,12.2,12.4,29249
SICAL,20200305,10.05,10.1,9.3,9.55,171751
SIEMENS,20200305,1336.1,1353,1320,1335.4,461450
SIGIND,20200305,18.15,20.7,18.15,19.85,8390
SIL,20200305,10.7,10.7,10.7,10.7,1478
SILINV,20200305,121.05,129.95,121.05,123.65,6751
SIMBHALS,20200305,5.45,5.5,5.4,5.45,2430
SIMPLEXINF,20200305,43,43,43,43,30583
SINTEX,20200305,0.65,0.75,0.65,0.75,1739702
SIRCA,20200305,300.95,313,298,302.6,14725
SIS,20200305,550.95,563.5,540.2,546.85,30693
SITINET,20200305,0.75,0.75,0.65,0.7,671843
SIYSIL,20200305,222.55,223.05,209.6,214.4,6161
SJVN,20200305,23.15,23.35,23,23.05,767081
SKFINDIA,20200305,1831,1846.8,1806.05,1839.1,109962
SKIL,20200305,3.6,3.85,3.55,3.55,26902
SKIPPER,20200305,32,33,31.85,32.15,19722
SKMEGGPROD,20200305,24.1,25.5,23.2,25.25,10674
SMARTLINK,20200305,75.5,79.1,73.6,74.35,5020
SMLISUZU,20200305,468.25,474.05,450,453.1,31882
SMSLIFE,20200305,248,262,248,256.55,5875
SMSPHARMA,20200305,38.9,38.9,37.85,38.3,34344
SNOWMAN,20200305,43.3,43.35,42.4,42.8,871596
SOBHA,20200305,319.8,321.8,312.6,315.95,117680
SOLARA,20200305,639.95,699,633.05,644.05,29711
SOLARINDS,20200305,1135.9,1179,1125.3,1139,12808
SOMANYCERA,20200305,168.7,170.9,163.95,167.05,95156
SOMATEX,20200305,2,2,1.9,2,11704
SOMICONVEY,20200305,10,11.1,10,10.5,9255
SONATSOFTW,20200305,343,343,335,339.7,117156
SORILINFRA,20200305,101.95,104.8,101,101.7,15220
SOTL,20200305,759.6,780,759.6,770.4,382
SOUTHBANK,20200305,9.05,9.15,8.9,8.95,5927246
SOUTHWEST,20200305,17,17.2,17,17.2,3217
SPAL,20200305,143,143,132.6,134.15,224260
SPANDANA,20200305,1057,1100,1057,1079.15,56966
SPARC,20200305,155.5,164.4,154,155.55,1363622
SPCENET,20200305,0.85,0.9,0.85,0.9,600
SPECIALITY,20200305,49,49.6,47.25,47.95,66310
SPENCERS,20200305,85.9,90.7,83.1,86.2,1423384
SPENTEX,20200305,0.25,0.3,0.25,0.25,4156
SPIC,20200305,16.15,16.9,15.8,15.9,34411
SPICEJET,20200305,70.2,72.1,69,69.5,7988889
SPLIL,20200305,25.85,28.8,24.75,27.45,31325
SPMLINFRA,20200305,8.2,8.3,8.15,8.15,7413
SPTL,20200305,0.7,0.75,0.7,0.75,1956205
SPYL,20200305,0.35,0.35,0.3,0.35,208430
SREEL,20200305,148.15,150.2,146.45,148.7,1775
SREINFRA,20200305,7,7.45,6.75,7.2,686592
SRF,20200305,3978,4009.3,3913.05,3930.9,211976
SRHHYPOLTD,20200305,112,119.4,104.2,110.2,14390
SRIPIPES,20200305,193,197.55,192.35,195.4,60078
SRTRANSFIN,20200305,1177,1199,1127.35,1174.65,3595642
SSWL,20200305,695.05,703.85,688.3,698.2,1993
STAMPEDE,20200305,0.4,0.45,0.4,0.45,295306
STAR,20200305,468.5,475,456.3,460.3,268662
STARCEMENT,20200305,88.95,88.95,85.95,86.05,30018
STARPAPER,20200305,114.45,114.45,108.5,110.9,344466
STCINDIA,20200305,38,43.8,38,41.7,22262
STEELCITY,20200305,25.45,25.45,23.1,24.25,6097
STEELXIND,20200305,20,21.75,20,20.5,6319
STEL,20200305,56,57.75,56,56.95,878
STERTOOLS,20200305,209.95,212.45,200,209.1,11154
STINDIA,20200305,3.8,3.8,3.8,3.8,1
STRTECH,20200305,93.7,94.8,91.6,93.1,762053
SUBCAPCITY,20200305,5.3,5.3,5.3,5.3,10000
SUBEX,20200305,5.7,5.8,5.55,5.65,420145
SUBROS,20200305,223.25,234.4,218.1,220.7,19551
SUDARSCHEM,20200305,460.2,463.65,452,454.4,166987
SUJANAUNI,20200305,0.15,0.2,0.1,0.15,271433
SUMEETINDS,20200305,1.75,1.75,1.75,1.75,24218
SUMICHEM,20200305,243,246,237.1,238.7,233234
SUMIT,20200305,15.1,15.1,14.25,14.35,1041
SUMMITSEC,20200305,397.55,407.05,397.5,400.25,1575
SUNCLAYLTD,20200305,1900.05,1935.1,1888,1917.9,365
SUNDARAM,20200305,1.65,1.7,1.6,1.65,178054
SUNDARMFIN,20200305,1530.25,1555,1510,1525.7,14812
SUNDARMHLD,20200305,51.2,54.5,51.2,54.2,9320
SUNDRMBRAK,20200305,257.45,257.5,243.4,252.6,1792
SUNDRMFAST,20200305,403.2,409.35,400.2,402.85,24332
SUNFLAG,20200305,35.7,35.7,34.5,35.25,134267
SUNPHARMA,20200305,409.95,414.8,401.75,404.9,9874059
SUNTECK,20200305,341,343,330,334.25,148828
SUNTV,20200305,427.25,436.95,418.4,424.1,2182586
SUPERHOUSE,20200305,71.5,75.7,71,73,3190
SUPERSPIN,20200305,3,3,2.95,2.95,9276
SUPPETRO,20200305,151.05,160,151.05,153.05,12513
SUPRAJIT,20200305,193.1,196.65,188.1,189.65,66132
SUPREMEIND,20200305,1230.6,1288.85,1221.05,1241.15,44958
SUPREMEINF,20200305,17.75,17.75,16.15,17.75,11405
SURANASOL,20200305,5.9,6.35,5.8,6.05,30235
SURANAT&P,20200305,3.05,3.85,3.05,3.6,6536
SURYALAXMI,20200305,17.7,19,17.7,18.05,192
SURYAROSNI,20200305,142.2,145.45,139.7,140.55,84564
SUTLEJTEX,20200305,30.85,30.9,29,29.75,14936
SUVEN,20200305,50.55,50.55,50.55,50.55,41663
SUZLON,20200305,2.55,2.55,2.35,2.5,14368672
SWANENERGY,20200305,118.6,120.6,115.05,116.1,70057
SWARAJENG,20200305,1279,1300,1267.2,1290.85,2740
SWELECTES,20200305,104,108,102,105,2572
SWSOLAR,20200305,146.95,148.5,140.35,146.05,302356
SYMPHONY,20200305,1298,1318.45,1283,1288.25,10440
SYNCOM,20200305,0.65,0.65,0.6,0.6,4815
SYNDIBANK,20200305,19.1,21.85,19,21,5091953
SYNGENE,20200305,299.5,302.3,293.7,300.2,338505
TAINWALCHM,20200305,48.6,50.65,48.3,49.2,1070
TAJGVK,20200305,137.15,142.1,134.05,139.9,14566
TAKE,20200305,83,84.9,81.25,81.95,80337
TALBROAUTO,20200305,108.9,110.5,104.5,106.05,4362
TALWALKARS,20200305,1.5,1.5,1.5,1.5,16380
TALWGYM,20200305,0.85,0.85,0.85,0.85,6104
TANLA,20200305,68.1,70,67.05,67.6,155032
TARAPUR,20200305,2.85,2.85,2.85,2.85,35
TARMAT,20200305,35.05,36.65,34.6,36,10389
TASTYBITE,20200305,11475,11974.95,11326.1,11505.05,1029
TATACHEM,20200305,317,323,311.4,314.95,2529553
TATACOFFEE,20200305,81,83.5,78.55,79.7,617516
TATACOMM,20200305,352,355.95,341.1,346.85,78830
TATACONSUM,20200305,353.75,357.1,347,348.5,1890082
TATAELXSI,20200305,994.5,1025,972.55,989.25,666066
TATAINVEST,20200305,870,884.7,860,862.45,14824
TATAMETALI,20200305,600,609.95,591.1,595.8,11356
TATAMOTORS,20200305,127.55,129.15,124.25,125.75,87795649
TATAMTRDVR,20200305,55,55.8,53.3,53.85,3517875
TATAPOWER,20200305,44.45,45.8,43.9,44.25,11568670
TATASTEEL,20200305,383.95,387.8,374.3,375.75,14628468
TATASTLBSL,20200305,23.95,24.6,23.5,23.65,514009
TATASTLLP,20200305,336,339.1,322,324.25,19800
TBZ,20200305,30.05,32.45,30.05,30.65,122933
TCI,20200305,225.05,229.75,208.9,213.7,53604
TCIDEVELOP,20200305,326.55,332.95,321,332.95,70
TCIEXP,20200305,780,800,769,795.45,9963
TCIFINANCE,20200305,5.45,5.45,5.05,5.1,12365
TCNSBRANDS,20200305,587.75,587.75,563.25,568.65,2515
TCPLPACK,20200305,250.05,281.2,250.05,265.45,3966
TCS,20200305,2085.7,2147.75,2084.05,2125.05,3937056
TDPOWERSYS,20200305,154.75,169.2,154,161.9,38357
TEAMLEASE,20200305,2359.95,2397.95,2350,2367.35,5606
TECHM,20200305,769.95,784,752.35,756.1,2126955
TECHNOE,20200305,291.95,298,290.05,295.75,10997
TECHNOFAB,20200305,8.1,8.1,8.1,8.1,3367
TEJASNET,20200305,50,52,49.15,49.6,58017
TERASOFT,20200305,21.6,21.9,19.4,19.45,8910
TEXINFRA,20200305,38.45,38.9,36.7,37.3,24771
TEXMOPIPES,20200305,12.05,12.5,11.75,12.2,46326
TEXRAIL,20200305,23.6,24,22.25,23.8,308552
TFCILTD,20200305,63.8,63.8,62.2,62.75,43019
TGBHOTELS,20200305,3,3.15,2.95,2.95,4859
THANGAMAYL,20200305,425,436,402.9,412.55,17724
THEINVEST,20200305,119.4,119.4,115,115,2326
THEMISMED,20200305,372,372,356.55,361.1,2048
THERMAX,20200305,898,910.25,886.1,887.75,12352
THOMASCOOK,20200305,46,48.9,43.2,48.15,802541
THYROCARE,20200305,595,599,585.25,587.8,66931
TI,20200305,16.7,16.85,16,16.6,60626
TIDEWATER,20200305,4271,4385.15,4222.5,4271.95,1457
TIIL,20200305,285.05,290,281.05,289.6,5142
TIINDIA,20200305,529.8,536.95,522.05,532.15,586881
TIJARIA,20200305,4.5,4.9,4.5,4.8,10685
TIL,20200305,156.05,161,153.05,155.85,7862
TIMESGTY,20200305,26.25,29.7,26.2,27.05,5007
TIMETECHNO,20200305,46.5,46.6,45.55,46,309076
TIMKEN,20200305,944.9,954.85,920.1,940.25,38536
TINPLATE,20200305,125.85,125.85,121.5,122.05,299988
TIPSINDLTD,20200305,120.6,120.6,116.1,118.7,3130
TIRUMALCHM,20200305,64.95,66,63.1,64.65,573307
TITAN,20200305,1253.5,1265.15,1242.2,1259.15,1555538
TMRVL,20200305,7.55,7.95,7.55,7.55,67288
TNPETRO,20200305,31.6,32.7,31.5,32.4,36739
TNPL,20200305,158.45,158.55,155.1,155.8,33627
TOKYOPLAST,20200305,60.05,61.8,60,60.65,5377
TORNTPHARM,20200305,2173.15,2245,2168,2213.95,601063
TORNTPOWER,20200305,317.9,321.5,313.45,316.25,1027384
TOUCHWOOD,20200305,75.7,75.7,70.65,71.2,10353
TPLPLASTEH,20200305,102.3,107.9,102.25,106.15,1499
TREEHOUSE,20200305,4.75,4.75,4.4,4.6,2653
TREJHARA,20200305,6.55,7.8,6.55,7.3,3138
TRENT,20200305,694.95,706.7,680,684.85,323635
TRF,20200305,91,93.4,90.65,91.25,21733
TRIDENT,20200305,5.3,5.45,5.3,5.35,3338004
TRIGYN,20200305,35.25,37.8,35.25,36.5,46233
TRIL,20200305,7.55,8.05,7.3,7.85,104610
TRITURBINE,20200305,92.6,94.45,90.15,90.5,24340
TRIVENI,20200305,61.05,63.5,61.05,63.15,302775
TTKHLTCARE,20200305,439.8,439.8,415.05,423.5,2156
TTKPRESTIG,20200305,5661.15,5680.65,5640,5653.05,1535
TTL,20200305,39.75,40,39.25,39.4,589
TTML,20200305,2.5,2.6,2.5,2.55,320969
TV18BRDCST,20200305,22.05,22.95,21.95,22.4,1727628
TVSELECT,20200305,87.85,92.1,87.85,90.45,42567
TVSMOTOR,20200305,413.7,417.65,406.2,413.95,1096006
TVSSRICHAK,20200305,1491,1500.3,1491,1492.55,1060
TVTODAY,20200305,232.95,232.95,205.6,210.85,30001
TVVISION,20200305,1.2,1.2,1.15,1.2,26902
TWL,20200305,41.75,43.2,41.75,42.5,396289
UBL,20200305,1234.5,1255.4,1225.1,1248,301633
UCALFUEL,20200305,101.95,103,97.65,98.8,17985
UCOBANK,20200305,12.4,12.7,12.2,12.45,757672
UFLEX,20200305,204.25,208.45,202.35,204.8,29231
UFO,20200305,133,134.95,131.3,133.55,208745
UGARSUGAR,20200305,12.2,12.7,12.1,12.5,73486
UJAAS,20200305,3.05,3.25,2.95,3.1,289484
UJJIVAN,20200305,332.6,345.35,332.6,336,1196652
UJJIVANSFB,20200305,49.5,50.2,48.5,49.85,1102893
ULTRACEMCO,20200305,4182.05,4230,4151.6,4205.55,450539
UMANGDAIRY,20200305,33.55,38.05,32.05,37.75,17873
UMESLTD,20200305,0.85,0.85,0.85,0.85,301
UNICHEMLAB,20200305,135.95,135.95,131.7,132.4,19403
UNIENTER,20200305,65.25,66,63.55,65.45,15452
UNIONBANK,20200305,36.1,40,36.1,39.5,9531514
UNIPLY,20200305,6.95,6.95,6.65,6.65,140364
UNITECH,20200305,2.25,2.25,2.25,2.25,496872
UNITEDBNK,20200305,7.35,7.5,7.3,7.45,620435
UNITEDTEA,20200305,249.1,249.1,240,240,529
UNIVCABLES,20200305,129.05,135,129.05,130.6,4357
UNIVPHOTO,20200305,50.05,65.9,50.05,59.8,2633
UPL,20200305,518.9,529,513,516.05,2794208
URJA,20200305,1.25,1.3,1.25,1.25,2095644
USHAMART,20200305,22.95,23.2,22.6,22.85,572964
UTINEXT50,20200305,279.58,280.8,275,280.78,276
UTINIFTETF,20200305,1200,1211.5,1190.15,1196.71,3325
UTISENSETF,20200305,408,413,404,408.41,611
UTISXN50,20200305,308.99,309,308.99,309,19
UTTAMSTL,20200305,5.75,5.85,5.55,5.6,47202
UTTAMSUGAR,20200305,85.5,91.9,85,89.95,65953
UVSL,20200305,0.1,0.1,0.05,0.1,2890378
V2RETAIL,20200305,80,81,79,79.65,115203
VADILALIND,20200305,799.95,799.95,770,771.25,7830
VAIBHAVGBL,20200305,1036.5,1065,1022.3,1042.75,8862
VAISHALI,20200305,53,53,50,50.25,29643
VAKRANGEE,20200305,39,39.2,37.8,38.8,1794710
VARDHACRLC,20200305,31.3,33,31.3,32.2,2640
VARDMNPOLY,20200305,3,3,3,3,5039
VARROC,20200305,364.95,370.95,355.85,357.1,16581
VASCONEQ,20200305,12.45,12.85,12.15,12.45,143274
VASWANI,20200305,3.3,3.5,3.3,3.3,765
VBL,20200305,792,792,760.3,763.7,227678
VEDL,20200305,118.5,122.2,116,117.1,26357440
VENKEYS,20200305,1156,1194.95,1120.3,1144.2,114448
VENUSREM,20200305,25.9,26.2,24.2,25.6,56173
VESUVIUS,20200305,1103,1106,1085,1092,1086
VETO,20200305,43.3,47.4,41.8,46.1,40787
VGUARD,20200305,201.55,204.95,201.5,202.6,84359
VHL,20200305,1266.85,1284,1250,1261.25,547
VICEROY,20200305,1.05,1.1,1,1,22568
VIDHIING,20200305,65.05,65.95,63.25,65,60957
VIJIFIN,20200305,0.35,0.35,0.25,0.35,21892
VIKASECO,20200305,1.8,1.8,1.75,1.75,399192
VIKASMCORP,20200305,2,2.1,1.9,2.05,743857
VIKASPROP,20200305,9.15,9.15,9.15,9.15,44550
VIKASWSP,20200305,6.9,7,6.4,6.7,202187
VIMTALABS,20200305,88,92.9,88,90.8,7190
VINATIORGA,20200305,1012.5,1024.5,988,1015.7,49914
VINDHYATEL,20200305,774.9,777,740,749.15,7334
VINYLINDIA,20200305,56.7,60.7,56.5,58.45,27322
VIPCLOTHNG,20200305,6.4,6.4,6.15,6.15,109866
VIPIND,20200305,384.9,403.75,380.3,400.35,304028
VIPULLTD,20200305,17,18.5,17,18,802
VISAKAIND,20200305,206.45,208.05,199.1,200.65,40576
VISASTEEL,20200305,3.6,3.9,3.3,3.5,19827
VISESHINFO,20200305,0.05,0.05,0.05,0.05,9749160
VISHNU,20200305,116.85,118.95,112.1,115.15,14867
VISHWARAJ,20200305,62.4,64.05,60,63.25,6485
VIVIDHA,20200305,0.25,0.3,0.2,0.3,123188
VIVIMEDLAB,20200305,10.45,10.7,10.15,10.2,85536
VLSFINANCE,20200305,49.85,51.9,48.55,49.3,15383
VMART,20200305,2153,2325,2153,2283.75,22297
VOLTAMP,20200305,1260,1324,1255.1,1293.9,5238
VOLTAS,20200305,691.4,697,675.5,689.6,926538
VRLLOG,20200305,224.7,227.6,221.1,225.1,14738
VSSL,20200305,57,62,57,59.25,16192
VSTIND,20200305,4180,4187.9,4060,4088.75,2498
VSTTILLERS,20200305,1105,1105,1051.9,1067.4,3162
VTL,20200305,1018.1,1100,1018.05,1082.05,20725
WABAG,20200305,184,189,180.25,183.1,144141
WABCOINDIA,20200305,6770.7,6770.7,6725.1,6741.3,725
WALCHANNAG,20200305,48.8,48.8,47,47.7,53317
WANBURY,20200305,24.1,25.25,24.1,24.25,13228
WATERBASE,20200305,105,109.75,104.1,108.25,205597
WEBELSOLAR,20200305,20.6,20.7,19.15,19.15,128942
WEIZMANIND,20200305,19,19.65,18.75,19.65,3415
WELCORP,20200305,169.7,177.6,163.25,168.3,1019912
WELENT,20200305,61.15,66.5,60.55,65.5,397391
WELINV,20200305,170.1,183,170.1,183,4
WELSPUNIND,20200305,39.25,39.7,38,38.5,1417983
WENDT,20200305,2481.05,2500,2449.95,2493.55,336
WESTLIFE,20200305,431.5,450.5,423,448.55,192093
WHEELS,20200305,509,509,485.25,493.5,3446
WHIRLPOOL,20200305,2193.9,2193.9,2111.55,2167.85,90688
WILLAMAGOR,20200305,14,14,13.3,13.3,1413
WINDMACHIN,20200305,14.4,14.4,13.8,13.8,34838
WIPRO,20200305,229.05,233.9,228.65,229.7,2970778
WOCKPHARMA,20200305,323,329.3,316.5,320.9,770218
WONDERLA,20200305,207.6,208.95,201.3,205.85,13658
WSTCSTPAPR,20200305,211,211.7,203.1,205.35,49497
XCHANGING,20200305,48.95,48.95,46.65,47.1,16929
XELPMOC,20200305,51,53,47.4,53,1379
XPROINDIA,20200305,20.5,21.45,19.25,20.05,1478
YESBANK,20200305,29.4,37.85,28,36.8,784703310
ZEEL,20200305,251.75,254.25,235.65,238.15,13761306
ZEELEARN,20200305,14.9,15.2,13.75,14.55,250423
ZEEMEDIA,20200305,4.55,4.65,4.35,4.5,398572
ZENITHBIR,20200305,0.4,0.4,0.35,0.35,2670
ZENITHEXPO,20200305,38.65,40,38.65,40,241
ZENSARTECH,20200305,133.35,135,131.15,132.15,28912
ZENTEC,20200305,52.55,54.8,52.55,54.3,18722
ZICOM,20200305,1.4,1.4,1.35,1.4,1116
ZODIACLOTH,20200305,148,155,144.5,146.65,10783
ZODJRDMKJ,20200305,29.1,31.2,28.5,29.35,105
ZOTA,20200305,171.95,172.2,169,170.25,24450
ZUARI,20200305,67.9,74.05,66.5,71.45,124007
ZUARIGLOB,20200305,41.1,42.5,38.6,39.7,76271
ZYDUSWELL,20200305,1442.6,1456.85,1432.1,1450.6,30416
NSENIFTY,20200305,11306.05,11389.50,11244.60,11269.00,1353209029,0
NIFTYJUNIOR,20200305,26874.70,27097.90,26710.85,26877.55,598028285,0
NIFTYMIDCAPLIQ15,20200305,3931.70,3958.15,3885.25,3917.65,53613205,0
NSE100,20200305,11430.10,11515.55,11371.50,11397.90,1954755189,0
NIFTY200,20200305,5863.10,5901.80,5828.55,5845.75,2274694231,0
NSE500,20200305,9305.55,9365.55,9250.05,9280.15,2500204381,0
NSEMIDCAP150,20200305,6278.00,6303.45,6212.30,6260.15,331713937,0
MIDCAP50,20200305,4523.85,4547.05,4464.35,4507.40,280648933,0
NSEMIDCAP,20200305,16839.50,16908.30,16627.85,16769.90,319939042,0
NSESMLCAP100,20200305,5605.25,5633.25,5550.75,5583.35,-,0
NIFTYLARGEMIDCAP250,20200304,-,-,-,5788.63,1656637578,0
NIFTYAUTO,20200305,6966.30,7013.65,6892.75,6953.75,163392161,0
BANKNIFTY,20200305,28830.30,29134.30,28535.60,28815.35,1075709340,0
NIFTYFINSERVICE,20200305,13499.00,13607.70,13394.30,13472.75,272492672,0
NIFTYFMGC,20200305,29333.25,29844.10,29332.05,29530.50,38389692,0
NSEIT,20200305,15912.05,16150.60,15841.10,15871.35,26935544,0
NIFTYMEDIA,20200305,1628.45,1640.05,1578.75,1606.30,41492508,0
NIFTYMETAL,20200305,2327.65,2351.45,2278.00,2284.85,146859224,0
NIFTYPHARMA,20200305,8125.90,8281.70,8122.60,8146.00,40817153,0
NIFTYPVTBANK,20200305,15838.80,16042.50,15681.30,15853.45,870699167,0
NIFTYPSUBANK,20200305,1880.70,1936.00,1810.45,1891.90,239272426,0
NIFTYREALTY,20200305,283.60,284.85,275.45,277.85,14040131,0
NIFTYCOMMODITIES,20200305,3069.90,3088.60,3027.00,3033.15,237893501,0
NIFTYCONSUMPTION,20200305,4892.45,4937.50,4884.95,4911.25,97196267,0
NIFTYCPSE,20200305,1612.45,1622.10,1587.85,1597.45,89700226,0
NIFTYENERGY,20200305,13956.00,14039.80,13707.05,13743.65,98597724,0
NIFTY100ESG,20200305,-,-,-,2135.87,1795737455,0
NIFTY100ENHESG,20200305,-,-,-,2157.82,1769622541,0
NIFTYINFRA,20200305,3042.85,3049.70,3009.50,3014.70,187528130,0
NIFTYMNC,20200305,13464.25,13584.55,13436.70,13464.45,411717073,0
NIFTYPSE,20200305,2793.65,2814.05,2754.10,2761.10,196275196,0
NIFTYSMEEMERGE,20200305,-,-,-,1290.29,628350,0
NIFTYSERVSECTOR,20200305,16423.40,16569.50,16324.70,16404.55,1156671513,0
NIFTYSHARIAH25,20200305,-,-,-,4238.38,108526494,0
NIFTY50SHARIAH,20200305,-,-,-,2494.13,96786180,0
NIFTY500SHARIAH,20200305,-,-,-,2983.05,294658045,0
NIFTYABGROUP,20200305,-,-,-,2711.26,354984623,0
NIFTYMAHINDRA,20200305,-,-,-,9375.58,8984034,0
NIFTYTATA,20200305,-,-,-,6778.38,134002632,0
NIFTYTATA25CAP,20200305,-,-,-,4675.00,129197439,0
NIFTYABGROUP,20200305,-,-,-,2711.26,354984623,0
NIFTYLIQ15,20200305,3299.50,3327.15,3245.20,3279.10,1174793617,0
NIFTY500VALUE50,20200305,-,-,-,3112.12,1125354167,0
NIFTYALPHALOWVOL30,20200305,-,-,-,11922.46,133828410,0
NIFTYQUALLOWVOL30,20200305,-,-,-,8264.92,97587952,0
NIFTYALPHAQUALLOWVOL30,20200305,-,-,-,9621.52,115591308,0
NIFTYALPHAQUALVALLOWVOL30,20200305,-,-,-,7134.74,143166408,0
NIFTY50EQUALWEIGHT,20200305,11373.15,11468.15,11301.25,11357.55,1353209029,0
NIFTY100EQUALWEIGHT,20200305,12338.70,12441.25,12260.30,12322.90,1954755189,0
NIFTY100LOWVOL30,20200305,8544.70,8643.45,8537.10,8550.05,137076646,0
NSEDEFTY,20200305,-,-,-,5326.47,-,0
NIFTY50DIVPOINT,20200305,131.85,131.85,131.85,131.85,-,0
NIFTYDIVOPPS50,20200305,2354.10,2378.10,2343.45,2346.80,272269616,0
NIFTYALPHA50,20200305,13299.10,13371.95,13126.85,13279.05,109240801,0
NIFTY50ARBITRAGE,20200305,-,-,-,1898.07,-,0
NIFTY50FUTINDEX,20200305,-,-,-,3763.85,-,0
NIFTY50FUTTRINDEX,20200305,-,-,-,11394.30,-,0
NIFTYHIGHBETA50,20200305,-,-,-,1191.85,1864162102,0
NIFTYLOWVOL50,20200305,-,-,-,10603.95,148168243,0
NIFTY50VALUE20,20200305,5213.90,5287.95,5209.35,5216.55,953880344,0
NIFTYGROWSECT15,20200305,5877.45,5966.50,5872.20,5900.75,92144406,0
NIFTY50TR2XLEV,20200305,5862.10,5946.85,5798.95,5823.85,-,0
NIFTY50PR2XLEV,20200305,4498.75,4563.80,4450.25,4469.40,-,0
NIFTY50TR1XINV,20200305,363.95,365.95,361.25,365.15,-,0
NIFTY50PR1XINV,20200305,415.35,417.65,412.30,416.75,-,0
NIFTY-GS-COMPSITE,20200305,2136.16,2136.60,2132.41,2134.08,-,0
NIFTY-GS-4-8YR,20200305,2228.12,2228.12,2223.67,2226.16,-,0
NIFTY-GS-8-13YR,20200305,2098.64,2098.70,2095.06,2096.50,-,0
NIFTY-GS-10YR,20200305,1932.63,1932.77,1927.95,1930.97,-,0
NIFTY-GS-10YR-CLN,20200305,966.03,966.10,963.63,965.18,-,0
NIFTY-GS-11-15YR,20200305,2255.64,2257.88,2253.84,2254.18,-,0
NIFTY-GS-15YRPLUS,20200305,2475.08,2484.80,2475.08,2484.81,-,0
VIX,20200305,24.23,24.23,22.13,23.25,0,0
