20MICRONS,20190626,36.25,37.4,33.45,36.9,19502
21STCENMGM,20190626,17.9,18,17.55,17.75,1332
3IINFOTECH,20190626,3.3,3.4,3.3,3.3,1287397
3MINDIA,20190626,23236.55,23485.3,22910,22927.75,1917
5PAISA,20190626,200.95,209,200.95,206.35,3310
63MOONS,20190626,112.55,117.9,111.9,115.5,106588
8KMILES,20190626,88.85,88.85,88.4,88.85,89245
A2ZINFRA,20190626,13,13.25,12.6,12.8,191051
AARTIDRUGS,20190626,532.75,542.15,525,539.75,8273
AARTIIND,20190626,1795,1799.95,1725,1785.5,68598
AARVEEDEN,20190626,21.3,21.5,20.55,21.15,1817
AAVAS,20190626,1505.9,1517.95,1470.05,1491.75,7748
ABAN,20190626,36.35,38,36.2,38,86121
ABB,20190626,1557.05,1609,1551,1601.5,138265
ABBOTINDIA,20190626,8501,8950,8501,8775.8,8090
ABCAPITAL,20190626,91.5,93.7,91.5,92.75,658624
ABFRL,20190626,214.6,215.6,208,209.55,214792
ACC,20190626,1549,1589,1546.8,1582.95,699597
ACCELYA,20190626,871.6,880,865,872.7,2081
ACE,20190626,94,98.3,93.95,97.85,101231
ADANIENT,20190626,150,155.3,148.5,153.8,4779891
ADANIGAS,20190626,160.8,165,160.1,162.25,554210
ADANIGREEN,20190626,41.5,41.8,41.1,41.5,337225
ADANIPORTS,20190626,405.4,417.6,404,414.95,3327963
ADANIPOWER,20190626,50.7,51.5,50.3,51.3,13262391
ADANITRANS,20190626,222,226.6,219.8,223.35,55375
ADFFOODS,20190626,271,276,271,275.2,11994
ADHUNIK,20190626,1.35,1.35,1.3,1.3,29792
ADHUNIKIND,20190626,79,80.9,78.75,78.75,51763
ADLABS,20190626,5.35,5.75,5.35,5.75,84543
ADORWELD,20190626,335,345,335,343.25,5904
ADROITINFO,20190626,9.8,10.75,9.8,10.75,2417
ADSL,20190626,15.1,15.15,13.4,13.75,70780
ADVANIHOTR,20190626,59.1,61.4,59.1,59.4,6363
ADVENZYMES,20190626,166,173.9,165,169.45,168827
AEGISCHEM,20190626,202.05,203.95,200,202.1,70427
AGARIND,20190626,120.4,134,120.4,122.85,43316
AGCNET,20190626,112.9,112.9,110,110.05,1181
AGLSL,20190626,52.9,57.9,52.9,55.65,805
AGRITECH,20190626,49.65,52,49.65,50.75,3115
AGROPHOS,20190626,81.4,86,81.4,85.7,75797
AHLEAST,20190626,183.05,191.95,182,187.6,242
AHLUCONT,20190626,330.05,331,328.15,330,2576
AHLWEST,20190626,338.15,345.5,338,338.75,252
AIAENG,20190626,1747.1,1755.05,1744.9,1749.25,25585
AIONJSW,20190626,16.8,17.6,16.8,17.5,14392
AIRAN,20190626,26.5,28,26.5,27.2,4201
AJANTPHARM,20190626,974.35,974.35,950,959.6,464571
AJMERA,20190626,160.05,164.5,160.05,163.6,50902
AKSHARCHEM,20190626,270.55,280,263.15,277.8,2790
AKSHOPTFBR,20190626,11.15,11.3,10.75,11.05,179390
AKZOINDIA,20190626,1736,1741.05,1721.6,1727.9,77921
ALANKIT,20190626,28.7,30.2,28.7,29.9,429235
ALBERTDAVD,20190626,395,408.9,395,403.35,2344
ALBK,20190626,42.3,50.9,42,49.05,18155558
ALCHEM,20190626,1.15,1.25,1.15,1.25,2310
ALEMBICLTD,20190626,42.7,43.35,42.1,42.25,51219
ALICON,20190626,554.15,565,554.15,559.95,1712
ALKALI,20190626,43.7,45,41.25,42.15,17245
ALKEM,20190626,1697.4,1724.5,1690.9,1696.9,29636
ALKYLAMINE,20190626,805.45,810,801.2,806.35,1272
ALLCARGO,20190626,101,109.45,101,108.45,137172
ALLSEC,20190626,316.1,317.95,316.1,317,43636
ALMONDZ,20190626,18,18,16.05,17,4210
ALOKTEXT,20190626,3.5,3.6,3.35,3.35,7744838
ALPA,20190626,17.5,18.25,17.3,18.15,17835
ALPHAGEO,20190626,433.9,439.9,430.05,434.85,2267
ALPSINDUS,20190626,0.8,0.8,0.75,0.75,1824
AMARAJABAT,20190626,618,624.9,601.25,618,1273601
AMBER,20190626,816.6,830,816.6,823.9,4163
AMBIKCO,20190626,1040.4,1055,1040,1040.95,1304
AMBUJACEM,20190626,215,219.9,214.5,219.35,2806007
AMDIND,20190626,17.55,19,17.55,18.15,7158
AMJLAND,20190626,16.05,16.85,16.05,16.35,5322
AMRUTANJAN,20190626,306.6,308.05,301.15,303.1,25306
ANANTRAJ,20190626,29.2,30,29.05,29.2,185470
ANDHRABANK,20190626,22.9,23.5,22.65,23.25,1278724
ANDHRACEMT,20190626,4,4.05,3.9,3.95,23343
ANDHRSUGAR,20190626,318.9,322,316.85,320.85,7701
ANIKINDS,20190626,11.35,12.3,11.35,11.65,1902
ANKITMETAL,20190626,0.4,0.45,0.4,0.45,6511
ANSALAPI,20190626,5.4,5.55,5.4,5.55,52321
ANSALHSG,20190626,6.3,6.6,6.25,6.45,135434
ANTGRAPHIC,20190626,0.75,0.85,0.75,0.85,299878
ANUP,20190626,465,490,465,482.25,4691
APARINDS,20190626,607,610.1,586,598.15,1698
APCL,20190626,168,169.75,162.75,167.95,1666
APCOTEXIND,20190626,572.1,574.7,561,563.1,3106
APEX,20190626,253,255.7,247.5,251.7,27858
APLAPOLLO,20190626,1537.8,1537.8,1498,1522.55,327409
APLLTD,20190626,502,507,486,489.95,25009
APOLLO,20190626,119.5,120.4,117.45,119.45,9622
APOLLOHOSP,20190626,1320,1325.05,1301.05,1307.95,597977
APOLLOTYRE,20190626,201.95,203.5,198.7,200.55,3406548
APOLSINHOT,20190626,872,913.9,846,900.1,1290
APTECHT,20190626,142,147.8,142,143.5,240346
ARCHIDPLY,20190626,32.15,33.35,31.5,32.85,23210
ARCHIES,20190626,21.85,21.85,20.85,21.05,22777
ARCOTECH,20190626,2.55,2.75,2.55,2.75,100082
ARIES,20190626,63.75,63.8,59.6,62.9,13783
ARIHANT,20190626,21.2,23,20.4,22.55,5240
ARIHANTSUP,20190626,54.1,55.9,52.7,53.15,43320
ARMANFIN,20190626,404,407.95,403,404.95,1608
AROGRANITE,20190626,44.35,46,44.35,45.15,6184
ARROWGREEN,20190626,50.7,52.1,48,50.3,13760
ARROWTEX,20190626,12.8,12.8,12.2,12.65,5522
ARSHIYA,20190626,22.05,22.9,19.1,20,157925
ARSSINFRA,20190626,36,36.2,34,36.2,7220
ARVIND,20190626,64.75,65.85,63.75,65.25,2397028
ARVINDFASN,20190626,685.5,695.85,685.5,690.4,26888
ARVSMART,20190626,99.15,106,99.15,104,27451
ASAHIINDIA,20190626,215.05,220.75,215.05,218.25,16394
ASAHISONG,20190626,136.7,144.9,136.7,138.7,1606
ASAL,20190626,44.45,46,44.25,44.4,5065
ASHAPURMIN,20190626,16.75,17,16.3,16.8,30382
ASHIANA,20190626,124.2,125.25,121.15,121.6,78504
ASHIMASYN,20190626,9.6,11.2,9.6,10.6,91063
ASHOKA,20190626,135,140.35,133.85,138.3,163450
ASHOKLEY,20190626,85.65,86.4,84.8,85.7,20424534
ASIANHOTNR,20190626,116,131.5,116,126.5,1506
ASIANPAINT,20190626,1360,1369.55,1352,1359.95,960174
ASIANTILES,20190626,257.35,258.55,251.35,255.45,138883
ASPINWALL,20190626,142.1,150,142.1,148.15,2992
ASSAMCO,20190626,1.25,1.25,1.2,1.25,144847
ASTEC,20190626,464.35,475,461.8,469.5,3357
ASTERDM,20190626,133.1,136.85,120,120.1,40240562
ASTRAL,20190626,1343,1350,1310.6,1323.4,30660
ASTRAMICRO,20190626,86.1,87.7,84.5,85.65,82861
ASTRAZEN,20190626,1949,2093.7,1940.05,2061.75,17614
ASTRON,20190626,118.4,119.8,117.1,118.85,613574
ATFL,20190626,491,499.9,484,496.7,994
ATLANTA,20190626,9.7,10,9.1,10,31311
ATLASCYCLE,20190626,40.85,40.85,37.1,40.85,11506
ATUL,20190626,3950.05,3970,3940,3956.8,4590
ATULAUTO,20190626,265.05,272.95,265.05,270.4,4819
AUBANK,20190626,698,705,690,693.6,58103
AURIONPRO,20190626,118.8,118.8,110.25,112.1,16249
AUROPHARMA,20190626,600,625.7,600,621.2,4593681
AUSOMENT,20190626,35.1,36.9,35,36.75,6196
AUTOAXLES,20190626,1024.95,1054.95,1001.05,1013.65,8948
AUTOIND,20190626,50.15,51,49.8,50,13911
AVADHSUGAR,20190626,645,654.4,620,626.3,50365
AVANTIFEED,20190626,351.15,355.9,348.95,350.2,129388
AVTNPL,20190626,23.7,24.85,23.7,24.55,40966
AXISBANK,20190626,782.9,792,781.7,788.6,8715757
AXISCADES,20190626,62.45,65.5,61.85,64.55,238652
AXISGOLD,20190626,3010.7,3010.7,2957.05,2963,292
AXISNIFTY,20190626,1215.19,1215.78,1205.9,1210,117
AYMSYNTEX,20190626,42,42,39,39.55,2358
BAFNAPHARM,20190626,5.45,5.95,5.45,5.8,6523
BAGFILMS,20190626,3.55,3.7,3.55,3.55,47211
BAJAJ-AUTO,20190626,2839.95,2881.35,2814,2868.7,265442
BAJAJCON,20190626,332.5,334.7,327.35,329.25,18527
BAJAJELEC,20190626,513,522.55,508.5,519.55,78297
BAJAJFINSV,20190626,8339.7,8437.95,8304.1,8410.5,117884
BAJAJHIND,20190626,7.6,7.65,7.4,7.5,1150480
BAJAJHLDNG,20190626,3641.8,3690,3605,3632,21442
BAJFINANCE,20190626,3569.85,3635,3563,3627.95,978806
BALAJITELE,20190626,59.8,59.8,58.5,59.1,27171
BALAMINES,20190626,373.5,377,368.2,370.4,14987
BALAXI,20190626,86.2,86.2,86.2,86.2,112
BALKRISHNA,20190626,30,32,29.2,30.3,3464
BALKRISIND,20190626,766,774.95,752.7,756.5,656871
BALLARPUR,20190626,1.9,1.95,1.9,1.95,282383
BALMLAWRIE,20190626,180.7,184.2,177.9,181.75,53630
BALPHARMA,20190626,57.5,57.5,52.65,53.35,10553
BALRAMCHIN,20190626,133.35,137.8,132.75,134.4,796585
BANARBEADS,20190626,43.05,44.4,43,44,1389
BANCOINDIA,20190626,118,120.6,118,119.85,16747
BANDHANBNK,20190626,525.6,536.15,525,535.05,410527
BANG,20190626,40.3,40.4,38.15,39.6,12578
BANKBARODA,20190626,119.65,121.8,119.15,121.45,15346189
BANKBEES,20190626,3156,3210,3137.82,3172.76,1895
BANKINDIA,20190626,86.25,89.95,85.9,88.8,5926489
BANSWRAS,20190626,63.1,69.4,63.1,65.1,1974
BARTRONICS,20190626,3.65,3.7,3.35,3.7,33882
BASF,20190626,1301,1334.15,1301,1318.45,3736
BASML,20190626,144.05,156.05,144.05,155.65,164
BATAINDIA,20190626,1420.45,1437,1420.45,1428.85,911770
BAYERCROP,20190626,3341.45,3366.95,3138.7,3278.5,19100
BBL,20190626,1045,1064,1045,1060,1255
BBTC,20190626,955,965.5,900.9,919.5,523878
BCG,20190626,5.05,5.05,4.8,4.8,569123
BDL,20190626,305.75,311.95,305.75,309.95,28456
BEARDSELL,20190626,14.85,16.9,13.8,15,5507
BEDMUTHA,20190626,13.9,15.2,13.9,14.6,2723
BEL,20190626,113.85,115.35,113.5,114.4,7074502
BEML,20190626,845,915,841.55,911.2,4449047
BEPL,20190626,63.75,65.35,62.8,63.2,211878
BERGEPAINT,20190626,317.85,320.6,314.35,315.9,584697
BFINVEST,20190626,251.15,255,248.25,250.8,30621
BFUTILITIE,20190626,178.5,184.75,177.55,182.3,296092
BGLOBAL,20190626,2.2,2.2,2.05,2.05,11546
BGRENERGY,20190626,51.4,52.6,48.4,50.85,59217
BHAGERIA,20190626,252.95,255.85,248.3,250.2,11169
BHAGYANGR,20190626,25.65,26.05,25,25.95,2885
BHAGYAPROP,20190626,25.05,25.3,24,24.1,6217
BHANDARI,20190626,1.65,1.7,1.6,1.65,136848
BHARATFIN,20190626,915.8,920.25,901.5,909.45,1598283
BHARATFORG,20190626,435.2,450.2,434.15,448.6,1282722
BHARATGEAR,20190626,96.9,98.75,95.1,98.1,5702
BHARATRAS,20190626,4062.9,4119.95,3966,3988.4,929
BHARATWIRE,20190626,34,34.4,33,33.8,15591
BHARTIARTL,20190626,350,352,342.55,345.55,4645627
BHEL,20190626,73.5,75.5,73.4,75.2,16456718
BIGBLOC,20190626,28.05,28.65,28.05,28.55,339
BIL,20190626,299.85,306.7,290,299,816
BILENERGY,20190626,2.45,2.65,2.45,2.45,143421
BINDALAGRO,20190626,12.65,13.45,12.6,13.1,25416
BIOCON,20190626,246.2,253.75,244.5,252.75,3178466
BIOFILCHEM,20190626,6.5,6.6,6.3,6.3,560
BIRLACABLE,20190626,90.8,92,88.5,91.35,35860
BIRLACORPN,20190626,571.2,594.9,570,591.9,150545
BIRLAMONEY,20190626,45,46,44.3,45.35,61914
BKMINDST,20190626,3.2,3.25,3.05,3.05,42754
BLBLIMITED,20190626,4.1,4.1,4.05,4.05,2584
BLISSGVS,20190626,157,159,156.6,157.15,739721
BLKASHYAP,20190626,7.6,7.6,7.6,7.6,61317
BLS,20190626,105.3,105.3,100.95,101.65,30316
BLUECOAST,20190626,3.8,3.95,3.65,3.65,14176
BLUEDART,20190626,2670.5,2708.15,2644.7,2655,3640
BLUESTARCO,20190626,749.95,761.6,744,750.7,38935
BODALCHEM,20190626,99.9,99.9,99,99.3,54971
BOMDYEING,20190626,100.9,103.25,99.65,100.65,1341781
BOROSIL,20190626,174.65,175.8,171.2,173.4,24821
BOSCHLTD,20190626,16470,16686.25,16419.95,16524.95,8068
BPCL,20190626,387.5,393.6,386.1,391.4,3266267
BPL,20190626,22.4,22.5,21.05,22.15,113182
BRFL,20190626,7.1,7.1,6.75,7.05,293985
BRIGADE,20190626,245.75,253,245.15,251.25,65982
BRITANNIA,20190626,2805,2813.45,2700,2732.9,1387720
BRNL,20190626,75.45,75.45,72,73.9,14689
BROOKS,20190626,42.6,42.6,40.15,42.1,12263
BSE,20190626,619,620.9,614.35,619.3,163143
BSELINFRA,20190626,1.6,1.65,1.55,1.6,21767
BSL,20190626,31.65,34.2,31.05,34.2,126761
BSLGOLDETF,20190626,3165.05,3199,3125.3,3143.35,54
BSLNIFTY,20190626,129.45,129.45,127.57,127.57,538
BSOFT,20190626,89,90.15,87.5,88.55,938844
BURNPUR,20190626,2.05,2.15,2,2,80366
BUTTERFLY,20190626,161.85,166.3,161.7,164.45,10699
BVCL,20190626,14.85,15.5,14.85,15.4,107
BYKE,20190626,24.55,24.9,23.6,24.8,20289
CADILAHC,20190626,230,240,228.4,238.9,2899131
CALSOFT,20190626,12.9,13.5,12.6,13.5,18790
CAMLINFINE,20190626,52.5,54.3,51.7,53,133792
CANBK,20190626,274.4,280,272,278.5,3832155
CANFINHOME,20190626,354.4,360.5,351.6,355.25,776305
CANTABIL,20190626,245.9,254.65,240.1,244.7,50177
CAPACITE,20190626,271,273.2,269.1,271.05,18275
CAPLIPOINT,20190626,416,436.6,414.05,430.85,29755
CAPTRUST,20190626,136,141,131,135.8,1108
CARBORUNIV,20190626,358,363,355.3,359.95,13025
CAREERP,20190626,67.55,68,65,67.9,15266
CARERATING,20190626,925,925,919,919.95,18463
CASTEXTECH,20190626,0.65,0.7,0.65,0.7,106326
CASTROLIND,20190626,137.55,138.15,136.5,137.05,939195
CCHHL,20190626,5.3,5.8,5.3,5.7,12893
CCL,20190626,249,254.95,249,253.85,40836
CDSL,20190626,219.45,221.5,217.6,219.55,125116
CEATLTD,20190626,936,958.65,924.5,948.1,892698
CEBBCO,20190626,17,17.7,16.85,17.4,16836
CELEBRITY,20190626,6.35,6.55,5.7,6.4,7280
CELESTIAL,20190626,3.45,3.85,3.45,3.5,59464
CENTENKA,20190626,218.35,221.5,218.25,220.8,9833
CENTEXT,20190626,4,4.1,4,4,41331
CENTRALBK,20190626,20.25,20.8,19.65,19.8,1768518
CENTRUM,20190626,26.25,27,25,26.05,140859
CENTUM,20190626,508.2,519.9,505.65,516.3,1007
CENTURYPLY,20190626,156.5,161.1,155.55,160.15,945983
CENTURYTEX,20190626,937.55,971.85,933.25,963.6,558572
CERA,20190626,2967.95,3036.4,2959.85,3024.6,3081
CEREBRAINT,20190626,23,23.5,23,23.45,340560
CESC,20190626,792.4,797.25,778.45,784.35,1153751
CESCVENT,20190626,430.05,454,428,450.85,26104
CGCL,20190626,161.2,174.75,160.2,169.9,558884
CGPOWER,20190626,28.6,30.8,28.45,30.25,7665416
CHALET,20190626,300.95,309.9,300.95,305.6,14115
CHAMBLFERT,20190626,172.95,174.2,170.25,170.95,119338
CHEMFAB,20190626,168,170.55,168,169,581
CHENNPETRO,20190626,208.1,212,206.1,210.7,208389
CHOLAFIN,20190626,277.4,284.65,275.75,282.65,655051
CHOLAHLDNG,20190626,487,487,468,471.4,591695
CHROMATIC,20190626,0.65,0.7,0.65,0.65,9819
CIGNITITEC,20190626,318.95,321,314,315.7,32967
CIMMCO,20190626,26.8,26.8,25.65,26.4,83006
CINELINE,20190626,39.35,39.95,38.55,38.95,5244
CINEVISTA,20190626,5.8,5.8,5.8,5.8,3010
CIPLA,20190626,550,558.8,548,556.55,1020879
CKFSL,20190626,5.75,6.2,5.75,5.75,318022
CLEDUCATE,20190626,102.8,105,101.5,104.9,1591
CLNINDIA,20190626,300,300.65,297.05,298.85,85756
CMICABLES,20190626,112.55,116.35,112.55,114.35,20033
CNOVAPETRO,20190626,13.15,13.15,12.05,12.05,1027
COALINDIA,20190626,257.9,263.25,257.15,260.3,4030718
COCHINSHIP,20190626,375.1,377.8,374.55,376.9,33812
COFFEEDAY,20190626,213.35,233,213.35,223.2,253228
COLPAL,20190626,1130.2,1137.3,1125.1,1130,290081
COMPINFO,20190626,12.85,13.15,12.4,12.85,29430
COMPUSOFT,20190626,9.3,9.6,9.15,9.5,18406
CONCOR,20190626,556,571.75,553.3,568.95,1316795
CONFIPET,20190626,35,36.25,34.8,35.3,60938
CONSOFINVT,20190626,38.1,41.7,38.1,40.8,740
CONTROLPR,20190626,238,238.9,234.65,235.7,2924
CORALFINAC,20190626,14.15,14.95,13.7,14.25,13475
CORDSCABLE,20190626,56.25,58.25,56.15,56.8,2637
COROMANDEL,20190626,416,416,406.35,408.7,82761
CORPBANK,20190626,22.7,23.35,22.6,23.1,124647
COSMOFILMS,20190626,217,224,217,221.15,7095
COUNCODOS,20190626,2.45,2.45,2.45,2.45,1933
COX&KINGS,20190626,51.65,51.9,45.35,45.35,2965977
CPSEETF,20190626,28.11,28.66,28.06,28.56,1574032
CREDITACC,20190626,516,538.85,516,519.85,29672
CREST,20190626,107.1,111.25,106.95,107.15,1027
CRISIL,20190626,1420,1483.3,1408.15,1475.6,9781
CRMFGETF,20190626,3120,3120,3120,3120,1000
CROMPTON,20190626,231,237.95,230.3,236.1,394364
CTE,20190626,31.55,33,31.55,33,5285
CUB,20190626,214.75,217,212.1,216.05,675925
CUBEXTUB,20190626,12,12,11.2,12,290
CUMMINSIND,20190626,757.45,777,757,770.55,366850
CUPID,20190626,119.5,128,119.05,123.1,24825
CYBERMEDIA,20190626,3.45,3.45,3.45,3.45,92
CYBERTECH,20190626,40.5,43.25,40.5,42.5,6266
CYIENT,20190626,553.8,553.8,545.55,546.35,25804
DAAWAT,20190626,22.15,23,21.95,22.8,394639
DABUR,20190626,394,397.25,392.6,394.25,1161718
DALBHARAT,20190626,1061.05,1070,1057,1059.75,66232
DALMIASUG,20190626,102,104.95,102,102.75,70310
DAMODARIND,20190626,33,35.65,33,34.8,3623
DATAMATICS,20190626,94.2,95.85,94.15,94.45,22955
DBCORP,20190626,195,196.9,186.7,188.15,32273
DBL,20190626,401.95,446.5,398.15,439.6,1158431
DBREALTY,20190626,13.15,13.35,12.9,13.1,98778
DCAL,20190626,217,228.5,217,225.5,98573
DCBBANK,20190626,239.35,241.55,237.5,239.85,1749791
DCM,20190626,33.8,35.55,31.55,32.1,5252
DCMSHRIRAM,20190626,523.75,546,520,536.45,175776
DCW,20190626,15.55,15.7,15.25,15.55,93830
DECCANCE,20190626,385.2,411.85,383.5,405.7,13691
DEEPAKFERT,20190626,125,127.35,119.65,120.35,234580
DEEPAKNTR,20190626,282.9,286.8,280.6,285.35,176270
DEEPIND,20190626,147.1,152.95,140.7,144.15,19266
DELTACORP,20190626,177.75,179.25,174.1,175.3,666333
DELTAMAGNT,20190626,43.75,48.2,43.75,46.5,2562
DEN,20190626,54.05,56.25,52.15,55.05,28341
DENORA,20190626,232.5,238.95,230.3,233.55,2952
DFMFOODS,20190626,242.75,247.5,240.35,245.55,5067
DGCONTENT,20190626,13.2,13.85,12.55,13.55,5714
DHAMPURSUG,20190626,183.4,188.25,183,184.75,227712
DHANBANK,20190626,16.8,16.8,16.05,16.6,214452
DHANUKA,20190626,380,419.5,380,410.15,381642
DHARSUGAR,20190626,8.85,9.25,8.7,8.8,5010
DHFL,20190626,70.3,81.7,68.6,79.75,58016327
DHUNINV,20190626,228.05,232.8,221,225.05,452
DIAMONDYD,20190626,825,842,820.25,821.95,3378
DICIND,20190626,322.35,326.9,320,323.2,2095
DIGJAMLTD,20190626,2.1,2.2,2,2.1,188457
DISHTV,20190626,26.45,27.9,25.85,27.4,29219750
DIVISLAB,20190626,1587,1611,1580.2,1597.95,461263
DIXON,20190626,2238.65,2275,2225,2228.95,3317
DLF,20190626,175.95,185.8,175.3,184.6,10243007
DLINKINDIA,20190626,82.75,96.9,82.75,93.15,356348
DMART,20190626,1327.85,1392,1320,1387.45,796746
DNAMEDIA,20190626,0.5,0.6,0.5,0.55,139041
DOLLAR,20190626,242.3,252.4,240.65,243.65,3596
DOLPHINOFF,20190626,31.3,32.5,30.5,31.9,37543
DONEAR,20190626,32.25,32.9,31.65,32.2,11970
DPSCLTD,20190626,9.95,10.5,9.45,9.75,10001
DQE,20190626,3.7,3.85,3.55,3.8,14928
DREDGECORP,20190626,404.9,408.75,398.95,402.5,138055
DRREDDY,20190626,2534.95,2587.45,2512.7,2578.95,501267
DSSL,20190626,30.85,30.85,29.2,30.45,1699
DTIL,20190626,182.1,189.95,180.1,184.95,1800
DUCON,20190626,8.7,8.85,7.85,8.55,650081
DVL,20190626,85.75,87.9,85.75,87.25,3792
DWARKESH,20190626,24.8,25.95,24.5,25.85,307557
DYNAMATECH,20190626,1370.5,1387,1360,1361.65,385
DYNPRO,20190626,118,121.8,117.05,120.2,6186
EASTSILK,20190626,1.2,1.3,1.2,1.3,6897
EASUNREYRL,20190626,4.8,4.85,4.65,4.85,2754
ECLERX,20190626,770.15,786.1,760,770.6,54517
EDELWEISS,20190626,160.05,182.45,158.3,175.85,3516373
EICHERMOT,20190626,19050.1,19325,19050.1,19151.85,81692
EIDPARRY,20190626,166.15,170,164.3,165.5,98265
EIHAHOTELS,20190626,369.85,369.85,355,358.35,717
EIHOTEL,20190626,173,177.5,173,174.9,97345
EIMCOELECO,20190626,380,384.9,372.25,376.85,3729
EKC,20190626,24.35,25.3,24,24.75,44377
ELAND,20190626,5.85,6.4,5.85,6.1,763
ELECON,20190626,44.75,45.25,44.3,44.8,37730
ELECTCAST,20190626,16.6,16.95,16.15,16.85,59645
ELECTHERM,20190626,254.25,264,252,253.7,62008
ELGIEQUIP,20190626,259.85,260.5,257,258.8,7669
ELGIRUBCO,20190626,18.1,20.2,18.1,19.6,8022
EMAMILTD,20190626,288.4,326,286,318.05,7158876
EMAMIPAP,20190626,101,109.05,95,109.05,42227
EMAMIREAL,20190626,58,61.7,57.1,61.7,112460
EMCO,20190626,1.85,1.85,1.85,1.85,1683
EMKAY,20190626,73.6,74.95,71.5,74.1,3302
EMMBI,20190626,145.95,151.5,144.2,149.45,28185
ENDURANCE,20190626,1115,1145,1115,1120,114210
ENERGYDEV,20190626,5.95,6.05,5.8,5.95,20425
ENGINERSIN,20190626,118,123.95,117.55,122.55,3787145
ENIL,20190626,422,434.95,417.75,429.75,1713
EON,20190626,23.65,24.35,23.05,24.1,11185
EQ30,20190626,333.01,334,322,333.02,260
EQUITAS,20190626,119.05,121.65,117.6,120,6762551
ERIS,20190626,506.2,518,500.1,512.05,22729
EROSMEDIA,20190626,20.05,20.05,20.05,20.05,140461
ESABINDIA,20190626,1159.05,1190,1145,1171.95,6283
ESCORTS,20190626,545,558.9,540.25,553.4,1929412
ESSARSHPNG,20190626,8.25,8.3,7.85,8.3,10256
ESSELPACK,20190626,129.25,129.85,129.25,129.4,40060
ESTER,20190626,30,31.25,29.85,30.45,29749
EUROCERA,20190626,1.55,1.55,1.55,1.55,200
EUROMULTI,20190626,0.55,0.55,0.5,0.55,1239
EUROTEXIND,20190626,13.25,13.95,13.15,13.3,530
EVEREADY,20190626,77,79.2,76,79.2,75978
EVERESTIND,20190626,399,404.9,395,398.25,29499
EXCEL,20190626,1.4,1.4,1.3,1.3,622981
EXCELCROP,20190626,2970,3015,2921,2990.85,8647
EXCELINDUS,20190626,949.75,955.45,940.4,942.45,2584
EXIDEIND,20190626,203.4,205.85,200.95,203.35,959016
EXPLEOSOL,20190626,408,414.45,403,406.1,4378
FACT,20190626,38.9,39.9,38,39.45,72725
FAIRCHEM,20190626,524.8,526.15,520,524.8,6871
FCL,20190626,34.75,35.5,34.55,34.9,63664
FCONSUMER,20190626,38.8,40.7,38.8,40.45,1162683
FCSSOFT,20190626,0.25,0.25,0.15,0.2,1195869
FDC,20190626,175.95,177.8,175.15,176.9,10661
FEDERALBNK,20190626,103.95,104.8,103.55,104.45,7543262
FEL,20190626,33.8,35,33.6,34.65,207759
FELDVR,20190626,31,37.6,31,33,18500
FIEMIND,20190626,435.05,447.35,432.55,443.5,3621
FILATEX,20190626,37.6,38.5,36.9,37.75,762533
FINCABLES,20190626,447.15,454.5,440,444.3,51581
FINEORG,20190626,1355.1,1431.95,1346,1423.35,4194
FINPIPE,20190626,510.95,510.95,500.5,502,15175
FLEXITUFF,20190626,31.05,34.7,30.8,31.1,2576
FLFL,20190626,452.95,464,452.95,460.65,134322
FMGOETZE,20190626,523.95,537.95,523.95,525.3,533
FMNL,20190626,37.85,38.9,37.1,38.65,6122
FORTIS,20190626,128.8,130.1,128.1,129.4,1104106
FOSECOIND,20190626,1265.55,1290,1260.1,1279.55,506
FRETAIL,20190626,473,486.5,471.7,483.55,375211
FSC,20190626,593,593,581.3,589.3,2218
FSL,20190626,49.2,50.55,49.1,50,1012120
GABRIEL,20190626,111,111,106.2,108.65,96670
GAEL,20190626,167.7,169.7,165.05,167.25,14528
GAIL,20190626,311,311.4,307,309.25,4349440
GAL,20190626,3.45,4.1,3.45,4.1,194083
GALAXYSURF,20190626,1210.55,1244,1205.5,1238.25,16006
GALLANTT,20190626,38.1,38.35,36.6,37.95,6783
GALLISPAT,20190626,35.4,36.75,35.05,35.45,23689
GAMMNINFRA,20190626,0.4,0.45,0.35,0.4,745755
GANDHITUBE,20190626,396,404.9,395,402.1,9316
GANECOS,20190626,286.4,294.95,286.35,293,1825
GANESHHOUC,20190626,46,47.8,45.6,47,7441
GANGESSECU,20190626,44,45,44,45,53
GARDENSILK,20190626,14,14.8,13.95,14.55,10016
GARFIBRES,20190626,1201.15,1219.95,1201,1211.65,1303
GATI,20190626,65.45,70.05,65.1,68.9,761523
GAYAHWS,20190626,0.7,0.75,0.65,0.7,26288
GAYAPROJ,20190626,155,162.9,155,162.05,7972
GDL,20190626,129.25,130.55,127.4,127.9,73470
GEECEE,20190626,106.1,110.8,106.1,109.7,1527
GENESYS,20190626,78,80.9,78,79,16133
GENUSPAPER,20190626,5.9,6.05,5.75,5.75,69829
GENUSPOWER,20190626,23.15,24,22.9,22.95,244147
GEOJITFSL,20190626,33.95,34.45,33.1,33.55,99684
GEPIL,20190626,842.9,885,842.9,878.2,31933
GESHIP,20190626,263,267.45,262.65,264.9,88908
GET&D,20190626,231.05,237.7,231.05,232.65,24315
GHCL,20190626,245,247.4,242,242.5,49464
GICHSGFIN,20190626,242.25,245.75,241.55,244.85,21241
GICRE,20190626,208.6,210.15,207.55,208.35,164002
GILLANDERS,20190626,40.1,41.9,40.1,41.9,666
GILLETTE,20190626,7340,7397.3,7258.1,7309.45,944
GINNIFILA,20190626,9.85,10.3,9.7,10.25,25584
GIPCL,20190626,70.15,74.3,70.15,73.35,87228
GKWLIMITED,20190626,620,620,576.05,606.8,365
GLAXO,20190626,1238.4,1238.4,1215,1220,28328
GLENMARK,20190626,457.45,463,451.6,453.35,2398269
GLOBALVECT,20190626,66.75,66.75,61.5,64.9,5885
GLOBOFFS,20190626,8.7,9.7,8.65,9.4,11586
GLOBUSSPR,20190626,131.9,139.45,130.9,137.65,157586
GMBREW,20190626,490.25,501,488.5,493.15,21888
GMDCLTD,20190626,73.05,75,73.05,73.95,87136
GMMPFAUDLR,20190626,1322.95,1322.95,1302.2,1315.5,4964
GMRINFRA,20190626,15.2,15.7,15.15,15.35,19826642
GNA,20190626,266,277.8,266,274.45,18243
GNFC,20190626,236.8,242,236.8,239.55,299447
GOACARBON,20190626,341.6,352.5,340.05,345.85,54807
GOCLCORP,20190626,268.7,274.45,268.7,271.55,422
GODFRYPHLP,20190626,868.25,896,860,871.5,164641
GODREJAGRO,20190626,502.5,509.9,500.5,505.3,26634
GODREJCP,20190626,675,683.45,662.6,670.6,1164794
GODREJIND,20190626,484.85,488,470,481.7,405077
GODREJPROP,20190626,969.9,973,942.9,960.05,532628
GOKEX,20190626,93,97.4,92.7,95.4,117952
GOKUL,20190626,14.05,14.05,13.4,13.8,2578
GOKULAGRO,20190626,13.6,13.95,13.6,13.65,11416
GOLDBEES,20190626,3032.5,3032.5,2980.1,2984.75,21043
GOLDENTOBC,20190626,35.8,35.8,32.45,34.7,756
GOLDIAM,20190626,122.4,126,119.75,123.8,105085
GOLDSHARE,20190626,3048,3049,3002.5,3005.95,1199
GOLDTECH,20190626,10.15,10.15,9,9.15,16271
GOODLUCK,20190626,63.55,65,63.5,64.5,12355
GPIL,20190626,198.1,229.8,196.95,225.55,248710
GPPL,20190626,84.8,88.65,84.8,87.4,63808
GPTINFRA,20190626,49.95,49.95,43.05,46.75,2604
GRANULES,20190626,96.95,97.95,96.1,97.05,242894
GRAPHITE,20190626,336.75,344.2,333,337.65,1229504
GRASIM,20190626,897.1,920,897.1,919.15,1829768
GRAVITA,20190626,58.7,61,58.6,58.95,22059
GREAVESCOT,20190626,143,144.65,141.5,141.85,147470
GREENLAM,20190626,726,749.4,723,725.1,8872
GREENPLY,20190626,163.4,164.8,161.45,163.35,20592
GREENPOWER,20190626,4.95,5.1,4.85,4.95,249060
GRINDWELL,20190626,568,575,568,574.55,54438
GRPLTD,20190626,961,995.05,961,993.95,20
GRSE,20190626,117.75,118.4,117.15,117.8,68165
GRUH,20190626,277.3,278,273.1,276.15,917460
GSCLCEMENT,20190626,18.95,19.2,18.95,19.1,9371
GSFC,20190626,91.55,93.5,91.25,91.8,2563512
GSKCONS,20190626,7435,7510,7401,7485.3,10224
GSPL,20190626,187.25,194.25,187.25,192.45,179319
GSS,20190626,67.4,81.8,67.4,72.6,1005205
GTL,20190626,2.7,2.7,2.55,2.6,47388
GTLINFRA,20190626,0.75,0.8,0.7,0.7,396063
GTNIND,20190626,7.7,8.3,7.7,7.95,779
GTNTEX,20190626,8.2,8.8,8,8.8,3132
GTPL,20190626,58.4,60.55,58.1,59.85,2468
GUFICBIO,20190626,67.55,71.9,67.5,70.8,66208
GUJALKALI,20190626,510,529,507.75,522.7,24902
GUJAPOLLO,20190626,135.95,139,125.5,129.1,1210
GUJFLUORO,20190626,978.5,986.4,959,966.05,19976
GUJGASLTD,20190626,169,177.9,165.2,172.65,1476178
GULFOILLUB,20190626,851,859.9,850.6,854.95,2317
GULFPETRO,20190626,53.05,53.5,50,52.4,5800
GULPOLY,20190626,43.25,49.5,43.25,48.25,36479
GVKPIL,20190626,5.9,6.05,5.85,5.95,1750431
HAL,20190626,725,725,711.55,713.75,8058
HARITASEAT,20190626,415,426.55,415,421.85,2551
HARRMALAYA,20190626,69.7,71.85,69.7,71.4,14271
HATHWAY,20190626,24.3,24.9,23.55,24.05,84635
HATSUN,20190626,691,714.8,691,710.3,1632
HAVELLS,20190626,782.8,795.9,778.6,788.15,894834
HBLPOWER,20190626,22.8,23.15,22.55,22.7,92942
HBSL,20190626,7.1,8,7.1,7.65,482
HCC,20190626,12.25,12.6,12.25,12.35,802366
HCG,20190626,170,174.5,162.35,164.35,5816
HCL-INSYS,20190626,13.05,13.15,12.75,13.05,281276
HCLTECH,20190626,1072.2,1092.65,1072.2,1078.75,1638867
HDFC,20190626,2165,2180.6,2153.7,2168.1,2131272
HDFCAMC,20190626,1947,1985,1946,1979.3,274131
HDFCBANK,20190626,2424.7,2470,2422,2467.9,2633409
HDFCLIFE,20190626,438,446.35,437,441.75,2378103
HDFCMFGETF,20190626,3105.5,3120,3060.1,3064.35,2779
HDFCNIFETF,20190626,1231.81,1240.15,1231.81,1239.62,289
HDFCSENETF,20190626,4159.85,4169.32,4153.32,4168,81
HDIL,20190626,17.3,17.85,17.1,17.3,1290683
HEG,20190626,1419.7,1499.8,1412.15,1456.8,284150
HEIDELBERG,20190626,193,196,191.3,195.3,72228
HERCULES,20190626,100.3,103.4,100.3,102.35,7558
HERITGFOOD,20190626,411.5,415.65,408.8,413.1,27097
HEROMOTOCO,20190626,2577,2603.95,2557.8,2573.6,470716
HESTERBIO,20190626,1802.15,1834.95,1770,1786.65,1965
HEXATRADEX,20190626,12.35,13.5,12.35,13.5,2848
HEXAWARE,20190626,394.2,398.05,391.55,394.35,457617
HFCL,20190626,19.9,20.3,19.7,19.8,1089995
HGINFRA,20190626,262.05,277,262,273.65,9983
HGS,20190626,631,643.9,620.05,638.6,5832
HIGHGROUND,20190626,3,3.2,2.9,3.1,46720
HIKAL,20190626,164.15,168.5,163.8,167.05,72547
HIL,20190626,1529.7,1572.9,1525.05,1555.1,8321
HILTON,20190626,12,12.1,11.6,12.1,4621
HIMATSEIDE,20190626,155.8,157,153.05,154.3,70652
HINDALCO,20190626,201.5,208.95,201.05,208.35,6730323
HINDCOMPOS,20190626,191,193.05,190,192.25,2058
HINDCOPPER,20190626,39.2,40.8,39.05,40.25,1118694
HINDMOTORS,20190626,6.9,6.9,6.3,6.4,54841
HINDNATGLS,20190626,31.4,32,29.8,29.9,30252
HINDOILEXP,20190626,119,119.8,118.1,118.9,116675
HINDPETRO,20190626,291.8,293.8,285.65,287.85,4539007
HINDSYNTEX,20190626,3.7,3.7,3.7,3.7,2
HINDUJAVEN,20190626,349.1,349.1,343.95,344.3,831
HINDUNILVR,20190626,1753,1765,1746.4,1761,1075017
HINDZINC,20190626,230.6,242.1,229.9,240.9,1220507
HIRECT,20190626,128,128.75,122.05,127.45,1214
HISARMETAL,20190626,55,55,51.6,54.95,4264
HITECH,20190626,289.4,289.4,280.4,286.85,5311
HITECHCORP,20190626,84.9,84.9,80.5,80.75,2138
HITECHGEAR,20190626,240.95,245.85,237,238,715
HMVL,20190626,95.15,98.85,92.9,93.85,28065
HNGSNGBEES,20190626,2805.01,2998.99,2805.01,2950,12
HONAUT,20190626,24321,24491.6,24291.6,24361.2,1063
HONDAPOWER,20190626,905.85,927.95,905,914.5,1180
HOTELEELA,20190626,9,9.4,8.6,9.25,203741
HOVS,20190626,81.95,83.3,81.55,82.15,6433
HPL,20190626,58.2,61.2,58.2,59.8,17214
HSCL,20190626,104.15,107,103.3,105.25,334920
HSIL,20190626,242,249.8,242,246,44468
HTMEDIA,20190626,28,31.45,27.95,29.6,1192971
HUBTOWN,20190626,20.05,20.5,18.65,18.85,107274
HUDCO,20190626,39.45,40.4,39.25,39.9,699413
IBMFNIFTY,20190626,116.11,118.2,116.11,118,3604
IBREALEST,20190626,113.55,119,113.05,116.1,5665714
IBULHSGFIN,20190626,612,622.9,602.05,612.25,15599198
IBULISL,20190626,180.25,183.7,173.05,178.2,77002
IBVENTURES,20190626,266.85,272,264.25,267.1,481217
ICICI500,20190626,157.89,157.9,150.11,154.99,8820
ICICIB22,20190626,38.99,39.23,38.78,39.15,554960
ICICIBANK,20190626,432.5,440,432.5,438.65,12261068
ICICIGI,20190626,1103.85,1126,1092.4,1117.5,1077289
ICICIGOLD,20190626,31.95,31.95,30.25,30.5,49085
ICICILIQ,20190626,1000,1000,999.99,1000,10473
ICICILOVOL,20190626,90.21,90.21,89.76,90,34
ICICIMCAP,20190626,65.42,66.3,65.42,66.1,5716
ICICINF100,20190626,129,130,126.48,127.03,221
ICICINIFTY,20190626,123.5,124.4,122.41,123.9,37736
ICICINV20,20190626,57,57.34,57,57.3,16142
ICICINXT50,20190626,27.3,27.45,27.21,27.42,14772
ICICIPRULI,20190626,373,377.6,371.1,374.1,695150
ICICISENSX,20190626,417.9,420.21,417.37,418.9,100
ICIL,20190626,32,34,32,33.15,87969
ICRA,20190626,3074.65,3175,3069.95,3157.1,1360
ICSA,20190626,0.35,0.4,0.3,0.3,6297
IDBI,20190626,35.1,36.35,35,36.05,9762231
IDBIGOLD,20190626,3135.05,3159.95,3135,3135.15,577
IDEA,20190626,12.05,12.45,12,12.35,50150199
IDFC,20190626,35.45,36.1,35.1,35.35,7585194
IDFCFIRSTB,20190626,42.1,43.05,42.1,42.85,8572859
IEX,20190626,143.9,145,141,144.45,30429
IFBAGRO,20190626,369.75,371.85,360.2,365.8,1070
IFBIND,20190626,781,787.9,763.1,767.85,4139
IFCI,20190626,9.7,10.8,9.5,10.5,27617513
IFGLEXPOR,20190626,183.2,199,183.2,190,8619
IGARASHI,20190626,235.25,271.5,233,262.15,1384713
IGL,20190626,312,315.3,310.45,312.9,1577529
IGPL,20190626,254,260,253.95,257.2,9230
IIFL,20190626,142.2,144.8,139.8,142.8,188526
IITL,20190626,78,78,72.05,72.05,640
IMFA,20190626,182.1,189,180.2,184.4,18042
IMPAL,20190626,845,877,845,850.15,143
IMPEXFERRO,20190626,0.5,0.55,0.45,0.5,5052
INDBANK,20190626,7.9,8.3,7.75,7.95,17243
INDHOTEL,20190626,159.5,164.3,155.4,159,3460260
INDIACEM,20190626,102.1,109.8,102.1,108.9,12650023
INDIAGLYCO,20190626,231,234.5,228.7,229.9,36404
INDIANB,20190626,263,271,261.75,267.6,2812213
INDIANCARD,20190626,93,95.1,93,95,200
INDIANHUME,20190626,271.05,274.9,268.35,268.95,19906
INDIGO,20190626,1605,1609.85,1571.6,1575.8,995253
INDLMETER,20190626,29.9,32.95,27.05,31.1,3811
INDNIPPON,20190626,398.05,408.4,398,407.5,1510
INDOCO,20190626,164.8,169.85,160.25,162.5,20762
INDORAMA,20190626,25.3,26.8,24.7,26.2,19274
INDOSOLAR,20190626,1.05,1.1,1.05,1.1,173267
INDOSTAR,20190626,364.1,366,360.4,364.35,20525
INDOTECH,20190626,92.55,95.05,92.5,94,1598
INDOTHAI,20190626,26.4,27.2,26.05,26.2,4505
INDOWIND,20190626,3.85,4.25,3.65,4.25,44788
INDRAMEDCO,20190626,37.35,38.05,37.35,37.95,10379
INDSWFTLAB,20190626,32.2,32.45,31.7,32.1,7416
INDSWFTLTD,20190626,4.25,4.25,4.25,4.25,2226
INDTERRAIN,20190626,103.5,109.95,103.5,109.9,2854
INDUSINDBK,20190626,1450,1452.6,1427.25,1434.8,2478755
INEOSSTYRO,20190626,443.05,456,440,443.05,2762
INFIBEAM,20190626,45.9,47.5,45.1,46.15,13027194
INFRABEES,20190626,337,354.9,335.3,346.76,1293
INFRATEL,20190626,269,272,267.5,271.2,1494735
INFY,20190626,743,751.45,738,739.2,5447130
INGERRAND,20190626,645,648.75,635,636.85,10010
INOXLEISUR,20190626,331.4,336.55,327.1,328.55,86224
INOXWIND,20190626,69.25,70.7,68.1,70,86118
INSECTICID,20190626,623.05,643.7,622.5,640.25,10778
INSPIRISYS,20190626,45.1,47,45.1,45.7,2224
INTELLECT,20190626,262.4,265.6,256.6,262.05,132863
INTENTECH,20190626,28.1,29.8,27.9,28.15,19538
INVENTURE,20190626,13.1,14.15,13.1,13.9,6380
IOB,20190626,11.3,11.5,11.25,11.4,495025
IOC,20190626,153.1,155.65,152.55,154.95,6276777
IOLCP,20190626,191.95,194.65,189.1,189.9,193975
IPAPPM,20190626,424.95,425.25,424.1,424.3,75724
IPCALAB,20190626,933,937.45,921.25,927.85,56514
IRB,20190626,95.8,103.35,95.55,101.4,6221756
IRCON,20190626,387,388,383.6,386.4,12532
ISEC,20190626,217,218.7,215.8,217.85,59115
ISFT,20190626,120.05,124.95,118,118.9,582
ISMTLTD,20190626,6,6.3,5.8,5.85,14564
ITC,20190626,278.45,278.7,276.35,277.4,7421269
ITDC,20190626,264.7,269.4,261.05,265.3,38595
ITDCEM,20190626,105.5,105.85,102.85,103.85,80129
ITI,20190626,91.65,94.9,90.75,92.7,1465333
IVC,20190626,3.7,3.8,3.65,3.8,87447
IVP,20190626,84.9,85,78.75,83.9,450
IVRCLINFRA,20190626,0.7,0.7,0.7,0.7,219866
IVZINGOLD,20190626,3070,3070,3070,3070,5
IZMO,20190626,46.35,46.35,44.1,44.55,9520
J&KBANK,20190626,43.45,44,42,43.4,946021
JAGRAN,20190626,105.8,108,105.1,106.35,17532
JAGSNPHARM,20190626,25.8,26.35,24.9,25.95,19582
JAIBALAJI,20190626,26.45,26.8,25.5,26.25,2204
JAICORPLTD,20190626,101.2,105.7,101,104.85,1008184
JAMNAAUTO,20190626,53.75,54.45,53.25,53.5,228868
JAYAGROGN,20190626,170.05,188.05,170.05,182.7,6675
JAYBARMARU,20190626,192.5,222.15,192.5,215.05,104485
JAYNECOIND,20190626,4.2,4.4,4.2,4.4,16704
JAYSREETEA,20190626,52.65,54.5,52.4,53.05,50569
JBCHEPHARM,20190626,354.15,366.35,354.15,360.3,36513
JBFIND,20190626,15.25,15.45,14.8,15.2,38333
JBMA,20190626,223.85,241,222.15,229.45,27060
JCHAC,20190626,1671.05,1683,1651.3,1660.25,1083
JETAIRWAYS,20190626,71,76.4,71,73.85,13436693
JHS,20190626,21.55,21.6,20.75,21.2,19642
JIKIND,20190626,0.45,0.45,0.35,0.45,8708
JINDALPHOT,20190626,28.7,30.45,28.4,30.45,58842
JINDALPOLY,20190626,233,244.1,232.05,239.9,11674
JINDALSAW,20190626,83.15,85,81.6,84.1,340757
JINDALSTEL,20190626,142.35,152.3,141.65,151.35,15012396
JINDCOT,20190626,1.9,1.95,1.85,1.95,12671
JINDRILL,20190626,100.05,104.05,100.05,100.65,10663
JINDWORLD,20190626,67.9,68.45,64.95,65.45,118085
JISLDVREQS,20190626,21.8,21.8,21.3,21.8,78873
JISLJALEQS,20190626,27.9,29.75,27.65,29.2,34439216
JITFINFRA,20190626,8.9,9.35,8.55,9.25,16896
JKCEMENT,20190626,1008,1034.85,1008,1018.15,47567
JKIL,20190626,152.65,165,152.6,161.7,143621
JKLAKSHMI,20190626,347.2,348.95,340,341.65,26567
JKPAPER,20190626,121.9,123.85,121.5,121.9,278037
JKTYRE,20190626,80,80.75,79.3,79.7,611698
JMA,20190626,29,29.25,29,29.25,291
JMCPROJECT,20190626,133.8,140,130.85,138.4,52747
JMFINANCIL,20190626,77.5,81.7,77.5,80.65,419120
JMTAUTOLTD,20190626,1.6,1.65,1.55,1.6,88721
JOCIL,20190626,83.05,92.5,83.05,87.85,827
JPASSOCIAT,20190626,2.9,3.15,2.8,3.1,5541328
JPINFRATEC,20190626,1.4,1.5,1.4,1.5,2867121
JPOLYINVST,20190626,24.2,25.15,24.2,25.15,1150
JPPOWER,20190626,2.05,2.1,1.95,2.05,2102804
JSL,20190626,32.4,34.8,32.1,34.15,443134
JSLHISAR,20190626,76.1,79.95,76.1,79.05,91645
JSWENERGY,20190626,66.8,69.9,66.75,69.65,900284
JSWHL,20190626,2785.05,2874.5,2743.75,2817.25,1243
JSWSTEEL,20190626,263.6,277.8,263.35,277.15,6924967
JTEKTINDIA,20190626,95,98,94,94.6,31021
JUBILANT,20190626,479,486.85,477,479.45,125215
JUBLFOOD,20190626,1264,1274.75,1246,1249.2,1059546
JUBLINDS,20190626,94.9,94.9,87.85,92.85,11860
JUNIORBEES,20190626,281,282,276.15,281.5,67128
JUSTDIAL,20190626,759,766.5,750.35,756.9,1916983
JYOTHYLAB,20190626,158.7,160,149.6,155.2,134454
KABRAEXTRU,20190626,79.15,81.7,78.35,79.6,11686
KAJARIACER,20190626,574.9,589,574.5,581.6,519145
KAKATCEM,20190626,178.9,188,178.9,185.4,13476
KALPATPOWR,20190626,520.65,524,515,520.75,76252
KALYANIFRG,20190626,254.95,254.95,249.2,249.2,29
KAMATHOTEL,20190626,41.1,42.7,41.1,42.2,27342
KAMDHENU,20190626,161.05,165.4,157.45,163.65,13393
KANANIIND,20190626,3.9,4.2,3.6,3.6,5514
KANORICHEM,20190626,55.5,57.95,55,56.25,19470
KANSAINER,20190626,444,444,436.35,439.7,190978
KARDA,20190626,200,206.65,200,203.95,24277
KARMAENG,20190626,13.5,13.8,13.15,13.35,294
KARURVYSYA,20190626,70.3,71.95,69.6,70.25,888933
KAUSHALYA,20190626,0.45,0.45,0.45,0.45,1
KAVVERITEL,20190626,4,4.2,3.7,3.95,552
KAYA,20190626,539.05,561,539,552.1,7362
KCP,20190626,84.3,85.5,84.3,85.1,30929
KCPSUGIND,20190626,13.85,14.6,13.85,14.4,44675
KDDL,20190626,425,425,410,419.6,359
KEC,20190626,313.75,316.65,312.1,314.5,191975
KECL,20190626,12.9,13.05,12.05,12.9,45201
KEI,20190626,474,478.3,472,476.1,100263
KELLTONTEC,20190626,28.6,29,27.5,28.6,688998
KERNEX,20190626,27,27,27,27,1889
KESARENT,20190626,43,46.8,42.6,43.2,8186
KESORAMIND,20190626,62.4,69.25,61.25,67.9,1326322
KEYFINSERV,20190626,37.45,41.35,37.45,40.7,415
KGL,20190626,0.95,0.95,0.85,0.9,1195424
KHADIM,20190626,302.2,307.4,300.1,303.4,3010
KHAITANELE,20190626,1.55,1.55,1.55,1.55,1795
KHAITANLTD,20190626,23.65,23.7,23.65,23.7,10
KICL,20190626,1735,1775.05,1705.15,1726.4,452
KILITCH,20190626,144.9,152.95,142.25,151.15,24653
KINGFA,20190626,609.75,614,595,609.75,2661
KIOCL,20190626,122.95,122.95,118,121.2,4250
KIRIINDUS,20190626,510.3,515.85,510,510.1,49781
KIRLOSBROS,20190626,174.5,190,174.5,187.5,26089
KIRLOSENG,20190626,190.65,192.6,188.95,190.1,7058
KIRLOSIND,20190626,784.85,784.85,769.5,770.65,116
KITEX,20190626,100,103.6,100,102.4,27357
KKCL,20190626,1199.8,1199.8,1150.1,1162.7,207
KMSUGAR,20190626,7.65,7.65,7.2,7.4,19832
KNRCON,20190626,270.4,275.4,270.4,274.5,17136
KOHINOOR,20190626,16.2,16.85,16,16.4,42042
KOKUYOCMLN,20190626,78.75,81.9,78.7,80.1,6679
KOLTEPATIL,20190626,204.5,209.95,204.5,207.1,14967
KOPRAN,20190626,33.55,35.6,33.55,35.25,46245
KOTAKBANK,20190626,1485,1496,1475.35,1490.6,2210462
KOTAKBKETF,20190626,316,319.4,313.72,319.09,163836
KOTAKGOLD,20190626,298.95,298.95,295,295.55,24917
KOTAKNIFTY,20190626,121.9,122.75,121.55,122.14,47235
KOTAKNV20,20190626,58.25,58.5,57,58.46,17400
KOTAKPSUBK,20190626,311,317,310.5,314.98,3857
KOTARISUG,20190626,9.8,10.15,9.7,9.75,11788
KOTHARIPET,20190626,16.2,18.1,16.2,17.55,7021
KOTHARIPRO,20190626,74.95,78.9,74.95,75.8,12223
KPITTECH,20190626,97.15,99.25,95.5,96.6,262917
KPRMILL,20190626,611.75,614.85,606,610.15,34764
KRBL,20190626,301.8,303.8,300,300.25,46083
KREBSBIO,20190626,75.1,79,75.1,78.8,3413
KRIDHANINF,20190626,9.85,10.85,9.85,10.85,432420
KSB,20190626,692,719.95,692,706.5,1602
KSCL,20190626,471.65,479.4,451.5,466.5,580240
KSERASERA,20190626,0.15,0.15,0.1,0.15,470327
KSK,20190626,0.7,0.75,0.7,0.75,136646
KSL,20190626,209.5,217.1,207.15,215.55,42131
KTIL,20190626,36.95,37,35.2,37,3975
KTKBANK,20190626,104.3,105.7,102.4,102.85,2890262
KWALITY,20190626,3.55,3.6,3.5,3.6,220720
L&TFH,20190626,112.4,116.25,112.1,115.45,6805473
LAKSHVILAS,20190626,67,67.3,64.5,65.75,1684129
LALPATHLAB,20190626,1152,1178.1,1117.55,1130.1,87495
LAMBODHARA,20190626,37,38.3,36.6,37.75,10600
LAOPALA,20190626,182,183,181.85,182.2,4955
LASA,20190626,14.85,14.85,14,14.25,9490
LAURUSLABS,20190626,323.1,334,323.1,330.95,9536
LAXMIMACH,20190626,5143.8,5270,5143.1,5222.75,2383
LEEL,20190626,8.5,8.55,8,8.55,67144
LEMONTREE,20190626,64.4,65.9,64.25,64.45,687604
LFIC,20190626,58,59,55.25,58.75,1862
LGBBROSLTD,20190626,353,362.6,346.1,349.1,4506
LGBFORGE,20190626,3.6,3.7,3.35,3.7,10871
LIBERTSHOE,20190626,116.7,121.45,115,117.8,328972
LICHSGFIN,20190626,549.95,560,543.4,556.9,853780
LICNETFGSC,20190626,19.68,20.99,19.01,19.12,22499
LICNETFN50,20190626,121.3,131,119.3,122,10
LICNETFSEN,20190626,440,440,440,440,4
LINCOLN,20190626,161.9,164.8,159.4,163.55,17619
LINCPEN,20190626,199.05,203.7,199,200.75,1036
LINDEINDIA,20190626,509.15,514.65,503.25,505.75,5320
LIQUIDBEES,20190626,1000,1000.01,999.99,1000,1693961
LIQUIDETF,20190626,1000.01,1000.01,999.99,999.99,19455
LOKESHMACH,20190626,48,48.25,46.35,47.7,32675
LOTUSEYE,20190626,19.7,20.7,18.75,19.45,8420
LOVABLE,20190626,73.2,75,72.55,74.3,22773
LPDC,20190626,2.7,2.7,2.6,2.7,14691
LSIL,20190626,0.55,0.55,0.5,0.5,869608
LT,20190626,1533,1563.75,1529,1551.2,2789166
LTI,20190626,1725,1806.3,1707,1792.05,350833
LTTS,20190626,1727,1740,1720,1735.65,97609
LUMAXIND,20190626,1275,1309.05,1230,1244.15,6143
LUMAXTECH,20190626,109,111.9,108.95,110.5,3783
LUPIN,20190626,754,773.55,750.95,768.7,2059502
LUXIND,20190626,1250.15,1267.45,1203,1216,53319
LYKALABS,20190626,23.25,23.25,22.15,22.6,7791
LYPSAGEMS,20190626,4.95,5.3,4.9,5.15,5299
M&M,20190626,640,647.5,640,643.5,2124949
M&MFIN,20190626,393,397.45,389.75,395.15,800184
M100,20190626,18.48,18.48,18.09,18.27,15598
M50,20190626,116.98,116.98,113.02,114.55,1339
MAANALU,20190626,83.05,83.95,80.25,80.95,4856
MADHAV,20190626,35.05,36.8,34.15,34.75,1968
MADHUCON,20190626,6.4,6.7,6.15,6.4,49104
MADRASFERT,20190626,22.05,23.8,22,23.2,175594
MAGADSUGAR,20190626,178,179.9,170.05,174.1,12423
MAGMA,20190626,127.85,132,127.6,130.85,836733
MAGNUM,20190626,5.8,5.95,5.55,5.55,27263
MAHABANK,20190626,15.3,15.75,15.2,15.55,537605
MAHAPEXLTD,20190626,76,83.95,76,80.05,8995
MAHASTEEL,20190626,176.05,184.6,167.55,173.35,12178
MAHESHWARI,20190626,256.3,273,256.3,261.4,10520
MAHINDCIE,20190626,231.65,233.9,228.2,229.45,39867
MAHLIFE,20190626,399,406,388.4,395.45,31778
MAHLOG,20190626,478,489.9,478,482.3,10523
MAHSCOOTER,20190626,4698.95,4698.95,4599.95,4636.35,3020
MAHSEAMLES,20190626,438.5,450,429.5,444.7,25670
MAITHANALL,20190626,580,595,573.6,587.25,19014
MAJESCO,20190626,531.3,558.65,529,549.8,98591
MALUPAPER,20190626,20.8,22.65,20.75,22.05,736
MAN50ETF,20190626,118,119.1,118,119.1,71
MANAKALUCO,20190626,6.4,6.8,5.8,6,5110
MANAKCOAT,20190626,4.2,4.55,4.2,4.2,1328
MANAKSIA,20190626,34.9,36,34.1,35.6,16595
MANAKSTEEL,20190626,17.95,18.5,16.9,17.55,2622
MANALIPETC,20190626,22.6,23.1,22.3,22.85,137208
MANAPPURAM,20190626,139.55,142.8,138.05,141.7,6096684
MANGALAM,20190626,32.45,32.45,29.8,30.45,12595
MANGCHEFER,20190626,36.2,37.3,36.2,37.05,9264
MANGLMCEM,20190626,248.8,254.75,245.55,250.35,8742
MANGTIMBER,20190626,10.1,10.1,9.35,9.7,3080
MANINDS,20190626,51.3,55.1,51.3,54.9,57178
MANINFRA,20190626,30.3,31.5,30,30.55,86884
MANPASAND,20190626,32.2,32.2,32.2,32.2,293492
MANUGRAPH,20190626,19.5,19.8,18.95,19.5,3701
MARALOVER,20190626,22,22.5,21.2,22.4,4353
MARATHON,20190626,89,93.5,89,93.4,3675
MARICO,20190626,370.1,373.9,368.7,370.8,590313
MARKSANS,20190626,21.1,21.7,20.9,21.05,503927
MARUTI,20190626,6519,6557.8,6460.1,6480.3,572239
MASFIN,20190626,594.9,602,586,591.35,4334
MASKINVEST,20190626,41.65,41.65,41.65,41.65,2
MASTEK,20190626,471,476.5,471,474.45,11293
MATRIMONY,20190626,654.75,654.8,616.05,628.85,1154
MAWANASUG,20190626,44,45.25,43.7,43.9,61791
MAXINDIA,20190626,67.5,68.3,66.35,67.9,509545
MAXVIL,20190626,41.4,43.75,41.4,42.9,48896
MAYURUNIQ,20190626,266,269.8,265.2,267.35,22047
MAZDA,20190626,402.15,406.55,400,400.8,1432
MBECL,20190626,3.3,3.45,3.15,3.2,79617
MBLINFRA,20190626,5.7,6,5.7,6,53716
MCDHOLDING,20190626,21.4,21.4,19.6,20.35,10019
MCDOWELL-N,20190626,558.75,572.4,558.2,566.75,1166570
MCLEODRUSS,20190626,14.8,16.2,14.7,15.1,2935975
MCX,20190626,803,829,803,825.65,380428
MEGASOFT,20190626,7.05,7.4,6.75,6.85,22553
MEGH,20190626,63,64.15,63,63.8,267589
MELSTAR,20190626,1.55,1.55,1.55,1.55,10
MENONBE,20190626,73.85,74.55,71.1,72.7,3045
MEP,20190626,32.75,33.75,32.2,32.8,370952
MERCATOR,20190626,1.4,1.4,1.4,1.4,58685
METALFORGE,20190626,5.3,5.55,5.3,5.55,1319
METKORE,20190626,0.35,0.45,0.35,0.45,3196
METROPOLIS,20190626,964.15,973.75,963.4,967.8,7121
MFSL,20190626,423.55,432.6,422.75,430.4,344640
MGL,20190626,824.5,852.6,821.05,848.75,465081
MHRIL,20190626,233,239.75,231.5,238.2,30292
MIC,20190626,0.75,0.8,0.7,0.75,90766
MIDHANI,20190626,126.5,129,125.6,126.55,72262
MIL,20190626,6.05,6.05,6.05,6.05,520
MINDACORP,20190626,106.75,106.75,105.35,105.7,30612
MINDAIND,20190626,317,322,312.05,320.95,46409
MINDTECK,20190626,39,39.7,38.2,38.75,2447
MINDTREE,20190626,947.3,963,930.15,935.95,1008333
MIRCELECTR,20190626,17,17,16.5,16.95,74611
MIRZAINT,20190626,65.95,68.65,65.15,66.8,731805
MMFL,20190626,490.5,493.5,484.1,485.95,3318
MMTC,20190626,24,24.9,24,24.6,1203790
MODIRUBBER,20190626,44.15,44.15,44.15,44.15,5100
MOHITIND,20190626,6.6,6.6,6.1,6.45,6505
MOHOTAIND,20190626,30.75,32.5,30.7,30.7,7605
MOIL,20190626,150.3,154,150.3,153.05,98087
MOLDTECH,20190626,53.1,54,50.45,53,19314
MOLDTKPAC,20190626,256.9,260.35,253.35,254.8,79886
MONSANTO,20190626,2200,2255.25,2151.2,2179.95,3269
MONTECARLO,20190626,300,303.95,300,301.85,2978
MORARJEE,20190626,13.95,14.6,13.9,13.95,2149
MOREPENLAB,20190626,16.5,16.95,16.5,16.8,253800
MOTHERSUMI,20190626,119,120.55,117.4,118.8,11909436
MOTILALOFS,20190626,674.9,680.85,671,678.05,10537
MOTOGENFIN,20190626,37.25,40.85,37.25,39,850
MPHASIS,20190626,962.1,968,956.45,961.6,44441
MPSLTD,20190626,559.1,593.05,552.5,585.2,9458
MRF,20190626,55300,56350,55249,56094.75,5529
MRO-TEK,20190626,25.2,27.3,25.2,26.05,2725
MRPL,20190626,62,63.5,61.5,63,1421968
MSPL,20190626,6.4,7.6,6.15,6.75,28670
MSTCLTD,20190626,83.5,86.7,83.5,84.65,9861
MTEDUCARE,20190626,62.95,63.3,61.6,62.2,186351
MTNL,20190626,8.1,9.05,8.1,8.45,5087671
MUKANDENGG,20190626,14.2,14.9,14,14.6,7058
MUKANDLTD,20190626,50.05,52,49.3,50.25,68777
MUKTAARTS,20190626,36.85,38.5,36.8,38,6353
MUNJALAU,20190626,40.75,41.9,40.4,41.45,58684
MUNJALSHOW,20190626,143.1,146.95,143.1,145.05,11262
MURUDCERA,20190626,17.85,19.35,17.55,19.1,41499
MUTHOOTCAP,20190626,714.9,719.4,693.7,707,4591
MUTHOOTFIN,20190626,638.5,643.5,627,640.05,999891
MVL,20190626,0.15,0.2,0.15,0.2,218840
N100,20190626,530,550.3,519,524.81,7544
NACLIND,20190626,31.35,31.4,29.75,30.75,16560
NAGAFERT,20190626,5.1,5.1,4.95,5.05,100762
NAGAROIL,20190626,0.3,0.3,0.25,0.25,139053
NAGREEKCAP,20190626,9.7,10.95,9.65,9.95,7540
NAGREEKEXP,20190626,19,19,18.2,18.5,841
NAHARCAP,20190626,81.9,82.05,78.55,80.35,1259
NAHARINDUS,20190626,33.5,35.2,33.5,34.85,9610
NAHARPOLY,20190626,35.35,36.3,35.05,36.25,3551
NAHARSPING,20190626,71.75,72.5,70.55,72.05,4504
NATCOPHARM,20190626,530.8,543.95,528.2,536.5,782611
NATHBIOGEN,20190626,422.55,424.95,407.6,420.15,3104
NATIONALUM,20190626,49.1,50.2,48.9,50.05,10012015
NATNLSTEEL,20190626,3.35,3.35,3.2,3.25,19025
NAUKRI,20190626,2215,2240,2190.05,2215.85,286357
NAVINFLUOR,20190626,715,739.9,705,709.95,30367
NAVKARCORP,20190626,29.3,30.05,27.75,28.25,510413
NAVNETEDUL,20190626,105.95,106.8,105.5,106.25,8515
NBCC,20190626,61.15,62.9,60.8,62.3,9384759
NBIFIN,20190626,1342.8,1342.8,1342.8,1342.8,4
NBVENTURES,20190626,94.3,106.7,93.35,93.8,125322
NCC,20190626,99.8,100.65,99.3,99.9,4717623
NCLIND,20190626,132.05,137.1,132.05,136.35,18878
NDGL,20190626,665,665,660,660,67
NDL,20190626,40,40.5,39.4,40.45,8963
NDTV,20190626,34.5,35.05,34.5,34.7,8612
NECCLTD,20190626,6.85,7,6.85,6.9,13621
NECLIFE,20190626,15,15.5,14.8,14.9,106318
NELCAST,20190626,49.35,50,48,49.8,31315
NELCO,20190626,289.8,309.9,286.7,307.45,465003
NEOGEN,20190626,357,361.7,352.5,354.85,55628
NESCO,20190626,562.95,575,556,571.1,33006
NESTLEIND,20190626,11706,11950,11680.8,11802.5,143213
NETF,20190626,119.15,119.15,119.15,119.15,10
NETWORK18,20190626,27,28.25,26.55,27.45,330513
NEULANDLAB,20190626,554.7,562,530,537.65,11745
NEWGEN,20190626,309,312.8,305,307.85,16633
NEXTMEDIA,20190626,14.1,14.65,14.1,14.1,1526
NFL,20190626,36.45,37.5,36.45,37.25,466367
NH,20190626,246.1,250,241,245.25,177160
NHPC,20190626,24.55,25.3,24.5,25,5429536
NIACL,20190626,149.95,160.1,147.85,150.9,136338
NIBL,20190626,15.8,16.45,14.2,16.25,9216
NIFTYBEES,20190626,1248.2,1248.2,1235.8,1246.53,33176
NIITLTD,20190626,103.4,104.25,102.5,102.8,213655
NIITTECH,20190626,1344,1344,1321,1332.25,339597
NILAINFRA,20190626,7,7.3,7,7.25,139735
NILASPACES,20190626,1.9,1.9,1.8,1.85,140712
NILKAMAL,20190626,1155,1176.5,1155,1158.75,3938
NIPPOBATRY,20190626,468,477.95,468,469.5,185
NITCO,20190626,32.45,34.5,32.3,34.25,95148
NITESHEST,20190626,1.85,1.95,1.85,1.95,227476
NITINFIRE,20190626,0.55,0.6,0.5,0.6,47979
NITINSPIN,20190626,70.25,73,70.25,71.75,6247
NKIND,20190626,32.55,35.5,32.55,35.5,4861
NLCINDIA,20190626,63.05,64.6,63.05,63.75,627275
NMDC,20190626,111.4,113.15,110.6,112.35,3617388
NOCIL,20190626,118,121.4,117.45,119.4,355426
NOIDATOLL,20190626,3.25,3.45,3.25,3.35,21782
NRAIL,20190626,229.55,234.4,224.2,227.9,9388
NRBBEARING,20190626,156.4,159.65,156.15,157.85,12800
NSIL,20190626,1020.1,1046.05,1020.05,1020.95,496
NTL,20190626,0.7,0.7,0.7,0.7,255
NTPC,20190626,139.5,141.9,139.3,140.05,24643824
NUCLEUS,20190626,348,351.9,347.1,348.55,8256
OBEROIRLTY,20190626,565,583,558,579.15,527904
OCCL,20190626,1160.9,1160.9,1147,1149.7,1523
OFSS,20190626,3177,3209,3163,3182.25,38613
OIL,20190626,177,178.9,176.5,177.9,318820
OILCOUNTUB,20190626,7,7.5,6.75,7,66669
OISL,20190626,6.55,6.55,6.55,6.55,24415
OLECTRA,20190626,171.95,186.1,168.2,184.4,83792
OMAXAUTO,20190626,48.95,54.5,48.55,52.2,28953
OMAXE,20190626,199.85,200.35,199.55,199.7,153576
OMKARCHEM,20190626,7.8,7.9,7.35,7.4,41554
OMMETALS,20190626,24,24.95,23.7,24.6,23579
ONELIFECAP,20190626,7.55,7.8,7.55,7.8,4621
ONEPOINT,20190626,28.9,31.15,27.1,28.25,7558
ONGC,20190626,166.1,169.15,166.1,167.55,5978575
ONMOBILE,20190626,34.1,35.5,33.45,33.8,37933
ONWARDTEC,20190626,67,71,64,68.2,54544
OPTIEMUS,20190626,51.25,52.55,51.25,52.55,83936
OPTOCIRCUI,20190626,5,5.05,4.9,4.95,177134
ORBTEXP,20190626,115.55,117.8,115.3,115.35,3402
ORICONENT,20190626,20.1,20.55,19.65,19.95,52379
ORIENTABRA,20190626,17.9,17.95,16.8,17.1,24058
ORIENTALTL,20190626,12.75,14.95,12.55,13.95,79745
ORIENTBANK,20190626,93.8,104.5,93.3,100.4,6516597
ORIENTBELL,20190626,141.05,148,135.85,137.15,19695
ORIENTCEM,20190626,104.3,105.85,103.55,104.55,100540
ORIENTELEC,20190626,158.15,162.2,158,159.05,44811
ORIENTHOT,20190626,38.45,39.7,37.9,38.55,15152
ORIENTLTD,20190626,130.2,155,130.2,154.05,218
ORIENTPPR,20190626,28.4,28.8,28.3,28.4,218195
ORIENTREF,20190626,200.25,206.65,200.25,201.7,13836
ORISSAMINE,20190626,710,729.35,707,713.65,3655
ORTEL,20190626,1.9,1.95,1.85,1.85,63931
ORTINLABSS,20190626,13.6,13.65,13.05,13.3,3913
OSWALAGRO,20190626,6.9,6.9,6.6,6.65,6508
PAGEIND,20190626,20652,20824.5,20364.7,20484.4,14644
PAISALO,20190626,366,371,366,371,4508
PALASHSECU,20190626,38.5,42,38.5,41,1438
PALREDTEC,20190626,27.3,28.6,27.3,28,4164
PANACEABIO,20190626,157.15,166,157,160.4,47472
PANAMAPET,20190626,95,103.9,94.95,99.65,14588
PAPERPROD,20190626,252,260,251.4,255.4,5584
PARABDRUGS,20190626,0.75,0.85,0.75,0.8,26974
PARACABLES,20190626,11.45,11.8,11.2,11.4,12651
PARAGMILK,20190626,256,263.8,253.55,256.65,543386
PARSVNATH,20190626,3.2,3.6,3.15,3.55,68800
PATELENG,20190626,19,20.4,19,19.75,144940
PATINTLOG,20190626,38.8,39.5,38.15,39.35,16803
PATSPINLTD,20190626,8.05,8.25,7.9,8.25,6468
PCJEWELLER,20190626,46.1,48.9,45.1,47.7,46919065
PDMJEPAPER,20190626,13.7,14.05,13.25,13.65,20524
PDPL,20190626,4.8,5.55,4.65,5.25,1043
PDSMFL,20190626,317.05,328,317.05,325.15,5126
PEARLPOLY,20190626,12.9,12.9,11.8,12.9,2350
PEL,20190626,1881,1902,1865,1880.75,1884765
PENIND,20190626,32.6,33.3,32.3,32.85,43136
PENINLAND,20190626,6,6.3,6,6.1,147721
PERSISTENT,20190626,618.95,626.8,610,613.5,46146
PETRONENGG,20190626,7.7,7.8,7.5,7.5,714
PETRONET,20190626,241.3,246.6,241,245.85,1690357
PFC,20190626,134,136.9,133.85,136.45,6059131
PFIZER,20190626,3232,3264.7,3221,3254.45,11222
PFOCUS,20190626,54.2,55,52.85,54.05,13429
PFS,20190626,15,15.3,15,15.1,335170
PGEL,20190626,50,52.9,48.2,51.7,108383
PGHH,20190626,10771.7,10890,10721,10818.35,1404
PGHL,20190626,3946,3990,3909.25,3924.95,14165
PGIL,20190626,167,170.8,166,167,1203
PHILIPCARB,20190626,115.8,118,114.55,116.65,355716
PHOENIXLTD,20190626,641.2,649.95,638.65,640.15,19964
PIDILITIND,20190626,1228,1240,1215.3,1226,654584
PIIND,20190626,1181,1195.05,1138,1149.75,60682
PILANIINVS,20190626,2225,2285,2190.05,2208.1,2477
PILITA,20190626,9.5,9.5,9.2,9.35,299249
PIONDIST,20190626,120.4,127.5,119.1,124.4,3486
PIONEEREMB,20190626,21.55,23,21.55,22.65,5142
PIRPHYTO,20190626,24.5,24.5,24,24.5,703
PITTIENG,20190626,45,47.4,45,46.35,34880
PKTEA,20190626,126,131.5,124.45,130,1131
PLASTIBLEN,20190626,189.9,195,188,192.85,1078
PNB,20190626,77.15,79.45,76.65,78.9,21804139
PNBGILTS,20190626,33.4,33.9,33.1,33.25,87333
PNBHOUSING,20190626,765,778.95,765,772.95,136081
PNC,20190626,17.4,17.4,15.5,16.35,2504
PNCINFRA,20190626,200,204,197.55,202.6,64375
PODDARHOUS,20190626,538,538,538,538,32
PODDARMENT,20190626,167,177,165,172.7,1802
POKARNA,20190626,139.8,139.8,129.4,129.85,116947
POLYCAB,20190626,600.05,614.75,600,611.85,104768
POLYMED,20190626,173,179.95,173,178.05,4518
POLYPLEX,20190626,516,533.45,514.55,530.15,44980
PONNIERODE,20190626,117,119,113.3,114,1775
POWERGRID,20190626,201.45,210.95,201.05,209.65,17540344
POWERMECH,20190626,977.1,1000.9,970.55,998.8,25424
PPAP,20190626,230.05,241,228.1,229.3,24561
PPL,20190626,87,89,87,88.25,51060
PRABHAT,20190626,59.85,60,58.4,58.95,44297
PRADIP,20190626,0.85,0.85,0.85,0.85,1500
PRAENG,20190626,7.6,7.8,7.3,7.7,824
PRAJIND,20190626,137.95,140,136.7,137.5,570702
PRAKASH,20190626,64.4,64.7,63.45,64.1,223516
PRAKASHCON,20190626,3.1,3.1,3.05,3.05,42883
PRAKASHSTL,20190626,0.25,0.25,0.25,0.25,2101
PRAXIS,20190626,97.55,106,97.5,104.1,5916
PRECAM,20190626,60.2,63.2,60.2,62.95,11886
PRECOT,20190626,32,32.65,30.2,32,295
PRECWIRE,20190626,188,194,187.5,191.6,4368
PREMEXPLN,20190626,194,202.95,193.25,196.85,2536
PREMIER,20190626,3.85,4,3.8,4,4015
PREMIERPOL,20190626,22.9,23.95,22.9,23.9,382
PRESSMN,20190626,25.15,27.25,25.15,26.2,5069
PRESTIGE,20190626,265.05,269.65,263.5,265.2,67590
PRICOLLTD,20190626,32.15,33.25,32.05,32.5,86791
PRIMESECU,20190626,39.2,39.2,37.1,38,22741
PROSEED,20190626,0.35,0.35,0.3,0.3,94393
PROVOGE,20190626,0.95,1.15,0.9,1.1,59935
PROZONINTU,20190626,20.85,21.9,20.85,21.05,24264
PRSMJOHNSN,20190626,90.7,92.35,90.7,91.2,312001
PSB,20190626,24.3,26.75,24,25.9,102996
PSL,20190626,0.8,0.85,0.8,0.8,10919
PSPPROJECT,20190626,519.45,526,519.45,521.7,24034
PSUBNKBEES,20190626,345,352,343,349.69,11030
PTC,20190626,65.1,67.25,65.1,66.7,440543
PTL,20190626,41,41.4,40.3,40.5,21000
PUNJABCHEM,20190626,648,648,620.15,633.15,3536
PUNJLLOYD,20190626,1.45,1.45,1.45,1.45,83244
PURVA,20190626,72.3,74.25,72.3,73.45,45642
PVR,20190626,1625,1640.6,1615.25,1634.25,212491
QGOLDHALF,20190626,1490.1,1500,1485,1488,2087
QUESS,20190626,564.1,586.55,559,564.15,140626
QUICKHEAL,20190626,158.15,167.8,158.15,165.45,94062
QUINTEGRA,20190626,1,1,1,1,5007
RADAAN,20190626,1.4,1.5,1.35,1.5,7868
RADICO,20190626,296.95,314,294.5,311.3,738111
RADIOCITY,20190626,57.2,58,57.15,57.35,16078
RAIN,20190626,98.3,100,98,98.75,481094
RAJESHEXPO,20190626,713,729.7,711.5,716.95,1030982
RAJSREESUG,20190626,21.5,21.5,21.05,21.25,4186
RALLIS,20190626,143.15,144.8,142.6,143.6,53116
RAMANEWS,20190626,17.55,20,17.3,18.25,11177
RAMASTEEL,20190626,92.95,94.65,89.1,92.9,29968
RAMCOCEM,20190626,800.1,814,800.1,806.55,242187
RAMCOIND,20190626,201.55,207.85,201.5,202,16885
RAMCOSYS,20190626,211.6,216,207,209.35,24807
RAMGOPOLY,20190626,1.9,1.9,1.85,1.85,965
RAMKY,20190626,92.55,101.3,91,98.45,358696
RANASUG,20190626,2.7,2.8,2.7,2.75,94285
RANEENGINE,20190626,451.1,468.95,451.1,452.4,555
RANEHOLDIN,20190626,1046.1,1066,1020,1055.25,821
RATNAMANI,20190626,965,988.75,956.6,974.4,204320
RAYMOND,20190626,745.5,758.5,743.95,748.1,516540
RBL,20190626,636.9,649.7,634.25,642.1,6045
RBLBANK,20190626,621.95,636,620.6,632.95,1693183
RCF,20190626,59.8,60.75,59.65,60,591697
RCOM,20190626,1.2,1.3,1.2,1.3,20011405
RECLTD,20190626,160,164.8,160,164,7629372
REDINGTON,20190626,110.5,111.7,108.3,109.65,583817
REFEX,20190626,76.35,76.35,70.85,71,70147
RELAXO,20190626,421,451.15,417.65,439.8,158853
RELCAPITAL,20190626,61,75.9,61,70.5,63359154
RELCNX100,20190626,121.76,122.72,121.76,122.72,16
RELCONS,20190626,52.99,52.99,49.95,50.2,1307
RELDIVOPP,20190626,30.79,31.04,30.52,30.95,4098
RELIANCE,20190626,1291,1304.6,1286.35,1294.15,5299942
RELIGARE,20190626,23.5,24,22.85,23.25,121837
RELINFRA,20190626,50.8,64.9,50.4,60.95,78157980
RELNV20,20190626,598.9,635,581.5,582.55,417
REMSONSIND,20190626,93,101.8,86.8,96.9,12488
RENUKA,20190626,8.95,9.1,8.9,9,449062
REPCOHOME,20190626,364.7,369.4,362,366,113642
REPRO,20190626,549.8,577,531,568.5,10553
RESPONIND,20190626,91.8,91.8,90,90.2,106075
RETFMID150,20190626,63.14,65.19,63.1,63.32,36090
REVATHI,20190626,420,430,416,420.1,303
RGL,20190626,267.5,276.55,267.5,270.7,2982
RHFL,20190626,10.65,11.7,10.1,11.7,789943
RICOAUTO,20190626,60.35,61.75,60,60.85,144598
RIIL,20190626,288.8,296.7,287.1,293.85,116120
RITES,20190626,274,280.4,271,278.55,472039
RKDL,20190626,7.85,8.45,7.85,8.45,20788
RKFORGE,20190626,411.8,435,407,431.7,5421
RMCL,20190626,7.2,7.25,6.75,6.85,130636
RML,20190626,306.1,322.9,306.1,313.25,5010
RNAM,20190626,220,220.75,219.5,219.7,627758
RNAVAL,20190626,3.9,4.35,3.9,4.1,2258541
ROHITFERRO,20190626,1,1,1,1,1
ROHLTD,20190626,103.7,112.95,103.7,107.05,31238
ROLLT,20190626,1.9,1.9,1.8,1.8,35927
ROLTA,20190626,5.75,5.75,5.5,5.75,128684
ROSSELLIND,20190626,42.8,46,41.55,43.55,5576
RPGLIFE,20190626,250,258.25,250,255.15,4112
RPOWER,20190626,3.95,4.65,3.95,4.45,105695676
RPPINFRA,20190626,81.6,122,81.6,119.5,496334
RRSLGETF,20190626,19.34,19.34,19.3,19.3,1176
RSSOFTWARE,20190626,22.95,23.2,22.1,22.4,12132
RSWM,20190626,144,149.5,143.05,148.05,30626
RSYSTEMS,20190626,43.35,43.45,40.55,42.2,4530
RTNINFRA,20190626,1.85,1.95,1.75,1.9,366959
RTNPOWER,20190626,1.7,1.75,1.65,1.75,985603
RUBYMILLS,20190626,213.7,217.9,213,214.6,2830
RUCHINFRA,20190626,2.35,2.4,2.25,2.25,25046
RUCHIRA,20190626,91.2,94.75,91.2,93.55,22512
RUCHISOYA,20190626,5.5,5.85,5.35,5.4,4145195
RUPA,20190626,235.8,237,231.05,235.35,9401
RUSHIL,20190626,346.4,371.7,346.4,346.4,361608
RVNL,20190626,26.1,27,25.95,26.55,5669820
SABTN,20190626,3.3,3.3,3,3.1,33583
SADBHAV,20190626,244.45,253,242,250,92426
SADBHIN,20190626,69.05,71.9,69,69.55,3326
SAGARDEEP,20190626,58.95,58.95,53.85,58,7198
SAGCEM,20190626,621.9,646.95,614.05,635.4,3772
SAIL,20190626,50,52.85,49.8,52.55,27494517
SAKAR,20190626,58.6,60.5,56.3,60.45,7450
SAKHTISUG,20190626,9.1,9.2,8.7,9,65979
SAKSOFT,20190626,331.8,339.4,326.05,334.6,4209
SAKUMA,20190626,21.5,21.75,18.65,19.05,1806299
SALASAR,20190626,144.1,146.5,142,143.9,5594
SALONA,20190626,87,90,86.95,90,352
SALSTEEL,20190626,2.95,3.25,2.95,3.1,11560
SALZERELEC,20190626,124,125.1,123.6,124.3,5590
SAMBHAAV,20190626,4.25,4.5,3.5,3.8,256275
SANCO,20190626,18.5,18.65,18.1,18.65,5827
SANDESH,20190626,670.25,670.25,656.95,658.5,549
SANDHAR,20190626,277,282.15,275.5,277.95,3590
SANGAMIND,20190626,50.3,52.35,50.3,51.05,2012
SANGHIIND,20190626,61.4,62.55,61.1,62,38227
SANGHVIFOR,20190626,19.15,20.15,19.15,19.2,76
SANGHVIMOV,20190626,106.05,114,106.05,113.45,6755
SANOFI,20190626,5510,5550,5425,5520.05,4188
SANWARIA,20190626,5.7,5.95,5.65,5.85,977192
SARDAEN,20190626,224,235.05,222.65,233.55,21135
SAREGAMA,20190626,538.5,565,538.5,544.85,11908
SARLAPOLY,20190626,25,25.9,24.65,25.1,11270
SASKEN,20190626,715.1,721,713.2,719.85,7668
SASTASUNDR,20190626,110,111.95,108.05,110.45,1502
SATHAISPAT,20190626,6.9,6.9,6.4,6.45,530
SATIN,20190626,295.1,301.9,286,293.6,46588
SBIETFQLTY,20190626,97,100,95,96.05,1565
SBILIFE,20190626,695.5,744,692.75,717.45,6255032
SBIN,20190626,355.75,359,354.3,358.15,15835579
SCAPDVR,20190626,0.65,0.65,0.65,0.65,5000
SCHAEFFLER,20190626,4918.2,4949.55,4834.35,4910.5,947
SCHAND,20190626,86.05,89.25,86.05,88.1,12262
SCHNEIDER,20190626,90.35,91.4,89.55,90.3,35237
SCI,20190626,30.2,31.95,30.2,31.25,1530245
SEAMECLTD,20190626,497,497,483.15,492.3,4997
SELAN,20190626,174.6,179.7,174.6,178.25,17527
SELMCL,20190626,0.85,0.85,0.8,0.8,71627
SEPOWER,20190626,3.65,3.65,3.65,3.65,15
SEQUENT,20190626,68.1,68.85,67.35,67.7,71639
SESHAPAPER,20190626,929.95,929.95,908.2,911.1,882
SETCO,20190626,19.1,20.4,19.1,19.9,149025
SETF10GILT,20190626,179.75,179.75,177.5,177.5,8
SETFGOLD,20190626,3050,3061.5,3027.05,3030,1860
SETFNIF50,20190626,120.95,121.39,120.21,121.16,41576
SETFNIFBK,20190626,313,315.74,311.15,315.69,20762
SETFNN50,20190626,274.25,278.05,274,277.77,744
SFL,20190626,1301.15,1319.2,1290,1291.6,862
SGL,20190626,10.5,11.3,10.5,10.95,25606
SHAHALLOYS,20190626,13.15,13.25,13.15,13.2,1300
SHAKTIPUMP,20190626,408,410.45,402.85,406.05,16607
SHALBY,20190626,110.3,112.75,109.3,111.65,7466
SHALPAINTS,20190626,75.85,78,75.4,77.85,25990
SHANKARA,20190626,435,446,431.8,434,35795
SHANTIGEAR,20190626,114.4,116.05,114,114.45,1895
SHARDACROP,20190626,311.85,312,305.3,309,6504
SHARDAMOTR,20190626,1334,1334,1280,1310.6,4753
SHARIABEES,20190626,266.98,266.98,251.7,253,85
SHEMAROO,20190626,351.35,351.4,340,344.35,1972
SHILPAMED,20190626,335.65,345.15,333.95,340.5,175974
SHIRPUR-G,20190626,14.8,15.25,14.35,14.95,28195
SHIVAMAUTO,20190626,29,30.25,28.9,29.8,28780
SHIVAMILLS,20190626,49.75,49.8,46,48.65,1548
SHIVATEX,20190626,122.3,134.5,122,134.45,3724
SHK,20190626,128,130.5,128,128.35,27808
SHOPERSTOP,20190626,474.45,488,470.3,482,13389
SHREECEM,20190626,21453.5,22030,21410,21860.1,19040
SHREEPUSHK,20190626,119.05,123.4,118.1,122.15,17920
SHREERAMA,20190626,5.9,5.9,5.25,5.45,139091
SHREYANIND,20190626,143.55,145.85,141.9,143.2,8028
SHREYAS,20190626,140,145,139.5,142.35,2941
SHRIPISTON,20190626,948,948.95,886,934.5,193
SHRIRAMCIT,20190626,1385,1385,1325.65,1349,44077
SHRIRAMEPC,20190626,8.35,8.65,8.35,8.45,26081
SHYAMCENT,20190626,5,5.1,4.65,4.7,10593
SHYAMTEL,20190626,7.45,7.45,7.45,7.45,1
SICAGEN,20190626,21,22.1,21,21.55,10014
SICAL,20190626,102,106.8,101.55,104.55,4842
SIEMENS,20190626,1261,1264.85,1248.55,1253.1,264172
SIGIND,20190626,28.55,30.45,26.1,29.95,39383
SIL,20190626,11.7,12.2,11.7,12.2,511
SILINV,20190626,173.05,180.05,168.4,171.9,2488
SIMBHALS,20190626,8,8,7.35,7.65,6608
SIMPLEXINF,20190626,122,125.75,121.3,122,28144
SINTEX,20190626,2.7,2.7,2.7,2.7,455474
SIS,20190626,921.35,941,921.35,939.8,905
SITASHREE,20190626,0.4,0.45,0.4,0.4,4680
SITINET,20190626,2.75,2.8,2.6,2.6,1069971
SIYSIL,20190626,300,316.75,300,306.6,8484
SJVN,20190626,24.9,25.25,24.9,25.05,1969871
SKFINDIA,20190626,2039,2039,1986.05,2002.95,5951
SKIL,20190626,8,8.3,7.7,7.8,16483
SKIPPER,20190626,54,57.4,53.75,56.1,41877
SKMEGGPROD,20190626,39.05,40.5,38.65,39.45,9880
SMARTLINK,20190626,105.2,106.5,105.2,105.7,7579
SMLISUZU,20190626,777.95,777.95,765,765.75,5776
SMPL,20190626,0.4,0.4,0.35,0.4,1367
SMSLIFE,20190626,425,433.4,413,426.25,2557
SMSPHARMA,20190626,53.9,54.5,53,54.05,21604
SNOWMAN,20190626,32.2,33.35,31.5,33.2,149683
SOBHA,20190626,525,534.8,518,529.85,165235
SOLARA,20190626,446.5,450.85,429,446.55,40190
SOLARINDS,20190626,1153.65,1169.9,1133.7,1163.8,2881
SOMANYCERA,20190626,412.85,444,410.5,428.8,38209
SOMATEX,20190626,2.75,2.75,2.75,2.75,1870
SOMICONVEY,20190626,18.7,18.7,16.75,17.15,2390
SONATSOFTW,20190626,348.95,351.1,345.05,347.6,52294
SORILINFRA,20190626,175.75,185,175.7,181,34836
SOTL,20190626,1060,1060,1019,1025.25,1180
SOUTHBANK,20190626,13.5,13.6,13.1,13.2,13785527
SOUTHWEST,20190626,23.7,23.7,23.7,23.7,100
SPAL,20190626,292,292.5,281.55,286.1,1587
SPARC,20190626,120,123.7,118,118.85,1034875
SPCENET,20190626,0.75,0.85,0.75,0.85,23570
SPECIALITY,20190626,79.65,81.4,78.55,78.95,16923
SPENCERS,20190626,97.6,110.75,97.1,103.1,331180
SPENTEX,20190626,0.85,0.85,0.85,0.85,34372
SPIC,20190626,22.4,24.3,22.4,23.05,114420
SPICEMOBI,20190626,8.5,8.5,8.1,8.5,2457
SPLIL,20190626,43.05,46.35,42.1,42.8,99271
SPMLINFRA,20190626,17.75,18.2,17.75,17.85,20566
SPTL,20190626,6.45,6.45,6.45,6.45,365883
SPYL,20190626,0.25,0.25,0.2,0.2,100958
SREEL,20190626,177.25,180,176,178.05,4300
SREINFRA,20190626,18,18.4,17.75,18.15,519909
SRF,20190626,2975.5,3006,2952,2978.35,256211
SRHHYPOLTD,20190626,129.55,135,129.55,132.6,1690
SRIPIPES,20190626,168.05,171.5,168,169.8,25528
SRTRANSFIN,20190626,1123,1126.95,1087,1099.6,1977733
SSWL,20190626,789.8,796.45,765.8,787.05,20081
STAMPEDE,20190626,0.9,0.95,0.9,0.9,34208
STAR,20190626,408.7,422.6,407,414.1,964776
STARCEMENT,20190626,120.95,121.75,120.1,120.35,25657
STARPAPER,20190626,104.4,106,104.05,105.7,12463
STCINDIA,20190626,112.55,118,112.3,116.05,242430
STEELXIND,20190626,12.75,12.75,12.1,12.4,10965
STEL,20190626,86.95,86.95,83.25,83.6,4364
STERTOOLS,20190626,210,213.7,206,208.4,1762
STRTECH,20190626,176.8,184,175.85,180.55,1180081
SUBEX,20190626,6.3,6.4,6.1,6.15,500130
SUBROS,20190626,234.85,237,234.05,235.35,7488
SUDARSCHEM,20190626,315,319.95,312.55,315.3,12699
SUJANAUNI,20190626,0.2,0.25,0.2,0.25,110082
SUMEETINDS,20190626,2.85,2.95,2.8,2.8,50358
SUMMITSEC,20190626,485.15,510,485.15,489,366
SUNCLAYLTD,20190626,2400,2431,2326,2345.55,967
SUNDARAM,20190626,1.75,1.8,1.75,1.75,99304
SUNDARMFIN,20190626,1648,1654.9,1623,1627.9,117080
SUNDARMHLD,20190626,86.2,89.75,86.2,87.45,13494
SUNDRMBRAK,20190626,310,337,309.2,317.45,4029
SUNDRMFAST,20190626,516.5,521.25,513.6,515.05,39900
SUNFLAG,20190626,34,37.3,33.65,36.55,146815
SUNILHITEC,20190626,0.35,0.45,0.35,0.45,313227
SUNPHARMA,20190626,385,403.55,384.65,399.45,9571797
SUNTECK,20190626,431.1,432.45,422,424.4,158032
SUNTV,20190626,522.85,525.45,518.25,523.25,1154649
SUPERHOUSE,20190626,93.3,100.05,93.3,98.15,8891
SUPERSPIN,20190626,5.5,5.6,5.25,5.3,8562
SUPPETRO,20190626,203.45,206,200.15,200.85,5570
SUPRAJIT,20190626,198.15,203.65,198.15,201.8,22785
SUPREMEIND,20190626,1040,1085,1040,1079.75,79977
SUPREMEINF,20190626,20,20.5,19.2,19.2,3095
SURANASOL,20190626,7,7.25,6.85,7.2,7752
SURANAT&P,20190626,3.5,3.85,3.5,3.8,2980
SURYALAXMI,20190626,23.5,25.85,23.5,24.1,18685
SURYAROSNI,20190626,231.25,238.35,230.6,232,48666
SUTLEJTEX,20190626,29.5,30.5,29.4,30.05,10834
SUVEN,20190626,272.55,273.5,270,271.95,68779
SUZLON,20190626,5.2,5.95,5.05,5.9,108712982
SWANENERGY,20190626,104,105,103,104.75,114477
SWARAJENG,20190626,1404.9,1404.9,1375,1386.3,1192
SWELECTES,20190626,219,219,205.6,208.2,517
SYMPHONY,20190626,1212.1,1242.55,1212.1,1219.6,8078
SYNCOM,20190626,1.5,1.55,1.45,1.55,4000
SYNDIBANK,20190626,38.65,42.15,38.55,41.55,16358540
SYNGENE,20190626,325,328.5,317.25,326.25,174932
TAINWALCHM,20190626,56.5,62.7,56.05,59.3,350
TAJGVK,20190626,188.95,192.5,186.1,190.35,18666
TAKE,20190626,122.25,125.25,121.6,122.2,93973
TALBROAUTO,20190626,151.05,158.45,146.95,155.7,17024
TALWALKARS,20190626,52.6,60.2,52.6,57.45,326720
TALWGYM,20190626,102.15,105,102.15,103.75,24158
TANLA,20190626,63.35,69.95,63.35,69.95,663858
TANTIACONS,20190626,2.25,2.35,2.15,2.25,6370
TARAJEWELS,20190626,0.8,0.9,0.8,0.9,36151
TARAPUR,20190626,6.2,6.2,6.2,6.2,63
TARMAT,20190626,31.45,32,31,31.55,3395
TASTYBITE,20190626,9565,9565,9377,9450.85,624
TATACHEM,20190626,615,644.35,612.1,628.4,1209388
TATACOFFEE,20190626,79.6,83.25,78.1,82.45,387202
TATACOMM,20190626,483.45,496.2,477.65,480.05,416250
TATAELXSI,20190626,858,872,857.95,866.5,319731
TATAGLOBAL,20190626,260,275,258.3,272.65,8391203
TATAINVEST,20190626,847.3,882.1,847.3,873.95,12195
TATAMETALI,20190626,601.3,611,598,600.45,10399
TATAMOTORS,20190626,160.1,162.2,158.75,161.1,18481332
TATAMTRDVR,20190626,77.85,79,77.35,78.55,2636367
TATAPOWER,20190626,67,69.5,66.7,68.55,7878180
TATASPONGE,20190626,539.15,550.85,534.95,546.5,52168
TATASTEEL,20190626,495,512.3,490.3,510.6,12960084
TATASTLBSL,20190626,29.55,30.2,28.9,30.1,953207
TBZ,20190626,45.1,46.55,45.1,45.6,88702
TCI,20190626,296.8,300.4,296.8,297.5,2830
TCIDEVELOP,20190626,342.05,355,342.05,343.1,774
TCIEXP,20190626,620.2,636,620.15,630.55,6124
TCIFINANCE,20190626,13.2,13.6,12.65,13.55,2364
TCNSBRANDS,20190626,785,797.45,776.3,779.55,6688
TCPLPACK,20190626,324.05,345.3,324.05,332.55,944
TCS,20190626,2265,2266.8,2250,2254.2,1762224
TDPOWERSYS,20190626,146.8,154.9,146.8,150.8,10040
TEAMLEASE,20190626,2966.35,2980.7,2928.05,2944.5,3621
TECHIN,20190626,3.25,3.65,3.25,3.35,994
TECHM,20190626,721.3,730.85,716.4,718.1,2781711
TECHNOE,20190626,238,265,238,259,247975
TECHNOFAB,20190626,27,28.7,26.95,26.95,3497
TEJASNET,20190626,145.75,149.75,144.45,146.1,59592
TERASOFT,20190626,35,36.25,35,36,2995
TEXINFRA,20190626,51.3,51.35,48.5,49.3,73151
TEXMOPIPES,20190626,18.05,18.5,18.05,18.35,14841
TEXRAIL,20190626,68.8,69.9,68.8,69.15,198097
TFCILTD,20190626,112.4,112.4,109,110.8,96380
TFL,20190626,6.5,6.75,6.5,6.75,4592
TGBHOTELS,20190626,4.55,4.55,4.55,4.55,68141
THANGAMAYL,20190626,322.95,355.45,318,331.25,8442
THEINVEST,20190626,116.8,140.15,115,125.25,45720
THEMISMED,20190626,228,228,215,221.3,1926
THERMAX,20190626,1062,1070,1055,1067.45,35803
THOMASCOOK,20190626,212.45,217.85,212.45,214.5,111630
THYROCARE,20190626,478.2,482,471.25,475.85,48887
TI,20190626,14.3,14.85,14.3,14.55,13543
TIDEWATER,20190626,4806.05,4886.7,4806.05,4821.9,235
TIIL,20190626,410.05,423.3,405.2,414.5,3388
TIINDIA,20190626,392.1,409.6,392.1,397.15,30478
TIJARIA,20190626,14.5,15.9,14.4,14.5,8682
TIL,20190626,236.6,258.8,233.5,251.45,9153
TIMESGTY,20190626,33.15,35.55,33.15,34,1654
TIMETECHNO,20190626,95.1,96.25,93.6,95.6,61304
TIMKEN,20190626,716.5,717,701,710.35,26453
TINPLATE,20190626,124.5,130.45,124.3,129.65,227027
TIPSINDLTD,20190626,57.3,57.95,57,57.2,3395
TIRUMALCHM,20190626,75.75,78.65,74.75,77.65,250284
TITAN,20190626,1312.6,1322.9,1306.65,1309.05,1335984
TMRVL,20190626,16.35,17.25,16.2,17.05,6376
TNPETRO,20190626,34.4,35.4,34.1,35.05,43192
TNPL,20190626,171.7,173,169.6,170.85,26080
TNTELE,20190626,1.65,1.65,1.65,1.65,25
TOKYOPLAST,20190626,49.8,52.45,49.75,51.95,7812
TORNTPHARM,20190626,1548,1560.7,1533,1545.9,246903
TORNTPOWER,20190626,269,286.85,267.3,283.3,5098413
TPLPLASTEH,20190626,128.5,139,126.2,135.95,2217
TREEHOUSE,20190626,4.6,4.8,4.6,4.7,18258
TREJHARA,20190626,21.3,22.65,20.5,20.75,5581
TRENT,20190626,429.85,439.4,426.3,432.4,356010
TRF,20190626,112.85,114.9,112.05,113.25,10483
TRIDENT,20190626,62.25,63.5,62.1,63.15,381607
TRIGYN,20190626,55.5,58.25,55.5,57.1,25423
TRIL,20190626,10.35,10.9,10.35,10.65,11439
TRITURBINE,20190626,104.1,104.55,103,103.4,10300
TRIVENI,20190626,63.15,65.35,63.15,64.9,188282
TTKHLTCARE,20190626,599.9,614,595.3,605.85,333
TTKPRESTIG,20190626,6771.1,6787.05,6680.15,6707.2,6130
TTL,20190626,46.95,47,44.75,45.8,3067
TTML,20190626,3.45,3.6,3.4,3.55,430453
TV18BRDCST,20190626,23.7,25.7,23.4,24.7,15241117
TVSELECT,20190626,159.4,166.2,159.4,164.55,61258
TVSMOTOR,20190626,433,441,428.65,430.75,1962828
TVSSRICHAK,20190626,1919.85,1959,1867.05,1890.4,4457
TVTODAY,20190626,260.35,285.9,256.65,261.4,248146
TVVISION,20190626,2.35,2.4,2.3,2.4,15439
TWL,20190626,60.55,63.45,60.55,63.2,182665
UBL,20190626,1336.5,1348,1326,1334.5,267947
UCALFUEL,20190626,135,139.8,135,138.45,6124
UCOBANK,20190626,17.3,17.5,17.25,17.35,732441
UFLEX,20190626,237,245.4,235.05,243.4,65798
UFO,20190626,185.45,196.9,185.45,189.4,44712
UGARSUGAR,20190626,13.85,14,13.8,13.8,14339
UJAAS,20190626,6,6.3,6,6.15,108957
UJJIVAN,20190626,289,298.15,281.9,296.55,2769247
ULTRACEMCO,20190626,4585.2,4634,4581.05,4597.4,444326
UMANGDAIRY,20190626,47.95,48.9,47.8,48.25,1189
UMESLTD,20190626,1.75,1.75,1.75,1.75,5765
UNICHEMLAB,20190626,171,172.9,170.15,171.4,14446
UNIENTER,20190626,85.95,86,82,84.3,7908
UNIONBANK,20190626,75.9,78.5,75.3,77.65,7116853
UNIPLY,20190626,61.3,63,60,61.05,74737
UNITECH,20190626,1.1,1.1,1.1,1.1,1360334
UNITEDBNK,20190626,9.65,9.85,9.55,9.75,223425
UNITEDTEA,20190626,309.95,310,297,298.7,739
UNIVCABLES,20190626,197,206,197,204.1,8707
UPL,20190626,931,963.8,922.1,958.45,3365399
URJA,20190626,2.35,2.35,2.15,2.2,2015648
USHAMART,20190626,26.95,28.2,26.55,26.9,336819
UTINEXT50,20190626,277,278.99,274,274,111
UTINIFTETF,20190626,1250,1256,1240.05,1248.55,28
UTISENSETF,20190626,420,420,412,412.01,60
UTISXN50,20190626,310,350,307,335,13
UTTAMSTL,20190626,8,8.1,7.6,7.9,20599
UTTAMSUGAR,20190626,112,114.95,111.7,113.15,56260
UVSL,20190626,0.1,0.1,0.05,0.05,819090
V2RETAIL,20190626,154,181,148.05,172.2,344492
VADILALIND,20190626,525.1,526,514.25,523.35,6976
VAIBHAVGBL,20190626,803,826.85,800,810.8,54330
VAKRANGEE,20190626,36.7,36.7,34.6,35.4,4044631
VARDHACRLC,20190626,40.5,41.75,40.5,41.65,1607
VARDMNPOLY,20190626,3.8,4.1,3.8,4.1,6474
VARROC,20190626,455,480,455,472.55,59918
VASCONEQ,20190626,14.9,16.2,14.9,15.95,531535
VASWANI,20190626,8.95,9,8.3,8.6,20686
VBL,20190626,927,948.9,915,931,120528
VEDL,20190626,169.1,179.35,168.75,177.85,11144849
VENKEYS,20190626,1682,1700,1670.1,1679.5,36924
VENUSREM,20190626,24.65,25.35,23.9,24.15,9204
VESUVIUS,20190626,1093.6,1125,1090,1101.15,1173
VETO,20190626,63.4,65.1,62.6,64.85,36893
VGUARD,20190626,237.7,252,237.7,244.45,4055743
VHL,20190626,1929.5,1960,1922.25,1950,153
VICEROY,20190626,1.65,1.65,1.65,1.65,19050
VIDHIING,20190626,69,69,66.95,68.35,13239
VIJIFIN,20190626,0.5,0.5,0.45,0.5,132917
VIKASECO,20190626,7.2,7.95,7.2,7.4,5202554
VIKASMCORP,20190626,2.1,2.45,2.1,2.45,2070185
VIMTALABS,20190626,172,178.7,170.05,176.6,6164
VINATIORGA,20190626,2115,2139.1,2094.4,2107.1,16977
VINDHYATEL,20190626,1321.7,1335.85,1315.3,1319.25,3658
VINYLINDIA,20190626,66.75,69.8,66.75,68.05,11716
VIPCLOTHNG,20190626,14.9,17.8,14.5,17.8,921517
VIPIND,20190626,441.65,445.45,439,440.3,105281
VIPULLTD,20190626,45.4,46.25,44.45,45.95,1373086
VISAKAIND,20190626,363,372,358.45,370.05,7954
VISASTEEL,20190626,6.9,6.9,6.3,6.45,5731
VISESHINFO,20190626,0.1,0.1,0.05,0.05,707282
VISHNU,20190626,135.65,138.15,130.5,136,1736
VIVIDHA,20190626,0.4,0.4,0.35,0.35,135622
VIVIMEDLAB,20190626,17,17.35,16.6,16.9,160031
VLSFINANCE,20190626,53.55,54,52.2,53.85,14253
VMART,20190626,2210,2255,2197.1,2245.9,2769
VOLTAMP,20190626,1147.4,1170,1132.7,1161.45,6148
VOLTAS,20190626,649.95,658.85,645.65,653.75,2290399
VRLLOG,20190626,272.7,272.7,265.5,267.4,58072
VSSL,20190626,84,84.05,82.1,82.9,4389
VSTIND,20190626,3428.5,3460,3420,3444.7,568
VSTTILLERS,20190626,1285.05,1298,1256.2,1287.25,11413
VTL,20190626,1060.2,1076,1042.4,1047.5,3879
WABAG,20190626,308.1,309,298.1,306.8,60131
WABCOINDIA,20190626,6155,6164.9,6086.05,6115.05,2697
WALCHANNAG,20190626,82,87,81.8,86.55,197544
WANBURY,20190626,15,15.4,14.3,15.4,1760
WEBELSOLAR,20190626,27.45,28.5,27.3,27.65,26896
WEIZFOREX,20190626,393.95,427,380,409.65,1677
WEIZMANIND,20190626,33.5,33.5,31.55,32.55,410
WELCORP,20190626,138.5,143,137.6,140.6,296112
WELENT,20190626,128.05,129.7,128.05,128.7,82857
WELINV,20190626,151.1,167.15,151,153.85,2387
WELSPUNIND,20190626,56.2,56.7,56.1,56.5,451566
WENDT,20190626,2549.9,2570,2535.05,2550.85,210
WHEELS,20190626,807.95,808,798,801.65,413
WHIRLPOOL,20190626,1540,1568.35,1532.85,1559.35,27559
WILLAMAGOR,20190626,22.55,23.65,22.55,23.65,2045
WINDMACHIN,20190626,19.55,21.55,19.55,21.55,513649
WINSOME,20190626,0.65,0.65,0.65,0.65,2001
WIPL,20190626,76,76,76,76,100
WIPRO,20190626,285.15,288,284.55,286.15,2331769
WOCKPHARMA,20190626,379.05,403.8,375.05,398.85,2989359
WONDERLA,20190626,275,280.5,275,278.9,21970
WSI,20190626,0.7,0.8,0.7,0.8,200
WSTCSTPAPR,20190626,253.7,258.95,244.35,249.25,105124
XCHANGING,20190626,54.7,54.7,51.1,52.65,19631
XELPMOC,20190626,61,66.9,61,64.95,635
XLENERGY,20190626,0.65,0.65,0.65,0.65,900
XPROINDIA,20190626,31.05,32,31.05,32,93
YESBANK,20190626,109,114.65,108.4,113.05,72879532
ZEEL,20190626,340,346.3,338.9,342.9,5768024
ZEELEARN,20190626,22.65,23.95,22.65,23.65,68188
ZEEMEDIA,20190626,12.3,12.55,12.2,12.5,378899
ZENITHBIR,20190626,0.4,0.45,0.4,0.45,24852
ZENITHEXPO,20190626,42.45,46.2,42.45,46.2,1563
ZENSARTECH,20190626,263.9,267.85,258,258.6,23723
ZENTEC,20190626,72.45,72.7,70.9,71.1,18493
ZICOM,20190626,1.65,1.65,1.65,1.65,1305
ZODIACLOTH,20190626,238.1,245.9,235.15,237.05,984
ZODJRDMKJ,20190626,36.2,36.2,31.8,33.15,872
ZUARI,20190626,150,150.2,148.1,149.3,23447
ZUARIGLOB,20190626,88.2,89,87.5,88.35,10805
ZYDUSWELL,20190626,1322,1354,1322,1344.75,5466
NSENIFTY,20190626,11768.15,11871.85,11757.55,11847.55,327885018,0
NIFTYJUNIOR,20190626,26981.10,27304.10,26954.20,27246.30,-,0
NIFTYMIDCAPLIQ15,20190626,4185.05,4239.50,4181.20,4232.25,-,0
NSE100,20190626,11844.35,11953.05,11833.55,11928.85,-,0
NIFTY200,20190626,6074.25,6131.75,6068.90,6120.45,-,0
NSE500,20190626,9611.95,9699.65,9604.15,9682.80,-,0
NSEMIDCAP150,20190626,6266.10,6329.65,6261.10,6323.85,-,0
MIDCAP50,20190626,4834.45,4890.40,4827.55,4886.20,-,0
NSEMIDCAP,20190626,17443.85,17655.10,17425.30,17644.15,-,0
NIFTYSMALLCAP250,20190626,-,-,-,5127.45,-,0
NIFTYSMALLCAP50,20190626,-,-,-,3000.00,-,0
NSESMLCAP100,20190626,6156.35,6214.55,6150.95,6207.55,-,0
NIFTYLARGEMIDCAP250,20190626,-,-,-,5962.12,1148560277,0
NIFTYMIDSMALLCAP400,20190626,-,-,-,5899.15,-,0
NIFTYAUTO,20190626,7863.85,7922.85,7847.80,7883.55,-,0
BANKNIFTY,20190626,30809.20,31202.70,30766.65,31162.35,-,0
NIFTYFINSERVICE,20190626,13393.55,13558.10,13377.25,13531.75,-,0
NIFTYFMGC,20190626,29508.05,29634.50,29440.85,29524.10,-,0
NSEIT,20190626,16152.70,16255.20,16079.20,16101.70,-,0
NIFTYMEDIA,20190626,2039.55,2062.80,2032.90,2053.95,-,0
NIFTYMETAL,20190626,2927.25,3028.90,2924.15,3022.95,-,0
NIFTYPHARMA,20190626,7927.50,8121.25,7915.00,8086.30,-,0
NIFTYPVTBANK,20190626,17065.35,17279.70,17040.90,17253.40,-,0
NIFTYPSUBANK,20190626,3122.05,3203.85,3114.25,3185.35,-,0
NIFTYREALTY,20190626,273.15,278.85,272.20,278.15,-,0
NIFTYCOMMODITIES,20190626,3609.25,3672.80,3606.65,3668.75,-,0
NIFTYCONSUMPTION,20190626,4736.05,4754.30,4724.95,4733.95,-,0
NIFTYCPSE,20190626,2350.20,2382.40,2349.20,2373.90,-,0
NIFTYENERGY,20190626,16054.80,16228.60,16033.40,16191.90,-,0
NIFTY100ESG,20190626,-,-,-,2193.32,459584470,0
NIFTY100ENHESG,20190626,-,-,-,2229.51,431638323,0
NIFTYINFRA,20190626,3335.45,3384.75,3331.20,3376.50,-,0
NIFTYMNC,20190626,12916.95,13004.10,12907.05,12987.30,-,0
NIFTYPSE,20190626,3622.25,3671.85,3620.10,3666.40,-,0
NIFTYSMEEMERGE,20190626,-,-,-,1459.33,861650,0
NIFTYSERVSECTOR,20190626,16771.15,16921.75,16759.65,16883.95,-,0
NIFTYSHARIAH25,20190626,-,-,-,4215.62,61554874,0
NIFTY50SHARIAH,20190626,-,-,-,2485.39,55928968,0
NIFTY500SHARIAH,20190626,-,-,-,2945.67,290008862,0
NIFTYABGROUP,20190626,-,-,-,3415.73,60089946,0
NIFTYMAHINDRA,20190626,-,-,-,10812.20,5820496,0
NIFTYTATA,20190626,-,-,-,7239.89,62337638,0
NIFTYTATA25CAP,20190626,-,-,-,5041.17,58125064,0
NIFTYABGROUP,20190626,-,-,-,3415.73,60089946,0
NIFTYLIQ15,20190626,3923.80,3983.05,3919.60,3974.10,-,0
NIFTY500VALUE50,20190626,-,-,-,4368.10,612377352,0
NIFTYALPHALOWVOL30,20190626,-,-,-,11810.10,93346994,0
NIFTYQUALLOWVOL30,20190626,-,-,-,8128.70,49063686,0
NIFTYALPHAQUALLOWVOL30,20190626,-,-,-,9265.65,53760549,0
NIFTYALPHAQUALVALLOWVOL30,20190626,-,-,-,7200.77,56756132,0
NIFTY50EQUALWEIGHT,20190626,12554.15,12697.80,12543.15,12674.65,-,0
NIFTY100EQUALWEIGHT,20190626,13129.30,13292.75,13117.85,13271.50,-,0
NIFTY100LOWVOL30,20190626,8756.25,8810.15,8749.15,8792.25,-,0
NSEDEFTY,20190626,-,-,-,5936.08,-,0
NIFTY50DIVPOINT,20190626,42.32,42.32,42.32,42.32,-,0
NIFTYDIVOPPS50,20190626,2667.20,2688.90,2665.55,2683.35,-,0
NIFTYALPHA50,20190626,12294.20,12351.30,12275.80,12327.10,-,0
NIFTY50ARBITRAGE,20190626,-,-,-,1822.90,-,0
NIFTY50FUTINDEX,20190626,-,-,-,4094.22,-,0
NIFTY50FUTTRINDEX,20190626,-,-,-,11911.24,-,0
NIFTYHIGHBETA50,20190626,-,-,-,1531.80,595484438,0
NIFTYLOWVOL50,20190626,-,-,-,10292.68,119436847,0
NIFTY200QUALITY30,20190626,-,-,-,9539.75,-,0
NIFTY50VALUE20,20190626,5485.45,5532.25,5481.65,5516.65,-,0
NIFTYGROWSECT15,20190626,5940.95,5984.40,5925.40,5975.70,-,0
NIFTY50TR2XLEV,20190626,6584.10,6700.15,6573.25,6673.20,-,0
NIFTY50PR2XLEV,20190626,5133.00,5223.50,5124.55,5202.45,-,0
NIFTY50TR1XINV,20190626,345.60,345.90,342.60,343.30,-,0
NIFTY50PR1XINV,20190626,391.40,391.70,387.95,388.75,-,0
NIFTY-GS-COMPSITE,20190626,1975.49,1975.49,1970.17,1970.40,-,0
NIFTY-GS-4-8YR,20190626,2050.88,2050.88,2048.01,2045.93,-,0
NIFTY-GS-8-13YR,20190626,1945.37,1945.37,1940.35,1939.69,-,0
NIFTY-GS-10YR,20190626,1792.41,1792.41,1785.55,1786.40,-,0
NIFTY-GS-10YR-CLN,20190626,936.68,936.68,932.99,933.45,-,0
NIFTY-GS-11-15YR,20190626,2074.18,2074.18,2068.50,2069.35,-,0
NIFTY-GS-15YRPLUS,20190626,2252.99,2252.99,2250.31,2248.75,-,0
VIX,20190626,15.01,15.20,14.39,14.75,0,0
