20MICRONS,20190925,37.5,38.05,37.5,37.7,29528
21STCENMGM,20190925,12.4,12.4,12.4,12.4,503
3IINFOTECH,20190925,2.2,2.2,2.1,2.15,576969
3MINDIA,20190925,19723,20300,19527.2,20058.95,4949
3PLAND,20190925,6,6,6,6,50
5PAISA,20190925,164.45,164.45,164.45,164.45,2298
63MOONS,20190925,130.7,130.7,130.7,130.7,114305
A2ZINFRA,20190925,10.9,11.25,10.25,10.45,281153
AARTIDRUGS,20190925,485,488.85,464.3,465.95,49927
AARTIIND,20190925,1655,1655,1615,1619.75,154339
AARVEEDEN,20190925,16.6,18.7,16.05,16.3,6719
AAVAS,20190925,1610,1610,1556.2,1586.5,8054
ABAN,20190925,29.15,32.1,29.15,30.15,138640
ABB,20190925,1571,1575,1510,1539.6,82712
ABBOTINDIA,20190925,10807.45,10807.45,10395.3,10629.7,6146
ABCAPITAL,20190925,90.45,93.4,88.9,92.55,2408272
ABFRL,20190925,208.55,213.65,204.25,209.8,225326
ABSLNN50ET,20190925,277.7,277.7,274.35,274.35,344
ACC,20190925,1648.55,1659,1615.6,1633.65,703402
ACCELYA,20190925,854.15,866.05,843,847.25,5810
ACE,20190925,72,79.3,71.2,75.25,1457763
ADANIENT,20190925,149.7,151,145.5,147.55,4572108
ADANIGAS,20190925,134,135.6,131.05,131.45,420526
ADANIGREEN,20190925,52.6,53.85,51.4,52.55,910875
ADANIPORTS,20190925,409.3,417.95,409.1,414.8,2997555
ADANIPOWER,20190925,67.55,69.9,66.85,68.45,27753848
ADANITRANS,20190925,237.85,246.8,233.85,236.65,425944
ADFFOODS,20190925,283,287.5,278.05,281.4,23903
ADHUNIKIND,20190925,99.55,100.9,99.5,100.3,37162
ADLABS,20190925,3.2,3.25,3,3,144788
ADORWELD,20190925,321.25,321.5,308.65,312.2,5224
ADROITINFO,20190925,8,8.35,7.6,7.6,1395
ADSL,20190925,14.85,14.85,14,14.55,19556
ADVANIHOTR,20190925,58.4,58.45,56.5,57.75,9916
ADVENZYMES,20190925,165.45,165.45,161.55,161.95,23564
AEGISCHEM,20190925,180.5,183.45,179,179.8,79414
AFFLE,20190925,983.6,1104.3,967.1,1081.4,324188
AGARIND,20190925,116.05,116.05,108.1,111.05,15348
AGCNET,20190925,120,124,114,118.55,1138
AGLSL,20190925,55.05,55.45,50.1,52.3,1502
AGRITECH,20190925,49.2,53.9,44.1,49.5,53681
AGROPHOS,20190925,97.1,98,95,96.5,99237
AHLEAST,20190925,171.3,187.15,168.35,179.85,528
AHLUCONT,20190925,314.05,315,292.5,297,24092
AHLWEST,20190925,320,345,315.05,332.15,931
AIAENG,20190925,1759.65,1800,1701.35,1737.5,62183
AIONJSW,20190925,12.1,12.5,12.1,12.25,41842
AIRAN,20190925,14.5,14.5,14.25,14.45,5790
AJANTPHARM,20190925,1030.9,1036.65,1010.1,1025.35,72787
AJMERA,20190925,145,145.9,137.6,139.4,41384
AKSHARCHEM,20190925,242.95,247,235.15,238.5,3059
AKSHOPTFBR,20190925,9.1,9.1,8.65,8.7,79024
AKZOINDIA,20190925,1905,1979.5,1880,1916.75,55700
ALANKIT,20190925,22.45,23.25,21.65,22.15,141800
ALBERTDAVD,20190925,368.55,371.9,360.55,363.4,1517
ALBK,20190925,30.8,31,29.55,29.9,770935
ALCHEM,20190925,1,1,1,1,190
ALEMBICLTD,20190925,50.55,53.1,49,51.75,222730
ALICON,20190925,391,402.9,372.2,393.95,3807
ALKALI,20190925,50.2,52,48.3,49.45,15806
ALKEM,20190925,1942.6,1957.95,1892.05,1905.9,14962
ALKYLAMINE,20190925,826.4,840,822.15,829.1,7293
ALLCARGO,20190925,108,109.75,103.65,106.4,229799
ALLSEC,20190925,281,307,281,300.7,803
ALMONDZ,20190925,10.35,10.35,9.8,10.35,609
ALOKTEXT,20190925,1.8,1.8,1.8,1.8,611268
ALPA,20190925,16.15,16.35,15.7,16.15,14366
ALPHAGEO,20190925,241.85,242.4,228.5,229.5,9030
ALPSINDUS,20190925,0.35,0.4,0.35,0.4,5532
AMARAJABAT,20190925,727,727,707.5,719.55,553899
AMBER,20190925,901.15,925,888,900.35,18214
AMBIKCO,20190925,918,943,918,925.8,1559
AMBUJACEM,20190925,214.95,215.7,207.3,210.1,3960724
AMDIND,20190925,16.35,17.45,16.35,16.55,8496
AMJLAND,20190925,17.1,19.95,16.65,17.55,13376
AMRUTANJAN,20190925,342,342,326.6,330.3,77323
ANANTRAJ,20190925,34.2,35.85,33.6,35.25,226328
ANDHRABANK,20190925,18.75,18.75,18.25,18.3,379719
ANDHRACEMT,20190925,3,3.15,2.85,2.95,105220
ANDHRSUGAR,20190925,307.25,319,305,306.1,38564
ANIKINDS,20190925,7.65,7.75,7.65,7.75,4
ANKITMETAL,20190925,0.45,0.5,0.45,0.5,3402
ANSALAPI,20190925,5.25,5.5,5.15,5.2,68801
ANSALHSG,20190925,5.65,5.65,5.25,5.35,40076
ANTGRAPHIC,20190925,0.7,0.75,0.7,0.75,13034
ANUP,20190925,412.55,425,407.85,410.1,118764
APARINDS,20190925,583.9,595.45,562,569,6459
APCL,20190925,153.3,153.45,148.1,148.8,3023
APCOTEXIND,20190925,212,233.2,207.15,209.55,567088
APEX,20190925,261.6,263.9,242,247.4,100333
APLAPOLLO,20190925,1439.9,1439.9,1382.05,1391.4,12831
APLLTD,20190925,533.05,535.5,513.35,517.35,12732
APOLLO,20190925,87,87,82.1,82.95,12303
APOLLOHOSP,20190925,1456,1457.45,1417.75,1427.55,274220
APOLLOTYRE,20190925,186,187.5,181.9,184.95,3128869
APOLSINHOT,20190925,864,864,847.05,850.6,453
APTECHT,20190925,156.9,157,148,150.5,195088
ARCHIDPLY,20190925,31.75,31.75,28.35,30.5,33446
ARCHIES,20190925,20.9,21,20,20.6,42981
ARCOTECH,20190925,2.2,2.25,2.15,2.15,21061
ARIES,20190925,66.75,67,64.05,64.8,17023
ARIHANT,20190925,18.3,19.6,17.8,18.45,287
ARIHANTSUP,20190925,41.95,46,41.9,41.9,17410
ARMANFIN,20190925,549.8,549.8,507.95,521.85,8833
AROGRANITE,20190925,44.05,44.1,41.9,42.2,5911
ARROWGREEN,20190925,59.1,63.8,59.1,60.8,7650
ARROWTEX,20190925,10.55,10.95,10.2,10.35,4296
ARSHIYA,20190925,23.95,23.95,20.85,21.15,100790
ARSSINFRA,20190925,27.7,27.7,25.6,26.65,9489
ARVIND,20190925,55.35,55.35,50,51.15,5169872
ARVINDFASN,20190925,470.15,470.15,451.45,456.95,31239
ARVSMART,20190925,89,90.2,87,87.7,4495
ASAHIINDIA,20190925,194.25,194.25,188,191.4,19385
ASAHISONG,20190925,135,136.2,132.05,133,1629
ASAL,20190925,38,38.95,36.7,37.8,7909
ASHAPURMIN,20190925,26.7,27.2,25.55,26.3,33277
ASHIANA,20190925,106.55,109,106.55,107.5,15751
ASHIMASYN,20190925,8.7,9.85,8.65,8.9,76767
ASHOKA,20190925,110,110,100.9,104.35,462833
ASHOKLEY,20190925,74.75,75.45,70.3,70.75,48548458
ASIANHOTNR,20190925,105.6,112.95,103,106.55,2239
ASIANPAINT,20190925,1784,1784,1728.25,1751.8,1794074
ASIANTILES,20190925,244.6,244.6,238.6,240.75,51452
ASPINWALL,20190925,140.3,140.3,135,137.95,164
ASSAMCO,20190925,0.65,0.65,0.6,0.6,141536
ASTEC,20190925,382.5,395.95,382.5,388.85,6559
ASTERDM,20190925,127.9,129,123,123.85,135616
ASTRAL,20190925,1174.45,1199.7,1143,1181.65,62823
ASTRAMICRO,20190925,81.9,84.8,79.55,81.1,76714
ASTRAZEN,20190925,2219.65,2246.95,2136,2147.7,9927
ASTRON,20190925,112.4,113.7,109.15,110.6,368046
ATFL,20190925,508.05,509,498,503,1702
ATLANTA,20190925,9.55,9.55,9.15,9.4,24894
ATUL,20190925,3964.9,4042,3948.1,3991.25,11317
ATULAUTO,20190925,239.9,239.9,222.25,228.9,11863
AUBANK,20190925,669.95,669.95,614.1,644.05,5236125
AURIONPRO,20190925,102.7,107.35,99.6,105.9,37486
AUROPHARMA,20190925,617.6,617.8,595,602.2,1954169
AUSOMENT,20190925,30.75,30.75,28.75,29.75,492
AUTOAXLES,20190925,946,953.7,892,937.3,17225
AUTOIND,20190925,40,40,38.75,39.05,2961
AUTOLITIND,20190925,23.75,25.95,23.75,24.45,6857
AVADHSUGAR,20190925,268.7,294.7,266.45,283.9,281520
AVANTIFEED,20190925,382.9,386.55,362,377,514959
AVTNPL,20190925,23.75,24,22.8,23.25,34361
AXISBANK,20190925,702,703.45,683.65,694.95,17058681
AXISCADES,20190925,80,82.05,79.05,80,128330
AXISGOLD,20190925,3332.9,3348.95,3325.15,3340.5,342
AXISNIFTY,20190925,1179.03,1189.99,1172.46,1173.43,311
AYMSYNTEX,20190925,33.6,34.4,31.65,33.85,15808
BAGFILMS,20190925,1.75,1.75,1.65,1.7,484649
BAJAJ-AUTO,20190925,2940,2965,2910,2941,439376
BAJAJCON,20190925,258.7,258.7,246.75,248.55,62458
BAJAJELEC,20190925,408.8,408.8,395,400,58978
BAJAJFINSV,20190925,8221,8374.95,8160.8,8255.6,474853
BAJAJHIND,20190925,7.2,7.25,6.95,7.05,1190592
BAJAJHLDNG,20190925,3680,3680,3476,3501.75,26257
BAJFINANCE,20190925,3960,3998.9,3890,3930.9,2414729
BALAJITELE,20190925,55.9,55.9,55.1,55.4,18769
BALAMINES,20190925,316,331,315.2,319.25,79933
BALAXI,20190925,98,98.45,91.55,97.95,375
BALKRISHNA,20190925,28.45,30.5,28.3,29.7,39361
BALKRISIND,20190925,789.9,798.1,773.6,778.95,269354
BALLARPUR,20190925,0.55,0.6,0.5,0.55,1701389
BALMLAWRIE,20190925,172,173.6,165,166.15,109574
BALPHARMA,20190925,43,43,39,40,10529
BALRAMCHIN,20190925,167.9,173.9,166.3,171.45,2681732
BANARBEADS,20190925,39.9,40.5,39.9,40,925
BANARISUG,20190925,1229,1250,1206.15,1231.4,127
BANCOINDIA,20190925,105.85,107.8,101.6,103.7,62767
BANDHANBNK,20190925,500,503.8,488,489.6,416150
BANG,20190925,29.2,29.7,28.6,28.75,6708
BANKBARODA,20190925,98.15,98.4,93,93.5,23376094
BANKBEES,20190925,3080,3080,3010.1,3017.75,13660
BANKINDIA,20190925,70.4,70.4,65.7,66.45,10350823
BANSWRAS,20190925,75.7,78.95,73.7,76.65,7682
BARTRONICS,20190925,2.25,2.25,2.1,2.1,2554
BASF,20190925,1061,1062.05,1020,1023.15,17948
BASML,20190925,141,148.9,136,139.45,3639
BATAINDIA,20190925,1705,1720.5,1701.1,1706,482046
BAYERCROP,20190925,3400,3400,3340,3362.45,2032
BBL,20190925,988.95,994.8,948,951.1,4172
BBTC,20190925,1234,1285,1215.5,1226.25,268203
BCG,20190925,3.55,3.6,3.4,3.45,258768
BCP,20190925,9.8,9.95,9.65,9.8,18969
BDL,20190925,314,319,309,310.6,67895
BEARDSELL,20190925,11,11,10.7,11,313
BEDMUTHA,20190925,12.15,12.2,12.1,12.2,1466
BEL,20190925,111.5,111.55,107.9,108.95,6184376
BEML,20190925,945,950,893.75,907.55,817479
BEPL,20190925,63.7,65.9,62.65,63.8,559417
BERGEPAINT,20190925,427,429.15,421,423.85,1411199
BFINVEST,20190925,284.7,286.7,275.4,278.15,36775
BFUTILITIE,20190925,184.4,186.5,175.15,179.75,423655
BGLOBAL,20190925,1.6,1.6,1.5,1.5,3825
BGRENERGY,20190925,37.15,38.1,35.55,36.35,80899
BHAGERIA,20190925,124.9,124.9,117.5,119.25,13065
BHAGYANGR,20190925,20,20.35,19.55,20.1,1220
BHAGYAPROP,20190925,20.5,22.4,20.25,21.25,202
BHANDARI,20190925,1.25,1.25,1.2,1.25,58237
BHARATFORG,20190925,458.5,459.1,436.7,442.3,1587444
BHARATGEAR,20190925,74.25,74.25,70.6,71.9,8760
BHARATRAS,20190925,5742.95,6184.95,5742.95,5948.15,6770
BHARATWIRE,20190925,29.7,30.1,29,29.25,4453
BHARTIARTL,20190925,349.05,350.95,338,341.65,4610586
BHEL,20190925,51.9,51.9,49.9,50.15,15774906
BIGBLOC,20190925,27,27.45,25,25.9,1498
BIL,20190925,198.6,210,194,197.3,1681
BILENERGY,20190925,1.05,1.05,1.05,1.05,88081
BINDALAGRO,20190925,11.9,11.9,10.7,11.15,10764
BIOCON,20190925,224.95,225.5,216.5,218.25,4216139
BIOFILCHEM,20190925,4.95,4.95,4.6,4.9,724
BIRLACABLE,20190925,56.6,56.6,54.6,55.25,55911
BIRLACORPN,20190925,607,617.95,586,595.75,34064
BIRLAMONEY,20190925,42.7,43,38.1,39.35,238316
BKMINDST,20190925,1.05,1.05,0.95,1,15070
BLBLIMITED,20190925,3.15,3.25,3.1,3.2,11415
BLISSGVS,20190925,107.15,107.15,101,103.1,181477
BLKASHYAP,20190925,11.3,11.3,10.45,10.45,66317
BLS,20190925,84.1,84.25,79.9,80.1,25128
BLUECOAST,20190925,2.9,2.9,2.85,2.9,414
BLUEDART,20190925,2351.2,2378.25,2299,2326.85,4926
BLUESTARCO,20190925,789.95,793.9,762.05,770.35,24393
BODALCHEM,20190925,86,87,82.4,84.2,239513
BOMDYEING,20190925,88.8,89.9,85.5,86.1,1680268
BOROSIL,20190925,184.05,185.8,175,176.7,132583
BOSCHLTD,20190925,14600,14637.1,13831.1,14082.4,23616
BPCL,20190925,458,473.4,448.45,465.2,33159147
BPL,20190925,20.9,21.05,20,20.2,97977
BRFL,20190925,5.75,6.35,5.75,5.75,96636
BRIGADE,20190925,197.1,198.95,191.3,193.85,63216
BRITANNIA,20190925,3079.95,3090.3,3001,3036,582998
BRNL,20190925,69.65,71.5,68.3,69.7,50794
BROOKS,20190925,37.6,38.8,36.5,36.65,14641
BSE,20190925,557,565.5,554.1,563.05,328274
BSELINFRA,20190925,1.05,1.05,1.05,1.05,11306
BSL,20190925,30.15,31.85,30.15,30.55,1357
BSLGOLDETF,20190925,3471.05,3549,3461,3505.55,113
BSLNIFTY,20190925,125.4,125.55,124.13,124.13,171
BSOFT,20190925,73.8,73.8,68.95,70.05,1207608
BURNPUR,20190925,1.5,1.55,1.5,1.55,8798
BUTTERFLY,20190925,166.35,166.4,161,161.85,12188
BVCL,20190925,14.4,14.4,13.1,13.1,10976
BYKE,20190925,23.9,24.5,23,23.45,33053
CADILAHC,20190925,251.15,252.5,245.65,249.1,1275169
CALSOFT,20190925,13.1,13.1,12.2,12.25,35160
CAMLINFINE,20190925,59.9,61,57.7,58.1,63114
CANBK,20190925,202,202,190.4,191.75,8344926
CANFINHOME,20190925,417.45,424.7,410,412.1,411168
CANTABIL,20190925,242.5,242.5,238.8,240.45,12047
CAPACITE,20190925,211.9,212.8,206,206.8,32162
CAPLIPOINT,20190925,422,427.85,418.6,423.1,12363
CAPTRUST,20190925,150,161.45,146.15,159.25,1451
CARBORUNIV,20190925,327.7,327.7,301.4,305.65,85317
CAREERP,20190925,94.85,94.85,91.3,92.6,19076
CARERATING,20190925,534.5,542,524,529.9,30674
CASTEXTECH,20190925,0.5,0.5,0.45,0.45,133064
CASTROLIND,20190925,134.6,134.7,131.1,132.05,1399381
CCHHL,20190925,4.4,4.45,4.15,4.3,16527
CCL,20190925,241.25,243.5,232.2,232.95,95376
CDSL,20190925,210,212.8,203.05,205.75,225093
CEATLTD,20190925,980,981.9,957.05,965.7,133227
CEBBCO,20190925,16.7,16.75,15.7,15.8,31965
CELEBRITY,20190925,6.9,7.1,6.8,7,2129
CELESTIAL,20190925,3.95,4,3.85,3.9,3500
CENTENKA,20190925,188,190.5,183.2,186.95,26922
CENTEXT,20190925,3.15,3.15,2.95,2.95,19456
CENTRALBK,20190925,19.8,19.9,19.45,19.55,365683
CENTRUM,20190925,24.7,24.7,23.9,24.45,99530
CENTUM,20190925,433,456.4,430.6,442.6,7325
CENTURYPLY,20190925,149.95,155.45,149.9,154.8,1604427
CENTURYTEX,20190925,948.4,952.95,908,919.5,688306
CERA,20190925,2790,2790,2665,2696.9,5688
CEREBRAINT,20190925,24.65,24.65,23.75,23.95,166469
CESC,20190925,796,799.85,768.2,772,596881
CESCVENT,20190925,376.35,400,376.25,395.8,22106
CGCL,20190925,195.9,205,193.5,198,477610
CGPOWER,20190925,15.25,15.25,14.55,15.25,3075857
CHALET,20190925,320.65,328,317.65,322.05,4637
CHAMBLFERT,20190925,167.1,167.6,159.05,160.15,247110
CHEMFAB,20190925,184.65,184.65,178,178,1931
CHENNPETRO,20190925,172.9,172.9,161.05,164.05,226469
CHOLAFIN,20190925,304.45,305.5,294.05,296.05,1889525
CHOLAHLDNG,20190925,489.95,494.6,473.15,485.4,22639
CHROMATIC,20190925,0.6,0.6,0.55,0.55,1010
CIGNITITEC,20190925,300,300,289,291.9,12451
CIMMCO,20190925,26.25,26.25,23.3,23.6,37516
CINELINE,20190925,39.65,39.65,36.55,36.95,19410
CINEVISTA,20190925,10.65,10.65,9.75,10.65,64735
CIPLA,20190925,449.9,450,432.2,434.6,3524655
CKFSL,20190925,0.65,0.75,0.65,0.7,568711
CLEDUCATE,20190925,78,78,76.3,76.75,1494
CLNINDIA,20190925,313.8,314.05,302.1,304.4,14799
CMICABLES,20190925,69,69,65.25,65.9,7034
CNOVAPETRO,20190925,9.45,9.5,8.55,8.8,111
COALINDIA,20190925,193,198.7,191.15,192.6,6873148
COCHINSHIP,20190925,352.05,352.25,343,344,40810
COFFEEDAY,20190925,56,56,56,56,131008
COLPAL,20190925,1516.45,1516.45,1474.1,1486.95,499631
COMPINFO,20190925,11.5,11.8,11,11.25,89162
COMPUSOFT,20190925,8.9,9.2,8.9,8.95,38466
CONCOR,20190925,579.95,617.5,557.05,600.2,4015631
CONFIPET,20190925,33.95,33.95,31.55,31.65,164405
CONSOFINVT,20190925,39,40.95,38.6,39.05,734
CONTROLPR,20190925,245,248.2,239,241.65,2605
CORALFINAC,20190925,11.15,11.5,10.8,11.1,1369
CORDSCABLE,20190925,48.1,49.5,47.7,48.2,63202
COROMANDEL,20190925,421.3,423.75,408.65,412.6,100221
CORPBANK,20190925,16.45,16.55,16.05,16.1,180358
COSMOFILMS,20190925,213,219.4,213,213.95,7583
COUNCODOS,20190925,2,2,2,2,140
COX&KINGS,20190925,3.65,3.95,3.65,3.8,5563429
CPSEETF,20190925,23.79,23.88,23.41,23.45,7106733
CREDITACC,20190925,662.7,682.8,651.1,670.05,143621
CREST,20190925,101,106,98.2,98.45,2214
CRISIL,20190925,1321,1344,1310,1325.2,25952
CRMFGETF,20190925,3525,3545,3402,3432.85,38
CROMPTON,20190925,261.3,262.95,259.55,260.1,399260
CTE,20190925,30.15,30.95,29.9,30.3,15288
CUB,20190925,222,227,220,222.4,1247206
CUBEXTUB,20190925,12,12.4,11.4,11.45,1405
CUMMINSIND,20190925,612,613.85,590.05,592.7,756476
CUPID,20190925,140.05,142.35,138.3,138.85,18210
CYBERTECH,20190925,54.55,56.9,54.1,54.35,18518
CYIENT,20190925,466.1,472.4,444.9,447.4,159977
DAAWAT,20190925,28.05,29,27.55,27.85,530954
DABUR,20190925,452,453.3,441.95,445.55,1691954
DALBHARAT,20190925,840.5,846.7,790.05,798.3,148094
DALMIASUG,20190925,89.25,94.5,89,90.6,302839
DAMODARIND,20190925,32.15,33.7,30.35,31.75,131257
DATAMATICS,20190925,85.9,85.9,77.05,78.3,55822
DBCORP,20190925,145.25,149,142.3,146.15,34076
DBL,20190925,438,452,430.55,439.95,331749
DBREALTY,20190925,8.3,8.55,7.9,8.35,172069
DCAL,20190925,177.4,178.2,170,172.15,67498
DCBBANK,20190925,210.35,211.2,204,209.95,451323
DCM,20190925,27,27.9,26.1,26.3,2927
DCMFINSERV,20190925,0.9,0.9,0.9,0.9,300
DCMNVL,20190925,33,33.5,30,31,2767
DCMSHRIRAM,20190925,410.3,424,409.05,417.4,131924
DCW,20190925,18.4,19,17.9,18,242717
DECCANCE,20190925,390.2,398,365.55,372.45,15665
DEEPAKFERT,20190925,108.5,112.8,103.5,105.9,1105490
DEEPAKNTR,20190925,301.7,303.25,294.5,297.8,150223
DEEPIND,20190925,108.05,108.05,104,105.35,9088
DELTACORP,20190925,196,197.8,188,189.8,731702
DELTAMAGNT,20190925,42.35,42.35,40,40.15,14
DEN,20190925,58,59.45,56.5,56.5,31573
DENORA,20190925,220.3,225,219.35,221,1462
DFMFOODS,20190925,246.1,248.75,245,247.9,31294
DGCONTENT,20190925,6.15,6.15,5.85,5.95,33792
DHAMPURSUG,20190925,219.1,228.7,217,224,1018187
DHANBANK,20190925,15,15.25,15,15.15,99049
DHANUKA,20190925,335,335,318,320.35,14351
DHARSUGAR,20190925,8.4,8.7,8.15,8.4,7268
DHFL,20190925,45.5,49.3,45.3,47.15,32355139
DHUNINV,20190925,209.05,212.45,206,206.55,572
DIAMONDYD,20190925,849.75,898,849.75,875.3,2925
DICIND,20190925,323.05,338.85,311.55,331.8,1074
DIGISPICE,20190925,6.25,6.25,5.7,5.8,3400
DISHTV,20190925,21.5,21.95,18.4,19.7,36810419
DIVISLAB,20190925,1620.15,1653.2,1620.15,1633.45,450237
DIXON,20190925,2811,2850.05,2750,2823.35,5658
DLF,20190925,166.8,167.45,152.5,155.75,15184200
DLINKINDIA,20190925,93.25,95.7,91.5,91.85,13987
DMART,20190925,1830,1927.7,1830,1902.2,725716
DNAMEDIA,20190925,0.4,0.4,0.35,0.4,1873
DOLAT,20190925,48.15,49.95,47.55,47.7,45151
DOLLAR,20190925,200,224.7,199.05,213.85,25245
DONEAR,20190925,31.3,31.55,30.1,31.1,13382
DPSCLTD,20190925,11,11,10,10,30738
DQE,20190925,2.8,2.95,2.8,2.85,6297
DREDGECORP,20190925,344.4,354.4,341.25,344.65,227152
DRREDDY,20190925,2750.15,2784,2750.15,2773.35,491430
DSSL,20190925,27.2,27.9,26.2,27.05,3270
DTIL,20190925,170.1,174,163.05,166.55,2451
DUCON,20190925,6,6.4,5.85,5.95,102596
DVL,20190925,72.5,74.6,68.5,69.1,9689
DWARKESH,20190925,26.2,27.15,25.6,25.75,1238226
DYNAMATECH,20190925,1318,1334.1,1251,1290.4,2100
DYNPRO,20190925,127.2,127.2,121.65,123.9,4452
EASTSILK,20190925,0.75,0.75,0.7,0.7,2475
EBANK,20190925,3280.04,3295,3275,3283.88,11
ECLERX,20190925,459.9,465,440,444.1,35510
EDELWEISS,20190925,115.05,115.95,107.4,108.35,2881901
EICHERMOT,20190925,18350,18524,17405,17600.1,208549
EIDPARRY,20190925,167.75,171.85,164.3,166.1,467860
EIHAHOTELS,20190925,347,351,341.3,344.85,1701
EIHOTEL,20190925,183.25,183.9,173.6,177,134595
EIMCOELECO,20190925,290.5,315,290.5,297.05,246
EKC,20190925,28.15,28.3,26.5,26.7,161388
ELECON,20190925,35.05,37.8,35.05,36.7,238786
ELECTCAST,20190925,15.65,16,15.5,15.8,25416
ELECTHERM,20190925,154.7,157,150.1,150.1,7692
ELGIEQUIP,20190925,280,280,272.15,278.5,147330
ELGIRUBCO,20190925,16.55,17.6,16.55,17.25,3166
EMAMILTD,20190925,334,334,320.5,329.8,350807
EMAMIPAP,20190925,97,100,92.15,92.3,5542
EMAMIREAL,20190925,51.45,54.75,51.45,51.65,23230
EMCO,20190925,1,1,0.9,0.95,21748
EMKAY,20190925,82,82,74.25,76,23127
EMMBI,20190925,131.1,133,126,130.25,6421
ENDURANCE,20190925,999.9,1039.25,982.3,998.9,32232
ENERGYDEV,20190925,6.45,6.5,5.95,6.2,20112
ENGINERSIN,20190925,111,114.3,108.4,109.9,2512329
ENIL,20190925,351,364.85,341,343.8,2745
EON,20190925,15.3,15.75,15.1,15.3,7702
EQ30,20190925,320,320,291.25,319,63
EQUITAS,20190925,103,104.2,99.7,101.8,3639385
ERIS,20190925,442.25,445.75,412.25,423.5,146919
EROSMEDIA,20190925,17.75,19.05,17.75,18,244907
ESABINDIA,20190925,1199.9,1221.5,1174,1180.7,2893
ESCORTS,20190925,602.1,604.7,578.15,587.6,4001027
ESSARSHPNG,20190925,8,8.5,7.85,8.2,3337
ESSELPACK,20190925,112.25,116.05,112.2,115.2,71547
ESTER,20190925,33.25,34.7,32.2,32.7,22117
EVEREADY,20190925,49.1,50,47.7,47.7,196230
EVERESTIND,20190925,361,361.05,345.3,346.7,23703
EXCEL,20190925,0.95,0.95,0.95,0.95,3689
EXCELINDUS,20190925,925,925.9,901.2,922,6505
EXIDEIND,20190925,196,196,188.35,189.95,4101021
EXPLEOSOL,20190925,315.05,322,315,318.75,4904
FACT,20190925,42.1,42.45,40.05,40.5,217782
FAIRCHEM,20190925,519.95,536.8,495.05,496.05,4530
FCL,20190925,29.7,30.7,28.4,29.15,127892
FCONSUMER,20190925,30.5,30.5,29.15,29.4,640949
FCSSOFT,20190925,0.25,0.3,0.2,0.25,479071
FDC,20190925,175.75,177,173.5,174.95,6587
FEDERALBNK,20190925,93.1,94.25,91.6,92.1,8348656
FEL,20190925,22.9,22.9,21.85,22,105374
FELDVR,20190925,22.5,22.8,21.15,21.9,3299
FIEMIND,20190925,363.9,363.9,345.5,349,11445
FILATEX,20190925,38.85,39,37.7,38.05,225398
FINCABLES,20190925,422,433.7,392.25,401.6,198418
FINEORG,20190925,1638.6,1790,1634.1,1761.15,96226
FINPIPE,20190925,600.3,600.3,572.1,575.55,22489
FLEXITUFF,20190925,10.85,10.85,10.85,10.85,2635
FLFL,20190925,461.8,462,451.3,456.75,6714
FMGOETZE,20190925,559.9,561.05,540.05,546,11114
FMNL,20190925,29.2,30.85,29.1,29.2,6601
FORCEMOT,20190925,1215.8,1215.8,1171.65,1178.85,17576
FORTIS,20190925,136,136,130,130.45,621176
FOSECOIND,20190925,1283.4,1324.35,1281,1294.75,676
FRETAIL,20190925,398.9,401.9,390.55,393.25,56084
FSC,20190925,534,536.15,511,514.35,3833
FSL,20190925,51.65,51.85,50,50.2,1538329
GABRIEL,20190925,117,117,110.65,112.15,65754
GAEL,20190925,169,170,160.3,164,29491
GAIL,20190925,138.55,138.55,134.2,136.45,6757199
GAL,20190925,3,3,2.85,2.95,8793
GALAXYSURF,20190925,1455,1520,1419,1471.65,31267
GALLANTT,20190925,29.8,30.6,28.85,28.85,7678
GALLISPAT,20190925,22.15,22.6,22.15,22.55,2086
GAMMNINFRA,20190925,0.35,0.35,0.25,0.3,853378
GANDHITUBE,20190925,315,325,315,323.15,4451
GANECOS,20190925,253.05,260,250,252.25,2123
GANESHHOUC,20190925,42.5,42.8,40.05,40.35,20974
GANGESSECU,20190925,37.3,43.55,36.5,37.55,998
GARDENSILK,20190925,12.15,12.35,11.35,11.4,10824
GARFIBRES,20190925,1190.1,1230,1150,1153.7,9938
GATI,20190925,52.55,56.2,52,55.6,2473471
GAYAHWS,20190925,0.3,0.3,0.25,0.25,600792
GAYAPROJ,20190925,112,112,105.9,106.25,47089
GDL,20190925,111.75,112.05,106,106.65,43907
GEECEE,20190925,97.05,98,91.95,93.95,3172
GENESYS,20190925,82,83.55,79.8,81,11112
GENUSPAPER,20190925,6.85,6.85,6.6,6.65,73454
GENUSPOWER,20190925,24,24.2,23.15,23.8,256728
GEOJITFSL,20190925,31.6,31.6,29.5,29.55,144285
GEPIL,20190925,811.75,826.6,803.75,815.7,3799
GESHIP,20190925,268,273.5,263.95,270.85,71062
GET&D,20190925,177.35,177.35,169,172.5,22260
GFLLIMITED,20190925,91.55,91.55,91.55,91.55,68980
GFSTEELS,20190925,3.6,3.6,3.6,3.6,4382
GHCL,20190925,222.8,224.5,215.35,217.85,95466
GICHSGFIN,20190925,162.8,162.8,152,152.9,142118
GICRE,20190925,197.4,201,190.05,197.2,122967
GILLANDERS,20190925,29.75,30,29.1,29.1,405
GILLETTE,20190925,7198.95,7198.95,7100,7126.85,12416
GINNIFILA,20190925,9.85,10,9.5,9.55,36019
GIPCL,20190925,71.65,72.7,70.15,70.85,128389
GKWLIMITED,20190925,713.6,738.95,705.05,720.7,227
GLAXO,20190925,1458.5,1466,1430,1436.1,35070
GLENMARK,20190925,350.9,351,343,345.7,982888
GLOBALVECT,20190925,64.95,65.4,60.6,61.5,4667
GLOBOFFS,20190925,7,7,6.5,6.5,12204
GLOBUSSPR,20190925,136.95,140.75,131.4,133.05,41001
GMBREW,20190925,386,387.95,369,370.55,28951
GMDCLTD,20190925,66.7,68,65.35,65.6,128427
GMMPFAUDLR,20190925,1518.95,1518.95,1476.1,1498.75,2897
GMRINFRA,20190925,17.55,17.75,16.5,16.85,38810242
GNA,20190925,267.95,270.75,261,263.7,16103
GNFC,20190925,215.9,218.5,208,209.85,618133
GOACARBON,20190925,347.8,353.55,336.3,340,102004
GOCLCORP,20190925,322,331,312.25,314.3,31729
GODFRYPHLP,20190925,992.25,997,971,977.65,58296
GODREJAGRO,20190925,492.5,492.85,483,486.65,28429
GODREJCP,20190925,665,675.7,655,671.35,1624694
GODREJIND,20190925,423,427.7,416,417.4,61108
GODREJPROP,20190925,1016.4,1026.9,995,1012.5,223058
GOKEX,20190925,93.1,93.2,91.15,91.35,26918
GOKUL,20190925,16.85,16.95,16.15,16.25,9305
GOKULAGRO,20190925,17.45,17.5,16.65,16.85,29438
GOLDBEES,20190925,3325,3342,3299.95,3334.5,28453
GOLDENTOBC,20190925,31,31,29.45,29.55,790
GOLDIAM,20190925,121.75,130.65,121,125.25,155596
GOLDSHARE,20190925,3360.15,3399.5,3360.15,3389.65,1120
GOLDTECH,20190925,10.15,10.75,10.15,10.5,7699
GOODLUCK,20190925,58.55,59.8,54.5,56.75,31844
GPIL,20190925,157,160,153.5,154.75,40692
GPPL,20190925,89.1,89.1,84.7,85.15,75322
GPTINFRA,20190925,42.5,42.5,38.3,39,963
GRANULES,20190925,103.15,104,100.1,101.75,278607
GRAPHITE,20190925,348.6,354.85,336.05,342.8,1621140
GRASIM,20190925,742.25,744.75,718.3,724.15,1352479
GRAVITA,20190925,46.5,47.7,45.35,46.7,22795
GREAVESCOT,20190925,146.9,147.7,141.25,143.45,231820
GREENLAM,20190925,874.95,874.95,817.45,863.5,3055
GREENPLY,20190925,156.45,164,156.45,162.05,636027
GREENPOWER,20190925,2.55,2.55,2.4,2.4,134286
GRINDWELL,20190925,636.75,636.75,605,607.55,18062
GROBTEA,20190925,303,312,282,296.6,236
GRPLTD,20190925,890.05,950,890.05,945.6,126
GRSE,20190925,176.5,190,171.8,177.25,1423679
GRUH,20190925,264.2,269.05,260.45,263.95,695423
GSCLCEMENT,20190925,18.05,18.45,18.05,18.25,2400
GSFC,20190925,86,87.25,82.3,82.8,1144593
GSKCONS,20190925,8760.5,8830,8631.05,8780.75,6796
GSPL,20190925,221,221,215.15,217.4,1342813
GSS,20190925,35.25,36.55,34.05,34.65,23932
GTL,20190925,2.55,2.55,2.45,2.45,11583
GTLINFRA,20190925,0.65,0.7,0.6,0.7,760521
GTNIND,20190925,7.8,8.15,7.5,7.75,543
GTNTEX,20190925,8,8.25,7.95,8,70
GTPL,20190925,71.5,71.5,70,70.3,11026
GUFICBIO,20190925,74,74,70.8,72,23774
GUJALKALI,20190925,480,480,466.1,468.65,39408
GUJAPOLLO,20190925,154.85,157.05,145.9,146,1096
GUJGASLTD,20190925,176.1,181,174,175.6,205015
GUJRAFFIA,20190925,8.5,8.5,8.5,8.5,20
GULFOILLUB,20190925,865.05,874.5,862,867.95,2568
GULFPETRO,20190925,41.05,41.85,37.5,38.1,24335
GULPOLY,20190925,50.7,50.7,48,49,2309
GVKPIL,20190925,4.3,4.45,4.25,4.3,1533441
HAL,20190925,743.9,748.7,743.55,745.95,10167
HARITASEAT,20190925,421.1,432.6,415.55,419.85,1565
HARRMALAYA,20190925,58.4,59.6,55.1,55.65,77251
HATHWAY,20190925,22.25,22.9,22,22.6,336422
HATSUN,20190925,643.95,643.95,620,631.55,1943
HAVELLS,20190925,751,751.05,726.1,730.4,1311185
HAVISHA,20190925,0.65,0.65,0.6,0.6,7649
HBLPOWER,20190925,21,21.1,19.1,19.85,277735
HBSL,20190925,6.85,7.2,6.85,7.2,1315
HCC,20190925,9.15,9.25,8.9,9,543485
HCG,20190925,115,115.85,108,110,3760
HCL-INSYS,20190925,8.55,8.55,8.05,8.15,626148
HCLTECH,20190925,1049.5,1062,1044.2,1053.85,2156410
HDFC,20190925,2127.05,2127.05,2050.25,2069.95,6966228
HDFCAMC,20190925,2922,2922,2850,2866,188914
HDFCBANK,20190925,1249.9,1249.9,1230.1,1239.7,7804488
HDFCLIFE,20190925,551.8,562.7,550.1,557.85,3790845
HDFCMFGETF,20190925,3430,3446.7,3422.05,3435.2,1177
HDFCNIFETF,20190925,1205,1207.93,1196,1199.76,762
HDFCSENETF,20190925,4025,4074.77,4025,4074,44
HDIL,20190925,4.6,4.7,4.6,4.6,893617
HEG,20190925,1206.8,1216,1150,1158.35,510549
HEIDELBERG,20190925,197.05,197.75,191.65,193,337822
HERCULES,20190925,91.8,92.9,88,91.75,10463
HERITGFOOD,20190925,390,398,386,387.45,12619
HEROMOTOCO,20190925,2750,2750,2646.6,2704.25,1063692
HESTERBIO,20190925,2030,2030,1851,1876.05,21679
HEXATRADEX,20190925,5.05,5.05,5.05,5.05,67432
HEXAWARE,20190925,383.95,385.8,370.25,373.5,862591
HFCL,20190925,19.1,19.1,18.7,18.85,811296
HGINFRA,20190925,197,200.05,193.2,196.45,42347
HGS,20190925,587,600,586,594,17225
HIKAL,20190925,155.9,157.55,151.25,152.55,163139
HIL,20190925,1393.9,1393.9,1340.3,1349.55,11911
HILTON,20190925,10.75,10.75,9.5,9.9,1710
HIMATSEIDE,20190925,152.7,152.7,147.15,147.8,43324
HINDALCO,20190925,196.1,196.6,188.9,189.9,7163444
HINDCOMPOS,20190925,184.75,193.3,179,187.65,3411
HINDCOPPER,20190925,37.55,38,36.4,36.7,557783
HINDMOTORS,20190925,6.35,6.6,6.35,6.4,55211
HINDNATGLS,20190925,36.25,36.25,36.25,36.25,70
HINDOILEXP,20190925,102.25,104,100.35,101.9,85172
HINDPETRO,20190925,284.45,288.75,278.05,285.4,8473780
HINDUJAVEN,20190925,348.95,348.95,336.95,339.75,1013
HINDUNILVR,20190925,2041,2062.45,2011.85,2051.5,1874109
HINDZINC,20190925,210.5,210.5,201,201.65,921011
HIRECT,20190925,148.55,152,144,149.95,9290
HISARMETAL,20190925,52.5,52.5,50.05,51.45,1583
HITECH,20190925,185,185,177,177.5,11637
HITECHCORP,20190925,89.4,91,86.25,88.45,4365
HITECHGEAR,20190925,178.55,182.05,175,178.6,3240
HMVL,20190925,77,79.4,76.05,78.35,3804
HNDFDS,20190925,509.25,510,496,497.05,2157
HONAUT,20190925,27699.75,28230,27316.15,27908.55,12948
HONDAPOWER,20190925,1116,1116,1062.6,1072.3,1548
HOTELEELA,20190925,7.8,7.8,7.45,7.5,118579
HOVS,20190925,80.85,80.85,77.4,77.8,3081
HPL,20190925,44.5,46.85,44.5,45,13416
HSCL,20190925,87.75,87.8,83,84.3,490890
HSIL,20190925,46.35,46.8,44.5,44.75,326377
HTMEDIA,20190925,21.8,21.8,21.3,21.4,84456
HUBTOWN,20190925,15.25,15.9,15.2,15.55,32610
HUDCO,20190925,37.85,38.15,36.6,36.85,779516
IBMFNIFTY,20190925,111.26,111.26,109.45,109.82,474
IBREALEST,20190925,59.55,59.7,56.15,57.25,2978741
IBULHSGFIN,20190925,426,433.8,419.3,423.9,11630282
IBULISL,20190925,123.75,136.75,123.75,136.75,428188
IBVENTURES,20190925,184.9,184.9,172.65,175.9,813144
ICICI500,20190925,155,155,151,151.38,129781
ICICIB22,20190925,35.49,35.49,34.7,34.78,147704
ICICIBANK,20190925,439.1,440.95,429.6,434.2,19987241
ICICIBANKN,20190925,307,307,292.7,295.68,1107
ICICIBANKP,20190925,166.7,167.26,161.7,166.4,13343
ICICIGI,20190925,1226,1227.5,1167.9,1172.3,596850
ICICIGOLD,20190925,31.7,37.9,31.7,34.35,18243
ICICILIQ,20190925,1000,1000,999.99,1000,20957
ICICILOVOL,20190925,95.5,95.7,86.77,92.54,15172
ICICIMCAP,20190925,66.5,67,62.91,63.2,20152
ICICINF100,20190925,124.43,125.01,123.63,123.63,794
ICICINIFTY,20190925,119.7,123,117.5,120.14,290150
ICICINV20,20190925,57,58,54.5,55.38,4709
ICICINXT50,20190925,29,29,27.5,27.74,74240
ICICIPRULI,20190925,427.5,436,424.55,433.25,2277358
ICICISENSX,20190925,412.27,414.11,410.1,411.42,230
ICIL,20190925,46.95,47.55,45.1,47.3,238686
ICRA,20190925,3048.05,3080,3000,3068.8,1436
IDBI,20190925,33.5,37.75,32.7,36.9,33991754
IDBIGOLD,20190925,3470,3525,3467.55,3497.15,44
IDEA,20190925,5.55,5.6,5.2,5.3,81683260
IDFC,20190925,37.8,38.7,37.5,37.6,1800587
IDFCFIRSTB,20190925,42.5,43.2,42.3,42.95,15191191
IDFNIFTYET,20190925,115.7,115.7,115,115,196
IEX,20190925,132.7,132.7,125.6,127.25,238004
IFBAGRO,20190925,395,402,388,389.15,3486
IFBIND,20190925,732.95,733.7,712.05,720.45,9548
IFCI,20190925,7.65,7.65,7.3,7.35,738308
IFGLEXPOR,20190925,176,176.05,170.2,173.65,1063
IGARASHI,20190925,200.9,200.9,192,192.55,13448
IGL,20190925,360,360.95,347.5,348.7,1719973
IGPL,20190925,181.3,182,173,175.4,16133
IIFL,20190925,117,117.15,113.55,115.85,84285
IIFLSEC,20190925,26.7,26.7,26.7,26.7,272034
IIFLWAM,20190925,1544.2,1544.2,1397.2,1404.95,132645
IITL,20190925,58,63,57,58,9398
IMFA,20190925,187,189.2,185.1,185.9,8624
IMPAL,20190925,917.4,935,908.8,909.75,885
IMPEXFERRO,20190925,0.3,0.3,0.3,0.3,26330
INDBANK,20190925,7.8,7.85,7.4,7.5,21360
INDHOTEL,20190925,158.9,159.5,154,154.95,444146
INDIACEM,20190925,84.55,85.7,83,84.25,1602072
INDIAGLYCO,20190925,242,253.7,241.1,242.25,162528
INDIAMART,20190925,1880,1970,1843.1,1875.45,113431
INDIANB,20190925,147.5,147.8,141,142.2,1128054
INDIANCARD,20190925,113,116.5,113,116.5,255
INDIANHUME,20190925,285.25,287.55,280.1,281.15,7349
INDIGO,20190925,1822.3,1830,1793,1803.55,632284
INDLMETER,20190925,18.7,19.3,18.55,18.6,618
INDNIPPON,20190925,360.1,361.95,350.5,354,1943
INDOCO,20190925,160.95,161.1,155,155.75,7516
INDORAMA,20190925,33,33.05,31.55,32.1,8271
INDOSTAR,20190925,241.9,241.9,230.5,233.75,24134
INDOTECH,20190925,98,103.9,94,95.4,27839
INDOTHAI,20190925,25,26.5,24,25.05,5829
INDOWIND,20190925,3.35,3.35,3.1,3.1,24305
INDRAMEDCO,20190925,38.05,38.5,37.4,37.9,31301
INDSWFTLAB,20190925,45,45.6,44.1,44.2,190628
INDSWFTLTD,20190925,6,6,5.6,5.65,26399
INDTERRAIN,20190925,89.05,90,85.5,87.8,4455
INDUSINDBK,20190925,1509,1521.05,1492.55,1503.9,5158518
INEOSSTYRO,20190925,640.95,644,633,640.3,2317
INFIBEAM,20190925,39.9,40.9,39.4,39.75,771846
INFOBEAN,20190925,82,82.9,70.1,73.2,50087
INFRABEES,20190925,329.21,329.21,327.88,329.11,21
INFRATEL,20190925,256.75,259.35,251.55,257.35,4004448
INFY,20190925,787.7,801,781.65,792.65,9313576
INGERRAND,20190925,636,636,621.1,630.2,10809
INOXLEISUR,20190925,321.8,327.3,319,326.05,89741
INOXWIND,20190925,36.55,37.5,33.1,34.9,195079
INSECTICID,20190925,623,623,608.85,612.5,3191
INSPIRISYS,20190925,48.05,51.5,46.7,47.15,4859
INTEGRA,20190925,0.15,0.2,0.15,0.2,2987
INTELLECT,20190925,195.4,197,186.5,187.9,282158
INTENTECH,20190925,32.9,34.45,31.15,33.7,11919
INVENTURE,20190925,13.5,13.55,12.6,13.05,18732
IOB,20190925,10.2,10.35,10,10.05,508732
IOC,20190925,138.25,142.8,137,140.7,15364520
IOLCP,20190925,185.05,187.75,178.75,182.7,176597
IPAPPM,20190925,431,438,422.85,431.05,22903
IPCALAB,20190925,963.9,963.9,925,930.6,83199
IRB,20190925,89.05,93.35,85.75,86.6,709920
IRCON,20190925,386.9,389,372,374.55,109999
ISEC,20190925,297,299.6,271,274.2,1900531
ISFT,20190925,88.5,93.2,86.05,87.05,773
ISMTLTD,20190925,4.6,4.6,4.15,4.15,39093
ITC,20190925,255.1,256.25,242.7,247.55,20597095
ITDC,20190925,246.1,260,238.7,256.6,106521
ITDCEM,20190925,53.7,57.8,51.6,52.05,940192
ITI,20190925,83.4,83.4,80.25,80.7,351564
IVC,20190925,3.4,3.55,3.4,3.45,57514
IVP,20190925,64.65,67.95,64.65,64.65,3
IVZINGOLD,20190925,3412,3421,3412,3421,16
IZMO,20190925,34,34.75,33,33.95,6205
J&KBANK,20190925,34.95,39,34.2,35.35,3621244
JAGRAN,20190925,65.9,65.9,64,64.25,72666
JAGSNPHARM,20190925,25.85,26.7,24.55,25.15,12093
JAIBALAJI,20190925,19.45,20.6,19.3,19.3,4934
JAICORPLTD,20190925,93,93.05,89.1,89.6,1177611
JAMNAAUTO,20190925,41.35,41.4,38.75,39.3,770678
JAYAGROGN,20190925,167.95,172,156.05,159.9,283120
JAYBARMARU,20190925,202.45,206.4,189.35,192.1,312686
JAYNECOIND,20190925,5,5,4.7,4.9,10312
JAYSREETEA,20190925,54,54.75,52.5,53.05,96200
JBCHEPHARM,20190925,372,376.6,353.1,358.95,127394
JBFIND,20190925,8.7,8.7,8.35,8.35,4872
JBMA,20190925,204,219,198.2,202.85,1074187
JCHAC,20190925,1860,1889.8,1840,1857.05,3314
JHS,20190925,18.2,18.4,17.6,17.8,32275
JIKIND,20190925,0.4,0.4,0.4,0.4,1
JINDALPHOT,20190925,17.6,17.65,16.25,16.5,2931
JINDALPOLY,20190925,240.15,245.5,238.35,241.25,17005
JINDALSAW,20190925,84.5,85.4,81.5,81.95,419159
JINDALSTEL,20190925,105.7,106.35,101.25,103.6,16083605
JINDCOT,20190925,2.5,2.5,2.3,2.3,12836
JINDRILL,20190925,83.1,85.75,81.55,83.8,4724
JINDWORLD,20190925,59.45,63.4,57.9,58.3,160609
JISLDVREQS,20190925,16.9,17.3,16.2,16.3,6750
JISLJALEQS,20190925,22.8,22.9,21.1,21.35,1454421
JITFINFRA,20190925,7.6,8,7.55,7.55,2535
JIYAECO,20190925,50.2,50.35,48.2,48.65,123496
JKCEMENT,20190925,1148,1148,1055.1,1070.2,201613
JKIL,20190925,137.25,139,133.3,134.6,389984
JKLAKSHMI,20190925,322.7,326.75,320,322.35,84023
JKPAPER,20190925,132.95,139.9,131.35,139.1,3513235
JKTYRE,20190925,73,73,70.3,71.05,486765
JMA,20190925,24,27.3,24,25,6412
JMCPROJECT,20190925,119.9,119.9,116.1,118.05,26273
JMFINANCIL,20190925,83,83.45,81,82.5,371932
JMTAUTOLTD,20190925,1.3,1.3,1.25,1.25,39532
JOCIL,20190925,85,94,82,91.35,682
JPASSOCIAT,20190925,2.15,2.15,2,2.05,5977376
JPINFRATEC,20190925,1.25,1.3,1.2,1.3,840056
JPOLYINVST,20190925,17.2,17.2,16.35,16.85,30
JPPOWER,20190925,1.75,1.8,1.7,1.7,478383
JSL,20190925,34.9,37.45,34.35,36.05,2012062
JSLHISAR,20190925,67.2,68.95,65.8,66.35,153554
JSWENERGY,20190925,64.35,65.7,63,63.6,1319250
JSWHL,20190925,2741.1,2805,2741.1,2801.15,485
JSWSTEEL,20190925,233.5,235.75,228.3,234.4,7594921
JTEKTINDIA,20190925,91.9,91.9,87.05,87.1,59612
JUBILANT,20190925,565,568.05,547.85,557.6,334190
JUBLFOOD,20190925,1455,1479.75,1440.05,1449.65,960321
JUBLINDS,20190925,117.45,117.5,108.5,114.45,18674
JUMPNET,20190925,59.2,59.2,57.75,58.2,1176357
JUNIORBEES,20190925,283.1,289.9,283.1,285.38,38353
JUSTDIAL,20190925,703,705.6,686.8,693.85,1064635
JYOTHYLAB,20190925,169,169,164.2,165.6,36544
KABRAEXTRU,20190925,68.3,69,66.05,66.85,14282
KAJARIACER,20190925,584.95,589.7,565.75,568,390547
KAKATCEM,20190925,179.05,184.95,174.05,174.85,11209
KALPATPOWR,20190925,507.35,513,491,497.9,104123
KALYANIFRG,20190925,166.05,173,166.05,167,46
KAMATHOTEL,20190925,41,41,38.25,38.85,86861
KAMDHENU,20190925,121.4,122.25,115.1,115.7,7700
KANANIIND,20190925,3.15,3.45,3.15,3.35,210
KANORICHEM,20190925,46.1,46.7,44.6,44.75,11163
KANSAINER,20190925,516,516.9,495.5,505.85,208385
KARDA,20190925,184.9,186.8,180.5,183.7,143872
KARMAENG,20190925,10.05,10.55,9.95,9.95,472
KARURVYSYA,20190925,58.5,59.4,58,58.95,488050
KAUSHALYA,20190925,0.35,0.4,0.35,0.4,2198
KAVVERITEL,20190925,2.6,2.6,2.6,2.6,1501
KAYA,20190925,376.2,383.5,367,376.8,13789
KCP,20190925,75.3,75.35,72.6,72.85,22354
KCPSUGIND,20190925,12.9,13.35,12.7,12.95,186952
KDDL,20190925,400.8,400.8,360.05,362.65,178
KEC,20190925,282.8,284.65,274.5,275.85,365878
KECL,20190925,9.95,9.95,9.55,9.65,19197
KEI,20190925,534,541.95,514,519.75,140163
KELLTONTEC,20190925,22.45,23.15,22.4,23.05,633170
KENNAMET,20190925,1100,1125,1076.05,1112.45,3578
KERNEX,20190925,25.5,27.1,25.5,26.25,7774
KESARENT,20190925,33.7,33.7,32.2,33.3,6337
KESORAMIND,20190925,57.5,57.5,54.4,54.75,147695
KGL,20190925,0.35,0.35,0.25,0.3,599068
KHADIM,20190925,244.95,244.95,228,229.95,17861
KHAITANLTD,20190925,20,20.3,20,20.3,141
KHANDSE,20190925,14.95,14.95,14.95,14.95,1
KICL,20190925,1727.55,1745.05,1675.75,1687.15,870
KILITCH,20190925,123,125,120,123.65,8434
KINGFA,20190925,667.4,668,645.95,656.35,2707
KIOCL,20190925,128.75,128.8,124.1,124.95,11322
KIRIINDUS,20190925,471,484,455,460.5,115424
KIRLOSBROS,20190925,162,163.7,159.45,161.95,5462
KIRLOSENG,20190925,194,195,185.5,187.65,17543
KIRLOSIND,20190925,766.95,766.95,653.6,681.1,1976
KITEX,20190925,94,99,91.3,97.55,71762
KKCL,20190925,1039.8,1039.8,982,994.45,443
KMSUGAR,20190925,7.7,7.7,7.15,7.2,66055
KNRCON,20190925,233.9,233.9,229,232.25,49867
KOHINOOR,20190925,14.1,14.7,14.1,14.45,5340
KOKUYOCMLN,20190925,74.9,74.9,70.6,70.9,17649
KOLTEPATIL,20190925,256.95,263.9,252,253.45,30509
KOPRAN,20190925,31.9,31.9,30.3,30.55,48473
KOTAKBANK,20190925,1617,1617,1580.5,1601.6,3567544
KOTAKBKETF,20190925,314.2,317,302.1,303.21,53030
KOTAKGOLD,20190925,335.1,337.45,335.1,336.65,16494
KOTAKNIFTY,20190925,118.55,119.95,118.55,118.88,84181
KOTAKNV20,20190925,56.5,56.5,56,56.2,8781
KOTAKPSUBK,20190925,247.7,247.7,236.5,236.95,7609
KOTARISUG,20190925,11.25,11.6,11.15,11.35,14082
KOTHARIPET,20190925,17.2,17.45,16.7,16.9,4280
KOTHARIPRO,20190925,65.55,66.5,63.05,63.9,2489
KPITTECH,20190925,94.6,95.5,93.25,94.65,264686
KPRMILL,20190925,579.35,579.35,557.3,571.1,10200
KRBL,20190925,230.7,234,220.15,222.55,135387
KREBSBIO,20190925,84.25,89.95,83.85,87.9,15872
KRIDHANINF,20190925,9.7,10.15,9.4,9.4,50283
KRISHANA,20190925,51.05,60.8,51.05,53.95,674
KSB,20190925,662.05,681.95,659,663.6,2618
KSCL,20190925,575,575,538,546.65,862049
KSERASERA,20190925,0.1,0.15,0.05,0.15,303542
KSK,20190925,0.55,0.6,0.5,0.55,437439
KSL,20190925,197,203,193.3,195.1,35402
KTIL,20190925,34.8,36.1,34.5,34.8,2774
KTKBANK,20190925,81.2,81.2,78.4,78.95,552518
KWALITY,20190925,1.6,1.65,1.6,1.6,379825
L&TFH,20190925,96.7,96.7,93.25,94.1,7593885
LAKSHVILAS,20190925,38.7,38.7,37.15,37.6,1006645
LALPATHLAB,20190925,1403.4,1406.95,1381.3,1390.4,28763
LAMBODHARA,20190925,33.9,33.9,30.6,30.8,5346
LAOPALA,20190925,184.05,186.25,180.05,183.5,40679
LASA,20190925,17.5,17.85,17.25,17.5,46357
LAURUSLABS,20190925,347,364.4,344,354.8,84080
LAXMIMACH,20190925,3894,3894,3761.2,3776.8,3023
LEMONTREE,20190925,58.95,58.95,57.3,58.55,1249458
LFIC,20190925,53.1,58.5,53.1,58.4,529
LGBBROSLTD,20190925,325,336.9,325,333.95,2080
LGBFORGE,20190925,2.7,2.7,2.5,2.6,12002
LIBAS,20190925,56.05,58.85,56.05,58,5
LIBERTSHOE,20190925,112.9,113.4,109.2,110.05,47307
LICHSGFIN,20190925,417.4,417.4,391.6,394.15,3727489
LICNETFGSC,20190925,20.27,20.69,20,20.24,761
LICNETFN50,20190925,119.3,132,119.01,126.9,118
LICNFNHGP,20190925,123,123.1,123,123,12
LINCOLN,20190925,169,172.2,166.3,169.3,14805
LINCPEN,20190925,190,199.95,185.05,191.5,732
LINDEINDIA,20190925,500.35,521,498,514.5,48407
LIQUIDBEES,20190925,999,1000.01,998.25,1000,1016938
LIQUIDETF,20190925,1000.01,1000.01,999.99,999.99,55893
LOKESHMACH,20190925,36.05,37.05,35.7,36.2,8142
LOTUSEYE,20190925,22.5,23.9,22.15,22.95,3561
LOVABLE,20190925,69.15,69.2,67,67.95,9750
LPDC,20190925,1.9,1.9,1.8,1.85,1961
LSIL,20190925,0.5,0.5,0.45,0.5,784697
LT,20190925,1480.9,1481.7,1446.65,1450.1,2746428
LTI,20190925,1485.9,1515,1465,1494.15,444863
LTTS,20190925,1569,1603,1553.2,1591.9,45974
LUMAXIND,20190925,1300.05,1320.45,1262,1271.6,1916
LUMAXTECH,20190925,95.45,95.45,89.1,89.35,9708
LUPIN,20190925,738.9,740,727.3,731.4,610227
LUXIND,20190925,1268,1279,1226.3,1269,53649
LYKALABS,20190925,18.85,19.2,18.05,18.05,12903
LYPSAGEMS,20190925,5.1,5.1,4.7,4.7,11313
M&M,20190925,558.7,558.7,528,534.7,5044376
M&MFIN,20190925,341,346.75,334.4,337.3,1527378
M100,20190925,18.48,18.48,17.05,17.15,98790
M50,20190925,114,114,111.33,111.49,1141
MAANALU,20190925,74.9,76.9,71,71.5,35234
MADHAV,20190925,29,29.4,28.5,28.6,4575
MADHUCON,20190925,4.35,4.75,4.35,4.5,8017
MADRASFERT,20190925,23.45,23.8,22.4,22.65,413294
MAGADSUGAR,20190925,117,122.4,113.1,118.15,36274
MAGMA,20190925,60.6,60.8,56.1,56.65,118246
MAGNUM,20190925,4.25,4.25,3.9,4.25,6412
MAHABANK,20190925,11.85,11.9,11.65,11.75,359827
MAHAPEXLTD,20190925,73.2,73.3,73.2,73.3,449
MAHASTEEL,20190925,132.25,132.25,125.35,126.15,13658
MAHESHWARI,20190925,253,253,239.8,242.5,61162
MAHINDCIE,20190925,174.7,175.85,165.95,173.1,187230
MAHLIFE,20190925,413.85,413.85,406.05,409.9,167996
MAHLOG,20190925,386.95,386.95,370,373.35,47830
MAHSCOOTER,20190925,4370,4399,4320.8,4341.4,3234
MAHSEAMLES,20190925,409.15,415.05,394.25,397.05,112166
MAITHANALL,20190925,527,527,490,490.9,31693
MAJESCO,20190925,423.5,449.95,420.3,435.6,94314
MALUPAPER,20190925,29.4,29.8,27.2,29.35,44784
MAN50ETF,20190925,116.4,116.4,115.3,115.3,51076
MANAKALUCO,20190925,4.8,5.2,4.8,5.1,16642
MANAKCOAT,20190925,3.7,3.95,3.65,3.7,133240
MANAKSIA,20190925,35.65,36.7,35,35,207142
MANAKSTEEL,20190925,12,12.25,11.3,12.05,6487
MANALIPETC,20190925,20.3,20.9,19.85,20.15,161762
MANAPPURAM,20190925,137.6,139,134.15,134.85,4710611
MANGALAM,20190925,32.9,33.35,30.9,30.95,15270
MANGCHEFER,20190925,36.2,36.7,34.2,35,108238
MANGLMCEM,20190925,294,308.95,290,300.25,60002
MANGTIMBER,20190925,7.5,7.7,7.35,7.55,7850
MANINDS,20190925,52,52.25,48,48.95,80303
MANINFRA,20190925,21.75,22.1,21.2,21.75,160690
MANUGRAPH,20190925,16.5,16.55,15.5,15.9,4527
MARALOVER,20190925,19.45,19.45,18,18.8,2479
MARATHON,20190925,80,82.05,76.4,80.45,3564
MARICO,20190925,397.9,404,384.1,392,3164971
MARKSANS,20190925,14.75,14.75,14,14.1,549843
MARUTI,20190925,7000,7000,6602,6638.5,2296343
MASFIN,20190925,695.3,707,673.45,680.65,8133
MASKINVEST,20190925,44.65,44.65,44.65,44.65,1
MASTEK,20190925,359,362.25,350,351.5,26079
MATRIMONY,20190925,575.05,594,559.8,577.1,4071
MAWANASUG,20190925,34.15,36.2,34.05,35.4,232349
MAXINDIA,20190925,59.5,60.4,54.6,57.5,917138
MAXVIL,20190925,44.6,45.4,43.7,44.5,17199
MAYURUNIQ,20190925,222.5,224.5,214.1,216,147959
MAZDA,20190925,368,368,355,355.7,4181
MBECL,20190925,3.6,3.6,3.4,3.6,9085
MBLINFRA,20190925,6.6,6.6,6,6.2,13385
MCDHOLDING,20190925,18.95,18.95,18.2,18.25,6051
MCDOWELL-N,20190925,651.1,659,647.25,650.8,2905402
MCLEODRUSS,20190925,9.3,9.6,9.05,9.3,190309
MCX,20190925,984,1020,971.05,984.45,1848081
MEGASOFT,20190925,6.8,6.8,6.5,6.5,15403
MEGH,20190925,59.65,59.65,56.7,57.1,545818
MELSTAR,20190925,1.1,1.1,1.1,1.1,200
MENONBE,20190925,65,65,63.05,63.4,4101
MEP,20190925,30,30.8,28.65,29.15,149777
MERCATOR,20190925,1.3,1.35,1.3,1.3,89851
METALFORGE,20190925,5.75,5.75,5.25,5.35,7337
METROPOLIS,20190925,1298,1298,1269,1277.6,22347
MFSL,20190925,414.8,420.9,412.15,415.95,584319
MGL,20190925,908,911,895.85,902.9,283024
MHRIL,20190925,237.1,239.95,236.5,238.35,12460
MIC,20190925,0.65,0.65,0.65,0.65,19071
MIDHANI,20190925,129.6,136.45,129.1,130.05,202657
MINDACORP,20190925,89.15,90,86.1,88.1,132190
MINDAIND,20190925,352,356.95,343.8,347.2,183137
MINDTECK,20190925,35.45,35.9,33.2,35.4,3202
MINDTREE,20190925,720.7,724.7,696.55,700.4,553413
MIRCELECTR,20190925,10.85,10.9,10.3,10.4,376021
MIRZAINT,20190925,58.5,58.5,56.5,57,120691
MMFL,20190925,398.55,430.85,398,422.35,5852
MMTC,20190925,18.45,18.45,17.95,18.1,845950
MOHITIND,20190925,4.5,4.6,4.2,4.35,2457
MOHOTAIND,20190925,15.05,15.05,14.3,14.35,2132
MOIL,20190925,126.35,130.7,124,125.2,276777
MOLDTECH,20190925,53,54,52.05,53.35,13622
MOLDTKPAC,20190925,300.15,307,298.25,301.7,29555
MONSANTO,20190925,2228,2290.1,2166,2241.55,5239
MONTECARLO,20190925,250.3,258.8,250.3,252.5,5311
MORARJEE,20190925,13.35,13.75,13.3,13.5,2340
MOREPENLAB,20190925,19,19.65,17.4,17.4,4427802
MOTHERSUMI,20190925,114.3,114.8,107.1,108.5,16083538
MOTILALOFS,20190925,699.55,701.3,672.3,694.35,47900
MOTOGENFIN,20190925,42.4,42.4,38.45,38.5,218
MPHASIS,20190925,972,972,945.25,959.2,105233
MPSLTD,20190925,491,495.9,480,483.6,1282
MRF,20190925,65522,65990,64200,64499.5,6021
MRO-TEK,20190925,17.1,18,17.1,17.1,2700
MRPL,20190925,47.5,48.95,46.5,46.8,368459
MSPL,20190925,5.1,5.35,5.1,5.25,400
MSTCLTD,20190925,106.9,106.9,98,100.6,104832
MTEDUCARE,20190925,23.25,23.5,22.55,22.95,67481
MTNL,20190925,6.3,6.3,5.95,6,1343646
MUKANDENGG,20190925,14,14,12.8,13,2379
MUKANDLTD,20190925,35,35.9,34.2,35.15,4855
MUKTAARTS,20190925,40.1,41.45,38.25,38.8,64865
MUNJALAU,20190925,39,39.4,37,37.1,59352
MUNJALSHOW,20190925,136.05,137.85,130.55,131.6,19603
MURUDCERA,20190925,16.9,17.1,16.25,16.45,32316
MUTHOOTCAP,20190925,574.5,574.5,550.2,552.05,9945
MUTHOOTFIN,20190925,684.1,688,660.1,669.15,1223779
MVL,20190925,0.05,0.1,0.05,0.1,214432
N100,20190925,545.99,545.99,537,539.56,10428
NACLIND,20190925,27.5,29,26.75,28.15,32994
NAGAROIL,20190925,0.25,0.25,0.2,0.25,159189
NAGREEKCAP,20190925,8.85,9.8,8.85,9.5,11559
NAGREEKEXP,20190925,15,15.75,14.5,14.7,1407
NAHARCAP,20190925,70.65,74.8,70.55,73,4583
NAHARINDUS,20190925,30,30.5,28.2,28.85,10896
NAHARPOLY,20190925,35,35.35,33.1,33.8,13119
NAHARSPING,20190925,52.75,53.8,50.35,51.75,18101
NATCOPHARM,20190925,591.95,598,584.2,589.9,85473
NATHBIOGEN,20190925,376.3,377,360.1,362.45,6755
NATIONALUM,20190925,46.3,46.35,43.5,43.9,12599450
NATNLSTEEL,20190925,2.3,2.4,2.2,2.2,4059
NAUKRI,20190925,2069.95,2095,2020.05,2057.15,107684
NAVINFLUOR,20190925,805.9,819.4,778,787.9,289643
NAVKARCORP,20190925,40,40.6,37.5,38.35,771947
NAVNETEDUL,20190925,110.95,113.85,108.05,109.55,112254
NBCC,20190925,39.05,39.05,36.6,37.05,11956447
NBIFIN,20190925,1361.05,1465,1361.05,1378.15,113
NBVENTURES,20190925,84,85.25,83,83.2,65778
NCC,20190925,64.75,64.8,60.3,61.45,23034070
NCLIND,20190925,119.55,119.55,114.5,114.8,22793
NDGL,20190925,614.8,635,590.05,601.85,108
NDL,20190925,38.95,38.95,35.8,36.3,11352
NDTV,20190925,32.45,32.6,31.75,32.05,5033
NECCLTD,20190925,5.65,5.65,5.35,5.35,24638
NECLIFE,20190925,13.9,14.25,13.65,13.7,58746
NELCAST,20190925,46.85,46.85,44.4,44.6,38433
NELCO,20190925,271.9,273.7,260.65,262.95,71823
NEOGEN,20190925,359,364,342,344.25,20243
NESCO,20190925,555,568,551.95,561.45,21265
NESTLEIND,20190925,13424,13573,13305.1,13458.5,83246
NETF,20190925,117,117,115.88,116.1,50
NETWORK18,20190925,24,24,22.25,22.4,408982
NEULANDLAB,20190925,492.35,497.8,490,490.65,3245
NEWGEN,20190925,268.6,270,265,267.6,7807
NEXTMEDIA,20190925,11.75,11.75,11.3,11.45,7240
NFL,20190925,26.75,27.2,25.8,26.15,1783789
NH,20190925,239.95,239.95,234.05,235.6,126543
NHPC,20190925,23.1,23.2,22.65,22.75,1434667
NIACL,20190925,106.35,107.7,99.55,99.9,365433
NIBL,20190925,6.6,7,6.6,6.95,5309
NIFTYBEES,20190925,1232.95,1232.95,1210.5,1213.59,52967
NIFTYEES,20190925,14650,15000,14200.01,14200.01,3
NIITLTD,20190925,90.3,91.4,89.1,89.55,229373
NIITTECH,20190925,1437,1437,1398,1406.2,162380
NILAINFRA,20190925,4.9,5,4.7,4.75,85769
NILASPACES,20190925,1.3,1.35,1.3,1.3,48780
NILKAMAL,20190925,1141,1194.6,1141,1164.5,41178
NIPPOBATRY,20190925,464.75,482.15,460.1,475.75,626
NITCO,20190925,26.45,27.1,26.45,26.55,41189
NITESHEST,20190925,1.8,1.85,1.75,1.75,7910
NITINSPIN,20190925,55.4,55.4,53,53.95,10461
NKIND,20190925,36.65,36.65,33.25,33.25,9
NLCINDIA,20190925,57.3,58.2,56.65,57.75,282084
NMDC,20190925,89,89.3,85,85.6,3776800
NOCIL,20190925,117.9,117.9,113,113.7,877649
NOIDATOLL,20190925,5.25,5.25,5,5,374934
NPBET,20190925,156.25,156.25,154.45,155.07,466
NRAIL,20190925,269.85,273.95,260.35,268.25,14455
NRBBEARING,20190925,107,107.6,102.3,105.8,71698
NSIL,20190925,881.05,901.95,818,843,7719
NTL,20190925,0.35,0.35,0.35,0.35,3590
NTPC,20190925,115.6,118.6,115.05,116.9,18851203
NUCLEUS,20190925,329.4,329.4,319.1,321.1,13054
OAL,20190925,187.5,227.3,187.5,221.1,33104
OBEROIRLTY,20190925,550.8,550.8,514.6,521.2,549424
OCCL,20190925,1026.9,1064,1026.9,1049.9,2739
OFSS,20190925,2954.5,3018.4,2882,2953.95,86106
OIL,20190925,147.95,148.3,145.25,145.85,594640
OILCOUNTUB,20190925,7.25,7.25,6.8,6.9,2416
OISL,20190925,4.85,5.25,4.85,4.85,19806
OLECTRA,20190925,211,211,196.95,200.1,60565
OMAXAUTO,20190925,42.55,44.5,42.5,42.65,5922
OMAXE,20190925,193.2,193.55,191.2,191.95,261816
OMKARCHEM,20190925,6.6,7,6.6,7,21312
OMMETALS,20190925,21.5,21.8,20.5,21,37290
ONELIFECAP,20190925,5.45,5.85,5.45,5.85,9932
ONEPOINT,20190925,19.6,19.6,17.05,17.05,143
ONGC,20190925,132,133.65,130.7,131.45,5824582
ONMOBILE,20190925,35.55,36,33.55,33.7,122065
ONWARDTEC,20190925,64.85,65.5,64.1,65,3264
OPTIEMUS,20190925,47.6,47.6,47.6,47.6,104701
OPTOCIRCUI,20190925,4.35,4.45,4.3,4.35,546187
ORBTEXP,20190925,108.9,108.9,99,103.4,1522
ORICONENT,20190925,22.9,23.2,21.6,22,59549
ORIENTABRA,20190925,19.3,19.3,17.5,17.6,1714745
ORIENTALTL,20190925,13.5,13.85,13,13.4,76217
ORIENTBANK,20190925,63.25,63.8,61.45,62.25,502635
ORIENTBELL,20190925,135,135,129,130.15,5296
ORIENTCEM,20190925,95.7,96.8,93.5,94.25,67065
ORIENTELEC,20190925,166.8,171,164.65,167.25,75393
ORIENTHOT,20190925,38.05,38.75,38,38.05,18844
ORIENTLTD,20190925,114.55,126,114.55,118.1,84
ORIENTPPR,20190925,30,30.9,29.75,30.55,926116
ORIENTREF,20190925,206.55,209,204.1,207.05,17003
ORISSAMINE,20190925,735.1,886.35,735.1,878.1,157811
ORTINLABSS,20190925,10.95,11.25,10.65,10.7,19858
OSWALAGRO,20190925,6.75,6.95,6.45,6.6,9930
PAGEIND,20190925,23101,23299.9,21840,22255.4,41144
PAISALO,20190925,408.5,408.5,397.85,401.6,20257
PALASHSECU,20190925,40.65,44,34.3,42.2,3464
PALREDTEC,20190925,21.05,22.45,20.7,21,2320
PANACEABIO,20190925,147.05,164.85,147.05,152.75,273792
PANAMAPET,20190925,73.85,73.85,71.6,71.9,21188
PAPERPROD,20190925,242.15,247.7,234.45,239.1,12371
PARABDRUGS,20190925,1.05,1.05,0.95,1.05,21900
PARACABLES,20190925,9.7,9.7,9.25,9.3,25661
PARAGMILK,20190925,165.4,165.4,160.05,160.75,318891
PARSVNATH,20190925,2.9,2.95,2.8,2.85,47125
PATELENG,20190925,10.8,10.95,10.5,10.6,100754
PATINTLOG,20190925,23.7,23.7,23,23.7,19873
PATSPINLTD,20190925,7.45,7.45,6.7,7,2314
PCJEWELLER,20190925,37.2,37.2,36,36.2,3869954
PDMJEPAPER,20190925,15.25,16,15.25,15.4,38842
PDPL,20190925,3.35,3.35,3.35,3.35,1
PDSMFL,20190925,340.05,342.9,339,340,11962
PEARLPOLY,20190925,9.8,10.25,9.75,9.75,22505
PEL,20190925,1835,1889.95,1812.2,1824.25,968867
PENIND,20190925,30.05,31.25,28.95,29.35,373697
PENINLAND,20190925,4.55,4.6,4.3,4.4,137815
PERSISTENT,20190925,600.85,609.9,566.45,570.1,164939
PETRONENGG,20190925,8.2,8.6,7.8,8.55,2205
PETRONET,20190925,256.25,259.65,254.5,258.5,7170881
PFC,20190925,103.8,103.8,100.1,100.55,4966503
PFIZER,20190925,3384.75,3397,3305.25,3321.45,49540
PFOCUS,20190925,45.5,47.7,43.4,44.05,7611
PFS,20190925,13.75,14.25,13.55,13.65,2100784
PGEL,20190925,51.95,52,47.35,48.8,79278
PGHH,20190925,11789.95,11901,11361,11578.95,5933
PGHL,20190925,4633.65,4669,4550.1,4635.6,8240
PGIL,20190925,150,159.9,146.95,153.45,14595
PHILIPCARB,20190925,131.7,132.7,126.2,128.4,766797
PHOENIXLTD,20190925,721.95,728.2,710.05,717.65,119391
PIDILITIND,20190925,1456.8,1456.8,1411.1,1438.7,352260
PIIND,20190925,1294.9,1339,1281.05,1305.05,310866
PILANIINVS,20190925,2048.9,2050,1925,1975.1,2338
PILITA,20190925,5.8,5.8,5.45,5.45,9941
PIONDIST,20190925,125.5,131.1,121.4,129.95,21545
PIONEEREMB,20190925,23.1,23.95,22.5,23.1,5089
PIRPHYTO,20190925,24.1,25.25,24.1,24.15,1051
PITTIENG,20190925,46.75,46.75,43,43.8,34166
PKTEA,20190925,127.05,135.85,127.05,131,234
PLASTIBLEN,20190925,190.1,193,183,188.1,4341
PNB,20190925,65.5,65.6,62.65,63.3,18395852
PNBGILTS,20190925,33.1,33.3,32.55,33.05,32803
PNBHOUSING,20190925,639.55,651.6,637,642.4,72498
PNC,20190925,16.8,16.8,13.3,14.1,67774
PNCINFRA,20190925,185.2,192.85,183.05,188.9,41226
PODDARHOUS,20190925,370.1,385,370,373.5,35
PODDARMENT,20190925,178,178,170,175.65,6916
POKARNA,20190925,129.5,154,129.5,143.25,307026
POLYCAB,20190925,681.05,700,676.25,680.2,114095
POLYMED,20190925,212.5,215,209,209,4206
POLYPLEX,20190925,460.9,460.9,436.35,441.75,83044
PONNIERODE,20190925,107.5,112.75,107.5,110.3,1441
POWERGRID,20190925,193.5,203.4,193.1,198.75,27137978
POWERMECH,20190925,789.9,789.95,746,752.75,8484
PPAP,20190925,191.75,191.75,179.1,180.6,9604
PPL,20190925,72,73.8,70.45,70.55,26448
PRABHAT,20190925,79.1,79.95,78.4,79,30576
PRAENG,20190925,6.5,6.8,6.3,6.8,16206
PRAJIND,20190925,118.25,120.3,116.55,119.45,2278730
PRAKASH,20190925,51.4,51.4,46,46.95,1085040
PRAKASHSTL,20190925,0.2,0.25,0.2,0.25,36575
PRAXIS,20190925,76.25,80,76.25,78.75,3153
PRECAM,20190925,33.85,33.85,27.1,27.3,391067
PRECOT,20190925,29.2,34,29,31.65,1564
PRECWIRE,20190925,173,173,167.25,169.05,3563
PREMEXPLN,20190925,178.75,178.75,173,173.95,5922
PREMIER,20190925,2.4,2.4,2.4,2.4,1
PREMIERPOL,20190925,21.4,21.8,21.1,21.4,1030
PRESSMN,20190925,21.55,22.4,21.2,21.5,10065
PRESTIGE,20190925,297,297.9,283.55,287.1,94055
PRICOLLTD,20190925,35.9,36,34.2,34.65,109412
PRIMESECU,20190925,36.6,36.95,36.05,36.15,4552
PROSEED,20190925,0.4,0.4,0.4,0.4,104604
PROVOGE,20190925,0.55,0.55,0.5,0.5,81337
PROZONINTU,20190925,17.6,18.6,17.1,17.75,23102
PRSMJOHNSN,20190925,89.7,89.7,85.95,86.25,126096
PSB,20190925,20.75,20.75,19.8,20,75566
PSL,20190925,0.75,0.75,0.7,0.7,65402
PSPPROJECT,20190925,547.5,554.75,546.5,548.4,31772
PSUBNKBEES,20190925,275.5,275.5,261.51,262.73,3564
PTC,20190925,57.5,60.9,57.5,58.1,4817796
PTL,20190925,36.45,36.85,35.6,35.85,14415
PUNJABCHEM,20190925,535,547,535,543,182
PURVA,20190925,71.6,72.65,68.9,69.75,53643
PVR,20190925,1839.05,1897.35,1810,1847.7,400280
QGOLDHALF,20190925,1650.25,1664.95,1650.25,1663,730
QNIFTY,20190925,1179.5,1179.5,1174.5,1176,9
QUESS,20190925,448.9,468,448.35,453.3,200364
QUICKHEAL,20190925,140.85,140.85,133.45,135.55,161386
QUINTEGRA,20190925,0.4,0.4,0.4,0.4,5000
RADAAN,20190925,1.4,1.45,1.35,1.45,26678
RADICO,20190925,328.8,328.8,316,317.7,154698
RADIOCITY,20190925,38.85,38.85,36,36.9,98404
RAIN,20190925,107.4,109.8,102.55,103.55,1234951
RAJESHEXPO,20190925,671.95,673.55,663.5,665.7,114360
RAJSREESUG,20190925,17.85,18.25,17.6,17.95,6379
RAJTV,20190925,42.5,42.65,41,41.3,1055
RALLIS,20190925,174.8,174.8,172.5,173.1,77335
RAMANEWS,20190925,17.95,17.95,17.15,17.35,16192
RAMASTEEL,20190925,58.05,60,56.4,56.9,3936
RAMCOCEM,20190925,760,766.6,747.65,754.65,162749
RAMCOIND,20190925,189,193,184.25,185.8,36074
RAMCOSYS,20190925,174.4,174.75,165,166.85,19660
RAMKY,20190925,63.4,64.7,62.1,63.4,45386
RANASUG,20190925,2.35,2.5,2.3,2.3,252457
RANEENGINE,20190925,285,303.9,285,290.6,7537
RANEHOLDIN,20190925,941.05,961.95,941,945.05,950
RATNAMANI,20190925,974.5,986.2,951.4,955.4,2276
RAYMOND,20190925,594.05,599.45,582.2,586.85,1170162
RBL,20190925,535,535,518.1,524.1,13414
RBLBANK,20190925,396.15,403.6,377.7,383.7,8431771
RCF,20190925,50,51.8,49.8,50.35,5253575
RCOM,20190925,0.75,0.75,0.7,0.7,7427873
RECLTD,20190925,129.05,130.5,125.8,126.9,4625664
REDINGTON,20190925,114.65,114.65,108.6,109.95,88953
REFEX,20190925,62.7,64.45,58.35,64.45,298014
RELAXO,20190925,510.1,514.85,495,498.25,230024
RELCAPITAL,20190925,30.5,32,29.6,31.15,18024539
RELCNX100,20190925,120.44,120.44,118.6,118.88,560
RELCONS,20190925,52.95,53.32,52.11,52.11,205
RELDIVOPP,20190925,29.32,29.55,29.32,29.4,505
RELIANCE,20190925,1284,1295,1268.85,1279.55,8316894
RELIGARE,20190925,34.65,35.35,33.1,34.15,60827
RELINFRA,20190925,36.65,37.05,35.1,36,12106626
RELNV20,20190925,560,566,559.64,561.87,931
REMSONSIND,20190925,87.3,89,85,85.1,6337
RENUKA,20190925,7.05,7.35,7,7.15,878684
REPCOHOME,20190925,317.2,326.85,307.75,316.25,180767
REPRO,20190925,551.35,565,549.05,555.75,2689
RESPONIND,20190925,95.5,95.55,91.65,92.2,145666
RETFMID150,20190925,61,61,59.95,60,32695
REVATHI,20190925,375.95,379,369,378.15,348
RGL,20190925,265.1,271,251.55,262.35,2940
RHFL,20190925,4.55,4.6,4.45,4.45,313473
RICOAUTO,20190925,45.45,45.85,42.2,42.75,313706
RIIL,20190925,282.4,286.5,271,275.6,334303
RITES,20190925,263,270.75,257.85,265.95,1683697
RKDL,20190925,6.6,6.85,6.35,6.35,1188
RKFORGE,20190925,320,320,293.3,298.85,8222
RMCL,20190925,4.3,4.3,4.2,4.3,5108
RML,20190925,303.4,309,289.75,293.2,5703
RNAM,20190925,261.3,267.5,257.3,263.15,2248526
RNAVAL,20190925,1.5,1.5,1.5,1.5,189034
ROHLTD,20190925,93.9,93.95,87.2,88.5,34041
ROLTA,20190925,5.65,5.85,5.5,5.55,62507
ROSSELLIND,20190925,58.6,58.65,57.35,57.4,603
RPGLIFE,20190925,218.5,218.5,209,211,23144
RPOWER,20190925,2.75,2.8,2.7,2.75,17670679
RPPINFRA,20190925,109.4,109.4,103.8,105.45,91098
RRSLGETF,20190925,19.85,19.88,19.84,19.87,705
RSSOFTWARE,20190925,19.35,19.8,19.2,19.6,10274
RSWM,20190925,116.25,123.15,116.25,118.7,36204
RSYSTEMS,20190925,41.2,41.25,40.6,40.7,1716
RTNINFRA,20190925,2.05,2.1,2,2.05,282236
RTNPOWER,20190925,1.5,1.6,1.45,1.55,657568
RUBYMILLS,20190925,220.9,223.15,215,218.35,665
RUCHINFRA,20190925,2.2,2.2,2.2,2.2,20
RUCHIRA,20190925,96.3,100,93.85,98.7,141212
RUCHISOYA,20190925,4.15,4.15,4,4,4438548
RUPA,20190925,191.9,197.8,186.3,190.1,40786
RUSHIL,20190925,154.95,156,150.5,151.65,45831
RVNL,20190925,26.55,26.55,25.3,25.5,5755433
SABTN,20190925,2.4,2.4,2.4,2.4,6605
SADBHAV,20190925,137.55,139.3,135.65,138.1,287186
SADBHIN,20190925,50.7,50.7,46.3,47,4249
SAFARI,20190925,589.4,591,564.05,579.65,863
SAGARDEEP,20190925,52.25,52.25,47.45,47.45,43
SAGCEM,20190925,620,625,596.8,610.95,7381
SAIL,20190925,34,34.1,32.6,32.85,27187565
SAKAR,20190925,49.75,52,49.75,50.2,21110
SAKHTISUG,20190925,9.2,9.4,8.9,9.2,41854
SAKSOFT,20190925,254.5,256,248.05,254,9737
SAKUMA,20190925,9.6,10.25,9.55,9.6,101381
SALASAR,20190925,120.05,123,116.5,117.2,33885
SALONA,20190925,73,82.85,73,74,208
SALSTEEL,20190925,3.15,3.35,3.05,3.35,105192
SALZERELEC,20190925,122.05,125,120.8,122.65,2441
SAMBHAAV,20190925,2.9,2.9,2.55,2.7,6748
SANCO,20190925,19.2,19.2,18.7,18.85,4310
SANDESH,20190925,596,598.7,568,576.75,1323
SANDHAR,20190925,260,263,250.85,258.15,204211
SANGAMIND,20190925,43.15,43.15,41.25,41.5,2024
SANGHIIND,20190925,54.75,54.95,53.35,53.55,33772
SANGHVIFOR,20190925,28.55,30,28.55,30,3249
SANGHVIMOV,20190925,96.55,97.7,95,96.3,82647
SANGINITA,20190925,111,111.75,107.25,109.05,44427
SANOFI,20190925,5922.8,5999,5826.4,5856.85,4707
SANWARIA,20190925,2.4,2.45,2.25,2.25,5147413
SARDAEN,20190925,164.05,165.7,158.4,160.1,28467
SAREGAMA,20190925,366.2,381.45,358,370.05,10654
SARLAPOLY,20190925,22.7,22.7,21.6,21.85,78095
SASKEN,20190925,584.95,633,581.65,588.1,31723
SASTASUNDR,20190925,105,105.15,102,104.65,31792
SATHAISPAT,20190925,6.75,6.75,6.75,6.75,160
SATIA,20190925,710,730,700.05,714.2,1127
SATIN,20190925,306.1,308.8,296.7,304.55,60773
SBIETFQLTY,20190925,100,101.5,97.97,98.01,1522
SBILIFE,20190925,793.3,799.9,777.1,796.55,1031592
SBIN,20190925,297,297.5,278.7,280.25,73063465
SCAPDVR,20190925,0.55,0.55,0.45,0.45,16999
SCHAEFFLER,20190925,4188.45,4190,4019.6,4167.35,23648
SCHAND,20190925,65.25,67,64,64.35,17935
SCHNEIDER,20190925,84,85.9,78.45,83.9,148578
SCI,20190925,38.35,41.4,36.7,39.1,11114757
SDBL,20190925,123.55,125,120,122.1,7900
SEAMECLTD,20190925,368.05,389.65,356.3,369.95,66005
SELAN,20190925,141.8,142.15,140.6,141.85,33138
SELMCL,20190925,0.7,0.7,0.6,0.6,50394
SEQUENT,20190925,84.55,84.55,79.1,79.8,394326
SESHAPAPER,20190925,208.1,209.9,200,202.45,43077
SETCO,20190925,17.6,17.65,16.8,16.95,75435
SETF10GILT,20190925,179,179,179,179,101
SETFGOLD,20190925,3395.55,3440,3390.05,3400.4,3845
SETFNIF50,20190925,119.58,119.58,117.3,117.44,306262
SETFNIFBK,20190925,309,309,299.15,300.06,328913
SETFNN50,20190925,287.34,287.34,281,282.73,2220
SETUINFRA,20190925,1.7,1.7,1.7,1.7,4830
SEYAIND,20190925,416,419.5,415,417.1,10721
SFL,20190925,1316.95,1317.45,1253.6,1299.65,7198
SGL,20190925,8,8.4,7.75,8.05,5048
SHAHALLOYS,20190925,11.15,11.4,10.65,11.3,2716
SHAKTIPUMP,20190925,311,311.15,299.4,299.9,14607
SHALBY,20190925,92.65,92.65,89.5,90.85,15641
SHALPAINTS,20190925,86,86.6,83.55,85.45,48514
SHANKARA,20190925,360.15,394.2,360.15,386.75,601387
SHANTIGEAR,20190925,100,103.45,96,97.65,9120
SHARDACROP,20190925,324,324,307.25,313.9,107800
SHARDAMOTR,20190925,961.8,961.8,941.95,948.9,1192
SHARIABEES,20190925,258.5,258.5,258.4,258.43,16
SHEMAROO,20190925,254,255,246.1,248.95,10627
SHILPAMED,20190925,280,291.2,280,289.85,21945
SHIRPUR-G,20190925,13,13.4,12.75,12.85,11642
SHIVAMAUTO,20190925,25.4,25.45,23.35,23.65,23527
SHIVAMILLS,20190925,35,36,35,35,501
SHIVATEX,20190925,131,131,122.05,123.7,1892
SHK,20190925,136,138.6,129.75,131.1,30668
SHOPERSTOP,20190925,429.85,429.85,402,405.9,59070
SHREDIGCEM,20190925,17.8,18.1,17.35,17.4,93225
SHREECEM,20190925,20145,20145,19175.4,19457.4,21188
SHREEPUSHK,20190925,111,111.85,108,109.3,11285
SHREERAMA,20190925,4.4,4.4,4.25,4.3,5140
SHRENIK,20190925,44,44.4,41.05,42.4,35559
SHREYANIND,20190925,137.2,144.05,136,140.45,59227
SHREYAS,20190925,91.8,91.8,88.1,89.05,1592
SHRIRAMCIT,20190925,1342.7,1349.9,1315,1339.65,12478
SHRIRAMEPC,20190925,12.15,13.25,11.35,12.9,374371
SHYAMCENT,20190925,2.8,2.95,2.75,2.85,3801
SICAGEN,20190925,19.25,19.95,19.2,19.25,1665
SICAL,20190925,27.6,27.6,26.6,27.05,19914
SIEMENS,20190925,1424.05,1475.05,1424.05,1442.5,1130201
SIGIND,20190925,25.25,25.25,24.35,24.75,5038
SIL,20190925,12,12.4,11.65,11.65,4359
SILINV,20190925,172,172,157.05,158.3,3613
SIMBHALS,20190925,7.5,7.65,7.15,7.35,9637
SIMPLEXINF,20190925,52.85,53.05,48.5,49.35,135283
SINTEX,20190925,2.05,2.05,2.05,2.05,458545
SIRCA,20190925,200,200,190.75,198.5,11698
SIS,20190925,855.05,885.2,855.05,869.25,8390
SITINET,20190925,2.4,2.45,2.3,2.3,18224
SIYSIL,20190925,268,268,255.05,257.3,3691
SJVN,20190925,24.7,24.75,24.3,24.35,945744
SKFINDIA,20190925,2111,2140.05,2103.7,2119.65,2964
SKIL,20190925,5.2,5.6,5.2,5.6,4109
SKIPPER,20190925,55.2,55.6,53.55,54.05,12995
SKMEGGPROD,20190925,40.8,42.25,40.2,41.45,7929
SMARTLINK,20190925,77.6,81.95,75.1,80.05,4792
SMLISUZU,20190925,575.05,575.05,555,561.25,12876
SMSLIFE,20190925,374.95,375,363.95,365.5,23740
SMSPHARMA,20190925,43.75,43.75,41.15,42.3,27045
SNOWMAN,20190925,33.6,34.2,32.5,32.95,543603
SOBHA,20190925,517.25,523.95,501.5,503.1,93762
SOLARA,20190925,412,412,386.15,401.35,109859
SOLARINDS,20190925,1119.4,1147.45,1101,1109.3,3478
SOMANYCERA,20190925,202.4,202.95,193.1,194.6,118787
SOMATEX,20190925,3.6,3.6,3.6,3.6,8482
SOMICONVEY,20190925,13.15,14.6,13.1,14.35,1170
SONATSOFTW,20190925,324,324,317.85,319.25,47072
SORILINFRA,20190925,126.1,139.3,126.1,139.3,158948
SOTL,20190925,925.05,948.95,919.95,936,743
SOUTHBANK,20190925,11.85,11.9,11.55,11.6,2371607
SOUTHWEST,20190925,14.3,14.3,14,14,6886
SPAL,20190925,189.15,198.05,188.3,195,18710
SPANDANA,20190925,917.35,998.8,894.05,906.45,84469
SPARC,20190925,149.9,150.6,143.6,144.35,461776
SPCENET,20190925,1,1.05,1,1,29547
SPECIALITY,20190925,73.3,73.3,68.95,72.75,26615
SPENCERS,20190925,81.55,83.8,78.15,79.3,105969
SPENTEX,20190925,0.5,0.5,0.4,0.5,26037
SPIC,20190925,20.85,21.7,20.4,20.85,129590
SPICEJET,20190925,133,134.3,128.15,129.2,3761173
SPLIL,20190925,36,36,33.9,34.15,21230
SPMLINFRA,20190925,12.2,12.7,12,12.5,16145
SPTL,20190925,4.15,4.15,4.15,4.15,76112
SPYL,20190925,0.2,0.25,0.2,0.2,56807
SREEL,20190925,185.5,190,175.1,180.15,9572
SREINFRA,20190925,10.25,10.25,9.5,9.65,1340224
SRF,20190925,2876.5,2890.8,2760,2787.75,237974
SRHHYPOLTD,20190925,111.65,113.6,108,108.9,2593
SRIPIPES,20190925,187,194,185.95,186.7,70257
SRTRANSFIN,20190925,1150.5,1161.75,1100.5,1114.75,1375869
SSWL,20190925,775.15,781.4,771.95,779,13894
STAMPEDE,20190925,0.8,0.85,0.75,0.8,19045
STAR,20190925,348,354,328,331.95,2371636
STARCEMENT,20190925,99.5,102.3,95.15,96.4,718230
STARPAPER,20190925,136.7,143.7,131.5,141.7,514068
STCINDIA,20190925,89.75,90.75,85.1,86.2,234472
STEELCITY,20190925,34.2,35.1,32.55,32.6,3395
STEELXIND,20190925,11,11,10.35,10.7,12113
STEL,20190925,75,77,73.25,73.25,1583
STERTOOLS,20190925,168.05,169.95,165.35,167.9,3221
STRTECH,20190925,168.2,168.45,154.75,156.1,2019655
SUBEX,20190925,5.8,5.95,5.65,5.8,609887
SUBROS,20190925,251,251,241.5,245.55,56022
SUDARSCHEM,20190925,357,362,353,356.6,52987
SUJANAUNI,20190925,0.2,0.2,0.15,0.2,37054
SUMEETINDS,20190925,2.7,2.7,2.3,2.45,30176
SUMIT,20190925,18.85,18.85,17.5,18.2,369
SUMMITSEC,20190925,485.5,509,483,485.6,660
SUNCLAYLTD,20190925,2041.1,2053.95,2000,2012.55,1963
SUNDARAM,20190925,1.45,1.45,1.35,1.35,103970
SUNDARMFIN,20190925,1598.8,1605,1588,1599.45,10355
SUNDARMHLD,20190925,74,75.85,71.55,72.15,37047
SUNDRMBRAK,20190925,271.15,276.45,260.1,264.9,652
SUNDRMFAST,20190925,474,484.9,462.1,481.7,91217
SUNFLAG,20190925,31.5,32,30.5,30.65,66366
SUNPHARMA,20190925,409.6,412.7,401.75,406.75,5031063
SUNTECK,20190925,450,450,433,440.2,119813
SUNTV,20190925,472.45,472.45,457,463.7,1761616
SUPERHOUSE,20190925,80.05,84.9,80.05,81.1,4658
SUPERSPIN,20190925,3.8,3.85,3.65,3.65,22115
SUPPETRO,20190925,179.6,179.6,177.25,177.35,5606
SUPRAJIT,20190925,178,186.15,171.1,179.25,19470
SUPREMEIND,20190925,1198,1199.4,1163.35,1193.5,32560
SURANASOL,20190925,6.4,6.4,6.15,6.25,9663
SURANAT&P,20190925,3.65,3.7,3.65,3.7,664
SURYALAXMI,20190925,19.75,19.8,18.55,19.7,2097
SURYAROSNI,20190925,194.3,196.5,184.65,187.1,105760
SUTLEJTEX,20190925,30.3,30.3,28.35,30,6803
SUVEN,20190925,294.95,304,287.35,290.05,432497
SUZLON,20190925,3,3,2.9,2.95,8244778
SWANENERGY,20190925,109.45,110.45,106.1,109.25,122163
SWARAJENG,20190925,1197,1197,1153.65,1160.6,1199
SWELECTES,20190925,133,133,123,124,4120
SWSOLAR,20190925,620.65,634.8,601.3,612.25,343065
SYMPHONY,20190925,1305,1305,1273.1,1286.15,8219
SYNCOM,20190925,0.95,1,0.95,0.95,2437
SYNDIBANK,20190925,30.2,30.2,29.2,29.25,606867
SYNGENE,20190925,315.5,315.5,308,310.05,90797
TAINWALCHM,20190925,53,53,50.7,50.75,973
TAJGVK,20190925,185,188.9,176,182.25,102542
TAKE,20190925,116.7,116.7,110.05,110.45,342027
TALBROAUTO,20190925,116,116.55,113,114.55,4166
TALWALKARS,20190925,4.4,4.45,4.05,4.05,45585
TALWGYM,20190925,6.6,6.9,6.6,6.6,117090
TANLA,20190925,54.5,54.5,52,52.55,177407
TANTIACONS,20190925,1.55,1.65,1.55,1.55,2607
TARAPUR,20190925,5.55,5.55,5.45,5.45,1000
TARMAT,20190925,27.55,27.6,25.25,25.55,2331
TASTYBITE,20190925,9498.1,9498.1,9300,9387.3,191
TATACHEM,20190925,603.8,606.45,592.05,601.15,459163
TATACOFFEE,20190925,81.6,81.85,79.7,81.05,204280
TATACOMM,20190925,372.8,372.8,372.8,372.8,11947
TATAELXSI,20190925,681,700.6,660,667.4,2089065
TATAGLOBAL,20190925,274.5,281.25,271.3,279.45,3273970
TATAINVEST,20190925,835.35,836.45,827.35,830.25,6943
TATAMETALI,20190925,569.95,573.75,549,552.25,17690
TATAMOTORS,20190925,129.9,129.9,121.5,123.05,47567575
TATAMTRDVR,20190925,59.8,59.8,55.5,56.4,5172615
TATAPOWER,20190925,65.4,65.95,62.85,63.8,16576534
TATASTEEL,20190925,367.5,367.95,357.55,362.05,9116985
TATASTLBSL,20190925,22.9,23,22.4,22.75,464671
TATASTLLP,20190925,418.5,418.5,408,411,19572
TBZ,20190925,43.9,44.4,42.1,42.9,34209
TCI,20190925,292.9,292.9,288,288.05,10267
TCIDEVELOP,20190925,351.95,352.05,341.95,343.2,165
TCIEXP,20190925,705.85,709.95,691.95,705.25,9251
TCIFINANCE,20190925,10.85,10.9,10.25,10.35,8571
TCNSBRANDS,20190925,755,755,713,743.45,9697
TCPLPACK,20190925,300.05,305.1,286.35,294.2,2954
TCS,20190925,2065,2092,2060.05,2088.45,4002232
TDPOWERSYS,20190925,151.5,152.5,147.1,151.6,12978
TEAMLEASE,20190925,2955,3028.35,2905.65,2923.7,22874
TECHIN,20190925,4.6,4.6,4.6,4.6,17
TECHM,20190925,704.05,709.95,698,705.9,3512690
TECHNOE,20190925,268,273.65,267.2,270,956813
TECHNOFAB,20190925,19.4,19.4,19.4,19.4,3054
TEJASNET,20190925,84.4,84.5,81.55,83.05,94565
TERASOFT,20190925,26.9,26.9,25.95,26.2,17857
TEXINFRA,20190925,51.2,51.25,47.1,47.65,35964
TEXMOPIPES,20190925,17.05,17.65,16.8,16.9,70621
TEXRAIL,20190925,49.5,49.5,47.35,47.55,209234
TFCILTD,20190925,83.45,83.45,79.55,79.75,44925
TFL,20190925,3.95,3.95,3.95,3.95,828
TGBHOTELS,20190925,4.5,4.5,4.3,4.3,7940
THANGAMAYL,20190925,328,347.35,328,336.3,8182
THEINVEST,20190925,129.4,129.4,120.45,122.3,1648
THEMISMED,20190925,215.6,224.3,215.6,224.3,5074
THERMAX,20190925,1149,1160,1114,1133.15,105686
THOMASCOOK,20190925,149,149,143,146.35,451834
THOMASCOTT,20190925,6.05,6.05,6.05,6.05,9
THYROCARE,20190925,509.05,519.5,509,512.15,13369
TI,20190925,12.5,12.75,12.3,12.5,26245
TIDEWATER,20190925,4570,4570,4465.05,4484.55,1186
TIIL,20190925,400.3,423.95,394.95,404.85,2451
TIINDIA,20190925,389.35,404.05,377.35,399.55,89433
TIJARIA,20190925,9.7,10.2,9.6,9.7,11414
TIL,20190925,218.4,220.55,210.65,212.4,3253
TIMESGTY,20190925,33.2,36.1,33.2,34.6,1999
TIMETECHNO,20190925,66.95,66.95,64,64.3,211033
TIMKEN,20190925,793.9,794,775,777.9,54147
TINPLATE,20190925,131,131.8,124,125.1,604367
TIPSINDLTD,20190925,72,73.5,71.35,71.65,712
TIRUMALCHM,20190925,78,79.75,76,76.8,298531
TITAN,20190925,1296.15,1314.9,1262.8,1268.9,3928117
TMRVL,20190925,12.1,12.7,12,12.55,15262
TNPETRO,20190925,37,37,34.3,34.75,70578
TNPL,20190925,198,205,194.5,197.45,608373
TNTELE,20190925,1.5,1.5,1.5,1.5,1
TOKYOPLAST,20190925,53,53.2,53,53,3980
TORNTPHARM,20190925,1697.95,1715,1685,1703.1,155370
TORNTPOWER,20190925,287.2,289.4,284.2,288.2,650451
TPLPLASTEH,20190925,148.6,156.8,142.9,145.95,14126
TREEHOUSE,20190925,5.75,5.9,5.6,5.75,67470
TREJHARA,20190925,15.65,16.25,15.6,15.6,2915
TRENT,20190925,516.55,520,512,517.85,234480
TRF,20190925,116.3,117.4,109.2,110.4,149525
TRIDENT,20190925,61.55,61.8,58.85,59.3,309347
TRIGYN,20190925,53.35,53.35,50.6,51.05,38046
TRIL,20190925,8.25,9,8.2,8.5,69548
TRITURBINE,20190925,103.35,103.95,100.25,101.45,16050
TRIVENI,20190925,60.55,64.8,60.05,63,1132452
TTKHLTCARE,20190925,499,499,480,489.65,1737
TTKPRESTIG,20190925,6349.75,6349.75,6200,6217.5,1834
TTL,20190925,40,41.8,38.1,38.35,1754
TTML,20190925,2.9,2.95,2.9,2.9,263075
TV18BRDCST,20190925,25.35,25.35,23.4,24.3,2365900
TVSELECT,20190925,151.5,151.5,145,145.55,39137
TVSMOTOR,20190925,415,415,391.05,401.8,2621967
TVSSRICHAK,20190925,2000,2009,1950,1979.05,2195
TVTODAY,20190925,311.15,313,301.5,304.15,18257
TVVISION,20190925,1.5,1.5,1.5,1.5,90
TWL,20190925,53.6,54.2,50,51,1441201
UBL,20190925,1372,1372,1337.55,1355.8,331440
UCALFUEL,20190925,136.5,138.65,134.9,135.85,26459
UCOBANK,20190925,14.8,14.8,14.25,14.3,483666
UFLEX,20190925,228.9,228.9,220.2,221.7,51495
UFO,20190925,153,153,146.35,147.8,12395
UGARSUGAR,20190925,12.75,13.9,12.7,13.05,107480
UJAAS,20190925,3.85,4,3.8,3.85,133192
UJJIVAN,20190925,317.1,321.85,306.85,312.15,1922159
ULTRACEMCO,20190925,4301.05,4340,4254.7,4277.85,488035
UMANGDAIRY,20190925,43.25,43.65,41.55,41.95,8463
UMESLTD,20190925,1.1,1.1,1.1,1.1,1936
UNICHEMLAB,20190925,188.2,188.2,181,182.95,22881
UNIENTER,20190925,71.95,72.85,68.15,71.2,2407
UNIONBANK,20190925,59.5,59.5,55.75,56.35,9728056
UNIPLY,20190925,58.5,58.5,54.1,55.15,96975
UNITECH,20190925,0.6,0.65,0.55,0.6,9768787
UNITEDBNK,20190925,9.3,9.35,9,9.1,641588
UNITEDTEA,20190925,260,267.5,254.9,258.4,135
UNIVCABLES,20190925,177.05,180,173.05,174.35,11738
UPL,20190925,575.3,578.9,572,576.75,1911916
URJA,20190925,1.7,1.7,1.65,1.65,1361952
USHAMART,20190925,24.7,25.6,24.7,25,1466690
UTINEXT50,20190925,288,289.9,278,280,1129
UTINIFTETF,20190925,1218.7,1223,1207.15,1207.15,882
UTISENSETF,20190925,409,409,404.7,408.99,399
UTTAMSTL,20190925,7.9,8,7.45,7.5,67049
UTTAMSUGAR,20190925,107.3,112.7,106.1,108.55,395115
UVSL,20190925,0.05,0.1,0.05,0.1,3982518
V2RETAIL,20190925,161.05,163.05,152,154.2,127845
VADILALIND,20190925,798,833.8,795.05,817.3,76535
VAIBHAVGBL,20190925,840,858.95,837.05,854.4,15298
VAKRANGEE,20190925,29.95,30.95,28.8,29.35,3142546
VARDHACRLC,20190925,37,37,36.05,36.25,15624
VARDMNPOLY,20190925,2.85,2.85,2.75,2.85,1281
VARROC,20190925,468,468.9,450,453.95,12047
VASCONEQ,20190925,13,13,12.05,12.15,190034
VASWANI,20190925,7.25,7.25,6.6,6.65,3543
VBL,20190925,651,663.05,615.85,624.6,729115
VEDL,20190925,157,158.5,152.75,156.2,7214137
VENKEYS,20190925,1810.8,1814,1725.9,1741.65,124055
VENUSREM,20190925,23.45,23.5,22.5,22.9,16178
VESUVIUS,20190925,1083.35,1125,1035,1100.1,15730
VETO,20190925,58.1,58.1,54.65,56.35,5190
VGUARD,20190925,224.6,224.75,220.9,222.75,158438
VHL,20190925,1647.9,1648,1562,1585.75,220
VICEROY,20190925,1.25,1.35,1.25,1.35,37321
VIDHIING,20190925,63.95,63.95,62.1,63.1,9742
VIJIFIN,20190925,0.45,0.5,0.45,0.5,85242
VIKASECO,20190925,4.1,4.35,4.05,4.1,329538
VIKASMCORP,20190925,3.5,3.8,3.4,3.75,1563767
VIKASPROP,20190925,3.25,3.25,3.25,3.25,9712
VIKASWSP,20190925,11.4,11.65,10.9,11.25,235039
VIMTALABS,20190925,105.5,106.3,103.25,104.15,9818
VINATIORGA,20190925,2266.55,2284.95,2242.5,2261,13852
VINDHYATEL,20190925,1076.95,1099.8,1055,1063.95,2643
VINYLINDIA,20190925,66.2,67.5,65.15,66.1,7790
VIPCLOTHNG,20190925,11.3,11.3,10.85,10.9,59398
VIPIND,20190925,496.45,499,470.35,472.75,255746
VIPULLTD,20190925,33.75,34.25,33.25,33.75,141446
VISAKAIND,20190925,348.25,360,333.6,337.55,387901
VISASTEEL,20190925,4.8,5,4.8,4.95,11112
VISESHINFO,20190925,0.05,0.1,0.05,0.1,717501
VISHNU,20190925,127.3,127.35,121.4,124.35,3018
VIVIDHA,20190925,0.25,0.25,0.2,0.2,67926
VIVIMEDLAB,20190925,17.6,17.6,16.1,16.6,59372
VLSFINANCE,20190925,57.05,59,56.2,58,58119
VMART,20190925,2125.2,2185,2100,2149.25,49888
VOLTAMP,20190925,1246.75,1249,1188.05,1206.6,21117
VOLTAS,20190925,663,679,661,668.75,1509527
VRLLOG,20190925,278,280.4,267.2,277.25,114846
VSSL,20190925,76.05,77.45,76,76.85,880
VSTIND,20190925,3739,3751,3688.85,3740.1,3916
VSTTILLERS,20190925,1198.8,1198.85,1154.25,1173.75,8148
VTL,20190925,946.4,967.45,942.3,958.1,14193
WABAG,20190925,283.95,283.95,277,278.05,33489
WABCOINDIA,20190925,6206,6332,6146.05,6290.6,6677
WALCHANNAG,20190925,68.8,69.05,66.1,66.65,99553
WANBURY,20190925,12.3,12.8,11.7,11.7,1200
WATERBASE,20190925,125.45,125.45,116.6,118.45,53561
WEBELSOLAR,20190925,20.1,20.35,19.4,19.7,19977
WEIZFOREX,20190925,300.05,313.15,300,301.15,187
WEIZMANIND,20190925,27.75,27.75,25.5,25.9,2307
WELCORP,20190925,138.95,139.9,134.05,134.95,223205
WELENT,20190925,101.5,102.3,95.55,96.15,150646
WELINV,20190925,157.1,157.1,157.1,157.1,5
WELSPUNIND,20190925,56.2,57.4,53.55,54.6,457732
WENDT,20190925,2508.7,2525,2415,2426.65,271
WESTLIFE,20190925,317.6,321.95,311,317.15,15805
WHEELS,20190925,619,634.75,610,616.9,967
WHIRLPOOL,20190925,1885.4,1890,1813,1838.9,69273
WILLAMAGOR,20190925,16.95,17.65,16.15,16.2,7029
WINDMACHIN,20190925,24.45,24.45,23,23.2,6671
WINSOME,20190925,0.15,0.15,0.15,0.15,173
WIPL,20190925,86.9,86.9,86.9,86.9,10
WIPRO,20190925,240.5,241.35,238,238.8,3604998
WOCKPHARMA,20190925,304.1,309.8,295.5,298.7,631163
WONDERLA,20190925,298,299.8,281.1,283.95,15645
WSI,20190925,0.6,0.6,0.55,0.55,11561
WSTCSTPAPR,20190925,258.9,268.85,254.35,266.5,308394
XCHANGING,20190925,54.5,55.5,54.05,54.25,4392
XELPMOC,20190925,68.3,68.3,64,67.15,3702
XLENERGY,20190925,0.5,0.5,0.45,0.5,7545
XPROINDIA,20190925,27.1,28.5,25.8,26,2315
YESBANK,20190925,55.9,56.85,53.1,53.7,152430784
ZEEL,20190925,290,294,269,273.45,39978864
ZEELEARN,20190925,22,23.05,21.5,22.6,110069
ZEEMEDIA,20190925,10.3,10.4,9.9,10.1,932926
ZENITHBIR,20190925,0.4,0.45,0.35,0.35,68664
ZENITHEXPO,20190925,44.6,44.6,41.05,41.85,1110
ZENSARTECH,20190925,210,212.8,206.4,210.1,30973
ZENTEC,20190925,70.4,70.4,66,67.4,40303
ZICOM,20190925,1.05,1.05,1,1,4513
ZODIACLOTH,20190925,213.45,214,201,204.3,3288
ZODJRDMKJ,20190925,34.05,34.05,31.65,31.9,112
ZOTA,20190925,193.95,193.95,188,189.05,40372
ZUARI,20190925,104,106.5,98.65,99.6,110812
ZUARIGLOB,20190925,69,69.5,65,66.05,35176
ZYDUSWELL,20190925,1760.15,1775,1725,1749.4,7442
NSENIFTY,20190925,11564.85,11564.95,11416.10,11440.20,629054640,0
NIFTYJUNIOR,20190925,27874.15,27891.95,27408.60,27484.50,300192303,0
NIFTYMIDCAPLIQ15,20190925,3841.25,3844.10,3761.85,3775.10,83265422,0
NSE100,20190925,11713.10,11713.55,11558.75,11581.60,934419558,0
NIFTY200,20190925,5982.20,5982.50,5899.95,5911.70,1381700796,0
NSE500,20190925,9458.05,9458.45,9326.10,9344.15,1574024070,0
NSEMIDCAP150,20190925,6083.30,6084.75,5981.25,5993.95,459541740,0
MIDCAP50,20190925,4539.30,4541.85,4443.75,4458.90,340935086,0
NSEMIDCAP,20190925,16592.70,16597.25,16273.95,16318.75,447281238,0
NIFTYSMALLCAP250,20190925,-,-,-,4742.85,-,0
NIFTYSMALLCAP50,20190925,-,-,-,2746.60,-,0
NSESMLCAP100,20190925,5826.95,5827.05,5700.90,5715.90,-,0
NIFTYLARGEMIDCAP250,20190925,-,-,-,5718.73,1393961298,0
NIFTYMIDSMALLCAP400,20190925,-,-,-,5547.95,-,0
NIFTYAUTO,20190925,7747.70,7747.70,7437.65,7470.45,133274744,0
BANKNIFTY,20190925,30029.05,30067.60,29470.10,29586.05,352814285,0
NIFTYFINSERVICE,20190925,13352.40,13360.85,13082.65,13141.30,167738805,0
NIFTYFMGC,20190925,31249.15,31281.75,30810.95,30925.95,37931229,0
NSEIT,20190925,15351.85,15471.00,15268.90,15379.90,26252716,0
NIFTYMEDIA,20190925,1880.00,1887.15,1807.15,1826.20,83598883,0
NIFTYMETAL,20190925,2455.20,2461.60,2404.50,2419.75,99755216,0
NIFTYPHARMA,20190925,7860.90,7887.50,7759.75,7789.70,19504844,0
NIFTYPVTBANK,20190925,16736.95,16761.20,16495.15,16576.85,238430197,0
NIFTYPSUBANK,20190925,2495.45,2497.80,2371.85,2380.80,150254634,0
NIFTYREALTY,20190925,270.15,270.15,259.75,260.95,19593656,0
NIFTYCOMMODITIES,20190925,3291.65,3294.00,3259.85,3271.85,228956441,0
NIFTYCONSUMPTION,20190925,5011.00,5015.25,4903.20,4918.90,117954330,0
NIFTYCPSE,20190925,1932.60,1954.85,1925.25,1932.10,71843247,0
NIFTYENERGY,20190925,15118.80,15278.60,15080.00,15179.20,152568463,0
NIFTY100ESG,20190925,-,-,-,2131.88,793607347,0
NIFTY100ENHESG,20190925,-,-,-,2164.70,766338214,0
NIFTYINFRA,20190925,3177.10,3184.85,3148.15,3155.75,297581908,0
NIFTYMNC,20190925,13665.05,13669.35,13390.40,13452.35,75279984,0
NIFTYPSE,20190925,3191.30,3227.00,3180.05,3199.80,204090159,0
NIFTYSMEEMERGE,20190925,-,-,-,1358.01,748700,0
NIFTYSERVSECTOR,20190925,16434.95,16443.95,16243.55,16284.70,496503029,0
NIFTYSHARIAH25,20190925,-,-,-,4339.70,110845704,0
NIFTY50SHARIAH,20190925,-,-,-,2509.35,103777270,0
NIFTY500SHARIAH,20190925,-,-,-,2967.34,287849787,0
NIFTYABGROUP,20190925,-,-,-,2901.36,93559132,0
NIFTYMAHINDRA,20190925,-,-,-,9619.81,10501159,0
NIFTYTATA,20190925,-,-,-,6665.21,95655239,0
NIFTYTATA25CAP,20190925,-,-,-,4579.19,87112729,0
NIFTYABGROUP,20190925,-,-,-,2901.36,93559132,0
NIFTYLIQ15,20190925,3668.60,3669.50,3573.55,3583.05,359914318,0
NIFTY500VALUE50,20190925,-,-,-,3569.26,354351767,0
NIFTYALPHALOWVOL30,20190925,-,-,-,11832.61,172530583,0
NIFTYQUALLOWVOL30,20190925,-,-,-,8350.43,100045902,0
NIFTYALPHAQUALLOWVOL30,20190925,-,-,-,9479.40,108941893,0
NIFTYALPHAQUALVALLOWVOL30,20190925,-,-,-,7240.52,149070213,0
NIFTY50EQUALWEIGHT,20190925,11929.00,11930.80,11766.45,11798.90,629054640,0
NIFTY100EQUALWEIGHT,20190925,12883.20,12886.90,12676.95,12708.20,934419558,0
NIFTY100LOWVOL30,20190925,8877.00,8878.20,8770.90,8787.15,148333650,0
NSEDEFTY,20190925,-,-,-,5580.19,-,0
NIFTY50DIVPOINT,20190925,96.23,96.23,96.23,96.23,-,0
NIFTYDIVOPPS50,20190925,2559.75,2570.50,2550.20,2555.85,285962010,0
NIFTYALPHA50,20190925,12612.60,12614.80,12458.20,12496.50,218808139,0
NIFTY50ARBITRAGE,20190925,-,-,-,1853.38,-,0
NIFTY50FUTINDEX,20190925,-,-,-,3912.72,-,0
NIFTY50FUTTRINDEX,20190925,-,-,-,11555.34,-,0
NIFTYHIGHBETA50,20190925,-,-,-,1313.62,698808262,0
NIFTYLOWVOL50,20190925,-,-,-,10165.42,184058531,0
NIFTY200QUALITY30,20190925,-,-,-,9730.65,-,0
NIFTY50VALUE20,20190925,5290.30,5319.50,5283.80,5307.50,324608581,0
NIFTYGROWSECT15,20190925,6214.10,6216.65,6112.75,6146.20,231646906,0
NIFTY50TR2XLEV,20190925,6281.45,6281.45,6119.85,6145.75,-,0
NIFTY50PR2XLEV,20190925,4850.15,4850.15,4725.35,4745.35,-,0
NIFTY50TR1XINV,20190925,351.90,356.40,351.90,355.65,-,0
NIFTY50PR1XINV,20190925,400.45,405.55,400.45,404.75,-,0
NIFTY-GS-COMPSITE,20190925,2018.34,2021.21,2017.91,2019.45,-,0
NIFTY-GS-4-8YR,20190925,2105.02,2106.59,2103.47,2105.46,-,0
NIFTY-GS-8-13YR,20190925,1984.68,1988.08,1984.59,1985.99,-,0
NIFTY-GS-10YR,20190925,1833.29,1837.28,1833.12,1835.75,-,0
NIFTY-GS-10YR-CLN,20190925,942.57,944.65,942.48,943.85,-,0
NIFTY-GS-11-15YR,20190925,2105.33,2108.15,2104.79,2104.13,-,0
NIFTY-GS-15YRPLUS,20190925,2261.59,2263.24,2258.81,2257.22,-,0
VIX,20190925,16.73,17.42,14.10,16.17,0,0
