20MICRONS,20190927,40.65,42,39,40.75,92366
21STCENMGM,20190927,12.85,12.85,12.85,12.85,203
3IINFOTECH,20190927,2.15,2.15,2.05,2.05,1004011
3MINDIA,20190927,20095,20550,19840.2,20517.4,3436
5PAISA,20190927,181.25,181.25,181.25,181.25,1463
63MOONS,20190927,127.15,131.5,127,127.5,94307
A2ZINFRA,20190927,10.6,11,10.25,10.6,256848
AARTIDRUGS,20190927,460,468,458.1,460.55,31243
AARTIIND,20190927,839,839.9,809,813.3,131473
AARVEEDEN,20190927,16.9,16.9,15.75,16.15,3183
AAVAS,20190927,1605,1605,1576.9,1591.85,8057
ABAN,20190927,28.95,28.95,27.6,27.6,40107
ABB,20190927,1470,1549.95,1470,1545.35,273923
ABBOTINDIA,20190927,10960,10992.2,10670,10688.8,12345
ABCAPITAL,20190927,90.5,91.45,89.15,89.7,1119126
ABFRL,20190927,209.3,210.7,205,205.3,124657
ABMINTLTD,20190927,14,14,14,14,235
ABSLNN50ET,20190927,277.66,280.91,277.66,280.91,53
ACC,20190927,1643,1653.55,1623.05,1634.6,401553
ACCELYA,20190927,845.7,857.8,826,831.25,2433
ACE,20190927,75.1,78.95,73.6,76.2,649945
ADANIENT,20190927,152.7,152.7,147.2,149.45,4016921
ADANIGAS,20190927,133,136,131.9,132.5,455998
ADANIGREEN,20190927,59.15,60.05,56,57.35,2026755
ADANIPORTS,20190927,418,420.5,406.1,408.6,3789544
ADANIPOWER,20190927,68.4,69,66.65,67,8629367
ADANITRANS,20190927,233.95,238,232.5,233.65,80209
ADFFOODS,20190927,280.05,284,277.05,279.2,16176
ADHUNIKIND,20190927,97.75,100.95,97.1,98.4,33795
ADLABS,20190927,3,3.15,3,3.1,51230
ADORWELD,20190927,318.25,318.5,311.2,314.25,3150
ADROITINFO,20190927,6.9,7.6,6.9,7.6,1150
ADSL,20190927,14.35,14.9,13.9,14.05,140781
ADVANIHOTR,20190927,56.65,57.45,56.3,57.05,5760
ADVENZYMES,20190927,171.95,171.95,163.1,164.45,38348
AEGISCHEM,20190927,182,186.3,178.35,179.25,349329
AFFLE,20190927,1191,1220,1147,1202.4,313857
AGARIND,20190927,113.3,119,112,117.5,13241
AGCNET,20190927,117,121.1,117,120.05,52384
AGLSL,20190927,51,53.95,50.1,51.4,1924
AGRITECH,20190927,48.8,50.9,47,48.05,9744
AGROPHOS,20190927,99,102.95,95.5,99.85,246017
AHLEAST,20190927,177.05,188.8,175.2,179.3,3206
AHLUCONT,20190927,283.55,295.55,283.55,293.05,28098
AHLWEST,20190927,374.95,385,346.2,379.85,9535
AIAENG,20190927,1799.85,1820,1750.05,1787.35,17897
AIONJSW,20190927,12.4,12.4,11.8,11.9,65695
AIRAN,20190927,14.25,14.5,14.25,14.25,3670
AJANTPHARM,20190927,1023.8,1075.8,1018,1055,70136
AJMERA,20190927,138.4,141,133.55,134.65,47438
AKSHARCHEM,20190927,226.45,234.4,216.6,226.9,2582
AKSHOPTFBR,20190927,8.55,8.8,8.2,8.2,228272
AKZOINDIA,20190927,2007.95,2045.9,1955.4,1978.65,14740
ALANKIT,20190927,21.5,22.85,21.5,22,207054
ALBERTDAVD,20190927,383.65,383.65,368,369.7,2358
ALBK,20190927,30.25,30.35,29.5,29.6,594533
ALCHEM,20190927,1,1,0.95,1,1642
ALEMBICLTD,20190927,52,56,51.3,55,631546
ALICON,20190927,396.95,397,374.25,379.1,733
ALKALI,20190927,49.75,50.8,48.3,49.8,15400
ALKEM,20190927,1893.9,1965,1875,1929.4,20925
ALKYLAMINE,20190927,875,897,861.2,867.9,9939
ALLCARGO,20190927,115.2,115.55,110,110.9,990304
ALLSEC,20190927,304.95,308,280.55,305.5,1817
ALMONDZ,20190927,10.45,11,10.1,10.85,3683
ALOKTEXT,20190927,1.7,1.7,1.7,1.7,480309
ALPA,20190927,16,16.3,16,16.15,12363
ALPHAGEO,20190927,233.7,234.45,227,230.6,2885
ALPSINDUS,20190927,0.45,0.45,0.4,0.4,1256
AMARAJABAT,20190927,730.35,733.9,710,714.25,519693
AMBER,20190927,883,893,859.6,867,9331
AMBIKCO,20190927,943.1,952,912.25,926.85,884
AMBUJACEM,20190927,210.1,210.6,205.85,207.05,1996223
AMDIND,20190927,16.55,17.1,16.5,16.85,3447
AMJLAND,20190927,17.4,18.45,16.75,17.55,892
AMRUTANJAN,20190927,348.65,381,345.2,365.8,319779
ANANTRAJ,20190927,35.35,36.05,34.2,34.65,343567
ANDHRABANK,20190927,18.3,18.55,18.2,18.25,260280
ANDHRACEMT,20190927,2.75,2.75,2.75,2.75,31613
ANDHRSUGAR,20190927,303.2,304.9,288.05,289.5,38004
ANIKINDS,20190927,8.1,8.1,7.3,7.5,3363
ANKITMETAL,20190927,0.45,0.5,0.4,0.45,61778
ANSALAPI,20190927,5,5.4,5,5.3,42488
ANSALHSG,20190927,5.8,5.8,4.55,5.15,42380
ANTGRAPHIC,20190927,0.75,0.75,0.7,0.75,12729
ANUP,20190927,446,483.25,446,474.35,65191
APARINDS,20190927,581,581,555.9,560.6,1894
APCL,20190927,149.9,150,147,149.05,1180
APCOTEXIND,20190927,207,209.9,196,197.85,91549
APEX,20190927,247,256,244.1,251.15,70402
APLAPOLLO,20190927,1368.45,1387.75,1358.4,1380.9,7190
APLLTD,20190927,513.25,526.45,512.55,513.85,5655
APOLLO,20190927,83.25,84.7,78.05,79.25,14503
APOLLOHOSP,20190927,1431.7,1433.95,1394.1,1400.55,553438
APOLLOTYRE,20190927,184.1,185.8,181,181.85,1715776
APOLSINHOT,20190927,845.35,857.85,840.55,845,429
APTECHT,20190927,159,163,153.8,157,300247
ARCHIDPLY,20190927,29.05,30.75,28.5,29.45,12230
ARCHIES,20190927,19.8,20.7,19.8,20.1,32071
ARCOTECH,20190927,2,2.15,1.95,2.05,27717
ARIES,20190927,64.9,68.45,63.3,65.95,43669
ARIHANT,20190927,18,20,17.2,19,53
ARIHANTSUP,20190927,38.05,41.85,38.05,41.85,1335
ARMANFIN,20190927,525.55,545.95,520,524.45,7568
AROGRANITE,20190927,42,43.3,41.2,41.8,3413
ARROWGREEN,20190927,60,60,55.35,55.35,6734
ARROWTEX,20190927,10.25,10.4,9.85,10.15,11246
ARSHIYA,20190927,21.2,22,21.2,21.4,16975
ARSSINFRA,20190927,24.25,24.65,24.1,24.1,7586
ARVIND,20190927,48.6,49,47.05,47.9,3553686
ARVINDFASN,20190927,447,454,437.1,444.95,46681
ARVSMART,20190927,88.6,89.05,85.3,86.15,5692
ASAHIINDIA,20190927,190,191,187.75,189,18197
ASAHISONG,20190927,132.1,134.75,132.05,133.7,1106
ASAL,20190927,37.5,37.9,34.8,37.35,3650
ASHAPURMIN,20190927,27.3,27.85,27,27.85,46747
ASHIANA,20190927,105.65,107.1,104.25,105.25,31661
ASHIMASYN,20190927,9,9.2,8.2,8.5,43303
ASHOKA,20190927,104.45,107.35,102.3,103.05,542902
ASHOKLEY,20190927,73,73,71.15,71.9,26521149
ASIANHOTNR,20190927,106,109.6,103.5,104.55,352
ASIANPAINT,20190927,1770,1781.4,1735.35,1776.3,1115289
ASIANTILES,20190927,239.05,242.05,236.3,237.05,32674
ASPINWALL,20190927,134.5,135,126.2,133.85,1716
ASSAMCO,20190927,0.65,0.65,0.55,0.6,129655
ASTEC,20190927,427.7,435,412.7,421.9,17387
ASTERDM,20190927,123.3,123.3,119.6,120.15,41857
ASTRAL,20190927,1165.8,1174.8,1131.35,1160.25,72535
ASTRAMICRO,20190927,80.05,80.95,78.6,78.9,48857
ASTRAZEN,20190927,2249.85,2284,2162.1,2239,25667
ASTRON,20190927,111.8,112.6,106.8,110.85,1125050
ATFL,20190927,495,501,490.8,497.5,4870
ATLANTA,20190927,8.9,9.3,8.7,9.1,25799
ATUL,20190927,3916.35,4050,3916.35,4032.5,16483
ATULAUTO,20190927,234,234.4,228.6,230.65,17603
AUBANK,20190927,650.1,666.9,645,663.5,313012
AURIONPRO,20190927,108.9,111.9,103.65,106.9,55021
AUROPHARMA,20190927,608,610.8,595.8,597.2,1289752
AUSOMENT,20190927,30.65,30.7,29.45,29.95,171
AUTOAXLES,20190927,981,1009,947.3,991.2,13482
AUTOIND,20190927,40.95,40.95,38.9,39.75,12588
AUTOLITIND,20190927,23.5,25.35,23.1,24.25,329
AVADHSUGAR,20190927,291.25,312,290,294.4,273831
AVANTIFEED,20190927,380,391.45,375.25,387.3,386971
AVTNPL,20190927,23.5,23.5,22.45,22.7,29514
AXISBANK,20190927,700.2,707.95,692.5,700.6,10245068
AXISCADES,20190927,81.5,82.9,79.7,81.9,100903
AXISGOLD,20190927,3324,3324,3290,3298.95,167
AXISNIFTY,20190927,1193.4,1193.41,1182.28,1192.86,193
AYMSYNTEX,20190927,32.55,34.45,31.85,32.65,7059
BAGFILMS,20190927,1.6,1.65,1.6,1.6,249309
BAJAJ-AUTO,20190927,2964,2989.55,2936.15,2957.5,326785
BAJAJCON,20190927,251.95,252.2,248.2,249.25,34088
BAJAJELEC,20190927,407.8,418.9,405.05,408.25,270419
BAJAJFINSV,20190927,8480,8577,8404,8550.35,384278
BAJAJHIND,20190927,7,7.1,6.7,6.75,795588
BAJAJHLDNG,20190927,3508.9,3573,3481,3553.5,34839
BAJFINANCE,20190927,4006,4085,3990,4057.4,2024478
BALAJITELE,20190927,58.45,58.45,54.15,54.85,21289
BALAMINES,20190927,349.2,358.7,342,350.65,61729
BALAXI,20190927,94,94.9,89.3,94.8,637
BALKRISHNA,20190927,31,31.1,29.45,30.15,9294
BALKRISIND,20190927,784.1,797.5,767.25,771.55,407314
BALLARPUR,20190927,0.6,0.6,0.5,0.55,1694647
BALMLAWRIE,20190927,172.6,173.95,169.55,170.05,71733
BALPHARMA,20190927,41.8,41.8,39.2,39.4,4040
BALRAMCHIN,20190927,169,170.35,161.25,162.85,1346747
BANARBEADS,20190927,39.1,40.9,37.15,39.4,349
BANARISUG,20190927,1214.2,1214.2,1153.1,1164.8,482
BANCOINDIA,20190927,104.5,107.9,104.05,104.7,60213
BANDHANBNK,20190927,505,511,495.5,498.85,400420
BANG,20190927,29.2,29.35,27.15,27.4,7124
BANKBARODA,20190927,94.5,96.7,93.85,95.1,23168151
BANKBEES,20190927,3124.88,3124.88,3041.15,3053.9,3797
BANKINDIA,20190927,67.4,67.75,64.8,66.2,9184518
BANSWRAS,20190927,75,76.8,73.2,75,12268
BARTRONICS,20190927,2.1,2.2,2.1,2.2,6838
BASF,20190927,1034,1034,1011.7,1019.25,10965
BASML,20190927,137.05,143.85,135,136.45,297
BATAINDIA,20190927,1720.6,1760.95,1701,1754.1,687166
BAYERCROP,20190927,3403,3403,3333,3359.9,12682
BBL,20190927,979.5,979.5,960.6,970.3,6622
BBTC,20190927,1238.9,1254,1166.5,1188.5,112376
BCG,20190927,3.45,3.6,3.35,3.35,517579
BCP,20190927,9.8,10.05,9.8,9.8,320088
BDL,20190927,311,312.9,303.1,305.75,55761
BEARDSELL,20190927,11,11,10.1,10.35,2354
BEDMUTHA,20190927,12.25,12.25,12.05,12.05,7205
BEL,20190927,110.45,111.25,107.85,108.15,6127858
BEML,20190927,951,967.85,935,939.8,1032253
BEPL,20190927,62.8,63.2,59.6,60.45,313490
BERGEPAINT,20190927,427.9,443,427,441.45,2723849
BFINVEST,20190927,291.65,293.35,283.55,285.4,39813
BFUTILITIE,20190927,191,192.65,184.1,185.75,459400
BGLOBAL,20190927,1.45,1.55,1.45,1.55,3655
BGRENERGY,20190927,36.65,40.1,35.6,36.6,230708
BHAGERIA,20190927,115.35,116.8,112.05,113.6,13503
BHAGYANGR,20190927,19.55,19.95,19.55,19.9,4103
BHAGYAPROP,20190927,20.65,22.7,20.6,20.95,2230
BHANDARI,20190927,1.3,1.3,1.2,1.25,44340
BHARATFORG,20190927,449.4,452.45,444,446.75,870892
BHARATGEAR,20190927,71.1,74.7,70.2,71,3253
BHARATRAS,20190927,6000,6174.4,5801.15,6029,2648
BHARATWIRE,20190927,29.55,31,28.5,28.55,7337
BHARTIARTL,20190927,344,354.9,339.25,349.1,3353263
BHEL,20190927,51.6,52.1,49.8,50,12738830
BIGBLOC,20190927,24.05,27.7,24.05,26.2,941
BIL,20190927,191.9,193.7,179.3,184,1259
BILENERGY,20190927,0.95,0.95,0.95,0.95,50383
BINDALAGRO,20190927,11.3,11.3,10.75,10.95,10778
BIOCON,20190927,216,224.4,212.2,218.1,6791696
BIOFILCHEM,20190927,4.8,4.8,4.75,4.75,200
BIRLACABLE,20190927,57.5,57.5,55.15,55.85,53816
BIRLACORPN,20190927,612.6,616.95,580,583.55,53119
BIRLAMONEY,20190927,38.9,39.2,37.6,38.3,56750
BKMINDST,20190927,0.95,1,0.9,1,26483
BLBLIMITED,20190927,3.05,3.3,3.05,3.3,81504
BLISSGVS,20190927,103.75,107.15,102,103.55,425525
BLKASHYAP,20190927,10.4,10.65,9.85,9.95,46200
BLS,20190927,82.9,85.65,81,81.55,24591
BLUECOAST,20190927,2.8,2.8,2.7,2.7,101
BLUEDART,20190927,2296.95,2389.9,2292,2356.3,7620
BLUESTARCO,20190927,790,800,781.7,794.9,34982
BODALCHEM,20190927,83.1,85.45,82.9,83.25,50526
BOMDYEING,20190927,86.95,87.8,84.1,84.65,1035091
BOROSIL,20190927,180.4,181.75,174.15,176.45,49553
BOSCHLTD,20190927,14135,14201.95,13822.3,13998.9,13599
BPCL,20190927,475,481.8,465.5,469.8,10949127
BPL,20190927,23.5,24.2,23,23.3,460078
BRFL,20190927,5.35,5.65,5.25,5.25,24905
BRIGADE,20190927,199.65,204,194,202.5,148368
BRITANNIA,20190927,3100.05,3109.7,3005.95,3015.1,432428
BRNL,20190927,72.5,72.85,68.2,69.35,38722
BROOKS,20190927,38.2,38.25,36.65,37,15033
BSE,20190927,567,575,565.75,568.4,108397
BSELINFRA,20190927,1.05,1.1,1.05,1.05,6913
BSL,20190927,29.2,30.5,29.05,29.3,3928
BSLGOLDETF,20190927,3469.05,3507,3469,3479.95,22
BSLNIFTY,20190927,125.5,125.5,125,125,3
BSOFT,20190927,71.9,73.45,70.3,72.6,465909
BURNPUR,20190927,1.55,1.55,1.45,1.45,6731
BUTTERFLY,20190927,167.8,172,161.15,161.8,27992
BVCL,20190927,12.65,13.15,12.15,12.7,736
BYKE,20190927,22.1,23,22.1,22.3,9516
CADILAHC,20190927,244.3,245.7,239.3,241.6,785934
CALSOFT,20190927,12.1,12.1,11.65,11.75,13167
CAMLINFINE,20190927,57.85,58.3,56,57.05,77462
CANBK,20190927,193,194.65,188.5,189.6,8621344
CANFINHOME,20190927,412,413.95,401,404.45,345242
CANTABIL,20190927,232,232,221.95,223.9,10780
CAPACITE,20190927,210,210,202,203.1,30918
CAPLIPOINT,20190927,434.95,435,420.25,425.85,13495
CAPTRUST,20190927,165,165,152,157.95,842
CARBORUNIV,20190927,307.85,307.85,298,299.05,18854
CAREERP,20190927,88,101.7,85.1,95.9,80183
CARERATING,20190927,539.85,542,524.95,537.85,41321
CASTEXTECH,20190927,0.5,0.5,0.45,0.45,44577
CASTROLIND,20190927,132.1,135.5,132,132.4,832159
CCHHL,20190927,4.2,4.4,4,4,24672
CCL,20190927,241,245,238,238.2,19380
CDSL,20190927,210.7,211.8,205.75,207.35,80174
CEATLTD,20190927,990.25,990.95,970.05,980.45,154262
CEBBCO,20190927,15.55,16.2,15.1,15.65,84660
CELEBRITY,20190927,6.85,6.9,6.8,6.8,2319
CELESTIAL,20190927,3.7,3.7,3.6,3.6,4811
CENTENKA,20190927,191.5,192.85,183.55,186,18545
CENTEXT,20190927,3.1,3.1,2.8,2.95,80524
CENTRALBK,20190927,19.5,19.7,19.1,19.2,270344
CENTRUM,20190927,24.85,25.15,24,24.85,276503
CENTUM,20190927,440.65,450,438.15,440.1,2528
CENTURYPLY,20190927,157.75,163.85,156.15,161.95,447636
CENTURYTEX,20190927,929,936.9,912.4,915.65,314235
CERA,20190927,2650.05,2725,2622.8,2697.65,5201
CEREBRAINT,20190927,23.15,23.7,22.15,22.5,368820
CESC,20190927,776.6,784.7,760,763.1,352405
CESCVENT,20190927,391.1,394.3,376.1,379.9,8129
CGCL,20190927,208,222.2,207.95,217.35,510646
CGPOWER,20190927,15.85,15.85,14.85,14.85,709451
CHALET,20190927,295,325.75,295,322.6,123520
CHAMBLFERT,20190927,163.45,163.45,157.5,159.05,460897
CHEMFAB,20190927,178.15,178.15,178,178,765
CHENNPETRO,20190927,167.6,171.6,167.05,169.1,208035
CHOLAFIN,20190927,312.05,322.45,308.1,310.6,3324105
CHOLAHLDNG,20190927,504,504,485.1,490.45,83009
CIGNITITEC,20190927,313.85,341.9,313.15,337,104635
CIMMCO,20190927,24.25,24.55,22.1,23.6,23729
CINELINE,20190927,38.2,38.25,36.5,36.65,3932
CINEVISTA,20190927,11.7,11.7,11.7,11.7,8063
CIPLA,20190927,438.45,446,435.7,439.4,3151119
CKFSL,20190927,0.8,0.8,0.7,0.8,281901
CLEDUCATE,20190927,77.9,78,76,77.65,2563
CLNINDIA,20190927,303.05,308.7,302.05,303.6,11825
CMICABLES,20190927,63.2,67.05,63.2,64,20162
CNOVAPETRO,20190927,10.45,10.45,8.7,9.8,547
COALINDIA,20190927,203.3,204.8,196.7,199.35,10240429
COCHINSHIP,20190927,349.95,352,342,343.05,42501
COFFEEDAY,20190927,50.55,53,50.55,50.55,1655341
COLPAL,20190927,1517.95,1555,1510.85,1544.85,907962
COMPINFO,20190927,10.8,11.2,10.5,10.85,48590
COMPUSOFT,20190927,8.95,9.15,8.9,9.05,63932
CONCOR,20190927,618,621.35,587.05,591.15,3020021
CONFIPET,20190927,30.55,32,30.55,31.4,69291
CONSOFINVT,20190927,39,43.25,38.5,38.7,453
CONTROLPR,20190927,241.15,247,241.1,244.75,2339
CORALFINAC,20190927,11.4,11.4,10.9,10.9,305
CORDSCABLE,20190927,47.55,47.9,45.05,46,10514
COROMANDEL,20190927,415.05,416,406.55,410.35,53734
CORPBANK,20190927,16.3,16.45,15.1,15.5,255020
COSMOFILMS,20190927,218,218.25,213.35,216.65,6680
COUNCODOS,20190927,2.2,2.2,2.1,2.2,37354
COX&KINGS,20190927,4.1,4.1,3.8,4,4891579
CPSEETF,20190927,24.1,24.3,23.62,23.74,8731887
CREATIVE,20190927,61.1,61.1,61.1,61.1,2500
CREDITACC,20190927,664.9,664.9,633,639.95,34875
CREST,20190927,101,106,100.1,102.65,859193
CRISIL,20190927,1365,1365,1350.05,1360.35,7665
CRMFGETF,20190927,3550,3550,3510,3510,4
CROMPTON,20190927,259.5,263,250.95,258.95,645832
CTE,20190927,28.7,30.4,28.7,29.35,2552
CUB,20190927,225.75,225.75,216,217.1,842915
CUBEXTUB,20190927,11.4,11.8,11.4,11.4,288
CUMMINSIND,20190927,592.9,597.25,574.25,576.6,559400
CUPID,20190927,143.45,143.45,139.1,140.3,13824
CYBERTECH,20190927,52.9,53.8,52,52.55,18782
CYIENT,20190927,460,460.95,446.3,453.55,50367
DAAWAT,20190927,28.15,28.6,27.25,27.65,512892
DABUR,20190927,446.2,448.9,442,447.1,1470958
DALBHARAT,20190927,859,859,808.55,816.1,129308
DALMIASUG,20190927,93.65,94.55,91.55,92.5,181353
DAMODARIND,20190927,31.05,33,30.25,31.35,1606
DATAMATICS,20190927,79.2,79.85,76.8,77.85,23010
DBCORP,20190927,147,149,144.65,145.85,25116
DBL,20190927,452.05,456.9,438,443.4,217377
DBREALTY,20190927,8.2,8.45,7.85,8.1,83547
DBSTOCKBRO,20190927,8.6,9,8.6,8.6,169
DCAL,20190927,172.1,174.85,169,170.1,114280
DCBBANK,20190927,208,208.5,199.1,200.9,839533
DCM,20190927,25,25.65,23.75,25.25,796
DCMNVL,20190927,29,32.65,29,29.05,2640
DCMSHRIRAM,20190927,422,426.05,412.1,415.7,83081
DCW,20190927,18,18.3,16.6,17,244907
DECCANCE,20190927,374.9,379.85,359.4,362.4,11215
DEEPAKFERT,20190927,103.3,109,101.05,104.25,511468
DEEPAKNTR,20190927,314.2,319.9,305.1,306.5,306505
DEEPIND,20190927,107.95,108.75,105.35,106.35,4313
DELTACORP,20190927,195.25,195.7,180.8,181.65,753201
DEN,20190927,53.7,56.25,51.05,51.1,43482
DENORA,20190927,216,219.9,211.45,213.7,3744
DFMFOODS,20190927,250,250,246.8,247.65,12478
DGCONTENT,20190927,5.7,6,5.7,5.85,1140
DHAMPURSUG,20190927,231,234.9,221,222.9,635952
DHANBANK,20190927,15.05,15.05,14.3,14.75,145850
DHANUKA,20190927,324.9,328.9,320,323.2,32145
DHARSUGAR,20190927,8.8,8.8,8.2,8.6,3909
DHFL,20190927,43.15,44.7,41.8,42.25,10918470
DHUNINV,20190927,202.05,209.4,202.05,206.25,611
DIAMONDYD,20190927,882.45,915,861.25,904.35,3069
DICIND,20190927,328.95,379.9,321,330.6,4296
DIGISPICE,20190927,5.55,5.7,5.4,5.7,2637
DISHTV,20190927,20.7,21.8,19.05,19.35,44888002
DIVISLAB,20190927,1671,1696.9,1655.25,1660.45,659001
DIXON,20190927,2861,2913,2840,2857.2,4092
DLF,20190927,161,161.9,156.75,158.35,7148165
DLINKINDIA,20190927,95,95.8,92.1,92.45,17526
DMART,20190927,1886,1914,1868.3,1894.55,514118
DNAMEDIA,20190927,0.4,0.4,0.35,0.35,4182
DOLAT,20190927,49.9,53.95,49,52.25,228781
DOLLAR,20190927,204,207.85,199.85,205.4,3021
DONEAR,20190927,30.7,31.5,30.05,30.65,6309
DPSCLTD,20190927,10,10.4,9.9,10.1,21453
DQE,20190927,2.85,2.95,2.75,2.95,4130
DREDGECORP,20190927,349.75,358,346.5,349,249228
DRREDDY,20190927,2782,2786,2720.5,2730.8,468966
DSSL,20190927,26.55,27.95,26,26.25,1618
DTIL,20190927,169,169.95,164,168.2,2685
DUCON,20190927,5.55,5.95,5.55,5.95,33350
DVL,20190927,69.85,70.4,69,69.4,2700
DWARKESH,20190927,26,26.6,25.3,25.4,432812
DYNAMATECH,20190927,1267.05,1300,1251,1275.05,880
DYNPRO,20190927,129.9,129.9,122,126,21877
EASTSILK,20190927,0.7,0.7,0.7,0.7,140
EBANK,20190927,3600,3600,3250.01,3250.01,13
ECLERX,20190927,448,448,440,442.75,12488
EDELWEISS,20190927,110.2,110.8,105,105.6,2265258
EICHERMOT,20190927,17701,18184.3,17550,17792.4,148012
EIDPARRY,20190927,165.05,167.8,164.25,166.75,77098
EIHAHOTELS,20190927,335.05,343.4,313.3,315.25,6885
EIHOTEL,20190927,176.85,182.9,171.6,177.05,205822
EIMCOELECO,20190927,300.05,313.85,295,300,3224
EKC,20190927,27.45,27.45,25.95,26.7,107428
ELECON,20190927,36.6,36.95,36,36.5,42890
ELECTCAST,20190927,15.6,16,15.35,15.7,31376
ELECTHERM,20190927,141.9,141.9,136,136.45,48038
ELGIEQUIP,20190927,284,301.5,284,296.6,100869
ELGIRUBCO,20190927,19.3,19.3,16.55,16.95,27955
EMAMILTD,20190927,320.85,328.4,316.8,320.2,278395
EMAMIPAP,20190927,100.95,100.95,96,97.55,5981
EMAMIREAL,20190927,52.65,52.65,48,48.5,5508
EMCO,20190927,0.95,1,0.95,0.95,16042
EMKAY,20190927,76.75,78.35,67,68.9,28908
EMMBI,20190927,129.05,130.95,127.05,129.85,5695
ENDURANCE,20190927,994.5,1038,992.1,1001.5,16829
ENERGYDEV,20190927,5.95,5.95,5.75,5.75,10686
ENGINERSIN,20190927,115.8,119.5,114.25,118.1,1461194
ENIL,20190927,340,351,336.05,341.15,3469
EON,20190927,15.5,15.5,14.35,14.95,3443
EQ30,20190927,320,340,320,338.66,15
EQUITAS,20190927,102.2,107.7,102.2,106.2,6536539
ERIS,20190927,424,444.9,419.05,438.85,40870
EROSMEDIA,20190927,16.7,16.7,16.7,16.7,156081
ESABINDIA,20190927,1230.15,1299,1202.6,1278.05,8571
ESCORTS,20190927,610,610,585,590.1,3716000
ESSARSHPNG,20190927,7.6,8,7.6,7.7,3130
ESSELPACK,20190927,116.6,118,114.65,116.2,38874
ESTER,20190927,33.5,33.75,31.9,32.55,23855
EUROMULTI,20190927,0.7,0.7,0.6,0.6,7110
EUROTEXIND,20190927,13.5,13.5,12.85,12.85,114
EVEREADY,20190927,47.5,47.7,46.1,47.65,559673
EVERESTIND,20190927,352.6,352.6,336.1,338,17836
EXCEL,20190927,0.95,1,0.9,0.9,26763
EXCELINDUS,20190927,929.5,1015,923,968.7,50927
EXIDEIND,20190927,195.95,198.3,193.5,194.15,1515720
EXPLEOSOL,20190927,328.05,332.9,312,313.25,16337
FACT,20190927,43.55,43.85,41,41.3,310596
FAIRCHEM,20190927,486.05,515.85,486,500.1,4605
FCL,20190927,28.5,28.9,28.1,28.35,68477
FCONSUMER,20190927,28.75,29.25,27.8,28.15,858006
FCSSOFT,20190927,0.25,0.25,0.2,0.25,350458
FDC,20190927,175,175.65,173,174.9,33625
FEDERALBNK,20190927,93.95,95.5,92.3,93.6,10815034
FEL,20190927,21.75,22.3,21.5,21.55,161586
FELDVR,20190927,22.95,23,20.45,20.9,6430
FIEMIND,20190927,360.45,364.95,355.05,362.25,5767
FILATEX,20190927,38.45,38.45,36.85,37,269115
FINCABLES,20190927,396,400,382.25,389.85,41751
FINEORG,20190927,1731.15,1752.7,1689.7,1697.65,11315
FINPIPE,20190927,572,588,572,582.7,24768
FLEXITUFF,20190927,9.85,9.9,9.85,9.85,7375
FLFL,20190927,442,447.95,421.35,428.6,29133
FMGOETZE,20190927,568.05,568.05,542.05,547.55,7207
FMNL,20190927,29.65,30.75,28.1,29.3,9229
FORCEMOT,20190927,1183,1206.95,1150,1158.55,17007
FORTIS,20190927,137,138.4,134.55,136.6,658819
FOSECOIND,20190927,1300,1303,1284.4,1290.65,252
FRETAIL,20190927,391.2,394.4,383.05,386.6,1040399
FSC,20190927,521.2,530,520,527.85,2557
FSL,20190927,48.3,48.9,46.8,47,2487223
GABRIEL,20190927,115.65,115.75,112.5,113.05,78420
GAEL,20190927,162.05,164.45,161,161.75,18079
GAIL,20190927,136.5,136.95,132.5,134.15,7540645
GAL,20190927,2.9,3,2.75,2.95,6812
GALAXYSURF,20190927,1450,1480,1450,1473.45,6054
GALLANTT,20190927,30,30.45,28.9,29.25,7351
GALLISPAT,20190927,23.2,23.2,21.5,22.3,2003
GAMMNINFRA,20190927,0.3,0.35,0.25,0.3,1386105
GANDHITUBE,20190927,338,338,325,328.9,1668
GANECOS,20190927,248.9,253.05,245.75,250.8,7060
GANESHHOUC,20190927,40.95,42,40.15,40.75,23814
GANGESSECU,20190927,36.5,42.4,36.5,39.95,10569
GARDENSILK,20190927,11.65,11.7,11.05,11.25,17075
GARFIBRES,20190927,1236,1236,1168.15,1187.25,8490
GATI,20190927,58,59.25,55.1,56.45,893486
GAYAHWS,20190927,0.3,0.3,0.25,0.3,44797
GAYAPROJ,20190927,115.4,115.4,106.35,107.95,11681
GDL,20190927,111.7,117,107.75,108.2,508997
GEECEE,20190927,93.85,96.9,91.55,93.1,1947
GENESYS,20190927,80.5,81,77.55,78.75,7292
GENUSPAPER,20190927,6.95,7,6.8,6.85,104445
GENUSPOWER,20190927,24.3,24.65,23.4,23.6,98854
GEOJITFSL,20190927,30.75,30.95,29.1,29.5,218377
GEPIL,20190927,808.95,851.25,800.35,822.75,35066
GESHIP,20190927,278.5,284.25,275,283.35,31600
GET&D,20190927,181.95,185.2,174.15,175.75,49704
GFLLIMITED,20190927,82.7,85,82.65,82.65,261906
GFSTEELS,20190927,3.9,3.9,3.9,3.9,2541
GHCL,20190927,224.8,227,220.05,221.15,107136
GICHSGFIN,20190927,153.6,156.3,148.5,149.75,131946
GICRE,20190927,205,222.75,201.05,215.9,1045956
GILLANDERS,20190927,30.35,31,29,29.25,185
GILLETTE,20190927,7179.8,7179.8,7088,7103.35,5096
GINNIFILA,20190927,8.85,9.15,8.35,8.9,62302
GIPCL,20190927,70.95,72.4,70.4,70.55,58872
GKWLIMITED,20190927,712.5,738.95,712.5,736.1,52
GLAXO,20190927,1410.8,1418,1382.2,1401.95,52125
GLENMARK,20190927,347,347.85,331.6,333.25,1210851
GLOBALVECT,20190927,63.5,63.5,59,61.2,9648
GLOBOFFS,20190927,6.65,6.65,6.15,6.25,5673
GLOBUSSPR,20190927,137.45,145.4,135.5,139.25,465600
GMBREW,20190927,366,441.05,366,416.8,1219310
GMDCLTD,20190927,65.2,66.4,62.6,62.85,292465
GMMPFAUDLR,20190927,1480.2,1525.1,1476,1487.7,2832
GMRINFRA,20190927,17.1,17.75,16.75,17.15,34152633
GNA,20190927,264,268.35,259,261.4,15497
GNFC,20190927,215,219.35,208.4,209.8,360558
GOACARBON,20190927,306.85,306.85,306.85,306.85,1847
GOCLCORP,20190927,314.7,319.9,310.85,312.25,9811
GODFRYPHLP,20190927,979.95,1005,979.5,984.7,84861
GODREJAGRO,20190927,485.85,485.9,471.3,482.15,29901
GODREJCP,20190927,681,695.3,679.95,692.25,1222468
GODREJIND,20190927,415,425.65,410,412.45,219637
GODREJPROP,20190927,1094,1100,1050,1062.1,294644
GOKEX,20190927,92.5,93.4,91.25,92.05,27794
GOKUL,20190927,15.45,15.45,14.8,15.3,11756
GOKULAGRO,20190927,15.85,15.85,15.25,15.25,996
GOLDBEES,20190927,3302.55,3319,3298,3302.15,19428
GOLDENTOBC,20190927,30.75,31,29.25,29.85,1723
GOLDIAM,20190927,135,143.8,133.5,140.85,252118
GOLDSHARE,20190927,3350.1,3397.75,3340,3352.8,418
GOLDTECH,20190927,10.3,10.8,10.25,10.65,25945
GOODLUCK,20190927,61.3,62.5,59.2,60.15,82774
GPIL,20190927,158.15,159.15,150.25,151.8,24906
GPPL,20190927,84.5,87.7,82.6,86.95,241477
GPTINFRA,20190927,38.6,39.05,36.8,38,2436
GRANULES,20190927,102,102.85,100.85,102.05,204819
GRAPHITE,20190927,340.7,342.95,314.45,316.35,2542911
GRASIM,20190927,746.4,746.4,722,727,1281646
GRAVITA,20190927,46,47.5,44.2,44.5,55255
GREAVESCOT,20190927,142.5,149.3,141.85,146.45,271018
GREENLAM,20190927,888.4,897,862.05,880.7,881
GREENPLY,20190927,158.9,194.9,158.9,169.6,440978
GREENPOWER,20190927,2.35,2.45,2.35,2.4,111838
GRINDWELL,20190927,609.1,619.75,597.9,605.7,11876
GROBTEA,20190927,300,317,285,314.5,238
GRPLTD,20190927,949,949,900.05,936.5,8
GRSE,20190927,176,183.7,173.8,179.6,533309
GRUH,20190927,271.25,274.25,264.6,265.9,359595
GSCLCEMENT,20190927,18.4,18.45,17.55,17.65,16034
GSFC,20190927,82.5,83.75,79.5,79.9,519545
GSKCONS,20190927,8720,8758.85,8621.1,8640.35,57476
GSPL,20190927,214,221,213.9,218.95,763457
GSS,20190927,32.35,33.2,31.45,32.85,36737
GTL,20190927,2.45,2.45,2.25,2.25,24012
GTLINFRA,20190927,0.6,0.6,0.6,0.6,565306
GTNIND,20190927,7.9,8.25,7.6,7.65,1941
GTNTEX,20190927,7.45,8.15,7.45,7.95,452
GTPL,20190927,70.15,71.7,69.3,71.35,12469
GUFICBIO,20190927,70,73,69.5,71.45,202913
GUJALKALI,20190927,475.7,479,463.55,466.45,39229
GUJAPOLLO,20190927,147.05,149.6,141.1,141.15,1201
GUJGASLTD,20190927,174.45,175.4,171.65,172.35,294172
GUJRAFFIA,20190927,8.5,8.9,8.1,8.8,6642
GULFOILLUB,20190927,869.9,873.55,850,865.25,10879
GULFPETRO,20190927,41.05,44.65,39.05,40.7,19565
GULPOLY,20190927,49.35,50,48.1,49.4,11544
GVKPIL,20190927,4.3,4.35,4.2,4.2,909369
HAL,20190927,746.1,746.1,725,729.4,25997
HARITASEAT,20190927,417.1,436.7,412,418.8,918
HARRMALAYA,20190927,55.65,56.8,54.9,55.35,22229
HATHWAY,20190927,22.05,22.6,21.45,21.65,293047
HATSUN,20190927,644.95,645,628,633.55,4634
HAVELLS,20190927,722.9,732.4,710.1,713.8,1081624
HAVISHA,20190927,0.7,0.7,0.6,0.6,13900
HBLPOWER,20190927,20.2,20.4,19.55,19.7,100890
HBSL,20190927,7.25,7.25,7.25,7.25,56
HCC,20190927,9.05,9.15,8.8,8.95,742916
HCG,20190927,113.8,114.5,110,110.4,3467
HCL-INSYS,20190927,8.1,8.25,7.85,7.95,686882
HCLTECH,20190927,1045.5,1053.6,1034.1,1041.05,2229167
HDFC,20190927,2061.25,2096.7,2025.6,2035.9,4896678
HDFCAMC,20190927,2855.1,2878,2777.7,2804,237911
HDFCBANK,20190927,1248.25,1253.5,1237.6,1244.2,7436585
HDFCLIFE,20190927,567.1,585.6,567.1,582.3,3937172
HDFCMFGETF,20190927,3393,3411,3385,3389.8,1851
HDFCNIFETF,20190927,1209.27,1211.97,1204.5,1210,144
HDFCSENETF,20190927,4095,4124,4093,4093.58,18
HDIL,20190927,4.2,4.2,4.2,4.2,262466
HEG,20190927,1135,1147.7,1018,1026,936212
HEIDELBERG,20190927,194.35,196.4,192.8,193.85,260449
HERCULES,20190927,88.6,91.55,88.6,90.4,5546
HERITGFOOD,20190927,395,395,386.1,388,7793
HEROMOTOCO,20190927,2756.4,2778.45,2707,2729.15,679062
HESTERBIO,20190927,1780,1809,1716.15,1740.75,11761
HEXATRADEX,20190927,4.6,5,4.6,5,623308
HEXAWARE,20190927,372.05,381.3,372.05,375.95,926069
HFCL,20190927,18.95,18.95,18.7,18.8,813536
HGINFRA,20190927,199.95,205.65,198,201.6,113011
HGS,20190927,580.05,588,575,575.9,3106
HIKAL,20190927,152.9,154.7,151.35,151.65,126968
HIL,20190927,1377,1377,1325,1339.75,7681
HILTON,20190927,9.5,10.35,9.5,9.9,3172
HIMATSEIDE,20190927,149,150,145.1,145.7,29337
HINDALCO,20190927,194.55,194.95,189.5,190.7,4392645
HINDCOMPOS,20190927,192,192,177,179,1222
HINDCOPPER,20190927,37.35,37.85,36.4,36.6,600991
HINDMOTORS,20190927,6.35,6.5,6,6.05,57966
HINDNATGLS,20190927,39.5,39.95,39.5,39.95,633
HINDOILEXP,20190927,102.7,102.75,99.75,100.35,218134
HINDPETRO,20190927,304.65,312.7,302,305.85,11202716
HINDUJAVEN,20190927,342,342,330.4,333.4,1069
HINDUNILVR,20190927,2026,2044.65,2005.5,2010.9,1458672
HINDZINC,20190927,212.9,218.2,211.1,216.6,1557188
HIRECT,20190927,155,173.7,152.9,164.45,170327
HISARMETAL,20190927,53.6,53.6,51.05,52,1404
HITECH,20190927,190,190,171.3,173.4,4571
HITECHCORP,20190927,85,87.95,83.65,86,111
HITECHGEAR,20190927,178.35,182,174,177,4165
HMVL,20190927,79.95,79.95,77,79.45,4705
HNDFDS,20190927,483.05,521.85,483.05,521.85,1731
HNGSNGBEES,20190927,3244.97,3244.97,3236.9,3236.9,8
HONAUT,20190927,27999.75,28700,27999.75,28617.1,686
HONDAPOWER,20190927,1100.6,1100.6,1053.6,1064.4,868
HOTELEELA,20190927,8.4,8.4,7.65,7.75,337835
HOVS,20190927,77,78.5,75.6,76.15,2829
HPL,20190927,43.65,45.45,43.65,43.95,17777
HSCL,20190927,87.45,90.15,83.15,83.7,1983833
HSIL,20190927,44,44,41.5,41.9,271489
HTMEDIA,20190927,21.25,22.7,21.25,22.25,210716
HUBTOWN,20190927,15.55,16.15,15.1,15.45,42540
HUDCO,20190927,36.6,36.9,35.7,35.8,676319
IBMFNIFTY,20190927,111.5,114.99,111.5,111.52,195
IBREALEST,20190927,55.9,56.25,50.85,51,5990869
IBULHSGFIN,20190927,410.75,414.5,383.4,390.1,19865522
IBULISL,20190927,145,150.5,136.2,136.2,268983
IBVENTURES,20190927,188,190,149.15,154.8,6877045
ICICI500,20190927,151.75,157,151.51,152.02,281
ICICIB22,20190927,35.99,35.99,34.88,35.11,353809
ICICIBANK,20190927,449.5,451.85,443.3,449.2,19432963
ICICIBANKN,20190927,298.7,302.24,297.85,300.49,1470496
ICICIBANKP,20190927,168.1,171.95,166.89,167.52,371
ICICIGI,20190927,1200,1219,1191,1203.75,497580
ICICIGOLD,20190927,31.5,34.8,31.5,33.95,25276
ICICILIQ,20190927,999.95,1000,999.95,1000,16563
ICICILOVOL,20190927,95.35,95.7,90,90.99,1637
ICICIMCAP,20190927,61,66.4,61,63.24,17191
ICICINF100,20190927,125.19,125.78,124.7,125.3,9937
ICICINIFTY,20190927,118.8,122.07,114,120.86,886582
ICICINV20,20190927,57.5,58,54.7,55.3,2413
ICICINXT50,20190927,27.5,28.74,27,28.1,3626047
ICICIPRULI,20190927,450.85,464.45,447,458.6,4270028
ICICISENSX,20190927,416,422,410.7,413.74,44
ICIL,20190927,45.8,47.4,45.05,46.1,123065
ICRA,20190927,3089.9,3089.9,2945,2962,1229
IDBI,20190927,35.4,35.7,32.9,33.6,4933687
IDEA,20190927,5.25,5.8,5.1,5.65,107327275
IDFC,20190927,36.15,36.65,35.8,36.15,1719752
IDFCFIRSTB,20190927,43.6,43.65,42.2,42.5,11349639
IDFNIFTYET,20190927,115,121,115,115,41
IEX,20190927,121.35,124.9,120.55,121.7,326144
IFBAGRO,20190927,389,458.75,380,422.7,98172
IFBIND,20190927,710,718.9,682.1,691.1,12584
IFCI,20190927,7.3,7.45,7.2,7.25,954849
IFGLEXPOR,20190927,168.6,171.95,164.1,168,1647
IGARASHI,20190927,199.95,205.35,195,195.6,20413
IGL,20190927,353.8,356.35,345.5,346.95,1161240
IGPL,20190927,179.05,183.75,177,178.2,26939
IIFL,20190927,118.45,118.65,113,117,221285
IIFLSEC,20190927,29.4,29.4,29.4,29.4,62367
IIFLWAM,20190927,1334,1375,1271.05,1300.05,1761136
IITL,20190927,63,63,59.05,59.05,101
IMFA,20190927,190,192,183.8,186.75,9538
IMPAL,20190927,913.95,915,905.05,909.2,773
IMPEXFERRO,20190927,0.25,0.3,0.25,0.25,51025
INDBANK,20190927,8.1,8.8,7.7,7.75,27844
INDHOTEL,20190927,155.55,156.6,151.5,154.45,532579
INDIACEM,20190927,84.5,85.25,82,82.45,1002953
INDIAGLYCO,20190927,244.3,246.8,236,237.35,55736
INDIAMART,20190927,1925,1940,1877,1892.35,40352
INDIANB,20190927,138,138.95,132,133.5,1042382
INDIANCARD,20190927,111,118.95,111,113.25,196
INDIANHUME,20190927,287.1,290.65,284,286.1,16373
INDIGO,20190927,1859,1874.65,1829.7,1851.8,740839
INDLMETER,20190927,18.25,19.4,18.1,18.4,1234
INDNIPPON,20190927,353.05,359.95,353.05,356.7,942
INDOCO,20190927,157,162.1,155.05,155.8,8186
INDORAMA,20190927,31.95,32,31,31.05,4605
INDOSTAR,20190927,228.55,233.35,225.1,229.7,13820
INDOTECH,20190927,93.4,93.4,88.1,88.2,978
INDOTHAI,20190927,26.25,26.9,25,25.45,2028
INDOWIND,20190927,3.3,3.3,2.95,3,24797
INDRAMEDCO,20190927,38.65,38.7,37.35,37.6,46641
INDSWFTLAB,20190927,44.8,44.95,42.5,43.15,42073
INDSWFTLTD,20190927,5.8,5.85,5.4,5.45,20174
INDTERRAIN,20190927,80,84.15,75.2,81.95,401891
INDUSINDBK,20190927,1539.6,1545,1470.85,1480.8,4445539
INEOSSTYRO,20190927,644.95,645,640,642.6,3846
INFIBEAM,20190927,39.7,43.5,39.65,42.1,8789754
INFOBEAN,20190927,76.45,76.45,66,67.1,15465
INFRABEES,20190927,333.11,333.11,333.11,333.11,1
INFRATEL,20190927,258,259.2,252.3,256.6,2152148
INFY,20190927,787.05,794.25,780.1,782.2,5087642
INGERRAND,20190927,629.95,655.6,629.95,634.5,86483
INOXLEISUR,20190927,337.05,345.95,331.55,336,187604
INOXWIND,20190927,34.2,36,33.3,34.8,209312
INSECTICID,20190927,619.3,622.65,606.5,607.3,15007
INSPIRISYS,20190927,47.15,49.9,47.1,48.55,14881
INTELLECT,20190927,187,189.35,181.55,182.5,178836
INTENTECH,20190927,37.9,37.9,35.15,36.65,12262
INVENTURE,20190927,13,14.5,12.8,14.15,35603
IOB,20190927,10.05,10.1,9.8,9.85,317452
IOC,20190927,146.6,147.8,144.15,145.55,13782651
IOLCP,20190927,183.05,184.45,177.65,179.25,142739
IPAPPM,20190927,432.35,432.35,406.75,410.1,25307
IPCALAB,20190927,917.3,926.8,907,923.3,85036
IRB,20190927,82.2,83,79,79.5,603241
IRCON,20190927,379.85,389,376.05,377.3,113961
ISEC,20190927,281.25,287.55,280.5,284.65,131127
ISFT,20190927,86,90.5,86,86.2,8848
ISMTLTD,20190927,4,4.25,3.85,4,13794
ITC,20190927,250,258,250,252.95,17535666
ITDC,20190927,255,256.5,241.5,245.15,39164
ITDCEM,20190927,49.95,52.25,49.25,49.9,376076
ITI,20190927,84.45,85.65,82,82.25,628872
IVC,20190927,3.45,3.45,3.15,3.15,111071
IVP,20190927,67,67,64.15,64.15,800
IVZINGOLD,20190927,3439,3439,3383.1,3400,808
IZMO,20190927,31.6,32.8,31,31.1,65082
J&KBANK,20190927,35.85,35.85,34.8,35.1,600200
JAGRAN,20190927,63.8,65.2,62.4,64.15,1316671
JAGSNPHARM,20190927,24.9,27.45,24.5,25.55,5314
JAIBALAJI,20190927,19.05,19.3,18.75,18.8,3232
JAICORPLTD,20190927,90.55,91.7,86.6,87.4,1072579
JAMNAAUTO,20190927,37.8,39.25,37.2,37.85,1162522
JAYAGROGN,20190927,165.1,165.1,155,155.85,75431
JAYBARMARU,20190927,192.7,204,186.1,201.25,203600
JAYNECOIND,20190927,4.9,5.05,4.7,4.9,24636
JAYSREETEA,20190927,53.9,54.05,51.6,52,48091
JBCHEPHARM,20190927,354.9,367.45,351.85,355.4,127752
JBFIND,20190927,7.95,7.95,7.6,7.65,50927
JBMA,20190927,203.55,207.5,195.4,198.6,115832
JCHAC,20190927,1854.25,1856.05,1813,1849.3,12181
JHS,20190927,17.55,17.75,16.5,16.7,49628
JIKIND,20190927,0.3,0.4,0.3,0.35,4206
JINDALPHOT,20190927,15.7,16.7,15.65,15.95,642
JINDALPOLY,20190927,241.5,242.8,232.25,235.55,10676
JINDALSAW,20190927,83.35,88.5,83.35,86.85,1281063
JINDALSTEL,20190927,107.8,107.85,102,102.85,20347735
JINDCOT,20190927,2.4,2.5,2.3,2.45,622
JINDRILL,20190927,81.35,82.9,78.05,81.45,4814
JINDWORLD,20190927,63.35,63.35,54.4,59.05,244397
JISLDVREQS,20190927,16.5,16.8,15.8,16.25,14319
JISLJALEQS,20190927,21.15,21.8,20.1,20.2,1717536
JITFINFRA,20190927,7.75,7.75,7.7,7.75,664
JIYAECO,20190927,48,48.4,46.6,47.3,184114
JKCEMENT,20190927,1049.6,1077,1041.45,1067,15162
JKIL,20190927,135.55,136.35,132.65,133.5,130865
JKLAKSHMI,20190927,319,319.25,308.05,312,35958
JKPAPER,20190927,145.7,147.95,143.25,146.75,2017648
JKTYRE,20190927,70.55,73.2,69.25,72.2,619528
JMA,20190927,25,26.5,24.45,25.15,1760
JMCPROJECT,20190927,117.25,118.1,116.1,117.15,23299
JMFINANCIL,20190927,83,83.9,80.45,82.6,259590
JMTAUTOLTD,20190927,1.25,1.25,1.15,1.2,47282
JOCIL,20190927,94.95,110.55,86.1,98.75,9878
JPASSOCIAT,20190927,2.05,2.1,2,2.05,3232663
JPINFRATEC,20190927,1.25,1.3,1.25,1.25,479233
JPOLYINVST,20190927,16.45,16.7,15.25,15.65,597
JPPOWER,20190927,1.7,1.7,1.55,1.6,916879
JSL,20190927,37.5,38.8,36.35,36.7,635680
JSLHISAR,20190927,65.3,66.6,63.75,64.8,148033
JSWENERGY,20190927,63.3,65.35,62.8,65.05,870241
JSWHL,20190927,2733.55,2809,2733.55,2796.95,239
JSWSTEEL,20190927,233.6,236.5,230.6,232.2,7000789
JTEKTINDIA,20190927,88.5,89.9,86.1,86.7,35663
JUBILANT,20190927,543,546.55,520.75,523.9,243121
JUBLFOOD,20190927,1408,1408,1363.45,1369.5,779032
JUBLINDS,20190927,110.2,113.1,106.2,111.6,9904
JUMPNET,20190927,57,59,57,58.25,760833
JUNIORBEES,20190927,289.9,289.9,284.1,288.85,413310
JUSTDIAL,20190927,695,718,685.3,690.7,1872443
JYOTHYLAB,20190927,166.95,167,164.05,165.9,31256
KABRAEXTRU,20190927,67.1,71.85,66,68.1,950806
KAJARIACER,20190927,566,576,550.1,556.95,236439
KAKATCEM,20190927,172.8,172.8,162.5,163.55,13413
KALPATPOWR,20190927,498.5,498.5,468,475.05,71224
KALYANIFRG,20190927,170,170.75,165.1,165.1,203
KAMATHOTEL,20190927,38.8,38.8,36.55,37.8,30634
KAMDHENU,20190927,119.9,119.95,112.55,113.5,2924
KANANIIND,20190927,3.2,3.5,2.9,3.25,5946
KANORICHEM,20190927,45.4,46.2,44.65,45.35,12113
KANSAINER,20190927,514.4,525,504.3,516.55,213096
KARDA,20190927,183.9,184.1,179.9,183.1,67434
KARMAENG,20190927,9.75,10.2,9.6,10.15,2113
KARURVYSYA,20190927,58.55,60.8,58.55,60.2,896378
KAUSHALYA,20190927,0.4,0.4,0.4,0.4,1300
KAYA,20190927,386.85,392.75,380,389.05,9855
KCP,20190927,71.8,72.65,70.2,70.55,96193
KCPSUGIND,20190927,13,13.15,12.9,12.9,22640
KDDL,20190927,389.4,389.4,352.55,372.75,1903
KEC,20190927,277.9,279.4,274.1,275.95,112504
KECL,20190927,9.2,9.9,9.1,9.1,29889
KEI,20190927,525.9,550,525.9,545.45,265736
KELLTONTEC,20190927,24.5,25.1,24.35,24.45,396525
KENNAMET,20190927,1095.1,1124.2,1081.5,1099.65,850
KERNEX,20190927,27.6,27.6,26,27.5,886
KESARENT,20190927,36.65,36.65,34.1,35.3,7496
KESORAMIND,20190927,55.65,57.45,54.7,55.55,203428
KGL,20190927,0.35,0.35,0.3,0.3,592138
KHADIM,20190927,230.95,234,222,224.55,16582
KHAITANLTD,20190927,20.3,20.3,19.3,20.2,366
KICL,20190927,1740,1797.85,1697.95,1734,1133
KILITCH,20190927,124.3,128.35,122.85,123.35,9956
KINGFA,20190927,632.45,650,631,633.05,1791
KIOCL,20190927,123.3,127,123.3,124.1,5593
KIRIINDUS,20190927,450,454.25,438.4,441,90351
KIRLOSBROS,20190927,167.95,168,161.2,162.9,5297
KIRLOSENG,20190927,186.05,192,185.1,186.4,9168
KIRLOSIND,20190927,685.75,706,685.75,693.8,89
KITEX,20190927,96,99.8,93.2,98.35,46663
KKCL,20190927,985,999,980.05,985.85,98
KMSUGAR,20190927,7.2,7.25,6.95,7,137461
KNRCON,20190927,234,237.2,232.05,234.9,139516
KOHINOOR,20190927,14.5,14.5,14,14.15,12333
KOKUYOCMLN,20190927,70.7,73.9,69,71.65,19409
KOLTEPATIL,20190927,262.7,287.7,261,271.95,641312
KOPRAN,20190927,30.25,30.7,29.6,29.7,23319
KOTAKBANK,20190927,1615.85,1649.4,1605.95,1643.5,2582561
KOTAKBKETF,20190927,303.5,310,303.5,307.61,119619
KOTAKGOLD,20190927,332.5,343.5,331.5,333.45,121087
KOTAKNIFTY,20190927,120,120.15,119.3,119.52,423411
KOTAKNV20,20190927,56.56,56.99,56.11,56.43,6844
KOTAKPSUBK,20190927,240,240,234.15,236.05,2184
KOTARISUG,20190927,11.35,11.4,11,11.15,28679
KOTHARIPET,20190927,17.4,17.5,16.75,17.2,14398
KOTHARIPRO,20190927,62,63.95,61.8,62.7,1249
KPITTECH,20190927,94.4,97.5,94.4,95.65,368311
KPRMILL,20190927,560.15,566.95,546.75,552.25,4830
KRBL,20190927,226.9,231.8,222.15,223.3,100909
KREBSBIO,20190927,84.55,88.9,84.55,85.8,1425
KRIDHANINF,20190927,8.55,8.55,8.55,8.55,45746
KRISHANA,20190927,50.35,53.8,50.35,51.9,355
KSB,20190927,663,677,651.4,668.8,8864
KSCL,20190927,526.45,530.85,510,512.25,164885
KSERASERA,20190927,0.1,0.15,0.1,0.15,1199049
KSK,20190927,0.5,0.6,0.5,0.5,764786
KSL,20190927,199.65,199.9,193.5,194.95,15195
KTIL,20190927,34,36.2,33.4,35.25,5905
KTKBANK,20190927,79.3,79.35,77.1,77.3,801659
KWALITY,20190927,1.55,1.6,1.5,1.5,484273
L&TFH,20190927,96,96,92.9,93.15,8933850
LAKSHVILAS,20190927,36.5,37.5,36.5,36.5,1948087
LALPATHLAB,20190927,1387,1412.95,1382.1,1386.05,50157
LAMBODHARA,20190927,32.95,33,30.85,31.15,7644
LAOPALA,20190927,186.5,188.75,183,185.95,32787
LASA,20190927,17.05,17.75,17.05,17.15,37662
LAURUSLABS,20190927,371,374.95,365.2,366.05,20632
LAXMIMACH,20190927,3715.9,3787.95,3652,3695.45,1665
LEMONTREE,20190927,57.65,57.95,56.3,57.55,333309
LGBBROSLTD,20190927,325.05,327.75,316.45,319.25,3957
LGBFORGE,20190927,2.55,2.55,2.4,2.45,2311
LIBAS,20190927,55,59.95,55,59.9,6760
LIBERTSHOE,20190927,110.95,115.6,110.2,111.7,106466
LICHSGFIN,20190927,395.85,402,391.85,394.15,2300890
LICNETFGSC,20190927,20.25,20.36,19.67,19.8,3694
LICNETFN50,20190927,125,127,118.95,120.5,49
LICNETFSEN,20190927,480,485,475,485,25
LINCOLN,20190927,165,167.4,158.1,161.05,41857
LINCPEN,20190927,187,187,185.8,186.6,662
LINDEINDIA,20190927,516.45,524.9,506.65,509.3,20606
LIQUIDBEES,20190927,1000,1000.01,999.13,1000,1430421
LIQUIDETF,20190927,1000,1000.01,999.99,999.99,47454
LOKESHMACH,20190927,35.65,36,34.25,34.95,8672
LOTUSEYE,20190927,23.05,23.05,22.15,22.35,1534
LOVABLE,20190927,68.7,68.7,66,66.7,5480
LPDC,20190927,1.8,1.8,1.75,1.8,1598
LSIL,20190927,0.45,0.5,0.45,0.5,229533
LT,20190927,1484.05,1491.7,1462,1472.65,2167976
LTI,20190927,1508.3,1526.05,1505,1520.5,75207
LTTS,20190927,1604.95,1607.7,1570,1579.3,34888
LUMAXIND,20190927,1255,1349.4,1207.3,1225.65,6482
LUMAXTECH,20190927,89,92,85.4,86.1,23199
LUPIN,20190927,726.1,734.2,714.65,717.25,1283523
LUXIND,20190927,1254,1255,1206.15,1229.3,47307
LYKALABS,20190927,17,17,16.35,16.6,14646
LYPSAGEMS,20190927,4.7,4.85,4.65,4.75,6988
M&M,20190927,562.8,567.8,549.15,555.1,4326078
M&MFIN,20190927,352,353.85,344.15,346.05,1339022
M100,20190927,17.2,17.25,17.06,17.11,17339
M50,20190927,111.3,114.4,110.6,112.11,102
MAANALU,20190927,73,73.9,70.45,70.95,5849
MADHAV,20190927,28,28,26,26.3,547
MADHUCON,20190927,4.6,4.75,4.4,4.4,23147
MADRASFERT,20190927,24.3,24.3,22.3,22.6,646015
MAGADSUGAR,20190927,118,123,115.65,116.65,36876
MAGMA,20190927,56.2,56.95,54.4,55.5,83608
MAGNUM,20190927,4.2,4.2,4,4,2666
MAHABANK,20190927,11.6,11.6,11.4,11.45,313337
MAHAPEXLTD,20190927,75,78.7,72.3,77,1473
MAHASTEEL,20190927,128,131.5,123.3,125.3,8672
MAHESHWARI,20190927,239.8,243.8,202,220.05,277804
MAHINDCIE,20190927,174,174.9,168.1,169.8,128603
MAHLIFE,20190927,412,447.9,406.25,423.75,146102
MAHLOG,20190927,389,392.5,316.5,370.55,394882
MAHSCOOTER,20190927,4448,4498,4415,4446.45,18006
MAHSEAMLES,20190927,395.05,395.05,386,389.4,7133
MAITHANALL,20190927,497,501.5,485.05,489.2,11094
MAJESCO,20190927,438.9,440,432.3,437.55,10137
MALUPAPER,20190927,34,35.45,33.5,35.45,471491
MAN50ETF,20190927,116.95,116.95,116.75,116.75,13
MANAKALUCO,20190927,5,5.25,5,5,3175
MANAKCOAT,20190927,3.6,3.9,3.6,3.9,132034
MANAKSIA,20190927,36.3,37.8,35.1,35.3,108798
MANAKSTEEL,20190927,13.8,13.8,11.25,11.5,14629
MANALIPETC,20190927,22.4,22.45,21.05,21.55,858331
MANAPPURAM,20190927,136,145,135.5,143.45,10423776
MANGALAM,20190927,31.85,31.85,30.55,30.65,7074
MANGCHEFER,20190927,35.75,35.8,34.65,35,176787
MANGLMCEM,20190927,299.9,305.95,282.65,294.7,30664
MANGTIMBER,20190927,7.4,7.5,7.4,7.4,1044
MANINDS,20190927,49.85,49.9,45.55,46.7,91033
MANINFRA,20190927,21.65,21.8,20.8,21.05,97677
MANUGRAPH,20190927,16.55,17.5,16.25,16.45,2193
MARALOVER,20190927,17.8,19.05,17.35,18.4,935
MARATHON,20190927,78.05,83.9,78.05,81.9,3270
MARICO,20190927,388.1,392.45,385,391.05,1594589
MARKSANS,20190927,14.3,14.3,14,14.1,814216
MARUTI,20190927,6860,6915,6735,6773.7,1457894
MASFIN,20190927,696.5,705,691.05,700.7,13746
MASTEK,20190927,349.9,350,341,342.9,14412
MATRIMONY,20190927,574.55,590,553.05,569.5,3487
MAWANASUG,20190927,36.25,36.25,33.45,33.75,114123
MAXINDIA,20190927,60.5,63.5,60,62.6,94838
MAXVIL,20190927,43.9,47.9,43.1,45.2,48586
MAYURUNIQ,20190927,219.35,219.35,210,212.95,54168
MAZDA,20190927,363,368,357.5,365,2854
MBAPL,20190927,80,82.9,77,82.9,7101
MBECL,20190927,3.9,3.9,3.6,3.7,29261
MBLINFRA,20190927,6.1,6.5,5.9,5.9,55693
MCDHOLDING,20190927,20.1,21,18.6,18.85,28872
MCDOWELL-N,20190927,670.95,674,659.1,664.3,1238356
MCLEODRUSS,20190927,9.15,9.2,8.75,9,159635
MCX,20190927,979,1019,970.1,1008.25,939696
MEGASOFT,20190927,6.5,6.65,6.5,6.5,4272
MEGH,20190927,57.05,57.85,54.85,55.05,527292
MELSTAR,20190927,1.05,1.05,1.05,1.05,1456
MENONBE,20190927,63.9,63.9,60.1,61.2,7962
MEP,20190927,28.1,28.85,27.2,27.85,98774
MERCATOR,20190927,1.2,1.2,1.2,1.2,127622
METALFORGE,20190927,5.35,5.4,5.1,5.1,5202
METROPOLIS,20190927,1280,1296,1271.15,1277.45,11549
MFSL,20190927,417,435.5,412.4,430.85,996134
MGL,20190927,930.5,939.9,913.85,917.25,526364
MHRIL,20190927,240,243,236.7,237.45,23935
MIC,20190927,0.6,0.6,0.55,0.6,59477
MIDHANI,20190927,131,134,130.6,131.2,73658
MINDACORP,20190927,90.7,94,89,92.15,125964
MINDAIND,20190927,340.55,344.75,329.9,332.5,48194
MINDTECK,20190927,34.1,36.5,34.1,36.1,846
MINDTREE,20190927,691,717,691,707.85,602953
MIRCELECTR,20190927,9.75,9.75,8.85,8.95,1133084
MIRZAINT,20190927,58.15,58.7,56.55,56.9,121519
MMFL,20190927,430,430.8,423.2,426.2,2732
MMTC,20190927,17.95,18.1,17.6,17.65,765529
MOHITIND,20190927,4.25,5,3.9,4.45,10366
MOHOTAIND,20190927,14.9,15.25,14.05,14.05,2522
MOIL,20190927,135,144.25,135,143.45,1937773
MOLDTECH,20190927,56.95,57.4,55.25,55.6,32421
MOLDTKPAC,20190927,301.25,307.3,301,304.4,16968
MONTECARLO,20190927,250,257.6,250,251.35,4425
MORARJEE,20190927,13.1,13.45,12.75,13.3,1700
MOREPENLAB,20190927,17.2,18.3,16.65,17,1064016
MOTHERSUMI,20190927,108.85,110.85,106.85,107.4,7288089
MOTILALOFS,20190927,678.9,685,651,657.9,48388
MOTOGENFIN,20190927,38.75,40.5,37,37.2,2536
MPHASIS,20190927,947,955,935,938.4,43081
MPSLTD,20190927,484.65,492.1,475,476.75,2675
MRF,20190927,62859.6,63875.85,62286.75,62674.55,7538
MRO-TEK,20190927,17.15,18.45,17.1,18.45,237
MRPL,20190927,49.25,49.25,47.75,48.1,320579
MSPL,20190927,5.1,5.15,4.9,4.95,4682
MSTCLTD,20190927,97.5,98.8,93.35,93.9,40136
MTEDUCARE,20190927,22.55,23.2,22.15,22.55,34924
MTNL,20190927,6.05,6.15,5.9,6,784300
MUKANDENGG,20190927,13.45,13.45,12.4,12.6,7794
MUKANDLTD,20190927,33.55,36.2,33.55,35.85,18701
MUKTAARTS,20190927,41.3,42.3,40.25,40.55,87341
MUNJALAU,20190927,36.7,45.1,36.7,41.85,2534274
MUNJALSHOW,20190927,130.55,142,128.2,134.15,131975
MURUDCERA,20190927,17.2,17.95,16.9,17.05,82052
MUTHOOTCAP,20190927,550.9,569,550,554.85,7131
MUTHOOTFIN,20190927,684,698,680.55,687.85,1497876
MVL,20190927,0.1,0.1,0.05,0.05,121086
N100,20190927,540,541.97,535.1,540.93,3342
NACLIND,20190927,28.3,28.75,27.65,27.95,32855
NAGAROIL,20190927,0.2,0.25,0.2,0.25,95464
NAGREEKCAP,20190927,9.5,9.5,9.5,9.5,51
NAGREEKEXP,20190927,14.1,17.35,14.05,15.25,10082
NAHARCAP,20190927,74.4,75.8,72.3,73.6,5337
NAHARINDUS,20190927,28.8,28.8,27.4,27.6,6621
NAHARPOLY,20190927,36,36.4,34,34.15,2544
NAHARSPING,20190927,54,55.2,52.2,52.85,2332
NATCOPHARM,20190927,600,607.9,594.1,600.8,112885
NATHBIOGEN,20190927,365,366,357.1,360.2,4934
NATIONALUM,20190927,46.3,47,45.45,46.45,11311448
NATNLSTEEL,20190927,2.15,2.25,2.05,2.25,567
NAUKRI,20190927,2078.95,2095,2026,2050.75,77432
NAVINFLUOR,20190927,774.25,783.4,748.3,754.05,24256
NAVKARCORP,20190927,41,41.3,36.35,36.95,563478
NAVNETEDUL,20190927,110.55,111.5,109.55,109.95,40528
NBCC,20190927,37.9,38,36.1,36.5,14208719
NBIFIN,20190927,1420,1450,1420,1444.6,110
NBVENTURES,20190927,83.3,86.4,83.3,83.95,60797
NCC,20190927,61.5,62.35,58.05,58.35,16587785
NCLIND,20190927,113.8,114.75,109,110.2,41580
NDGL,20190927,634.95,635,561.5,578.8,843
NDL,20190927,38,40,37.25,38.5,14548
NDTV,20190927,31.55,31.85,31.05,31.4,2785
NECCLTD,20190927,5.6,5.6,5.3,5.3,34280
NECLIFE,20190927,13.65,13.85,13.45,13.55,81150
NELCAST,20190927,45.7,45.7,44.05,44.3,32834
NELCO,20190927,264,264.7,253.1,255.15,65959
NEOGEN,20190927,347,349.5,334,339.8,5976
NESCO,20190927,590,601.8,575,582.6,48899
NESTLEIND,20190927,13840,13898.15,13600,13740.9,110119
NETWORK18,20190927,22.4,22.75,21.75,21.85,389755
NEULANDLAB,20190927,490,504.2,488,497.8,302550
NEWGEN,20190927,274.85,274.85,270.2,272.3,11799
NEXTMEDIA,20190927,11.1,11.8,11.1,11.35,4972
NFL,20190927,26.1,26.1,25.6,25.65,436102
NH,20190927,234.25,241.45,234.25,236.5,9548
NHPC,20190927,23.1,23.15,22.8,22.9,5434074
NIACL,20190927,103.7,106.9,102,105.7,254833
NIBL,20190927,7,7.15,6.7,7,3354
NIFTYBEES,20190927,1227.6,1238,1216.32,1220.94,162384
NIITLTD,20190927,89.5,90.95,89.5,90.6,193830
NIITTECH,20190927,1355,1408.3,1355,1394.05,313134
NILAINFRA,20190927,4.6,4.75,4.5,4.55,135765
NILASPACES,20190927,1.2,1.3,1.2,1.2,145032
NILKAMAL,20190927,1240,1265,1212.05,1231.25,35595
NIPPOBATRY,20190927,474.15,479.9,470,471.45,215
NITCO,20190927,27,27.8,26.2,26.75,128503
NITESHEST,20190927,1.75,1.75,1.65,1.75,14415
NITINSPIN,20190927,52.5,52.7,48.9,49.15,39657
NKIND,20190927,34.8,34.8,34.8,34.8,1
NLCINDIA,20190927,57.85,58.2,57.6,57.75,90417
NMDC,20190927,94,96.5,90.8,91.5,26467037
NOCIL,20190927,112.6,114.3,110,111.4,513561
NOIDATOLL,20190927,5,5.2,4.75,4.8,9913
NORBTEAEXP,20190927,4.1,4.1,4.1,4.1,50
NPBET,20190927,168.94,170.58,168.94,169.09,1217
NRAIL,20190927,282,286.45,276.5,282.2,14837
NRBBEARING,20190927,106.9,108,103,103.65,35216
NSIL,20190927,881,881,820.1,842.75,203
NTL,20190927,0.3,0.35,0.3,0.3,767
NTPC,20190927,117.9,119.1,116.3,117.05,9325734
NUCLEUS,20190927,326,326,315.6,319.1,5697
OAL,20190927,232,232,201.05,208.05,4858
OBEROIRLTY,20190927,523.35,523.35,504.2,505.95,434267
OCCL,20190927,1058.9,1069,1014.85,1019.8,5742
OFSS,20190927,2940,3063,2920.05,3038.05,30201
OIL,20190927,149.4,149.8,146.5,146.85,1008626
OILCOUNTUB,20190927,7,7,6.8,6.85,1078
OISL,20190927,4.9,5.1,4.8,5.05,9883
OLECTRA,20190927,202.65,204.4,199,201.5,30773
OMAXAUTO,20190927,41.95,43,39.95,40.6,11338
OMAXE,20190927,194.6,194.6,191.45,191.7,190805
OMKARCHEM,20190927,7.15,7.15,6.65,6.7,2806
OMMETALS,20190927,20.05,20.45,18.3,18.7,31661
ONELIFECAP,20190927,5.35,5.85,5.35,5.35,1405
ONEPOINT,20190927,18,18.5,17.2,18.4,615
ONGC,20190927,135.9,136.1,130.45,131.5,11359611
ONMOBILE,20190927,34.5,35,33.45,34.3,359290
ONWARDTEC,20190927,63.5,65,63.45,64.55,4682
OPTIEMUS,20190927,48.9,48.9,44.7,44.7,133091
OPTOCIRCUI,20190927,4.6,4.7,4.3,4.45,789258
ORBTEXP,20190927,102.05,106,101.5,105.25,616
ORICONENT,20190927,22.25,22.25,21.2,21.4,71398
ORIENTABRA,20190927,17.75,18.2,17.5,17.7,15065
ORIENTALTL,20190927,13,13.5,13,13,6440
ORIENTBANK,20190927,62.4,63.1,61.55,61.8,443361
ORIENTBELL,20190927,132.6,136,132,132.9,3261
ORIENTCEM,20190927,93.1,95.2,92.1,92.65,47143
ORIENTELEC,20190927,169.8,169.8,162.7,166.8,70482
ORIENTHOT,20190927,37.55,37.85,37.25,37.35,13934
ORIENTLTD,20190927,125,125,120.1,120.15,324
ORIENTPPR,20190927,31.9,32.25,31.5,31.95,972162
ORIENTREF,20190927,212,213,208.55,211.35,12062
ORISSAMINE,20190927,889.7,889.7,860,867.6,15825
ORTINLABSS,20190927,11.75,11.75,11.5,11.75,24072
OSWALAGRO,20190927,6.3,6.55,6.3,6.3,1503
PAGEIND,20190927,22021.55,22500,21800.65,22322.7,19485
PAISALO,20190927,395.95,408.45,395.35,407,51540
PALASHSECU,20190927,40,43,39,39.75,1125
PALREDTEC,20190927,19.45,20.75,19.45,19.5,2916
PANACEABIO,20190927,148.2,154,148.1,148.85,31083
PANAMAPET,20190927,82,83.7,78.6,79.55,61861
PAPERPROD,20190927,250,251,240.35,243.65,17861
PARABDRUGS,20190927,1.15,1.15,1.15,1.15,3554
PARACABLES,20190927,9.3,9.5,9.25,9.25,20637
PARAGMILK,20190927,163,164.55,156,162.4,391067
PARSVNATH,20190927,2.75,2.75,2.65,2.65,88371
PATELENG,20190927,10.25,10.55,9.85,10,104913
PATINTLOG,20190927,26.05,26.05,26.05,26.05,10604
PATSPINLTD,20190927,6.55,6.9,5.55,5.7,23492
PCJEWELLER,20190927,35.5,35.55,34.5,34.7,4038688
PDMJEPAPER,20190927,17.65,18.55,17.2,18.55,640679
PDPL,20190927,3.05,3.35,3.05,3.1,6349
PDSMFL,20190927,340,363.15,340,340.25,2761
PEARLPOLY,20190927,10,10,9.15,9.2,2200
PEL,20190927,1825,1825,1710,1726.6,2188615
PENIND,20190927,29.3,30.2,28.6,29.15,59214
PENINLAND,20190927,4.25,4.25,4.1,4.1,102949
PERSISTENT,20190927,574.3,578.4,565.7,572.7,19522
PETRONENGG,20190927,8.25,8.25,8.25,8.25,751
PETRONET,20190927,258,263.55,257.7,260.5,3430060
PFC,20190927,100.6,102.2,98.55,100.2,6654031
PFIZER,20190927,3279.9,3316.8,3215,3269.7,30285
PFOCUS,20190927,48.5,48.5,45.1,47.25,44953
PFS,20190927,13.6,13.6,13.05,13.15,457923
PGEL,20190927,50.15,52.8,49.7,51.4,64970
PGHH,20190927,11619.95,12198,11521.05,12119.5,11917
PGHL,20190927,4643.95,4698,4605,4639.8,9768
PGIL,20190927,157.05,171.75,155.15,169.05,25777
PHILIPCARB,20190927,128.9,129,122.55,123.45,648314
PHOENIXLTD,20190927,700,706.4,683,687.8,1150585
PIDILITIND,20190927,1449.9,1489.8,1440.45,1476.8,538268
PIIND,20190927,1288.3,1342,1281.1,1328.9,281932
PILANIINVS,20190927,1968,1979,1952,1966.8,10446
PILITA,20190927,5.55,5.55,5.3,5.3,12968
PIONDIST,20190927,166,187.05,162.3,179,909678
PIONEEREMB,20190927,22,24.4,20.1,24.05,24406
PIRPHYTO,20190927,23,23,22.75,23,620
PITTIENG,20190927,43.1,44.1,42.25,42.7,69306
PKTEA,20190927,127.4,134.75,127.4,127.6,148
PLASTIBLEN,20190927,198.4,200,186.6,190.95,847439
PNB,20190927,62.9,63.7,62.35,62.85,22426450
PNBGILTS,20190927,33.4,33.4,32.6,32.65,40028
PNBHOUSING,20190927,638.55,638.55,609.35,612.45,99980
PNC,20190927,15.25,15.25,14.2,14.4,3823
PNCINFRA,20190927,190.25,190.25,181,183.35,153199
PODDARHOUS,20190927,398.95,399.6,380,398.95,6197
PODDARMENT,20190927,174.8,174.8,168,169.7,1499
POKARNA,20190927,143.45,144.5,136.5,138.5,13014
POLYCAB,20190927,701.1,708.9,685,699.1,203966
POLYMED,20190927,207.2,213.95,207,207.55,3751
POLYPLEX,20190927,447,447,434.85,436.9,74323
PONNIERODE,20190927,110,110,106,109.45,1456
POWERGRID,20190927,197.8,199.75,196.05,198.1,5644381
POWERMECH,20190927,760.05,760.05,717.55,731.9,11306
PPAP,20190927,193.1,194,186.35,190.6,8205
PPL,20190927,72,73,72,72.05,13277
PRABHAT,20190927,79.9,79.9,78.3,78.4,44090
PRAENG,20190927,6.45,7.4,6.05,6.7,124427
PRAJIND,20190927,118.7,119.6,115.4,116.2,655022
PRAKASH,20190927,48.4,49.45,47.5,48.3,251583
PRAKASHSTL,20190927,0.2,0.2,0.2,0.2,19940
PRAXIS,20190927,72,72.25,71.15,71.15,3908
PRECAM,20190927,28,30.25,28,29.4,97087
PRECOT,20190927,30.05,30.9,30.05,30.05,376
PRECWIRE,20190927,171.35,175.1,169.05,170.45,1818
PREMEXPLN,20190927,178.8,178.8,173,173.05,22917
PREMIERPOL,20190927,20.4,21.55,20.2,21,789
PRESSMN,20190927,21.55,22.2,21.35,22,20019
PRESTIGE,20190927,293.05,295.95,285.2,289.75,169894
PRICOLLTD,20190927,35.4,36.7,34.95,36.35,244182
PRIMESECU,20190927,37.35,38.35,36.1,37.8,31620
PROSEED,20190927,0.3,0.4,0.3,0.4,39452
PROVOGE,20190927,0.45,0.5,0.45,0.45,90243
PROZONINTU,20190927,16.8,17.9,16.8,16.95,25789
PRSMJOHNSN,20190927,89.5,90.9,85.75,86.5,157561
PSB,20190927,19.9,20,19.4,19.5,63061
PSL,20190927,0.7,0.75,0.7,0.7,15933
PSPPROJECT,20190927,574.4,576.85,561,565,22869
PSUBNKBEES,20190927,265.5,270,261,261.39,2729
PTC,20190927,57.65,58.6,56.8,57.1,1396168
PTL,20190927,36.55,37.4,36.3,37.15,13182
PUNJABCHEM,20190927,535,550,535,546.95,1493
PURVA,20190927,69,71.5,68,70.05,86926
PVR,20190927,1865.5,1897.7,1855,1864.95,376555
QGOLDHALF,20190927,1642.15,1652,1642.15,1644.95,933
QNIFTY,20190927,1183.5,1186,1182,1183,83
QUESS,20190927,460,469.85,448,464.15,308447
QUICKHEAL,20190927,136.4,139.8,133.1,135.25,233929
QUINTEGRA,20190927,0.35,0.4,0.3,0.35,23806
RADAAN,20190927,1.45,1.5,1.35,1.35,4595
RADICO,20190927,322.9,338,318.1,322.35,1058823
RADIOCITY,20190927,37.05,39.8,37.05,37.9,54297
RAIN,20190927,103.2,103.75,97.6,98.35,1096321
RAJESHEXPO,20190927,672.5,679.25,671.5,674.05,143056
RAJSREESUG,20190927,17.65,18,17.35,17.45,11797
RAJTV,20190927,42,43.4,41.1,41.95,4588
RALLIS,20190927,172.35,177,171.95,174.05,301030
RAMANEWS,20190927,19.35,20.2,18,18.4,336663
RAMASTEEL,20190927,60,60.05,57.1,58.55,9585
RAMCOCEM,20190927,774.6,774.6,753,757.75,423796
RAMCOIND,20190927,190.95,191.95,183.3,186.35,20412
RAMCOSYS,20190927,171.9,173.3,165.3,166.2,8020
RAMKY,20190927,63.2,63.95,60.6,62,26354
RANASUG,20190927,2.35,2.45,2.3,2.35,113544
RANEENGINE,20190927,285.2,291.35,275.1,279.45,1139
RANEHOLDIN,20190927,916,945,915.95,939.35,734
RATNAMANI,20190927,960,976.2,955,969.5,10148
RAYMOND,20190927,573.5,578.9,563,567.9,299683
RBL,20190927,514.95,526.7,512.6,520.8,8254
RBLBANK,20190927,384.05,388.7,360.35,366.25,7475139
RCF,20190927,51.9,52.2,49.8,50.25,1067978
RCOM,20190927,0.75,0.8,0.7,0.8,13613222
RECLTD,20190927,128,128.4,124.1,126.25,6559075
REDINGTON,20190927,110,111.9,109.05,109.85,178715
REFEX,20190927,71,71,66,70.2,430353
REGENCERAM,20190927,1.75,1.75,1.75,1.75,200
RELAXO,20190927,503,507,495,497.15,104273
RELCAPITAL,20190927,29.1,29.3,27.75,27.95,6695121
RELCNX100,20190927,120.89,120.9,120,120,130
RELCONS,20190927,52.5,53.29,52.25,53.16,2051
RELDIVOPP,20190927,29.55,29.73,29.55,29.62,203
RELIANCE,20190927,1292.5,1315,1284,1309.05,8712980
RELIGARE,20190927,34,35.6,33.05,35.55,99297
RELINFRA,20190927,34.6,34.8,32.45,33.4,4882864
RELNV20,20190927,567.25,567.97,563.44,565.56,257
REMSONSIND,20190927,86.5,86.7,85,85.3,7568
RENUKA,20190927,7,7.2,7,7.05,452425
REPCOHOME,20190927,317.9,321.95,313.2,315.7,27144
REPRO,20190927,551.05,564.8,542.4,553.55,3771
RESPONIND,20190927,94.05,98.2,91.95,94.35,155147
RETFMID150,20190927,60.62,60.79,60.17,60.22,88119
REVATHI,20190927,377.6,414,362,377.75,2708
RGL,20190927,269.5,277.5,260,262.4,1054
RHFL,20190927,4.05,4.05,4.05,4.05,98711
RICOAUTO,20190927,42.95,45.5,42.45,45.05,644802
RIIL,20190927,279.7,283.5,271.75,273.1,212163
RITES,20190927,271.8,281.9,268.8,270.1,881626
RKDL,20190927,6.1,6.5,6.1,6.4,945
RKFORGE,20190927,292.75,310,290,303.5,35172
RMCL,20190927,4.1,4.25,3.9,3.9,44702
RML,20190927,288.15,296.35,281,286.2,14107
RNAM,20190927,266.75,268.9,264.05,265.8,1426527
RNAVAL,20190927,1.6,1.6,1.6,1.6,264045
ROHLTD,20190927,90.55,90.55,85,85.45,35344
ROLLT,20190927,2.25,2.25,2.25,2.25,201
ROLTA,20190927,5.3,5.55,5.2,5.35,128496
ROSSELLIND,20190927,57.2,57.2,51.55,54.25,4989
RPGLIFE,20190927,213.9,224,211.35,215.75,33976
RPOWER,20190927,2.55,2.6,2.35,2.4,27512665
RPPINFRA,20190927,106.8,106.8,97.45,98.3,26010
RRSLGETF,20190927,19.9,19.92,19.84,19.84,47262
RSSOFTWARE,20190927,20.4,20.4,19.45,19.55,7116
RSWM,20190927,120.15,120.15,112.85,114.3,10395
RSYSTEMS,20190927,40,40.5,40,40.2,4194
RTNINFRA,20190927,2,2,1.9,1.9,245958
RTNPOWER,20190927,1.5,1.6,1.5,1.55,398923
RUBYMILLS,20190927,218,223,215,218.05,3151
RUCHINFRA,20190927,2,2.2,2,2.2,8981
RUCHIRA,20190927,103.95,105.5,100.25,104.45,157841
RUCHISOYA,20190927,3.65,3.7,3.65,3.65,1123209
RUPA,20190927,187,189.8,180.1,180.9,15520
RUSHIL,20190927,150.05,153.8,143.8,146.1,15466
RVNL,20190927,24.9,25.8,24.5,25.25,10541636
SABTN,20190927,2.6,2.6,2.6,2.6,9459
SADBHAV,20190927,136,139.5,134.1,135,683883
SADBHIN,20190927,43.7,43.7,39,40.5,159643
SAFARI,20190927,589.5,624.15,573,611.5,3844
SAGCEM,20190927,616,647.95,606.05,629.2,9893
SAIL,20190927,34.2,34.3,32.7,33.05,29290686
SAKAR,20190927,50.5,50.5,47.6,47.6,20436
SAKHTISUG,20190927,8.95,9.2,8.85,9,32945
SAKSOFT,20190927,257.9,257.9,248,249.1,4409
SAKUMA,20190927,9.75,9.75,9,9.1,282374
SALASAR,20190927,119.9,124.5,116.5,117.4,33267
SALONA,20190927,78.9,78.9,70,70.15,492
SALSTEEL,20190927,3.3,3.35,3.25,3.25,9786
SALZERELEC,20190927,132,144,123,132.1,14992
SAMBHAAV,20190927,2.7,2.85,2.65,2.8,9110
SANCO,20190927,18.95,19.25,15,16,324977
SANDESH,20190927,586.05,600,580,585.9,525
SANDHAR,20190927,250.15,264.35,241.8,246.55,5719
SANGAMIND,20190927,41.25,42.25,40,41.15,5671
SANGHIIND,20190927,53.9,59.8,52.25,53.25,329013
SANGHVIFOR,20190927,28.55,31,28.55,31,1881
SANGHVIMOV,20190927,98.65,98.65,92.2,93.25,10566
SANGINITA,20190927,110,111.95,108.6,109.95,43192
SANOFI,20190927,5880,5994.8,5871.1,5928.45,2343
SANWARIA,20190927,2.2,2.3,2.15,2.3,1453671
SARDAEN,20190927,163.7,163.95,157.6,158.75,14805
SAREGAMA,20190927,358.1,365.6,352.05,355.25,10237
SARLAPOLY,20190927,22,22.6,21.05,21.55,89071
SASKEN,20190927,588,610,575,601.45,18061
SASTASUNDR,20190927,101.05,102,99.95,100.1,3508
SATHAISPAT,20190927,6.15,6.15,6.15,6.15,505
SATIA,20190927,755,755,738,738.9,3512
SATIN,20190927,319.65,319.7,309.05,316.8,61253
SBIETFQLTY,20190927,98.83,104,98,98.11,18514
SBILIFE,20190927,819.35,847.65,819.35,842.5,1994366
SBIN,20190927,282.7,286.05,280,281.2,37851718
SCAPDVR,20190927,0.5,0.5,0.5,0.5,5384
SCHAEFFLER,20190927,4213,4315.95,4150,4299.4,12692
SCHAND,20190927,62.2,67.7,60.95,66.1,140621
SCHNEIDER,20190927,83,84.9,79.6,79.95,65886
SCI,20190927,43.5,44.65,41.75,42.25,6030588
SDBL,20190927,125,128.8,121.35,126.25,14109
SEAMECLTD,20190927,372.95,384.2,364.1,379.85,61765
SELAN,20190927,142.7,147.75,141.6,142.5,21140
SELMCL,20190927,0.65,0.65,0.55,0.6,50271
SEPOWER,20190927,2.7,2.7,2.5,2.5,972
SEQUENT,20190927,82,84.85,67.25,74.55,3602605
SESHAPAPER,20190927,211.15,213,204,209.35,27111
SETCO,20190927,16.05,16.1,15.35,15.65,100330
SETF10GILT,20190927,186.98,199.9,168.7,189.8,322
SETFGOLD,20190927,3374.7,3384,3360.15,3366.2,1363
SETFNIF50,20190927,118.83,119.43,118.2,118.66,478521
SETFNIFBK,20190927,302.18,304.65,301.6,303.08,2048
SETFNN50,20190927,285.7,286.91,285.51,286,182288
SETUINFRA,20190927,1.8,1.8,1.8,1.8,2976
SEYAIND,20190927,409,435,395,397.05,14623
SFL,20190927,1287.1,1304.9,1280,1286.8,1369
SGL,20190927,7.6,8,7.6,7.95,8321
SHAHALLOYS,20190927,10.55,10.8,10,10.3,2137
SHAKTIPUMP,20190927,301.15,307.4,296,296.85,12021
SHALBY,20190927,92.25,92.75,88.05,88.55,8565
SHALPAINTS,20190927,87.3,87.3,82,84,101429
SHANKARA,20190927,372.8,381.6,355.55,357.65,104999
SHANTIGEAR,20190927,98.5,98.5,96.25,96.95,1416
SHARDACROP,20190927,300,305.05,297.1,300.5,4642
SHARDAMOTR,20190927,931.7,959.75,925,935.55,534
SHARIABEES,20190927,260,260,250.75,256.37,45
SHEMAROO,20190927,248.25,254.4,242.1,246.1,4861
SHILPAMED,20190927,305,305,286,290.9,6534
SHIRPUR-G,20190927,12.7,13.45,12.35,12.35,38056
SHIVAMAUTO,20190927,23.9,25,23.55,23.65,63740
SHIVAMILLS,20190927,36,36,34,34.65,1182
SHIVATEX,20190927,122.1,125,116.15,118.55,980
SHK,20190927,131,147.9,130.05,141.5,267630
SHOPERSTOP,20190927,410,414.1,406.75,408.25,3935
SHREDIGCEM,20190927,17.75,17.75,16.35,17.05,102647
SHREECEM,20190927,19486.05,19486.05,19200,19325.2,12894
SHREEPUSHK,20190927,106.9,107.8,104.8,105.15,5404
SHREERAMA,20190927,4.15,4.2,3.95,4.15,19588
SHRENIK,20190927,42.85,42.85,39.1,40.4,91273
SHREYANIND,20190927,148.25,150.45,145.25,147.75,32157
SHREYAS,20190927,90.45,91.4,84.55,87.65,10641
SHRIPISTON,20190927,745.75,777.95,745.75,777.95,271
SHRIRAMCIT,20190927,1339.3,1347.85,1331,1339.65,12111
SHRIRAMEPC,20190927,12.15,13.4,11.8,13.1,661900
SHYAMCENT,20190927,2.8,2.85,2.65,2.85,15115
SICAGEN,20190927,18.9,19.55,18.6,18.7,7923
SICAL,20190927,27.1,27.1,26.65,27.1,51551
SIEMENS,20190927,1487,1520,1477.55,1509.05,937304
SIGIND,20190927,24,24.45,23.5,23.9,23622
SIL,20190927,11.6,12.2,11.6,11.9,247
SILINV,20190927,157.05,162.85,151.55,155.75,3195
SIMBHALS,20190927,6.65,7.3,6.65,7.15,4372
SIMPLEXINF,20190927,51.25,51.7,47.6,48.05,74065
SINTEX,20190927,1.95,2,1.9,1.9,2401892
SIRCA,20190927,199.55,199.55,188.2,195.45,3951
SIS,20190927,851,857.85,840.3,845.2,4850
SITINET,20190927,2.15,2.15,2.15,2.15,21643
SIYSIL,20190927,250.35,253.9,246.1,250.2,3886
SJVN,20190927,24.6,24.75,24.45,24.5,718223
SKFINDIA,20190927,2139.95,2188.05,2139.95,2157.95,6496
SKIL,20190927,5.6,5.6,5.35,5.55,92239
SKIPPER,20190927,54.35,55.6,53.05,54.6,25310
SKMEGGPROD,20190927,40.15,42.9,39.3,42.35,46079
SMARTLINK,20190927,77,80,77,78.45,2098
SMLISUZU,20190927,568,574.3,561,567.9,8874
SMSLIFE,20190927,319.95,320,290.95,294.1,62896
SMSPHARMA,20190927,42.5,42.55,39.8,41.6,81991
SNOWMAN,20190927,38.6,41.75,38.5,38.9,2468064
SOBHA,20190927,506,511.95,500,502.3,49367
SOLARA,20190927,390.4,395.95,358.55,374.75,47163
SOLARINDS,20190927,1140,1140,1111,1117.4,2003
SOMANYCERA,20190927,190,199.6,187,190.85,223106
SOMATEX,20190927,3.3,3.3,3.3,3.3,4430
SOMICONVEY,20190927,13.65,13.9,13,13.9,256
SONATSOFTW,20190927,319.7,323.35,304.1,304.55,113338
SORILINFRA,20190927,149.7,153.55,138.95,138.95,171936
SOTL,20190927,926.05,950,926.05,945,305
SOUTHBANK,20190927,11.45,11.7,11.15,11.2,3162294
SOUTHWEST,20190927,13.3,14.2,13.3,13.3,1191
SPAL,20190927,210,210,196,204.25,13887
SPANDANA,20190927,943.8,951,928,934,113749
SPARC,20190927,139.8,141.85,132,132.7,557226
SPCENET,20190927,1.1,1.1,1.05,1.1,8083
SPECIALITY,20190927,73,75,72.9,74.65,9965
SPENCERS,20190927,76.9,78.6,74.9,75.85,59084
SPENTEX,20190927,0.45,0.5,0.45,0.45,223266
SPIC,20190927,20.6,20.85,20.15,20.25,33777
SPICEJET,20190927,131.95,132.15,127.1,127.8,1569179
SPLIL,20190927,34,34.9,33.4,33.95,14946
SPMLINFRA,20190927,12.2,12.25,11.45,11.45,42881
SPTL,20190927,3.8,3.8,3.8,3.8,141410
SPYL,20190927,0.25,0.25,0.2,0.25,10601
SREEL,20190927,178.95,187,177.2,184.15,11505
SREINFRA,20190927,9.75,9.85,9.2,9.7,609738
SRF,20190927,2768.1,2799,2736.5,2752.4,299507
SRHHYPOLTD,20190927,111,113,108.1,108.35,1973
SRIPIPES,20190927,193.8,196,190.5,191.55,31317
SRTRANSFIN,20190927,1090,1117.4,1087.8,1095,1136758
SSWL,20190927,774,780,773,779.1,15462
STAMPEDE,20190927,0.75,0.8,0.7,0.8,156572
STAR,20190927,329.4,330.7,298.25,304.15,5807377
STARCEMENT,20190927,97.3,99,96.5,97.65,49011
STARPAPER,20190927,150.95,156.7,146.7,154.1,599946
STCINDIA,20190927,84.7,84.7,80.7,81.2,182172
STEELCITY,20190927,33.25,34.4,33.25,33.95,610
STEELXIND,20190927,11.2,11.2,10.25,10.5,9810
STEL,20190927,75,75.75,69,70.1,8807
STERTOOLS,20190927,170.2,173.15,167.35,167.65,2649
STRTECH,20190927,160.4,164.6,158.55,161.65,1175539
SUBEX,20190927,5.7,5.7,5.55,5.55,361213
SUBROS,20190927,249,264.9,244.35,257.85,211446
SUDARSCHEM,20190927,379.5,383,371.1,375.6,64280
SUJANAUNI,20190927,0.15,0.2,0.15,0.15,121228
SUMEETINDS,20190927,2.4,2.5,2.35,2.35,83885
SUMIT,20190927,17.05,18.85,15.15,16.25,10011
SUMMITSEC,20190927,489.75,494,472,475.45,385
SUNCLAYLTD,20190927,2074,2074,1956.05,1973.75,1696
SUNDARAM,20190927,1.3,1.4,1.3,1.3,168265
SUNDARMFIN,20190927,1624.95,1677.3,1612.9,1657.35,35816
SUNDARMHLD,20190927,72.2,74.85,72.2,72.45,9554
SUNDRMBRAK,20190927,267.2,273.95,262.95,266.1,917
SUNDRMFAST,20190927,480.15,484,471,475.3,22511
SUNFLAG,20190927,30.8,31.5,29.4,29.65,113818
SUNPHARMA,20190927,412,412.5,400.25,401.7,3835936
SUNTECK,20190927,432.95,434.8,420.35,426.15,164636
SUNTV,20190927,472.7,492.5,469.1,482.95,4185643
SUPERHOUSE,20190927,80,84.6,78.9,83.2,13158
SUPERSPIN,20190927,3.75,3.9,3.75,3.75,2242
SUPPETRO,20190927,175.8,178,175,176.65,8163
SUPRAJIT,20190927,172.65,177.35,169.9,170.85,22932
SUPREMEIND,20190927,1210.6,1247.65,1195.05,1204.15,85940
SURANASOL,20190927,6.35,6.35,5.65,5.85,6327
SURANAT&P,20190927,3.75,3.75,3.45,3.5,7189
SURYALAXMI,20190927,19.65,19.7,18.9,19.6,2053
SURYAROSNI,20190927,190,192.8,186.35,188.5,25581
SUTLEJTEX,20190927,29.95,30.85,27.95,28.45,20893
SUVEN,20190927,283.7,285,280.1,282.4,125948
SUZLON,20190927,2.75,2.75,2.45,2.5,47767080
SWANENERGY,20190927,110.15,116,108.4,110.2,225536
SWARAJENG,20190927,1170.05,1183.95,1139,1158.8,1712
SWELECTES,20190927,125.35,125.35,120.2,122.75,2479
SWSOLAR,20190927,603,613.95,600.1,606.7,34479
SYMPHONY,20190927,1320,1320,1263.7,1286.3,5098
SYNCOM,20190927,1,1,0.95,0.95,1792
SYNDIBANK,20190927,29.25,29.6,28.45,28.65,711059
SYNGENE,20190927,312,319,305.85,308.8,37374
TAINWALCHM,20190927,54.9,54.9,52,54,57
TAJGVK,20190927,179.75,179.75,173,175.25,31983
TAKE,20190927,108.8,111.3,107.1,107.75,381775
TALBROAUTO,20190927,115.95,116.3,112,112.6,3287
TALWALKARS,20190927,3.85,3.95,3.7,3.7,76480
TALWGYM,20190927,6,6.3,6,6,22540
TANLA,20190927,52.55,53.4,51.5,51.8,71934
TANTIACONS,20190927,1.45,1.45,1.45,1.45,20
TARAPUR,20190927,5.6,5.65,5.6,5.6,2546
TARMAT,20190927,24.85,26.85,24.85,26.8,471
TASTYBITE,20190927,10045,10045,9511,9633.45,263
TATACHEM,20190927,603.4,611.05,595,596.5,374744
TATACOFFEE,20190927,80.3,81.45,79.25,79.7,181772
TATACOMM,20190927,374.95,374.95,357.55,370.1,123509
TATAELXSI,20190927,686,701.2,681,682.65,1268379
TATAGLOBAL,20190927,279.9,287.7,278.6,281.95,4289026
TATAINVEST,20190927,838,838,824.55,827.2,6045
TATAMETALI,20190927,566,572.1,548.95,554.3,15093
TATAMOTORS,20190927,122,122.45,118.2,119.9,45875793
TATAMTRDVR,20190927,56.2,56.2,53.6,54.65,6214934
TATAPOWER,20190927,63.7,64,61.9,62.1,5874118
TATASTEEL,20190927,373,373.5,358,359.65,10568777
TATASTLBSL,20190927,23.8,23.8,22.6,22.75,320415
TATASTLLP,20190927,416.65,419,410,411.6,23331
TBZ,20190927,43.85,44.35,42.5,42.8,35431
TCI,20190927,292,301,290,299.25,45692
TCIDEVELOP,20190927,345,347.2,345,346.2,31
TCIEXP,20190927,710,738.1,701,732.75,16582
TCIFINANCE,20190927,10.7,10.8,10.4,10.45,9912
TCNSBRANDS,20190927,728.95,754.8,728.95,750.45,23920
TCPLPACK,20190927,296.85,299,287,295.1,322
TCS,20190927,2085,2085.2,2051.4,2056.15,2046795
TDPOWERSYS,20190927,151.45,151.85,148.35,149.15,6125
TEAMLEASE,20190927,3095,3095,2942,2975.45,9363
TECHM,20190927,710,718.65,702.05,704.3,2434719
TECHNOE,20190927,272,274,260.05,264.9,332701
TECHNOFAB,20190927,21.35,21.35,21.35,21.35,1095
TEJASNET,20190927,82.2,84.3,82.2,83.05,56990
TERASOFT,20190927,26.5,26.6,25.15,25.9,12992
TEXINFRA,20190927,47.6,48.4,46.9,47.2,27742
TEXMOPIPES,20190927,17.45,17.5,17,17.15,32231
TEXRAIL,20190927,47,49.25,46.1,48.8,443803
TFCILTD,20190927,82.5,85.5,81.45,82.45,108564
TFL,20190927,4.1,4.2,3.9,3.9,3141
TGBHOTELS,20190927,4.3,4.3,3.9,3.9,18971
THANGAMAYL,20190927,336,338,318.2,330.6,3635
THEINVEST,20190927,123,127.95,121.3,121.5,2093
THEMISMED,20190927,247.25,247.25,237,246.9,12509
THERMAX,20190927,1153.9,1165,1146.05,1152.05,67894
THOMASCOOK,20190927,140,147.8,134.9,137.4,552624
THYROCARE,20190927,519.35,530,514.2,528.25,13848
TI,20190927,12.6,12.8,12.3,12.35,295546
TIDEWATER,20190927,4525,4610,4501,4513.75,946
TIIL,20190927,386.05,399.35,376,379.7,2863
TIINDIA,20190927,409,409,385,385.75,641131
TIJARIA,20190927,9.4,9.4,8.8,9,6074
TIL,20190927,212.25,215.9,210,212.95,1345
TIMESGTY,20190927,37.05,39.95,34.1,37.8,1360
TIMETECHNO,20190927,63.45,64.7,62.15,62.4,89547
TIMKEN,20190927,782.25,795.3,773.05,777.05,18418
TINPLATE,20190927,128.35,128.35,123.5,124,331668
TIPSINDLTD,20190927,70.1,72.5,70.1,71.45,5248
TIRUMALCHM,20190927,76.55,77.15,74.5,74.75,217120
TITAN,20190927,1291,1293.95,1265.15,1284.05,1847785
TMRVL,20190927,12.65,12.65,11.75,11.95,21654
TNPETRO,20190927,39,39.45,37.15,37.5,475376
TNPL,20190927,205,208,204,206.55,96028
TNTELE,20190927,1.45,1.5,1.4,1.4,2850
TOKYOPLAST,20190927,53,54.45,53,53,6725
TORNTPHARM,20190927,1699.85,1702.8,1676.1,1693.15,87667
TORNTPOWER,20190927,288,294.75,286.4,291.9,1039399
TPLPLASTEH,20190927,138.45,142.9,137.25,137.75,2248
TREEHOUSE,20190927,5.9,5.9,5.75,5.8,5033
TREJHARA,20190927,16.35,17,15.7,16.25,6177
TRENT,20190927,508.8,510,497,497.8,68032
TRF,20190927,107.95,107.95,102.5,102.9,15001
TRIDENT,20190927,59.2,60.5,58.2,58.65,373245
TRIGYN,20190927,53.5,53.5,50.1,50.65,31241
TRIL,20190927,8.3,8.5,7.8,8,106767
TRITURBINE,20190927,104,104.55,102,103.9,57369
TRIVENI,20190927,63.45,64.45,61.6,62.1,421187
TTKHLTCARE,20190927,480,486,472,475.2,394
TTKPRESTIG,20190927,6404.1,6530.85,6150.05,6237.65,3694
TTL,20190927,39.25,39.25,38.1,38.6,1215
TTML,20190927,3,3.05,2.85,2.85,287443
TV18BRDCST,20190927,23.9,24.4,23.85,24.1,1629096
TVSELECT,20190927,138,141,131.4,131.75,28116
TVSMOTOR,20190927,414.9,417.55,406.1,412.5,1557592
TVSSRICHAK,20190927,1962.8,1980,1880,1903.45,3084
TVTODAY,20190927,306.6,307.95,300.1,304.9,19192
TVVISION,20190927,1.5,1.55,1.5,1.55,533
TWL,20190927,50.7,54.75,50.05,53.5,1886756
UBL,20190927,1354.7,1366.05,1341.8,1351.2,196125
UCALFUEL,20190927,138,138.1,134.25,134.85,9409
UCOBANK,20190927,13.95,14,13.6,13.65,381472
UFLEX,20190927,220.85,222.85,215,217.05,28665
UFO,20190927,158,161.55,152.8,157.5,38720
UGARSUGAR,20190927,12.95,13.1,12.8,12.95,23132
UJAAS,20190927,3.75,3.8,3.65,3.8,91056
UJJIVAN,20190927,318.4,324.7,314,314.9,1726771
ULTRACEMCO,20190927,4335.1,4419.65,4335.1,4395.15,371737
UMANGDAIRY,20190927,41.5,41.5,39,40,8422
UMESLTD,20190927,1.05,1.05,1.05,1.05,761
UNICHEMLAB,20190927,182.5,183.85,180.4,182.75,18438
UNIENTER,20190927,72.95,72.95,70.1,71.45,2954
UNIONBANK,20190927,56.65,57.1,55.05,55.9,9577332
UNIPLY,20190927,53.05,54.5,52.4,53.05,66126
UNITECH,20190927,0.6,0.6,0.55,0.6,2256306
UNITEDBNK,20190927,8.95,9,8.8,8.8,422810
UNITEDTEA,20190927,253.05,255.05,252.05,252.15,146
UNIVCABLES,20190927,179.65,179.65,173.1,174.2,6677
UPL,20190927,584.5,588.15,573.5,582.05,1561920
URJA,20190927,1.75,1.75,1.75,1.75,349074
USHAMART,20190927,24.95,26.6,24.6,26.15,949192
UTINEXT50,20190927,285,289.9,279.05,287,1013
UTINIFTETF,20190927,1229.9,1229.9,1219.45,1219.45,84
UTISENSETF,20190927,404.7,409.65,400.7,409.25,51
UTISXN50,20190927,318.9,318.9,262,290,9
UTTAMSTL,20190927,7.95,8,7.4,7.45,77393
UTTAMSUGAR,20190927,108.8,109.95,105.1,106.05,151081
UVSL,20190927,0.05,0.1,0.05,0.1,3329325
V2RETAIL,20190927,170,170,162,165.2,266540
VADILALIND,20190927,826.9,836,803,811.85,47663
VAIBHAVGBL,20190927,857.9,857.95,845.1,853.75,6316
VAKRANGEE,20190927,28.25,29.4,28.25,29,2280777
VARDHACRLC,20190927,36.15,36.2,35.1,35.2,14284
VARDMNPOLY,20190927,2.85,3,2.85,2.85,3273
VARROC,20190927,473.45,476.9,455,459.35,15157
VASCONEQ,20190927,12.25,12.5,12.05,12.1,51254
VASWANI,20190927,6.5,7,6.35,6.45,1963
VBL,20190927,638.1,648,632,644.05,181994
VEDL,20190927,165.5,165.5,156.3,157.25,14867094
VENKEYS,20190927,1744,1765,1678,1685.2,92818
VENUSREM,20190927,23,23.3,22.4,22.5,5400
VESUVIUS,20190927,1069.4,1098.75,1026,1030.35,5771
VETO,20190927,55,56.9,53.05,54.55,9054
VGUARD,20190927,226.6,235,226.6,229.2,916519
VHL,20190927,1640,1640,1575.35,1605.35,60
VICEROY,20190927,1.35,1.35,1.25,1.3,25673
VIDHIING,20190927,63.1,64.9,61.6,63.7,7024
VIJIFIN,20190927,0.5,0.5,0.4,0.4,55556
VIKASECO,20190927,4.35,4.35,4.05,4.05,491212
VIKASMCORP,20190927,4,4,3.7,3.8,122650
VIKASPROP,20190927,3.25,3.35,3.25,3.35,2360065
VIKASWSP,20190927,10.9,11.25,10.6,10.85,239616
VIMTALABS,20190927,103.7,114.05,102.8,110.2,79207
VINATIORGA,20190927,2259.8,2274.2,2223.1,2234.85,43811
VINDHYATEL,20190927,1099.7,1099.7,1063,1065.75,1115
VINYLINDIA,20190927,66.9,67,64.2,64.45,14555
VIPCLOTHNG,20190927,10.55,10.8,10.25,10.45,72029
VIPIND,20190927,484,488.5,472.5,473.95,195271
VIPULLTD,20190927,34,34.4,32.2,33.1,115641
VISAKAIND,20190927,334.5,334.5,323,324,46392
VISASTEEL,20190927,5,5.05,4.6,4.7,16514
VISESHINFO,20190927,0.05,0.1,0.05,0.1,1750997
VISHAL,20190927,340,340,340,340,11765
VISHNU,20190927,128.95,129,121.15,122.7,2629
VIVIDHA,20190927,0.2,0.25,0.2,0.2,149628
VIVIMEDLAB,20190927,16.95,16.95,16.05,16.15,41882
VLSFINANCE,20190927,58.95,59,57,57.2,5843
VMART,20190927,2071,2194.6,2071,2168.75,8880
VOLTAMP,20190927,1201.4,1215.95,1178.65,1185.05,4999
VOLTAS,20190927,677.95,686.3,672.8,682.4,1099157
VRLLOG,20190927,276,289,274,276.3,179006
VSSL,20190927,74,75.4,71.05,72.85,4898
VSTIND,20190927,3788,3788,3725,3770.45,1884
VSTTILLERS,20190927,1162,1201.3,1122.25,1136.5,1821
VTL,20190927,977.95,977.95,943,950.15,3103
WABAG,20190927,283.85,284,274.75,275.7,67618
WABCOINDIA,20190927,6163,6299.95,6163,6244.35,4173
WALCHANNAG,20190927,67,68.5,65.8,67.5,134611
WANBURY,20190927,11.65,12.3,11.65,12.25,1263
WATERBASE,20190927,118.85,120.7,115.5,116.55,40221
WEBELSOLAR,20190927,20.95,21.2,20.25,20.75,39919
WEIZFOREX,20190927,297,312.5,297,311,432
WEIZMANIND,20190927,28.85,28.85,24.5,25.1,3268
WELCORP,20190927,138.95,140,137.55,138.75,674415
WELENT,20190927,96.55,98,95.5,96.9,173664
WELINV,20190927,150.1,157.15,150,151.75,263
WELSPUNIND,20190927,54.1,55,52.5,52.85,290060
WENDT,20190927,2415,2494,2415,2482.45,294
WESTLIFE,20190927,313,315,292.2,299.95,11757
WHEELS,20190927,605.05,605.05,568.55,589.45,4759
WHIRLPOOL,20190927,1909.35,1976,1894.05,1936.3,122024
WILLAMAGOR,20190927,16.9,16.95,15.9,16.15,2145
WINDMACHIN,20190927,22.3,23.65,21.9,21.95,13706
WINSOME,20190927,0.15,0.15,0.15,0.15,91
WIPRO,20190927,237.4,239,235.8,236.6,3191675
WOCKPHARMA,20190927,289,292.5,272.6,274.35,799705
WONDERLA,20190927,280.1,295,276,287.95,36829
WSI,20190927,0.6,0.6,0.6,0.6,100
WSTCSTPAPR,20190927,274.4,277.5,268.8,272.25,243244
XCHANGING,20190927,56,58.6,52.5,53.25,62464
XELPMOC,20190927,67.95,68.95,60,61.8,5109
XLENERGY,20190927,0.45,0.5,0.45,0.45,9054
XPROINDIA,20190927,26.5,26.55,25.1,25.3,608
YESBANK,20190927,50,52.9,48.4,48.75,306867611
ZEEL,20190927,281,289.7,271.65,273.55,27027102
ZEELEARN,20190927,22.5,22.5,20.5,20.75,186645
ZEEMEDIA,20190927,10.2,10.25,9.7,9.75,1141689
ZENITHBIR,20190927,0.4,0.4,0.35,0.35,19670
ZENITHEXPO,20190927,44.3,44.3,40.55,42,887
ZENSARTECH,20190927,216.9,217.15,210.85,216.55,15906
ZENTEC,20190927,65.3,67,65.2,65.9,42937
ZICOM,20190927,1.1,1.1,1,1,61134
ZODIACLOTH,20190927,204.9,207,196,200,1745
ZODJRDMKJ,20190927,32.95,34.9,28.6,30.75,6660
ZOTA,20190927,192,193.95,189,189.5,49930
ZUARI,20190927,98,101.2,96,97.4,63262
ZUARIGLOB,20190927,66.4,67.8,64,65.2,68536
ZYDUSWELL,20190927,1731.9,1740.85,1692.65,1716.9,5671
NSENIFTY,20190927,11556.35,11593.60,11499.75,11512.40,650017280,0
NIFTYJUNIOR,20190927,27790.70,27955.20,27710.05,27818.10,322904494,0
NIFTYMIDCAPLIQ15,20190927,3820.25,3827.35,3779.60,3784.50,46003561,0
NSE100,20190927,11700.65,11741.15,11651.25,11663.50,979136708,0
NIFTY200,20190927,5971.15,5990.85,5943.20,5947.30,1272731370,0
NSE500,20190927,9435.55,9465.35,9388.50,9395.60,1570445839,0
NSEMIDCAP150,20190927,6043.80,6052.25,5979.80,5989.75,300240323,0
MIDCAP50,20190927,4504.85,4517.65,4454.25,4461.15,257454445,0
NSEMIDCAP,20190927,16450.90,16483.15,16244.00,16271.55,293594662,0
NIFTYSMALLCAP250,20190927,-,-,-,4730.80,-,0
NIFTYSMALLCAP50,20190927,-,-,-,2739.45,-,0
NSESMLCAP100,20190927,5740.45,5767.75,5672.40,5683.60,-,0
NIFTYLARGEMIDCAP250,20190927,-,-,-,5736.87,1279377031,0
NIFTYMIDSMALLCAP400,20190927,-,-,-,5540.80,-,0
NIFTYAUTO,20190927,7628.55,7648.85,7528.30,7554.25,92823672,0
BANKNIFTY,20190927,29974.95,30112.65,29711.35,29876.65,464096458,0
NIFTYFINSERVICE,20190927,13286.40,13382.00,13220.20,13282.65,136732085,0
NIFTYFMGC,20190927,30977.00,31343.00,30952.85,31026.00,31745350,0
NSEIT,20190927,15297.70,15412.90,15214.20,15236.40,19972976,0
NIFTYMEDIA,20190927,1857.05,1880.70,1831.05,1838.40,81565295,0
NIFTYMETAL,20190927,2514.00,2515.80,2446.10,2453.95,139274345,0
NIFTYPHARMA,20190927,7837.25,7842.95,7683.25,7695.30,21665393,0
NIFTYPVTBANK,20190927,16809.35,16860.45,16646.45,16711.50,381493054,0
NIFTYPSUBANK,20190927,2393.60,2416.75,2364.20,2376.35,114491392,0
NIFTYREALTY,20190927,267.15,267.25,261.00,261.70,15696897,0
NIFTYCOMMODITIES,20190927,3348.65,3351.30,3305.10,3313.55,221067486,0
NIFTYCONSUMPTION,20190927,4974.65,4981.65,4941.05,4957.65,81128923,0
NIFTYCPSE,20190927,1989.55,1995.70,1948.55,1957.75,73516299,0
NIFTYENERGY,20190927,15426.15,15477.70,15351.80,15383.45,84472172,0
NIFTY100ESG,20190927,-,-,-,2142.76,848340524,0
NIFTY100ENHESG,20190927,-,-,-,2174.09,822747335,0
NIFTYINFRA,20190927,3196.60,3202.20,3175.65,3186.05,145526229,0
NIFTYMNC,20190927,13630.60,13634.70,13486.60,13545.75,161984108,0
NIFTYPSE,20190927,3281.35,3286.30,3230.05,3240.00,189957769,0
NIFTYSMEEMERGE,20190927,-,-,-,1357.70,852900,0
NIFTYSERVSECTOR,20190927,16390.90,16456.90,16309.30,16323.55,521813108,0
NIFTYSHARIAH25,20190927,-,-,-,4339.06,64154952,0
NIFTY50SHARIAH,20190927,-,-,-,2491.85,58147357,0
NIFTY500SHARIAH,20190927,-,-,-,2958.42,223750754,0
NIFTYABGROUP,20190927,-,-,-,2941.71,114673836,0
NIFTYMAHINDRA,20190927,-,-,-,9777.22,8795053,0
NIFTYTATA,20190927,-,-,-,6588.17,81049585,0
NIFTYTATA25CAP,20190927,-,-,-,4550.35,72576806,0
NIFTYABGROUP,20190927,-,-,-,2941.71,114673836,0
NIFTYLIQ15,20190927,3635.55,3645.35,3575.05,3581.35,491229881,0
NIFTY500VALUE50,20190927,-,-,-,3558.75,325055939,0
NIFTYALPHALOWVOL30,20190927,-,-,-,11900.96,114992108,0
NIFTYQUALLOWVOL30,20190927,-,-,-,8389.94,79717887,0
NIFTYALPHAQUALLOWVOL30,20190927,-,-,-,9533.94,88997871,0
NIFTYALPHAQUALVALLOWVOL30,20190927,-,-,-,7278.98,105754991,0
NIFTY50EQUALWEIGHT,20190927,11944.75,11951.45,11823.55,11835.60,650017280,0
NIFTY100EQUALWEIGHT,20190927,12861.10,12888.15,12781.65,12812.55,979136708,0
NIFTY100LOWVOL30,20190927,8855.85,8878.45,8813.65,8834.75,101889100,0
NSEDEFTY,20190927,-,-,-,5653.12,-,0
NIFTY50DIVPOINT,20190927,96.23,96.23,96.23,96.23,-,0
NIFTYDIVOPPS50,20190927,2581.45,2592.05,2559.90,2563.30,260719123,0
NIFTYALPHA50,20190927,12542.70,12586.20,12492.20,12519.85,120743556,0
NIFTY50ARBITRAGE,20190927,-,-,-,1855.79,-,0
NIFTY50FUTINDEX,20190927,-,-,-,3931.60,-,0
NIFTY50FUTTRINDEX,20190927,-,-,-,11614.88,-,0
NIFTYHIGHBETA50,20190927,-,-,-,1299.16,875568029,0
NIFTYLOWVOL50,20190927,-,-,-,10234.28,114695197,0
NIFTY200QUALITY30,20190927,-,-,-,9789.10,-,0
NIFTY50VALUE20,20190927,5334.85,5341.50,5287.65,5294.25,434314346,0
NIFTYGROWSECT15,20190927,6212.70,6277.95,6192.55,6199.25,83025372,0
NIFTY50TR2XLEV,20190927,6268.55,6308.50,6207.60,6220.85,-,0
NIFTY50PR2XLEV,20190927,4840.15,4871.00,4793.10,4803.30,-,0
NIFTY50TR1XINV,20190927,352.15,353.85,351.00,353.50,-,0
NIFTY50PR1XINV,20190927,400.70,402.65,399.45,402.25,-,0
NIFTY-GS-COMPSITE,20190927,2024.58,2024.73,2021.54,2023.52,-,0
NIFTY-GS-4-8YR,20190927,2108.93,2108.93,2106.35,2107.49,-,0
NIFTY-GS-8-13YR,20190927,1991.71,1991.99,1988.39,1990.72,-,0
NIFTY-GS-10YR,20190927,1841.79,1841.88,1835.22,1839.50,-,0
NIFTY-GS-10YR-CLN,20190927,946.63,946.68,943.21,945.44,-,0
NIFTY-GS-11-15YR,20190927,2110.17,2112.59,2108.21,2112.57,-,0
NIFTY-GS-15YRPLUS,20190927,2260.64,2261.54,2260.64,2260.33,-,0
VIX,20190927,16.34,16.82,15.93,16.12,0,0
