20MICRONS,20190201,37.9,38.9,36.75,38,21920
21STCENMGM,20190201,21.3,21.3,21.15,21.15,1369
3IINFOTECH,20190201,3.35,3.35,3.25,3.3,1654995
3MINDIA,20190201,20160,20590,20160,20293.5,1270
3PLAND,20190201,11.2,12.1,10.3,11.5,861
5PAISA,20190201,242.75,247.7,235.3,236.35,2543
63MOONS,20190201,89.75,89.75,84.3,84.95,170269
8KMILES,20190201,132.3,132.3,120,121,552825
A2ZINFRA,20190201,10.75,10.85,10.55,10.85,118565
AARTIDRUGS,20190201,589.6,605,586.05,594.5,11255
AARTIIND,20190201,1620,1655,1619.75,1632.35,37009
AARVEEDEN,20190201,23.85,24.4,23.15,23.2,2502
AAVAS,20190201,858.25,858.25,811,838.4,20406
ABAN,20190201,67.1,68.25,65.1,66.5,321734
ABB,20190201,1290,1295,1261,1272.2,97864
ABBOTINDIA,20190201,8120,8193.15,8035.3,8098.9,2057
ABCAPITAL,20190201,81.1,81.45,79.2,80.5,5545273
ABFRL,20190201,209.5,214.5,207.55,208.95,659499
ABSLNN50ET,20190201,285.8,285.8,285.8,285.8,6
ACC,20190201,1416.3,1448,1401.25,1415.55,568663
ACCELYA,20190201,935,948.75,925.05,930.3,53805
ACE,20190201,88,88.5,86.4,86.9,110970
ADANIENT,20190201,136.95,144.8,134.55,143,7091209
ADANIGAS,20190201,92.05,93.3,92,92.45,285635
ADANIGREEN,20190201,36.4,37,35.5,35.75,352935
ADANIPORTS,20190201,339.9,346.8,333.35,338.45,3119675
ADANIPOWER,20190201,46.35,46.85,41.85,44.2,11033520
ADANITRANS,20190201,213.75,216.95,212.65,215.15,85059
ADFFOODS,20190201,243,244.05,234.05,235.9,40555
ADHUNIK,20190201,1.85,1.9,1.85,1.85,24740
ADHUNIKIND,20190201,44.9,45,42.05,43,36242
ADLABS,20190201,9.4,9.5,9.2,9.25,59789
ADORWELD,20190201,352.05,353.9,335.6,337.5,5139
ADROITINFO,20190201,18.4,18.45,17,17.1,2707
ADSL,20190201,12.8,13.3,12.8,12.95,7205
ADVANIHOTR,20190201,74.35,74.35,70,70.95,12447
ADVENZYMES,20190201,166,166.45,163,164.4,32811
AEGISCHEM,20190201,190.65,203.5,190.5,199.5,365778
AGARIND,20190201,168.85,199,162.6,186.1,1831
AGCNET,20190201,116,119,114,115.3,14284
AGLSL,20190201,64.5,65.05,64.5,65,1166
AGRITECH,20190201,58.5,59.25,56.45,59.2,12647
AHLEAST,20190201,247.9,247.95,236.8,242.5,167
AHLUCONT,20190201,280.4,294.3,275,275.3,17189
AHLWEST,20190201,341.9,359,317.95,346.8,6285
AIAENG,20190201,1643,1643,1590.7,1599.85,11876
AIFL,20190201,18.2,18.2,17.5,18.2,158925
AIONJSW,20190201,35.15,35.15,33.3,34.35,25603
AJANTPHARM,20190201,1025,1030.9,976.6,982.8,801470
AJMERA,20190201,181.3,192.85,177.6,181.1,496123
AKSHARCHEM,20190201,399.85,415,396.5,409.25,8504
AKSHOPTFBR,20190201,21.95,22.7,21.75,21.95,864694
AKZOINDIA,20190201,1733.55,1768,1723.85,1729.55,3455
ALANKIT,20190201,30,32,29.85,30.2,663507
ALBERTDAVD,20190201,377,377.9,372,374.5,1973
ALBK,20190201,45.85,46.1,43.5,44.4,4853011
ALCHEM,20190201,2.5,2.55,2.35,2.5,5472
ALEMBICLTD,20190201,41,41.4,40.5,40.6,94248
ALICON,20190201,535.15,564.6,535.15,543.25,1898
ALKALI,20190201,48.75,49.95,46.4,48.65,4798
ALKEM,20190201,1878.55,1908,1872.3,1888.45,8300
ALKYLAMINE,20190201,754.2,779.95,740,760.3,9843
ALLCARGO,20190201,106.55,106.55,103,103.45,43290
ALLSEC,20190201,181.95,186.7,178,179.95,11437
ALMONDZ,20190201,23.1,23.95,21.1,22.65,2507
ALOKTEXT,20190201,3.95,4,3.75,3.8,2210097
ALPA,20190201,24.25,25.3,24.2,24.45,9764
ALPHAGEO,20190201,465.05,466.65,440,451.8,10895
AMARAJABAT,20190201,750,775,748,769.6,473123
AMBER,20190201,743,760,712.05,721.9,7097
AMBIKCO,20190201,1144,1145,1135,1140.55,1167
AMBUJACEM,20190201,210.8,215.35,209.6,212.5,3350137
AMDIND,20190201,22.05,22.65,21.8,22,1482
AMJLAND,20190201,19.55,20.2,19.2,19.35,13817
AMRUTANJAN,20190201,306,310,303.35,308.05,15798
ANANTRAJ,20190201,33.45,34.75,32.6,33.9,377415
ANDHRABANK,20190201,25.45,25.8,25.15,25.45,858446
ANDHRACEMT,20190201,4.55,4.75,4.5,4.7,41398
ANDHRSUGAR,20190201,311.25,311.35,302.4,307,9250
ANGIND,20190201,0.95,0.95,0.9,0.95,5402
ANIKINDS,20190201,16.8,17.55,16.3,17.15,8467
ANKITMETAL,20190201,0.45,0.5,0.45,0.45,92154
ANSALAPI,20190201,12,13.9,12,12.25,591091
ANSALHSG,20190201,12.65,13.5,12.5,13.15,859825
ANTGRAPHIC,20190201,0.45,0.5,0.45,0.5,15723
APARINDS,20190201,624,624.9,613.05,614.85,20976
APCL,20190201,113,114.7,103.95,108.55,4169
APCOTEXIND,20190201,459.3,468.5,459.3,464.3,3824
APEX,20190201,355.4,356,325,331.7,495598
APLAPOLLO,20190201,1111.85,1136,1100,1133.65,7307
APLLTD,20190201,596.6,602.9,588,591.85,23201
APOLLO,20190201,114.5,118.65,108.05,109,33487
APOLLOHOSP,20190201,1320,1357.9,1320,1341.25,530789
APOLLOTYRE,20190201,204.65,210.75,203.6,207.85,1670882
APOLSINHOT,20190201,885,948,860,904.7,51
APTECHT,20190201,170.85,179.95,167.6,171.5,424655
ARCHIDPLY,20190201,39,41.5,38,38.45,7883
ARCHIES,20190201,27.25,28,27,27.25,47219
ARCOTECH,20190201,5.85,5.95,5.5,5.5,191089
ARIES,20190201,92.9,95.8,90.5,91.2,59881
ARIHANT,20190201,33.55,34.85,33.55,33.9,1744
ARIHANTSUP,20190201,50.8,53.3,50.55,51.45,21272
ARMANFIN,20190201,377.35,378,369.1,374.55,2918
AROGRANITE,20190201,49.4,51.85,49.25,50.35,8613
ARROWGREEN,20190201,100,100,94,96.75,1527
ARROWTEX,20190201,16.45,16.85,16.3,16.7,10740
ARSHIYA,20190201,29.2,30,28.5,29.3,49488
ARSSINFRA,20190201,30.5,31.9,29.45,30.85,8265
ARVIND,20190201,88.5,89.4,87.05,88.45,1493066
ARVSMART,20190201,125.7,129,124.1,125.7,36071
ASAHIINDIA,20190201,255.25,258,254.9,256.7,17119
ASAHISONG,20190201,188.95,189,182.4,186.55,1953
ASAL,20190201,56.95,57.15,54.1,55.05,1773
ASHAPURMIN,20190201,26.9,26.9,25.7,26,23412
ASHIANA,20190201,114,117,111,111.8,55179
ASHIMASYN,20190201,14.45,14.95,13.75,13.85,23462
ASHOKA,20190201,120.05,123.45,120.05,121.15,166368
ASHOKLEY,20190201,81.75,87.2,80.85,83.55,65021097
ASIANHOTNR,20190201,149.95,150,145.1,149.9,362
ASIANPAINT,20190201,1412.4,1469.65,1408.2,1457.2,2077539
ASIANTILES,20190201,157,162.8,155,157.6,70597
ASPINWALL,20190201,157,157,150,154.9,1067
ASSAMCO,20190201,1.8,1.85,1.75,1.8,246326
ASTEC,20190201,515,524.9,500.5,507.7,7841
ASTERDM,20190201,156.4,156.5,152.05,155,26189
ASTRAL,20190201,1130,1154.9,1101,1106.9,37427
ASTRAMICRO,20190201,79.4,79.7,77,77.55,78925
ASTRAZEN,20190201,1602.95,1668,1580.05,1653.95,7075
ASTRON,20190201,119,119.4,113,114.45,115361
ATFL,20190201,568.7,595.95,568.7,577.9,25428
ATLANTA,20190201,18.3,18.65,18.15,18.45,90369
ATLASCYCLE,20190201,74.5,77.95,73.1,73.45,1059
ATUL,20190201,3500,3545,3489.95,3512.2,5512
ATULAUTO,20190201,308.3,315.4,300,301.65,40458
AUBANK,20190201,585.6,593.8,576,579.55,263192
AURIONPRO,20190201,123.4,123.4,115.9,116.2,15938
AUROPHARMA,20190201,782.05,802,780,797.8,1212130
AUSOMENT,20190201,39.45,39.45,36.5,37,5876
AUTOAXLES,20190201,1113,1230.2,1111,1211.05,28592
AUTOIND,20190201,62.85,62.85,61.05,61.45,25396
AUTOLITIND,20190201,37.5,37.8,35.95,36.4,3384
AVADHSUGAR,20190201,359.55,361.7,350.05,351.95,10314
AVANTIFEED,20190201,360,376.7,343,346.05,1891549
AVTNPL,20190201,23.85,24,22.95,23.2,45513
AXISBANK,20190201,720.75,726.4,705.4,717.25,13792059
AXISCADES,20190201,63.95,64,61.65,62.3,24466
AXISGOLD,20190201,2891,2911,2861,2900.15,711
AXISNIFTY,20190201,1112.58,1112.58,1112.58,1112.58,2
AYMSYNTEX,20190201,35.2,39.7,35.2,37.7,39205
BAFNAPHARM,20190201,10.4,10.65,10.25,10.5,5806
BAGFILMS,20190201,4.5,4.55,4.4,4.4,89203
BAJAJ-AUTO,20190201,2560,2670,2543,2602.75,1028186
BAJAJCON,20190201,354.95,357.9,350,354.8,27699
BAJAJELEC,20190201,460,470,458,467,158772
BAJAJFINSV,20190201,6123.9,6250,6055,6096.95,311984
BAJAJHIND,20190201,8.05,8.3,7.7,7.9,2365742
BAJAJHLDNG,20190201,2850,2925.95,2850,2865.9,16406
BAJFINANCE,20190201,2575,2687.9,2575,2628.4,2117768
BALAJITELE,20190201,92.45,95,88.2,88.75,111945
BALAMINES,20190201,419,420.05,401.1,402.45,70430
BALKRISHNA,20190201,40.9,40.9,39.35,39.95,2295
BALKRISIND,20190201,813.9,836.45,810,820.9,533172
BALLARPUR,20190201,3.6,3.7,3.55,3.55,434344
BALMLAWRIE,20190201,186.1,189.5,186,186.9,24264
BALPHARMA,20190201,73.95,74,72.6,73.3,9881
BALRAMCHIN,20190201,102.5,103.9,101.45,102.6,1158751
BANARBEADS,20190201,49.9,49.9,44.2,45.7,3253
BANARISUG,20190201,1452.15,1475,1451,1466.5,132
BANCOINDIA,20190201,170.9,171.5,166,169.5,14593
BANDHANBNK,20190201,404.5,410.65,397.95,404.85,1216281
BANG,20190201,56.2,56.25,54.4,55.4,66207
BANKBARODA,20190201,113.45,114,109.2,111.1,16494373
BANKBEES,20190201,2834.8,2890.4,2747.5,2764.97,41607
BANKINDIA,20190201,106.4,106.65,88.85,94.85,25180357
BANSWRAS,20190201,70.1,72.4,68.1,68.35,2002
BARTRONICS,20190201,6.5,6.75,6.35,6.45,11944
BASF,20190201,1343.05,1365,1340,1347.6,3474
BASML,20190201,195,196,190.25,190.65,228
BATAINDIA,20190201,1115.65,1153.95,1115.65,1143.95,447755
BAYERCROP,20190201,4445.95,4446,4330.05,4368.4,4471
BBL,20190201,1127.85,1130.95,1095.95,1113.9,2815
BBTC,20190201,1209.9,1223,1189.05,1205.95,66041
BCG,20190201,3.1,3.2,3,3,373538
BDL,20190201,258.75,264,256,257.2,14481
BEARDSELL,20190201,17.95,17.95,16.75,16.9,1207
BEDMUTHA,20190201,20.6,22.1,20.6,21.55,1182
BEL,20190201,84.15,86.2,83.25,84.6,9737752
BEML,20190201,801.85,817.6,791.05,799.2,1652856
BEPL,20190201,68.25,72.35,66.5,70.6,426245
BERGEPAINT,20190201,319,329.55,318.1,325.4,973395
BFINVEST,20190201,221.5,225.35,215.1,217.5,52626
BFUTILITIE,20190201,201,202.9,193.6,196.35,242094
BGLOBAL,20190201,2.6,2.7,2.55,2.7,3313
BGRENERGY,20190201,54.6,55.55,53.15,53.4,46045
BHAGERIA,20190201,239,246.4,232,234.3,16203
BHAGYANGR,20190201,31.45,35.05,31.45,33.95,1455
BHAGYAPROP,20190201,28.5,29.9,28.15,29.05,3520
BHANDARI,20190201,1.9,1.95,1.85,1.9,74001
BHARATFIN,20190201,946.5,963,937.75,947.8,448069
BHARATFORG,20190201,491,505.85,488.2,495.45,1723141
BHARATGEAR,20190201,159,162.45,154.1,157.15,10154
BHARATRAS,20190201,4570,4950,4200.1,4289.4,14408
BHARATWIRE,20190201,59.55,60.4,59.05,59.95,27382
BHARTIARTL,20190201,305.1,320.9,305,311.85,8331159
BHEL,20190201,64.95,65.7,63.65,64.35,6031620
BIGBLOC,20190201,28.95,29.5,28,28.95,3795
BIL,20190201,229.9,230,216.05,217.6,2030
BILENERGY,20190201,0.95,0.95,0.9,0.95,250969
BINANIIND,20190201,46.3,46.8,42.2,42.95,46626
BINDALAGRO,20190201,15.95,16.2,15.3,15.35,28960
BIOCON,20190201,641,669.5,641,666.25,1520377
BIOFILCHEM,20190201,6.75,6.75,6.75,6.75,1136
BIRLACABLE,20190201,175.75,175.9,167.1,168.9,75247
BIRLACORPN,20190201,489.1,507.7,483,487.05,36078
BIRLAMONEY,20190201,48,48,45.05,45.9,16731
BKMINDST,20190201,6.6,6.6,6.15,6.15,9807
BLBLIMITED,20190201,5.7,5.7,5.1,5.3,6797
BLISSGVS,20190201,157.15,157.65,140.3,144.3,11587500
BLKASHYAP,20190201,19.45,19.75,19.1,19.15,105103
BLS,20190201,103.55,104.5,100.55,101.9,18912
BLUEBLENDS,20190201,3.75,3.8,3.6,3.75,5877
BLUEDART,20190201,3105.05,3235,3105.05,3182.2,2027
BLUESTARCO,20190201,589.5,613.5,589.5,600.35,16742
BODALCHEM,20190201,106.7,107.35,104.5,104.75,51570
BOMDYEING,20190201,113.45,117.9,111.5,114.4,1515447
BOROSIL,20190201,210.3,216.6,210,213.9,25442
BOSCHLTD,20190201,18930,19396,18734.9,19316.15,14994
BPCL,20190201,347.2,348.7,338.4,341,2722370
BPL,20190201,37.1,37.85,36.5,36.65,92773
BRFL,20190201,8.2,8.2,7.6,7.9,44339
BRIGADE,20190201,210.85,214.8,207.45,211.1,90699
BRITANNIA,20190201,3201,3286,3201,3251,387188
BRNL,20190201,87,87,82,82.8,6835
BROOKS,20190201,51.05,52,50.5,50.65,8328
BSE,20190201,591.7,594,586,588.25,40285
BSELINFRA,20190201,1.8,1.9,1.8,1.85,35823
BSL,20190201,46.2,46.95,46.1,46.55,3204
BSLGOLDETF,20190201,3000,3050,3000,3050,144
BSLNIFTY,20190201,114,116.5,111.55,112.52,1116
BURNPUR,20190201,3.05,3.2,3.05,3.1,73264
BUTTERFLY,20190201,235.75,243.75,231.25,236.35,17741
BVCL,20190201,16.2,16.2,16.2,16.2,86
BYKE,20190201,44,44,38.3,39.3,100592
CADILAHC,20190201,319.4,325,316.5,323.6,657757
CALSOFT,20190201,19.5,20.2,19.2,19.5,4558
CAMLINFINE,20190201,51.45,52,47.35,49.8,192879
CANBK,20190201,252,252.4,235.1,238.05,5884645
CANDC,20190201,25,25.45,24.15,24.9,12078
CANFINHOME,20190201,252,262,246.1,259,1578799
CANTABIL,20190201,141.1,149,139.55,144,27852
CAPACITE,20190201,212.3,221.9,212.05,218.4,37681
CAPLIPOINT,20190201,369,373.95,340.1,345.85,26363
CAPTRUST,20190201,199,201.8,190.05,199.8,108
CARBORUNIV,20190201,355.9,355.9,348.65,351.4,24363
CAREERP,20190201,70.05,70.7,68.15,69,4622
CARERATING,20190201,999.95,1009,981,998.45,48978
CASTEXTECH,20190201,0.95,1,0.9,0.95,641341
CASTROLIND,20190201,159.8,162.1,158.5,160.8,1136674
CCCL,20190201,2.05,2.05,1.9,2,140885
CCHHL,20190201,7,7,6.6,6.8,16372
CCL,20190201,264.6,269.95,264.6,269.9,22769
CDSL,20190201,219.9,221.6,216,216.85,74932
CEATLTD,20190201,1082,1116.15,1075,1104.25,724235
CEBBCO,20190201,18.7,20.55,18.65,20.3,91051
CELEBRITY,20190201,9.4,9.45,9.1,9.25,6668
CELESTIAL,20190201,6.85,6.85,6.55,6.8,22280
CENTENKA,20190201,245,247,243,244.2,17393
CENTEXT,20190201,6.95,6.95,6.35,6.5,140375
CENTRALBK,20190201,31.45,31.95,30.2,30.9,255198
CENTRUM,20190201,32.25,36.9,31.5,35.85,1261927
CENTUM,20190201,384,392,382,390.65,333
CENTURYPLY,20190201,163.45,169.5,163.4,167.45,93493
CENTURYTEX,20190201,797.5,809.75,782.55,791.65,413461
CERA,20190201,2450,2522.95,2407.5,2433,6709
CEREBRAINT,20190201,27.35,28.1,27.1,27.95,263566
CESC,20190201,696.05,701,684.05,694.9,203538
CESCVENT,20190201,421.25,448.9,406.2,406.2,781468
CGCL,20190201,131.75,133.9,130.1,132.6,734176
CGPOWER,20190201,37.65,38.65,37.1,38,3803200
CHAMBLFERT,20190201,179.5,181.75,171,173,900513
CHEMFAB,20190201,153,155.95,147.1,149.5,17851
CHENNPETRO,20190201,243,245,236.25,238,252838
CHOLAFIN,20190201,1175,1248,1175,1216.35,663420
CHROMATIC,20190201,1,1.05,0.95,1,52636
CIGNITITEC,20190201,368,375.55,356,359.35,29546
CIMMCO,20190201,32.35,32.95,31.3,32.05,9681
CINELINE,20190201,43.05,44.95,42.75,43.4,20514
CINEVISTA,20190201,5.25,5.4,5.25,5.4,1238
CIPLA,20190201,517.65,522.55,512.5,521.35,1380838
CLEDUCATE,20190201,125.55,129.95,121.75,124.4,83715
CLNINDIA,20190201,391.95,391.95,385,385.65,7943
CMICABLES,20190201,135,136.35,130.3,131.45,20451
CNOVAPETRO,20190201,18.25,19.5,17.9,18.7,349
COALINDIA,20190201,224.35,226.7,222.75,223.2,2820146
COCHINSHIP,20190201,365.8,369.8,364.1,366.75,38293
COFFEEDAY,20190201,268.95,268.95,264.85,265.6,48426
COLPAL,20190201,1286.45,1310.85,1282.7,1293.45,481876
COMPINFO,20190201,20.15,20.15,18,18.4,42875
COMPUSOFT,20190201,10.1,10.1,9.75,9.85,15359
CONCOR,20190201,659.45,678.8,647.7,658.7,780833
CONSOFINVT,20190201,45,48.4,45,45.75,838
CONTROLPR,20190201,253.2,259.35,249.75,251.8,8691
CORALFINAC,20190201,15.15,15.45,14.85,15.15,7746
CORDSCABLE,20190201,61.85,61.85,59,59,6920
COROMANDEL,20190201,451,465,449.3,456.75,215902
CORPBANK,20190201,26.95,26.95,25.65,25.9,179820
COSMOFILMS,20190201,196.4,197.35,188,190.45,19958
COUNCODOS,20190201,2.3,2.3,2.1,2.2,37203
COX&KINGS,20190201,153,157.4,152.6,154.65,35744
CPSEETF,20190201,23.25,23.6,23.25,23.41,29353720
CREATIVEYE,20190201,2.55,2.55,2.55,2.55,100
CREDITACC,20190201,398,410,395.5,407.3,96991
CREST,20190201,143.75,143.75,132.05,134.85,12043
CRISIL,20190201,1665,1675,1649,1659.85,9488
CRMFGETF,20190201,3050,3108.55,3050,3069.55,69
CROMPTON,20190201,214.05,217.8,210.8,213.9,2063385
CTE,20190201,43.1,46,43.1,44.5,3857
CUB,20190201,192.6,192.6,188.5,189.45,1712175
CUBEXTUB,20190201,14.35,14.35,13.35,13.8,1619
CUMMINSIND,20190201,790.2,804.3,790,795.9,478554
CUPID,20190201,126.2,130,125.1,126.1,13827
CURATECH,20190201,0.95,0.95,0.95,0.95,6
CYBERMEDIA,20190201,5.8,5.8,5.8,5.8,12
CYBERTECH,20190201,38.8,39.45,38.5,39.1,7611
CYIENT,20190201,607.5,609.9,602.9,606.65,32686
DAAWAT,20190201,38.95,39.2,37.35,37.7,513558
DABUR,20190201,450,456,441.35,451.85,6034606
DALBHARAT,20190201,1030,1058.2,1030,1047.25,81285
DALMIASUG,20190201,92.45,94.35,91.5,91.85,68138
DAMODARIND,20190201,43.55,44.75,43.05,44.25,6837
DATAMATICS,20190201,100.55,101.5,99.8,100.3,55157
DBCORP,20190201,176.3,179.9,174.05,179.1,62644
DBL,20190201,321.1,333.9,317.85,326.6,194286
DBREALTY,20190201,26,26.7,25.35,25.55,131392
DCAL,20190201,209.9,212,204,205.9,45006
DCBBANK,20190201,179,179.5,174.5,177.25,1214209
DCM,20190201,69.95,69.95,67.65,67.75,5485
DCMSHRIRAM,20190201,335,344.35,331.35,336.7,53312
DCW,20190201,15.4,15.7,15.15,15.35,161078
DECCANCE,20190201,381.15,385,380.2,382.7,242
DEEPAKFERT,20190201,119,122,113.45,117.9,1220540
DEEPAKNTR,20190201,221.55,234,220.7,228.15,206183
DEEPIND,20190201,109.45,112,103.8,106.2,9704
DELTACORP,20190201,231.95,234.5,228.8,233.05,485039
DELTAMAGNT,20190201,75,75,71.6,74.5,557
DEN,20190201,71.6,71.8,71.45,71.7,1713095
DENABANK,20190201,12.6,12.9,12.15,12.2,1793897
DENORA,20190201,242,244.2,237.8,238.4,2110
DFMFOODS,20190201,204.95,212,202,203.95,6784
DHAMPURSUG,20190201,167,169.5,164.05,165.2,250524
DHANBANK,20190201,16.15,16.35,15.7,16.1,218771
DHANUKA,20190201,423,442.45,423,437.95,29800
DHARSUGAR,20190201,10.9,11.1,10.55,10.6,5213
DHFL,20190201,134,134.5,102.1,111.2,94989171
DHUNINV,20190201,276.5,312,256.1,275.85,7299
DIAMONDYD,20190201,1037.4,1037.95,1028,1030.75,1422
DICIND,20190201,345.55,360,345,354.55,1378
DIGJAMLTD,20190201,4.05,4.3,4,4.1,31187
DISHTV,20190201,23.5,25.65,23.3,24.4,30105361
DIVISLAB,20190201,1511.2,1548.05,1488.65,1532.35,609053
DIXON,20190201,2289.9,2328,2188.2,2290.65,29832
DLF,20190201,164.95,181.05,162.65,165.7,13045972
DLINKINDIA,20190201,73.05,75.7,73,73.95,33259
DMART,20190201,1379.7,1460,1376.45,1442.95,1137654
DNAMEDIA,20190201,4.95,5,4.75,4.75,1923
DOLLAR,20190201,289.9,289.9,279.95,283.95,5018
DOLPHINOFF,20190201,44.9,45.75,44,44.35,67947
DONEAR,20190201,36.95,39.65,36,36.7,31213
DPSCLTD,20190201,13.3,13.3,12.05,12.2,6014
DQE,20190201,7.3,7.5,6.7,6.9,11300
DREDGECORP,20190201,411,427.1,401,406.7,371707
DRREDDY,20190201,2717.7,2819,2715.15,2791.25,1450995
DSSL,20190201,31.95,33.4,30.9,31.65,13510
DTIL,20190201,230,235,228.6,228.95,1160
DUCON,20190201,14.2,14.4,12.85,13.8,1139790
DVL,20190201,95.55,96,92.5,93.45,6985
DWARKESH,20190201,22.75,23.25,22.5,22.6,129187
DYNAMATECH,20190201,1402.05,1410,1361.5,1366.6,387
DYNPRO,20190201,116.6,120.7,114.25,116.2,9591
EASTSILK,20190201,1.85,1.95,1.85,1.9,15533
EASUNREYRL,20190201,7.85,7.85,7.2,7.2,22919
EBANK,20190201,3018,3018,3018,3018,1
ECEIND,20190201,220,229.2,220,225.15,304
ECLERX,20190201,1076,1076.35,1035,1038.4,61240
EDELWEISS,20190201,156,156,138.65,146.9,3003971
EDL,20190201,8.05,8.4,7.9,7.95,10751
EICHERMOT,20190201,19090,20144.7,19076.05,19663.4,185717
EIDPARRY,20190201,202.95,206,199.9,200.75,59614
EIHAHOTELS,20190201,340,347.8,336.9,342.4,2982
EIHOTEL,20190201,204.95,206.3,193.5,194.55,292772
EIMCOELECO,20190201,358,394.9,358,371.75,932
EKC,20190201,28.05,28.15,27.15,27.5,87787
ELAND,20190201,5.45,5.7,5.45,5.45,1417
ELECON,20190201,65.3,67.55,63.1,65.7,115795
ELECTCAST,20190201,21.25,21.55,21.1,21.45,120477
ELECTHERM,20190201,150,150.45,147.05,148.5,5462
ELGIEQUIP,20190201,240.1,243,239.75,240,82374
ELGIRUBCO,20190201,24,24.5,23,23.25,5669
EMAMILTD,20190201,415,419.3,408.1,414.5,111967
EMAMIREAL,20190201,125.15,128,124.2,125.05,31424
EMCO,20190201,4.7,4.75,4.45,4.7,20570
EMKAY,20190201,95.7,99.7,89,91.5,110978
EMMBI,20190201,110.05,128,109.95,119.4,21012
ENDURANCE,20190201,1135,1162.95,1125.2,1130.25,10868
ENERGYDEV,20190201,10.2,10.45,9.85,9.9,8017
ENGINERSIN,20190201,113.3,116.8,113.3,115.45,941460
ENIL,20190201,544,580,543.6,555.65,6307
EON,20190201,42,43.5,38.8,40.2,28427
EQ30,20190201,278.6,279,272,272,39
EQUITAS,20190201,120,125.5,119.75,124.35,4048662
ERIS,20190201,638.25,659.45,617,644.8,108636
EROSMEDIA,20190201,77.45,80.35,75.25,76.05,456225
ESABINDIA,20190201,879.9,902,879.9,892.05,2321
ESCORTS,20190201,673.85,684,656,677.95,5112096
ESSARSHPNG,20190201,12.5,12.75,11.7,12.05,11771
ESSDEE,20190201,15.4,15.9,15.4,15.55,8427
ESSELPACK,20190201,108,108.7,104.3,108.2,144406
ESTER,20190201,31.1,31.6,29.55,30.55,43502
EUROTEXIND,20190201,20,20,20,20,75
EVEREADY,20190201,213.2,218.65,212,215.25,48415
EVERESTIND,20190201,483.6,483.6,456,458.7,58321
EXCEL,20190201,2.15,2.35,2.15,2.3,366619
EXCELCROP,20190201,3340,3375,3242.45,3359.3,3014
EXCELINDUS,20190201,1199,1199,1100.65,1111.4,17457
EXIDEIND,20190201,226.5,230.55,224.55,227.05,3205387
FACT,20190201,41,41.7,37.6,38.8,525463
FAIRCHEM,20190201,338.5,351,338.5,348.05,1656
FCL,20190201,38.55,38.85,37.45,37.8,156844
FCONSUMER,20190201,41.9,44.35,41.6,43.55,2524217
FCSSOFT,20190201,0.2,0.25,0.2,0.25,104207
FDC,20190201,164.05,167,162.1,166.35,7016
FEDERALBNK,20190201,86.45,88.2,85.25,86.25,9968361
FEL,20190201,35.45,38.2,35.45,37.65,408770
FELDVR,20190201,36,38,34.75,37.25,16255
FIEMIND,20190201,490.05,491.3,485,488.9,2179
FILATEX,20190201,55.05,55.55,51.1,52.45,2477433
FINCABLES,20190201,418.6,422.95,412,415.65,29944
FINEORG,20190201,1129.9,1130,1090,1099.75,2766
FINPIPE,20190201,518,518,507.25,512.45,12039
FLEXITUFF,20190201,52.5,52.55,49.9,50.7,3402
FLFL,20190201,429.9,430,423.1,426.8,34600
FMGOETZE,20190201,508.1,508.15,501.95,504.35,5721
FMNL,20190201,48.4,49,46.8,47.2,27680
FORTIS,20190201,134.15,135.95,134,135.2,617588
FOSECOIND,20190201,1389,1403.6,1373.45,1398.75,770
FRETAIL,20190201,430.2,435.3,423.25,427.6,658254
FSC,20190201,633.3,636.95,628,630,803
FSL,20190201,49.1,51,49,50.75,1874161
GABRIEL,20190201,146.7,147.8,145,146.9,50553
GAEL,20190201,209.95,215.95,206.15,213.5,32503
GAIL,20190201,333.3,335.35,326.1,333.5,3367974
GAL,20190201,5.35,5.35,5,5.05,31356
GALAXYSURF,20190201,1108,1140,1099.35,1112.45,6550
GALLANTT,20190201,50.8,50.9,47.7,48.35,15316
GALLISPAT,20190201,33.15,33.2,31.1,31.85,82544
GAMMNINFRA,20190201,0.7,0.75,0.65,0.65,1277488
GANDHITUBE,20190201,362.05,365,362.05,364.6,615
GANECOS,20190201,283,283,276.2,278.1,64038
GANESHHOUC,20190201,62,63.7,59.35,60.7,63481
GANGESSECU,20190201,43.3,46.35,43.25,46.35,3559
GARDENSILK,20190201,20.8,20.95,20.05,20.2,47569
GARFIBRES,20190201,1142.75,1142.8,1105,1117.65,1475
GATI,20190201,73.8,74.85,72.2,72.8,282029
GAYAHWS,20190201,0.95,0.95,0.85,0.85,155578
GAYAPROJ,20190201,168.15,173.85,168.15,170.5,18225
GDL,20190201,104.85,108.9,102.25,108.3,198162
GEECEE,20190201,106.75,109.5,106.7,108.5,1397
GENESYS,20190201,137.5,138,132.2,133.55,10644
GENUSPAPER,20190201,8.15,8.3,7.9,7.95,1001620
GENUSPOWER,20190201,32.1,32.15,31.15,31.25,124682
GEOJITFSL,20190201,37.55,38.8,37.2,37.6,85726
GEPIL,20190201,774.95,780.95,761,774.2,4392
GESHIP,20190201,299.3,302,299.3,300.45,58638
GET&D,20190201,293.25,299.35,292.6,296.7,14284
GHCL,20190201,250.5,252.45,248.45,250.2,65801
GICHSGFIN,20190201,237,246,237,245.25,80539
GICRE,20190201,243.75,253.5,243.05,249.45,73526
GILLANDERS,20190201,54.05,54.05,54,54,259
GILLETTE,20190201,6436,6547.85,6436,6504.15,2790
GINNIFILA,20190201,15.9,15.9,15.25,15.65,45028
GIPCL,20190201,73.35,74.25,73,73.5,11286
GKWLIMITED,20190201,881.65,1005,881.65,893.5,255
GLAXO,20190201,1404.5,1415,1396.3,1407.55,10985
GLENMARK,20190201,654.8,665,646.5,661.85,398672
GLOBALVECT,20190201,59.45,62.95,58,59.1,1993
GLOBOFFS,20190201,13.1,13.5,12.95,13.15,6819
GLOBUSSPR,20190201,139.6,141.45,136.6,137.85,49029
GMBREW,20190201,503.75,508.55,495.1,500.85,30059
GMDCLTD,20190201,85,86.5,83.6,83.95,69395
GMMPFAUDLR,20190201,1140,1140,1101.15,1118.25,10399
GMRINFRA,20190201,15.35,15.6,15,15.05,20712433
GNA,20190201,333,337.1,320,323,36590
GNFC,20190201,330,339.7,322.4,325.8,393952
GOACARBON,20190201,485,495.45,464,468,178061
GOCLCORP,20190201,244.95,249.5,240.25,242.6,4309
GODFRYPHLP,20190201,929.3,969.9,923.05,942.75,223978
GODREJAGRO,20190201,501.9,507,490.1,492.55,87644
GODREJCP,20190201,711.05,719.25,695.3,710.65,3093553
GODREJIND,20190201,506,512.8,495.85,505.6,262427
GODREJPROP,20190201,742,782,740,750.1,288164
GOKEX,20190201,73.5,74,69.75,71.9,24393
GOKUL,20190201,17,17,16.35,17,40775
GOKULAGRO,20190201,17.5,17.5,16.2,17.45,284706
GOLDBEES,20190201,2930.15,2951,2920.05,2946.75,17606
GOLDENTOBC,20190201,36.65,36.65,36.65,36.65,265
GOLDIAM,20190201,77.25,79.3,74.25,76.05,5267
GOLDSHARE,20190201,2928.45,2962,2903.05,2958.45,3323
GOLDTECH,20190201,13.8,13.85,12.65,13.85,18260
GOODLUCK,20190201,69.1,70.1,66.5,68.05,16760
GPIL,20190201,237.4,241.65,225,228.85,78411
GPPL,20190201,87,87,84,85,115364
GPTINFRA,20190201,46.55,46.55,44.25,44.6,4425
GRANULES,20190201,91.1,92.2,88.4,89.2,829138
GRAPHITE,20190201,614.95,622.1,545.3,556.85,7610159
GRASIM,20190201,724.05,729.6,708.85,718.95,1307460
GRAVITA,20190201,60.1,61.8,58.5,59.45,32079
GREAVESCOT,20190201,122.75,123.3,121.05,122,165088
GREENLAM,20190201,834.95,847.4,813.05,833,750
GREENPLY,20190201,129.5,131.95,127,131,55360
GREENPOWER,20190201,4.85,4.9,4.8,4.8,54241
GRINDWELL,20190201,541.2,547.95,536.25,540.4,5581
GROBTEA,20190201,459.4,466.85,459.4,466.85,177
GRPLTD,20190201,955,955,891.35,909,82
GRSE,20190201,85.9,88.8,84.05,87.3,6769
GRUH,20190201,209.9,213.95,204.8,211.6,10011134
GSCLCEMENT,20190201,22.35,23.8,22.25,23.15,13653
GSFC,20190201,98,99.45,93.35,96.15,2564417
GSKCONS,20190201,7350.05,7626,7309.45,7491.25,19022
GSPL,20190201,176.7,180.05,173.25,177.45,179429
GSS,20190201,112.8,121.2,112.45,119.2,386287
GTL,20190201,5.9,5.9,5.5,5.55,23362
GTLINFRA,20190201,1,1,1,1,671637
GTNIND,20190201,9.4,9.4,8.65,8.7,7674
GTNTEX,20190201,9.4,9.45,9.2,9.3,4180
GTPL,20190201,81.1,82,81.05,81.1,5168
GUFICBIO,20190201,83.2,84.65,80.55,81.4,47865
GUJALKALI,20190201,508,522,499.05,510.8,121458
GUJAPOLLO,20190201,159.95,163,155,155.3,981
GUJFLUORO,20190201,866.95,887,860.9,881,34502
GUJGASLTD,20190201,129.05,129.4,126.7,127.3,96277
GULFOILLUB,20190201,868,903.1,868,890,46933
GULFPETRO,20190201,57,57.45,55,56.5,22587
GULPOLY,20190201,62.05,62.9,59,59.6,38258
GVKPIL,20190201,6.55,6.7,6.5,6.55,1206455
HAL,20190201,711.05,747.95,703,705.5,29348
HARITASEAT,20190201,487,492.45,481,487.3,2640
HARRMALAYA,20190201,79.65,80.8,78.05,78.4,19819
HATHWAY,20190201,32,32.05,31.95,32,1913785
HATSUN,20190201,670.65,684.1,670.6,675.25,4627
HAVELLS,20190201,715,739.9,711,737.15,1938051
HAVISHA,20190201,0.6,0.6,0.55,0.55,418
HBLPOWER,20190201,26.3,27,26.15,26.75,122632
HBSL,20190201,7.55,7.75,7.2,7.75,3809
HCC,20190201,12.45,12.75,12.05,12.3,3399592
HCG,20190201,199.05,205,196,199.05,5832
HCL-INSYS,20190201,20.2,20.4,19.6,19.95,401293
HCLTECH,20190201,1010.6,1050,1010.5,1043.85,3230111
HDFC,20190201,1929,1974.45,1925.1,1961.25,4867443
HDFCAMC,20190201,1371.65,1378.45,1351.95,1361.55,108173
HDFCBANK,20190201,2079.95,2117,2076.6,2090.45,3913547
HDFCLIFE,20190201,372.85,377.15,368,375.45,854153
HDFCMFGETF,20190201,3006,3021.75,2990.2,3019.25,1140
HDFCNIFETF,20190201,1122.12,1130,1120.1,1120.1,1265
HDIL,20190201,26.35,28.85,26.15,26.85,7003357
HEG,20190201,2632.35,2632.35,2471.1,2547.9,1371660
HEIDELBERG,20190201,149,149.2,144.55,147.1,44947
HERCULES,20190201,107.5,107.5,103.05,103.45,13882
HERITGFOOD,20190201,499.95,499.95,490,495.25,11140
HEROMOTOCO,20190201,2629.45,2839.35,2625,2807.25,3296513
HESTERBIO,20190201,1226.95,1274.9,1220.2,1264.1,5253
HEXATRADEX,20190201,21.5,23,21.5,23,152873
HEXAWARE,20190201,339.2,356.2,339.2,349.6,2930714
HFCL,20190201,22.9,23.15,21.65,22.55,1386340
HGINFRA,20190201,208.9,208.9,198,201.65,43474
HGS,20190201,641.55,641.55,620,623.85,1290
HIGHGROUND,20190201,7.25,7.65,7.25,7.4,26299
HIKAL,20190201,153.8,155.9,150.5,151.25,108262
HIL,20190201,1919,1970.9,1870,1895,5340
HILTON,20190201,18.1,19.6,18.1,18.15,2161
HIMATSEIDE,20190201,202,204.5,197,197.75,74791
HINDALCO,20190201,208,212.35,203.5,211.4,10475839
HINDCOMPOS,20190201,234.95,234.95,225.1,227,2621
HINDCOPPER,20190201,46.5,46.9,45.6,45.95,306758
HINDMOTORS,20190201,7.6,7.7,7.45,7.5,122299
HINDNATGLS,20190201,95.8,95.8,86.55,93.45,1975
HINDOILEXP,20190201,107.9,110.8,107.3,108.55,314916
HINDPETRO,20190201,234.7,236.55,229.6,234,2759440
HINDUJAVEN,20190201,381.95,381.95,358.05,369.5,1897
HINDUNILVR,20190201,1763.25,1832.5,1761.45,1799.3,2342251
HINDZINC,20190201,257.85,260.2,242.85,254.7,5094566
HIRECT,20190201,112.95,113.5,107.1,108.45,3790
HISARMETAL,20190201,37.2,39.35,36.3,38.6,2564
HITECH,20190201,196.05,196.05,182.3,185.55,980
HITECHCORP,20190201,109.85,109.95,108.1,108.1,450
HITECHGEAR,20190201,312.25,319,312.25,318.95,1709
HMVL,20190201,116,116.55,114.75,115.95,7323
HNGSNGBEES,20190201,3159,3159.95,3159,3159,13
HONAUT,20190201,21170,21807,21170,21695.35,466
HONDAPOWER,20190201,1111.7,1115,1090,1104.25,2385
HOTELEELA,20190201,13.9,13.9,13.2,13.35,139340
HOVS,20190201,151.6,153.95,141,142.45,17833
HPL,20190201,56,56,54,55.15,16333
HSCL,20190201,118,120.5,116.95,118.4,262786
HSIL,20190201,258.5,268,253.45,259.1,369883
HTMEDIA,20190201,41.1,41.1,39.3,39.6,70765
HUBTOWN,20190201,37.9,38.65,37,37.75,24942
HUDCO,20190201,42.7,43.05,41.55,41.75,1117435
IBREALEST,20190201,73.9,80.4,72.3,75.1,3783830
IBULHSGFIN,20190201,667,700,664.7,678.65,11316643
IBULISL,20190201,295.05,306,284.5,284.7,209986
IBVENTURES,20190201,340.8,373.95,335.25,353.7,1329833
ICICI500,20190201,145.65,147.89,143.11,144.84,890
ICICIB22,20190201,32.1,35.15,32.1,34.98,256414
ICICIBANK,20190201,364.5,364.9,348.75,354.65,25605469
ICICIGI,20190201,875,891,865.5,880.1,120799
ICICIGOLD,20190201,30,30,29.1,29.95,11628
ICICILIQ,20190201,1000,1000,999.99,999.99,1235
ICICILOVOL,20190201,86.64,87.46,86.3,86.76,600
ICICIMCAP,20190201,66.9,66.9,64.64,65.24,14542
ICICINF100,20190201,117.23,118.18,116.92,118.18,191
ICICINIFTY,20190201,113,114.43,112.01,113.56,51525
ICICINV20,20190201,54,54.62,54,54.52,2365
ICICINXT50,20190201,27,27,26.7,26.83,7767
ICICIPRULI,20190201,288,291.55,282.4,285.8,1444692
ICICISENSX,20190201,384.17,386.45,382.83,384.31,195
ICIL,20190201,47.9,47.9,41.5,44,261559
ICRA,20190201,3072.95,3072.95,2976.4,2997.9,634
IDBI,20190201,55.75,55.95,52.2,52.75,4644706
IDBIGOLD,20190201,3056.65,3150,3051.05,3081.55,1445
IDEA,20190201,30.3,31.4,30.15,30.9,16952172
IDFC,20190201,39.75,39.85,38.35,38.6,3261181
IDFCFIRSTB,20190201,45.3,45.55,44.25,44.8,12112149
IDFNIFTYET,20190201,109.3,109.46,109.3,109.3,83
IEX,20190201,158.05,161.8,158.05,160.55,25151
IFBAGRO,20190201,555.95,556.95,525.45,531.65,4957
IFBIND,20190201,816,816,793.3,797.75,5567
IFCI,20190201,13.6,13.9,13.3,13.5,3423812
IFGLEXPOR,20190201,216,228,216,223.3,2594
IGARASHI,20190201,512.05,517.9,500.75,506.15,9760
IGL,20190201,283.55,289.85,283.55,286.9,3907907
IGPL,20190201,297.05,303.95,285,286.45,29365
IIFL,20190201,427.05,439.35,415.15,419.1,100705
IITL,20190201,67,71.8,65.5,68.6,2269
IL&FSENGG,20190201,10.65,11.2,10.6,11.2,28470
IL&FSTRANS,20190201,7.1,7.75,7.1,7.25,909127
IMFA,20190201,224.4,229.4,217.05,218.85,22851
IMPAL,20190201,861.4,886,860,863,295
IMPEXFERRO,20190201,0.35,0.4,0.3,0.3,17089
INDBANK,20190201,9.5,9.8,9.4,9.55,7813
INDHOTEL,20190201,142.25,145.65,142.25,143.75,1255454
INDIACEM,20190201,84.85,86.1,80,81.35,6523784
INDIAGLYCO,20190201,266.5,266.5,258.35,259.55,62058
INDIANB,20190201,227,230,220,224,1180493
INDIANCARD,20190201,99.7,99.7,94.75,95,111
INDIANHUME,20190201,329,332.95,319,322.35,8093
INDIGO,20190201,1185,1201.65,1163.9,1174.1,766653
INDLMETER,20190201,40,42.15,40,40.15,490
INDNIPPON,20190201,419.95,419.95,400,416.4,5307
INDOCO,20190201,188,189,175.7,177.45,17159
INDORAMA,20190201,34.5,34.5,33.95,33.95,30010
INDOSOLAR,20190201,2,2.2,2,2.1,104293
INDOSTAR,20190201,317.35,319.95,308.85,310.65,6041
INDOTECH,20190201,108,108,102.25,104.7,5314
INDOTHAI,20190201,28.05,30.8,27.55,28.5,4394
INDOWIND,20190201,4.5,5.2,4.5,4.8,16820
INDRAMEDCO,20190201,39.5,39.6,38.55,38.7,36955
INDSWFTLAB,20190201,44.9,45.25,41.95,44.05,22508
INDSWFTLTD,20190201,6,6,5.85,6,532
INDTERRAIN,20190201,126.95,129.9,123.05,125.6,6514
INDUSINDBK,20190201,1507.9,1535.4,1496.9,1515.15,1547424
INEOSSTYRO,20190201,638.95,639.8,625,626.85,609
INFIBEAM,20190201,39.05,40.2,37.15,38,8844371
INFRABEES,20190201,302,308.31,302,306.32,408
INFRATEL,20190201,296,298,290.85,296.2,2258242
INFY,20190201,751.35,762.5,744.5,757.05,6276585
INGERRAND,20190201,585,588,572.2,576.6,9587
INOXLEISUR,20190201,260.95,274.95,256.95,260.65,239525
INOXWIND,20190201,68.5,70.4,67.25,68.05,48196
INSECTICID,20190201,593.35,598.75,584,589.65,16307
INSPIRISYS,20190201,50,52.55,48.4,49.95,1236
INTEGRA,20190201,1.75,1.75,1.75,1.75,2000
INTELLECT,20190201,183,183,168.8,171.35,436654
INTENTECH,20190201,42.4,42.95,39.05,40.05,5320
INVENTURE,20190201,15.4,15.4,14.25,15,1651
IOB,20190201,13.75,14,13.65,13.7,409378
IOC,20190201,137.35,138.5,136.15,137.2,5092724
IOLCP,20190201,206,206.5,190.55,199.75,818707
IPAPPM,20190201,479.6,482.4,467,473.6,134138
IPCALAB,20190201,766.1,779.2,751.55,760.6,55003
IRB,20190201,145.1,150.35,143.1,145,1450004
IRCON,20190201,393.9,393.9,383.2,384.5,36215
ISEC,20190201,208,210,204.5,207.35,71982
ISFT,20190201,142.1,142.1,134.65,134.65,14787
ISMTLTD,20190201,7.75,7.85,7.35,7.35,28308
ITC,20190201,280.65,285.2,279.1,280.85,18353829
ITDC,20190201,282.95,289.15,278,283.3,9783
ITDCEM,20190201,117.75,119.3,114.85,115.6,46760
ITI,20190201,101.65,102.75,99.05,99.55,931476
IVC,20190201,5.75,5.9,5.6,5.7,230210
IVP,20190201,110,111.9,107,107.3,581
IVRCLINFRA,20190201,0.95,0.95,0.85,0.9,284988
IVZINGOLD,20190201,2999,3000,2955,3000,69
IVZINNIFTY,20190201,1126.9,1156.4,1126.9,1146.15,13
IZMO,20190201,59.8,59.8,57,57.25,14379
J&KBANK,20190201,40.95,40.95,38.65,39.2,691958
JAGRAN,20190201,104,104.5,99.55,101.05,97986
JAGSNPHARM,20190201,30.5,31.45,30.3,30.95,5599
JAIBALAJI,20190201,17.2,17.45,16.65,16.85,3056
JAICORPLTD,20190201,100.5,103.5,98.3,100.15,1142960
JAIHINDPRO,20190201,2.3,2.3,2.3,2.3,1365
JAINSTUDIO,20190201,4.3,4.35,4.3,4.35,102
JAMNAAUTO,20190201,56,58.8,54,57.35,1132410
JAYAGROGN,20190201,203.55,207.55,202.05,203.2,5066
JAYBARMARU,20190201,250.95,296.9,245.65,289.65,203000
JAYNECOIND,20190201,4.8,5,4.65,4.75,57224
JAYSREETEA,20190201,77.8,78.25,73.85,75.05,94476
JBCHEPHARM,20190201,315,320,308,309.7,57644
JBFIND,20190201,18.2,18.75,17.7,17.95,54335
JBMA,20190201,273.3,297.75,270.9,284.6,41828
JCHAC,20190201,1794.95,1815,1783.7,1795.5,4443
JETAIRWAYS,20190201,238,281.8,234.1,255.15,27955595
JHS,20190201,28.15,28.4,26.5,26.85,24932
JIKIND,20190201,0.35,0.4,0.3,0.4,565
JINDALPHOT,20190201,26.75,28.3,26.75,27.65,1331
JINDALPOLY,20190201,245,251.95,243.6,250,30848
JINDALSAW,20190201,89.2,89.9,84.15,84.85,1207693
JINDALSTEL,20190201,135.15,137.6,128.35,129.7,12565471
JINDCOT,20190201,5.15,5.15,4.8,5.05,13044
JINDRILL,20190201,104,105.3,102.2,103.1,3771
JINDWORLD,20190201,71.5,71.7,70.45,71.15,172272
JISLDVREQS,20190201,45.9,46.8,42.75,43,267448
JISLJALEQS,20190201,61.95,62.9,58.05,59.25,18900531
JITFINFRA,20190201,17.4,17.4,17.4,17.4,5253
JKCEMENT,20190201,716.9,720,702.6,712.15,5627
JKIL,20190201,106.95,111.9,104.1,106.6,653043
JKLAKSHMI,20190201,295.05,304.95,295.05,299.25,177219
JKPAPER,20190201,136.7,138.5,133.2,134.05,599601
JKTYRE,20190201,91.5,93.9,91,92.1,375714
JMA,20190201,157,160,155,156.65,1431
JMCPROJECT,20190201,94.65,94.65,91.05,93,86213
JMFINANCIL,20190201,77.5,81.2,77.05,79.7,1619584
JMTAUTOLTD,20190201,2.95,3,2.9,3,52525
JOCIL,20190201,120.2,120.2,117.3,117.3,565
JPASSOCIAT,20190201,6.65,7.15,6.6,6.75,41871705
JPINFRATEC,20190201,3.05,3.15,2.95,3.15,711497
JPOLYINVST,20190201,35.6,35.6,35.25,35.25,1146
JPPOWER,20190201,1.8,1.85,1.8,1.85,1961953
JSL,20190201,27.4,28.5,26.6,26.8,687867
JSLHISAR,20190201,78.45,83.9,77.05,81.55,565775
JSWENERGY,20190201,66.9,68.95,66.9,67.95,756513
JSWHL,20190201,2741.95,2758.65,2652,2680.3,1629
JSWSTEEL,20190201,274.25,280,266.65,274.95,6496209
JTEKTINDIA,20190201,97.65,102,96.15,99.6,42697
JUBILANT,20190201,705.1,732,705,714.4,398633
JUBLFOOD,20190201,1269.6,1371.35,1250,1357.95,6091028
JUBLINDS,20190201,107.9,111.7,106.1,106.45,13793
JUNIORBEES,20190201,274,278.14,273.06,276.88,54099
JUSTDIAL,20190201,478,485.5,469.15,476.05,1024629
JYOTHYLAB,20190201,185,187.9,181.25,184.95,324929
KABRAEXTRU,20190201,71,72,68,68.8,13412
KAJARIACER,20190201,539.8,551,538.1,549.75,1181551
KAKATCEM,20190201,180.1,182.25,166.2,171.4,21013
KALPATPOWR,20190201,369.8,377.85,362,370.3,30674
KALYANIFRG,20190201,288,306.8,283.15,295.2,342
KAMATHOTEL,20190201,42.55,43.2,41.4,41.6,20092
KAMDHENU,20190201,165.65,165.7,157.3,160.1,12274
KANANIIND,20190201,4.9,4.9,4.5,4.75,3322
KANORICHEM,20190201,67.05,68,66.1,66.4,13960
KANSAINER,20190201,443.95,460,435.05,457.9,149094
KARDA,20190201,202.95,208.35,198.3,205,79572
KARMAENG,20190201,17.9,18.95,17.75,18.5,2171
KARURVYSYA,20190201,87.7,89.65,87.05,89,426484
KAVVERITEL,20190201,7.4,7.4,6.25,7,4021
KAYA,20190201,698.95,736.95,690.05,731.35,8668
KCP,20190201,86,89.4,86,86.25,16450
KCPSUGIND,20190201,16.9,17.3,16.3,17,92306
KDDL,20190201,440.15,440.15,417.15,436.5,257
KEC,20190201,249.5,255.9,245.1,247.75,253288
KECL,20190201,17.4,17.45,16.7,17.25,32630
KEI,20190201,360,369.9,360,366.5,118137
KELLTONTEC,20190201,42.8,43.5,41,42.25,40143
KERNEX,20190201,24.5,25.3,23.8,24.2,3351
KESARENT,20190201,27,29,27,27.35,2658
KESORAMIND,20190201,72.65,72.65,68.5,68.85,177381
KGL,20190201,1.45,1.5,1.45,1.45,463268
KHADIM,20190201,444.55,452.8,443.45,450.4,1187
KHAITANLTD,20190201,32,32,32,32,1
KICL,20190201,1528.05,1590,1514.95,1546.35,957
KILITCH,20190201,217.85,217.85,206.25,210.1,49821
KINGFA,20190201,720.15,727.6,685,690.6,1712
KIOCL,20190201,149.5,150,141.05,141.9,26107
KIRIINDUS,20190201,409,413.2,401.85,404.1,31973
KIRLOSBROS,20190201,141.5,143.95,140,142.85,66601
KIRLOSENG,20190201,174.7,175.95,170.65,172.15,9423
KIRLOSIND,20190201,851,856.05,798.5,805.1,2483
KITEX,20190201,104.75,104.75,100.1,102.5,74915
KKCL,20190201,1234.95,1234.95,1190,1192,221
KMSUGAR,20190201,7.85,7.95,7.7,7.75,42763
KNRCON,20190201,206.7,213.5,206,207.45,36070
KOHINOOR,20190201,35,35.35,32.75,33.25,195763
KOKUYOCMLN,20190201,99.7,99.75,96.2,97.15,9751
KOLTEPATIL,20190201,263.3,285.35,261.3,269.25,242804
KOPRAN,20190201,43.55,43.6,42,42.45,70588
KOTAKBANK,20190201,1257.05,1270.8,1240.2,1255.7,2189154
KOTAKBKETF,20190201,278,280.8,275,276.39,25164
KOTAKGOLD,20190201,288.15,290.7,287.65,290.1,7740
KOTAKNIFTY,20190201,111.25,112.6,110.99,111.26,52680
KOTAKNV20,20190201,55.99,55.99,53.1,55.01,12341
KOTAKPSUBK,20190201,301.8,305.37,290.01,295.9,7011
KOTARISUG,20190201,9.3,9.3,9,9.05,5630
KOTHARIPET,20190201,21,21.25,20.65,20.8,1680
KOTHARIPRO,20190201,94.75,95,88.25,91.65,3551
KPIT,20190201,114.25,116,112.75,114.55,1785983
KPRMILL,20190201,539.85,539.85,522,531.25,109582
KRBL,20190201,336.3,364.9,335,359.05,507126
KREBSBIO,20190201,104,104,97.7,98.15,3525
KRIDHANINF,20190201,37,38.8,37,37.9,62224
KSB,20190201,700.65,708.65,684,687.9,6154
KSCL,20190201,603.7,623.9,589,595.9,853182
KSERASERA,20190201,0.1,0.15,0.1,0.15,1016235
KSK,20190201,1.15,1.15,1.15,1.15,134653
KSL,20190201,201,206,198.25,199.9,26100
KTIL,20190201,61.8,61.8,60.15,60.3,5315
KTKBANK,20190201,120.5,121.5,115.2,118,2289610
KWALITY,20190201,6.65,6.75,6.5,6.55,957645
L&TFH,20190201,132,134.45,128.05,130.3,4709841
LAKSHVILAS,20190201,67,69.75,60.05,62.95,1724417
LALPATHLAB,20190201,1080,1090,1027.9,1040.7,61937
LAMBODHARA,20190201,40.35,42.3,40.05,40.25,3387
LAOPALA,20190201,211.4,217.35,211.1,212.5,17225
LASA,20190201,22,23.35,22,22.3,14939
LAURUSLABS,20190201,361,366.25,351,353.6,141783
LAXMIMACH,20190201,5401,5474,5345.05,5401.75,1105
LEEL,20190201,31,31,28.1,28.55,431147
LEMONTREE,20190201,69.95,70.7,68,69.95,462640
LGBBROSLTD,20190201,408.8,412,406.05,408.5,9436
LIBERTSHOE,20190201,157.5,160,152.05,153.6,44074
LICHSGFIN,20190201,452,472.4,447.8,460.15,4376608
LICNETFGSC,20190201,17.95,17.95,17.95,17.95,4771
LICNETFN50,20190201,112,112.5,111.2,111.72,39
LICNETFSEN,20190201,379.99,379.99,362.6,377.9,4510
LINCOLN,20190201,189.15,190.4,185.05,187,14760
LINCPEN,20190201,251.35,251.4,239,239,3747
LINDEINDIA,20190201,470,481,455,458.3,128410
LIQUIDBEES,20190201,1000,1000.01,999.99,1000,554740
LIQUIDETF,20190201,999.99,1000.01,999.99,1000,38510
LOKESHMACH,20190201,41.55,42.9,40.5,41.6,11632
LOTUSEYE,20190201,25.15,27,24.45,26.1,14321
LOVABLE,20190201,100.65,101.8,97.9,98.55,11324
LPDC,20190201,4.4,4.5,4.25,4.4,25187
LSIL,20190201,1.05,1.05,1,1,549882
LT,20190201,1315.5,1334.55,1313,1324.6,2515736
LTI,20190201,1770,1785,1752.6,1768.75,71991
LTTS,20190201,1582,1615,1582,1599.6,80452
LUMAXIND,20190201,1546.5,1590,1546.5,1563.8,1277
LUMAXTECH,20190201,151.75,155.2,150.55,153.6,28728
LUPIN,20190201,879.7,888,870.3,883.1,1032450
LUXIND,20190201,1200,1216.75,1165.3,1177.65,38945
LYKALABS,20190201,24.1,24.95,24,24.2,19043
LYPSAGEMS,20190201,8,8.3,7.75,7.95,43396
M&M,20190201,689,715.4,680.55,688.4,8005192
M&MFIN,20190201,407.9,423.8,401.45,416.6,3461426
M100,20190201,17.42,17.8,17.42,17.55,7551
M50,20190201,105,105.5,105,105.19,2274
MAANALU,20190201,91,93.1,88.25,88.75,4165
MADHAV,20190201,43,43,42.7,42.7,303
MADHUCON,20190201,5.9,6.4,5.6,5.8,40302
MADRASFERT,20190201,25.35,26.8,23.15,23.65,446369
MAGADSUGAR,20190201,88,89.9,87.05,88,439
MAGMA,20190201,99.75,106.3,99.75,102.95,209392
MAGNUM,20190201,5.4,5.6,5.35,5.45,3717
MAHABANK,20190201,16.5,16.6,14.45,14.85,7376335
MAHAPEXLTD,20190201,106.35,108,103,103.6,491
MAHASTEEL,20190201,99.5,107.55,99.35,105.2,179348
MAHINDCIE,20190201,236.55,243.8,234.3,241.75,89185
MAHLIFE,20190201,387.25,394.95,381,382.3,61926
MAHLOG,20190201,497.6,497.65,483.55,487.45,5649
MAHSCOOTER,20190201,3253.2,3297,3202.35,3250.7,1760
MAHSEAMLES,20190201,468,468,461,462.95,11387
MAITHANALL,20190201,359,422.2,355.35,386.15,256981
MAJESCO,20190201,453.1,524,453.1,495.7,367497
MALUPAPER,20190201,29.55,30.4,29,29,10383
MAN50ETF,20190201,109.3,109.65,109.3,109.3,300
MANAKALUCO,20190201,6.55,6.85,6.55,6.7,2190
MANAKCOAT,20190201,6.35,6.8,6.35,6.65,3235
MANAKSIA,20190201,36,36.9,35.8,35.95,4099
MANAKSTEEL,20190201,19.25,20,19.2,19.2,152448
MANALIPETC,20190201,25.7,25.7,24.3,24.65,179539
MANAPPURAM,20190201,92.3,94.2,91.25,93.8,1853774
MANDHANA,20190201,3.2,3.25,3.15,3.15,31696
MANGALAM,20190201,68.7,68.7,62,63.6,17135
MANGCHEFER,20190201,40.9,44.4,40.9,42.1,58304
MANGLMCEM,20190201,214.95,215.1,212,212.5,2031
MANGTIMBER,20190201,18.7,19.3,18.2,18.3,4079
MANINDS,20190201,62.55,64.5,62.55,63.55,36514
MANINFRA,20190201,34.5,36.6,34.3,34.6,71051
MANPASAND,20190201,75,75.45,72.7,73.05,147974
MANUGRAPH,20190201,28.9,29.5,28.35,29.05,2153
MARALOVER,20190201,27.2,27.9,27.2,27.35,8669
MARATHON,20190201,107.15,118,106.65,107.4,9152
MARICO,20190201,367.5,379,367.35,376.45,2559709
MARKSANS,20190201,25.6,25.75,25.05,25.3,475805
MARUTI,20190201,6679,7204,6652.55,6962.3,2545419
MASFIN,20190201,523.85,530,516.45,521.15,5659
MASTEK,20190201,409,437.8,409,416,273440
MATRIMONY,20190201,423.15,429.9,413.15,421.55,1748
MAWANASUG,20190201,42.35,42.35,40.5,40.85,44842
MAXINDIA,20190201,84.7,85.8,81,81.65,213734
MAXVIL,20190201,45.3,46.4,45.2,46.05,20324
MAYURUNIQ,20190201,372,388,369.25,381.45,5538
MAZDA,20190201,275.05,275.05,268.05,268.75,3104
MBECL,20190201,8.9,9.5,8.7,8.75,14117
MBLINFRA,20190201,13.55,14.75,13.3,13.35,30240
MCDHOLDING,20190201,24.85,24.85,24,24.35,5028
MCDOWELL-N,20190201,541,561.1,533.1,544.4,2464873
MCLEODRUSS,20190201,97.5,99.5,93.1,97.6,142111
MCX,20190201,708.4,721.35,704.4,712.55,200163
MEGASOFT,20190201,7.3,7.5,7.15,7.2,3288
MEGH,20190201,55.5,56,53.2,53.6,298613
MELSTAR,20190201,1.35,1.35,1.3,1.3,18
MENONBE,20190201,79,80.2,76.35,76.75,19852
MEP,20190201,38.55,39.15,38.2,38.55,81057
MERCATOR,20190201,9.2,9.45,9.1,9.45,376008
MERCK,20190201,3305.15,3360,3256,3296.95,10669
METALFORGE,20190201,8.6,8.6,8.4,8.45,6847
METKORE,20190201,1.2,1.2,1.15,1.15,1538
MFSL,20190201,405.95,405.95,372,375.4,1056343
MGL,20190201,926.9,932.4,912.85,927.45,237703
MHRIL,20190201,207.15,207.15,200.65,201.35,23488
MIC,20190201,0.95,0.95,0.85,0.9,462027
MIDHANI,20190201,130.45,131.65,126.1,127.25,101563
MINDACORP,20190201,140.9,147.1,138.65,144.85,52186
MINDAIND,20190201,282.95,290.35,280.15,287.9,80309
MINDTECK,20190201,38.25,38.25,36,37.15,9326
MINDTREE,20190201,894.05,904,885.2,899.65,803302
MIRCELECTR,20190201,23.1,25.2,22.65,24.2,184682
MIRZAINT,20190201,74,75.7,70.6,72,150426
MMFL,20190201,513.95,516.95,493.5,504,9229
MMTC,20190201,26.9,27.2,26.15,26.45,638158
MODIRUBBER,20190201,44,44,44,44,10
MOHITIND,20190201,10,10.2,9.55,9.9,6706
MOHOTAIND,20190201,44.95,45.6,43,43.6,41537
MOIL,20190201,160.4,163.25,159.1,161.35,85228
MOLDTECH,20190201,46.95,47.95,42.5,42.7,21791
MOLDTKPAC,20190201,220.05,227,220.05,222.8,39788
MONSANTO,20190201,2620,2639.95,2539.95,2614.7,2761
MONTECARLO,20190201,371.05,375.8,371,374.55,21031
MORARJEE,20190201,22.5,23.75,22.45,22.55,1232
MOREPENLAB,20190201,20,20.45,19.5,19.9,395141
MOTHERSUMI,20190201,141,147.5,137.5,139.3,7502159
MOTILALOFS,20190201,636,640.1,618.5,629.75,214783
MOTOGENFIN,20190201,48.85,48.9,46,47.4,601
MPHASIS,20190201,997.05,1023.9,994.5,1009.75,236768
MPSLTD,20190201,467.2,469.95,456.1,463.25,1460
MRF,20190201,61489.2,62699.9,61012.1,61275.7,7551
MRO-TEK,20190201,41.2,44,41.15,41.15,742
MRPL,20190201,67.85,68.55,66.9,67.5,676602
MSPL,20190201,11.55,11.95,11,11.1,4502
MTEDUCARE,20190201,57.65,57.9,55,55.55,7036
MTNL,20190201,13.9,14.9,13.5,13.7,2004191
MUKANDENGG,20190201,19.65,19.65,19,19,1080
MUKANDLTD,20190201,53.45,53.45,49.5,49.6,107497
MUKTAARTS,20190201,37.15,41.05,36.5,38.6,147835
MUNJALAU,20190201,53.75,62.8,52.65,59.3,1005958
MUNJALSHOW,20190201,171.95,177.3,169,171.5,19021
MURUDCERA,20190201,21.7,22,20.75,20.9,49182
MUTHOOTCAP,20190201,954,954,846.5,864,57044
MUTHOOTFIN,20190201,500.45,511.9,482,492.55,1079351
MVL,20190201,0.25,0.25,0.2,0.25,21386
N100,20190201,480,483.99,471,480.42,5011
NACLIND,20190201,27.55,28.1,27.25,27.35,34052
NAGAFERT,20190201,8.6,9,8.45,8.5,672828
NAGAROIL,20190201,0.55,0.6,0.5,0.55,653870
NAGREEKCAP,20190201,13.9,13.9,13.05,13.9,6931
NAGREEKEXP,20190201,24.7,24.7,21.25,22,4579
NAHARCAP,20190201,88.1,89,85.1,86.6,1725
NAHARINDUS,20190201,47.95,48,47,47.55,3677
NAHARPOLY,20190201,36.05,37.5,35.6,36.75,1119
NAHARSPING,20190201,90.75,90.75,88.4,88.6,1619
NATCOPHARM,20190201,691,699.9,681.05,691.4,145415
NATHBIOGEN,20190201,387.85,394.6,377.1,380.2,5229
NATIONALUM,20190201,59.45,60,58.5,59.15,4668687
NATNLSTEEL,20190201,6.2,6.4,6.05,6.1,37068
NAUKRI,20190201,1750,1783.95,1710.05,1730.35,159969
NAVINFLUOR,20190201,625,640,620,621.3,19767
NAVKARCORP,20190201,46.8,50.2,46,46.65,337779
NAVNETEDUL,20190201,108,108.2,106,106.85,11951
NBCC,20190201,59,60,56.7,57.85,5957647
NBIFIN,20190201,1215,1219,1215,1219,2
NBVENTURES,20190201,107.2,112.3,107,107.9,127978
NCC,20190201,80,82.35,78.25,79.3,15029574
NCLIND,20190201,119,123,118.45,120.2,12749
NDGL,20190201,849.1,850,790,791.95,109
NDL,20190201,56.85,58.05,55,56.75,13049
NDTV,20190201,34.8,35.9,34.75,35,15497
NECCLTD,20190201,8.5,8.8,8.2,8.5,22828
NECLIFE,20190201,18.15,18.4,18,18.05,41749
NELCAST,20190201,73.95,74.4,72.65,73.75,39787
NELCO,20190201,248,254,236.5,237.75,48469
NESCO,20190201,439.5,452,434.3,444.75,16706
NESTLEIND,20190201,11498.05,11622,11430.15,11556.55,61906
NETF,20190201,108.31,109.2,108.31,109.2,55
NETWORK18,20190201,36.65,37.15,36,36.3,174583
NEULANDLAB,20190201,532.5,555,524.35,535.7,6486
NEWGEN,20190201,278.45,289.85,278.45,285.55,19114
NEXTMEDIA,20190201,25.35,25.5,25.35,25.4,38707
NFL,20190201,35.3,36.5,34.05,34.9,1414543
NH,20190201,199,205.6,189,190.75,35897
NHPC,20190201,25.1,25.5,24.75,25.4,4206762
NIACL,20190201,174,184.85,174,175.6,86088
NIBL,20190201,22,22.95,20.55,21.8,3833
NIFTYBEES,20190201,1109.55,1147.33,1102.65,1138.57,77935
NIFTYEES,20190201,12698,13369,12698,13122.33,3
NIITLTD,20190201,83.1,87.75,83.1,85.85,1108230
NIITTECH,20190201,1310.1,1339.9,1298.4,1319.45,972719
NILAINFRA,20190201,7.3,7.65,7.05,7.2,511688
NILASPACES,20190201,3,3.2,2.95,2.95,769128
NILKAMAL,20190201,1364.95,1364.95,1310,1334.1,15519
NIPPOBATRY,20190201,670.55,679.95,663,666.8,112
NITCO,20190201,35.95,37.9,35,36,80011
NITESHEST,20190201,5.9,6.3,5.55,5.8,133406
NITINFIRE,20190201,1.45,1.45,1.35,1.35,124781
NITINSPIN,20190201,83.3,87.6,82.65,83.85,33828
NKIND,20190201,43.9,44.95,41.35,41.85,3303
NLCINDIA,20190201,64.3,64.8,63.6,63.9,219521
NMDC,20190201,97.65,97.65,94,95.35,5332170
NOCIL,20190201,146.5,147.8,136,139.1,411702
NOIDATOLL,20190201,6.85,6.9,6.6,6.65,40244
NRAIL,20190201,357.35,357.35,317,318.5,19028
NRBBEARING,20190201,189.5,192.6,187.85,190.65,64758
NSIL,20190201,1073.7,1090,1067.45,1085.65,380
NTL,20190201,1.35,1.4,1.35,1.4,1170
NTPC,20190201,140,140.5,138.8,140.15,5916171
NUCLEUS,20190201,347,360.1,347,357.4,4268
NUTEK,20190201,0.35,0.35,0.3,0.35,23000
OBEROIRLTY,20190201,450.5,474.95,443.95,454.2,666607
OCCL,20190201,1200,1203,1157.15,1196.9,7586
OFSS,20190201,3801.05,3829.45,3752.5,3794.8,27907
OIL,20190201,168,172.05,167.65,171.55,1423978
OILCOUNTUB,20190201,13.55,13.7,13.3,13.45,12651
OISL,20190201,2.3,2.3,2.15,2.3,10654
OLECTRA,20190201,230,238.05,218,220.25,132585
OMAXAUTO,20190201,81.85,83.8,80.55,82.9,34002
OMAXE,20190201,212.95,214.2,211.85,213.2,233490
OMKARCHEM,20190201,21.4,21.4,19.4,19.6,21164
OMMETALS,20190201,34.25,34.3,33.05,33.75,12670
ONELIFECAP,20190201,13,14,13,13.1,551
ONGC,20190201,141,143.3,139.8,141.8,5260578
ONMOBILE,20190201,34.5,35.1,34.1,34.4,89214
ONWARDTEC,20190201,57.25,59.7,57.25,59.05,3877
OPTIEMUS,20190201,115.85,116.3,109.5,111.05,13504
OPTOCIRCUI,20190201,8.65,8.9,8.5,8.65,241310
ORBTEXP,20190201,112,113.75,109.9,110,540
ORICONENT,20190201,26.65,28.1,26.45,26.5,83032
ORIENTABRA,20190201,24.15,24.5,23.65,24.1,1830844
ORIENTALTL,20190201,11.65,11.85,11.6,11.65,1352
ORIENTBANK,20190201,99,99.25,92,94.75,8806608
ORIENTBELL,20190201,161.95,164.85,160,162.5,9413
ORIENTCEM,20190201,72.9,73,69.1,69.95,18917
ORIENTELEC,20190201,136.55,138.5,134,137.9,41737
ORIENTHOT,20190201,39.5,40.45,38.5,38.7,25266
ORIENTLTD,20190201,162.5,163.9,151.05,152.85,3593
ORIENTPPR,20190201,35,36.7,34.8,36.3,581754
ORIENTREF,20190201,211,212.25,203,203.45,9567
ORISSAMINE,20190201,770,796.9,764.9,769.75,7858
ORTEL,20190201,3.75,3.75,3.75,3.75,2350
ORTINLABSS,20190201,14.7,14.7,13.35,14.4,8397
OSWALAGRO,20190201,8.1,9,7.85,8.05,13027
PAEL,20190201,2.2,2.2,2.2,2.2,150
PAGEIND,20190201,23360,24171.25,23300.6,24039.05,48386
PAISALO,20190201,309,310,303.2,303.35,2367
PALASHSECU,20190201,41.45,41.45,41.45,41.45,2
PALREDTEC,20190201,37,41.35,37,38.6,12398
PANACEABIO,20190201,149.05,152,144.25,149.25,14394
PANAMAPET,20190201,109.95,115,107.8,111.8,21581
PAPERPROD,20190201,173.95,176.95,170.1,172,8971
PARABDRUGS,20190201,1.95,1.95,1.95,1.95,59
PARACABLES,20190201,12.15,12.2,11.65,12.1,79861
PARAGMILK,20190201,207.8,209.7,202.55,203.9,197691
PARSVNATH,20190201,6.3,6.6,6,6.15,97639
PATELENG,20190201,30.1,31.1,29.6,30.2,88808
PATINTLOG,20190201,41.7,41.7,40.5,40.7,3813
PATSPINLTD,20190201,11.2,11.95,10.1,10.9,6627
PBAINFRA,20190201,6.45,6.45,6.25,6.25,117
PCJEWELLER,20190201,73,74.6,70.85,71.55,6048011
PDMJEPAPER,20190201,20.25,20.65,19.75,20.2,8684
PDPL,20190201,11,11,10.85,10.95,969
PDSMFL,20190201,280.4,288.35,262,265.85,481
PEARLPOLY,20190201,13,13.2,11.85,12.15,2609
PEL,20190201,2032.65,2175,2025.1,2155.3,1071248
PENIND,20190201,36.65,36.65,35.5,35.9,107364
PENINLAND,20190201,9.35,10,9.1,9.4,734992
PENPEBS,20190201,57.85,60,57.8,58.8,26674
PERSISTENT,20190201,603,621.9,603,618.8,249875
PETRONENGG,20190201,33.8,34.35,32.2,33.6,3903
PETRONET,20190201,229.3,229.55,218.1,221.1,6930637
PFC,20190201,103.6,105.1,101.6,104.25,5088501
PFIZER,20190201,3040.1,3068.25,2999,3039.25,17067
PFOCUS,20190201,55,58,54.15,55.7,5843
PFS,20190201,15,15.25,14.9,15,257764
PGEL,20190201,89.85,92.6,87.25,88.6,123971
PGHH,20190201,9988.95,9997.7,9860,9898.6,4569
PGIL,20190201,147.3,147.7,137,137.45,1035
PHILIPCARB,20190201,178.1,180.6,168,170.6,1607369
PHOENIXLTD,20190201,596.05,634.8,596.05,623.9,116523
PIDILITIND,20190201,1120.95,1144,1112.5,1122.8,944639
PIIND,20190201,858.95,863.95,832.5,847.55,132967
PILANIINVS,20190201,1975,1975,1947.35,1953.55,291
PILITA,20190201,7,7,6.7,6.95,26312
PIONDIST,20190201,148.2,149.7,147,147,6083
PIONEEREMB,20190201,25.4,26.65,25.1,25.2,19064
PIRPHYTO,20190201,27.55,28.8,27.55,27.7,2509
PITTIENG,20190201,59.5,59.65,57,57.35,39199
PKTEA,20190201,151,151.05,151,151.05,42
PLASTIBLEN,20190201,177,178,175.1,176.7,488
PNB,20190201,78,78.4,73.55,73.9,25916009
PNBGILTS,20190201,29.75,31.85,29.4,29.5,507562
PNBHOUSING,20190201,890,929,890,922.4,98506
PNC,20190201,19.05,19.8,17.25,18.15,20570
PNCINFRA,20190201,142.9,144.85,141.2,142.8,32627
PODDARHOUS,20190201,485.25,498.8,478.05,494.6,2165
PODDARMENT,20190201,174.9,179,167.35,168.2,1308
POKARNA,20190201,177.05,178.15,171,173.1,11423
POLYMED,20190201,214,225,214,219.25,4153
POLYPLEX,20190201,489.9,492.95,478.35,482.05,4795
PONNIERODE,20190201,135.35,135.4,130.65,133.1,2072
POWERGRID,20190201,190.95,191.85,185.9,190.2,5329604
POWERMECH,20190201,824.4,840.05,823.05,826.05,2575
PPAP,20190201,300.05,303.5,290.15,299.4,5207
PRABHAT,20190201,58.25,59.45,55.6,56.1,443290
PRADIP,20190201,1.55,1.55,1.55,1.55,85
PRAENG,20190201,8.15,8.7,8.15,8.5,9152
PRAJIND,20190201,131.3,133.85,127.5,128.85,2493690
PRAKASH,20190201,85.7,86.1,84.95,85,402643
PRAKASHCON,20190201,3.85,3.95,3.75,3.8,62480
PRAKASHSTL,20190201,0.3,0.35,0.3,0.35,1424
PRAXIS,20190201,159,166.3,159,165,3248
PRECAM,20190201,57.15,57.9,56,57.2,10884
PRECOT,20190201,62.95,63,58.55,61.95,6128
PRECWIRE,20190201,210,213.9,209,212.7,3859
PREMEXPLN,20190201,239,241,231.75,232.85,15950
PREMIER,20190201,7.1,7.45,6.75,6.9,13497
PREMIERPOL,20190201,24,25.3,24,24.9,1788
PRESSMN,20190201,29.45,29.5,27.2,27.5,12054
PRESTIGE,20190201,203,206.95,200.35,200.9,934274
PRICOLLTD,20190201,44.8,44.8,43,43.2,32085
PRIMESECU,20190201,43.35,43.5,42.2,42.45,3898
PROSEED,20190201,0.6,0.6,0.5,0.55,96862
PROVOGE,20190201,1.7,1.7,1.7,1.7,4498
PROZONINTU,20190201,28.95,29.95,28.6,28.8,66785
PRSMJOHNSN,20190201,72,72,66.8,67.45,189329
PSB,20190201,28.35,28.35,27.9,28,72632
PSL,20190201,1.05,1.05,0.95,1,123661
PSPPROJECT,20190201,383.95,389,380,384.8,67978
PSUBNKBEES,20190201,334.3,341,322.1,325.84,2363
PTC,20190201,77.65,77.65,76.1,76.5,652198
PTL,20190201,40,40.2,39.1,39.5,14492
PUNJABCHEM,20190201,683.85,687.5,680.55,682.55,924
PUNJLLOYD,20190201,2.6,2.6,2.6,2.6,1332308
PURVA,20190201,71.3,77.5,70.9,72.5,187580
PVP,20190201,3.55,3.6,3.45,3.55,119692
PVR,20190201,1605.95,1645,1558.2,1569.6,858713
QGOLDHALF,20190201,1462.5,1472,1455,1466.95,496
QUESS,20190201,628.15,637.75,621.45,631,75457
QUICKHEAL,20190201,188.75,192.35,187.55,189.1,57025
QUINTEGRA,20190201,0.7,0.7,0.7,0.7,10
RADAAN,20190201,3.45,3.45,3.25,3.3,15839
RADICO,20190201,412,429.9,412,427.65,647799
RADIOCITY,20190201,296.9,297.95,290,294.85,9481
RAIN,20190201,119.9,120.8,113.95,114.15,577380
RAINBOWPAP,20190201,0.9,0.9,0.8,0.9,10053
RAJESHEXPO,20190201,610.8,622.1,608.2,618.6,243162
RAJSREESUG,20190201,21.35,21.35,20.75,21.15,1056
RAJTV,20190201,44.55,46.75,44.5,46.25,681
RALLIS,20190201,162,163.75,160,161.2,388924
RAMANEWS,20190201,24.1,24.85,23.7,24.5,16972
RAMASTEEL,20190201,102.45,103.5,99.4,100.4,12886
RAMCOCEM,20190201,601,609.9,590.55,602.3,192840
RAMCOIND,20190201,200.05,205.05,196,198,48862
RAMCOSYS,20190201,231.15,238.3,227.6,234.4,17682
RAMGOPOLY,20190201,3.4,3.4,3.3,3.3,14
RAMKY,20190201,133.35,139.9,131.25,132.85,25585
RANASUG,20190201,3,3,2.9,2.9,93104
RANEENGINE,20190201,450.1,476,449,465.9,9413
RANEHOLDIN,20190201,1049,1066,1000,1015.1,2628
RATNAMANI,20190201,880,885.45,867.1,874.65,19863
RAYMOND,20190201,756.2,764.95,738.45,742.65,374709
RBL,20190201,527.05,546,525.3,535.4,2822
RBLBANK,20190201,568.9,580.95,566.45,577.2,642726
RCF,20190201,63.6,65.45,60.1,60.85,2900227
RCOM,20190201,12,12.1,11.5,11.6,56418188
RECLTD,20190201,124.4,125.9,122.3,125.05,3450556
REDINGTON,20190201,75.9,75.9,71.65,72.6,278573
REFEX,20190201,19.15,19.8,19.15,19.15,44551
REGENCERAM,20190201,3.65,3.65,3.65,3.65,649
RELAXO,20190201,739.95,758,723.4,747.75,10751
RELCAPITAL,20190201,194,200,185.85,189.1,5981760
RELCNX100,20190201,112.48,113.68,112.48,113.68,155
RELCONS,20190201,50.35,51.01,50.06,50.99,6155
RELDIVOPP,20190201,28.66,29,28.66,29,42
RELIANCE,20190201,1234,1255,1227.05,1249.95,9228965
RELIGARE,20190201,21.85,21.85,20.15,20.6,111077
RELINFRA,20190201,269,279.05,263.2,267.1,3108550
RELNV20,20190201,555,559.54,551.5,558.63,435
REMSONSIND,20190201,130.5,130.5,118,125.4,17479
RENUKA,20190201,10.25,10.35,10.05,10.1,365074
REPCOHOME,20190201,400,411.95,390.25,394.45,465797
REPRO,20190201,591.95,591.95,570,570.85,562
RESPONIND,20190201,92.7,92.9,86.9,89.3,104224
REVATHI,20190201,390.4,399.4,390,390,533
RHFL,20190201,35.55,36.25,34.4,34.75,359976
RICOAUTO,20190201,62.8,67.9,62,65.85,525188
RIIL,20190201,314.05,318,311.2,312.45,126473
RITES,20190201,244.75,246.8,235.95,240,287546
RJL,20190201,298.05,303,287.1,289.6,4915
RKDL,20190201,8.15,8.7,8.15,8.5,3504
RKFORGE,20190201,486.05,514,483,495.6,14171
RMCL,20190201,24.95,25.35,24.65,25.05,91031
RML,20190201,384.65,400,384.65,397.05,4130
RNAM,20190201,139,139,135,135.5,564793
RNAVAL,20190201,12,12.15,11.55,11.8,2524831
ROHLTD,20190201,117.9,117.9,111.45,111.95,7638
ROLLT,20190201,2.8,2.8,2.4,2.5,21049
ROLTA,20190201,5,5,5,5,490902
ROSSELLIND,20190201,77.05,77.95,70.95,73.3,7641
RPGLIFE,20190201,214.15,218.6,211.9,215,4685
RPOWER,20190201,26.5,27.2,26.15,26.4,7711767
RPPINFRA,20190201,119.8,119.8,112.8,115.6,13634
RRSLGETF,20190201,18.96,18.96,18.1,18.1,453
RSSOFTWARE,20190201,30.7,31.5,29.6,30.1,21530
RSWM,20190201,202.95,208,199.1,200.8,13877
RSYSTEMS,20190201,48.25,49,47.75,48.5,23112
RTNINFRA,20190201,3.5,3.5,3.4,3.4,284765
RTNPOWER,20190201,3.6,3.65,3.55,3.6,723429
RUBYMILLS,20190201,294.85,299,282.65,286.65,19169
RUCHINFRA,20190201,3,3.15,2.85,2.95,23130
RUCHIRA,20190201,116.6,117.15,112.85,114.85,24788
RUCHISOYA,20190201,7.2,7.2,7.1,7.2,501315
RUPA,20190201,342.85,346.05,335,338.95,8316
RUSHIL,20190201,489.85,489.85,467.75,471.65,1071
SABEVENTS,20190201,3.05,3.05,3.05,3.05,1010
SABTN,20190201,4.05,4.05,4.05,4.05,17472
SADBHAV,20190201,195,201.2,195,196.1,29954
SADBHIN,20190201,91.35,95,85.45,92.35,91885
SAGARDEEP,20190201,88,95,86.95,94.15,95007
SAGCEM,20190201,604,604,583,591.65,2486
SAIL,20190201,47.5,47.9,45.8,46.25,11071914
SAKHTISUG,20190201,11.6,12.2,11.3,11.4,55972
SAKSOFT,20190201,282.2,286,261.1,262.55,7417
SAKUMA,20190201,38.4,39.6,37.95,38.15,650847
SALASAR,20190201,272.95,277.4,265.35,267.65,3311
SALONA,20190201,71,74.95,71,73,580
SALORAINTL,20190201,20.9,20.9,20.9,20.9,30
SALSTEEL,20190201,5.75,6.15,5.75,5.8,16782
SALZERELEC,20190201,121.95,123.05,117.15,118.7,13357
SAMBHAAV,20190201,4.05,4.1,3.8,3.95,24388
SANCO,20190201,15.15,15.15,14.5,14.6,1853
SANDESH,20190201,703.05,720,702.05,703.5,838
SANDHAR,20190201,280,289,253.4,287.25,42492
SANGAMIND,20190201,61.8,61.8,59,59.95,7177
SANGHIIND,20190201,58,58,55.2,56.2,45360
SANGHVIFOR,20190201,26.4,26.4,26.4,26.4,1
SANGHVIMOV,20190201,94.15,98,94,97.55,8175
SANOFI,20190201,6464,6599.3,6382.8,6533.2,6523
SANWARIA,20190201,9.7,9.75,9.3,9.4,1199001
SARDAEN,20190201,237.45,247.7,232.6,242.55,19587
SAREGAMA,20190201,596.6,602,592.55,595.45,12088
SARLAPOLY,20190201,28.95,28.95,27.9,28.75,27234
SASKEN,20190201,618.1,638.55,618.1,635.4,2691
SASTASUNDR,20190201,95.75,95.75,92.1,95.05,2148
SATHAISPAT,20190201,9.35,9.6,9.1,9.55,4344
SATIN,20190201,262,262,245.5,260.2,44854
SBIETFQLTY,20190201,94,95.37,93.87,95.32,14876
SBILIFE,20190201,600,604,588.1,590.95,546770
SBIN,20190201,296.9,302.7,282,284.4,60015958
SCAPDVR,20190201,0.65,0.65,0.55,0.65,19015
SCHAEFFLER,20190201,5251.4,5450,5201,5393.95,1542
SCHAND,20190201,218.8,226,210,214.05,22466
SCHNEIDER,20190201,92.7,93.15,90.95,91.55,15831
SCI,20190201,40.8,41.2,40.1,40.25,212811
SDBL,20190201,143.45,143.5,140,141.2,24873
SEAMECLTD,20190201,291,309.3,288,294.95,59506
SELAN,20190201,175.45,176,167.05,169.35,47168
SELMCL,20190201,1.25,1.35,1.25,1.25,16537
SEPOWER,20190201,4.3,4.5,4.3,4.5,796
SEQUENT,20190201,83,83.7,77.5,78.2,909123
SESHAPAPER,20190201,1029.95,1040.9,1020.1,1027.65,1608
SETCO,20190201,32.4,32.4,30.65,31.35,122018
SETFGOLD,20190201,2970.1,2998,2963,2996.25,5724
SETFNIF50,20190201,110.59,111.75,109.9,110.7,54117
SETFNIFBK,20190201,285,285,272.28,273.75,352150
SETFNN50,20190201,272,274,270.5,273.3,4883
SFL,20190201,1289.45,1289.85,1281.1,1285,1735
SGFL,20190201,0.95,1,0.95,1,51
SGL,20190201,7.5,7.5,7.15,7.35,4901
SHAHALLOYS,20190201,19,19.55,18.1,18.55,2022
SHAKTIPUMP,20190201,410,415,396.5,398.75,127911
SHALBY,20190201,134.9,137.2,134.25,135.85,12786
SHALPAINTS,20190201,62.1,65.5,62,64.5,269634
SHANKARA,20190201,388,398,370,372.55,106211
SHANTIGEAR,20190201,122.9,124.95,122.55,124.25,27738
SHARDACROP,20190201,319.05,327,314.1,322.45,16816
SHARDAMOTR,20190201,1280.3,1310.05,1255,1266.15,1318
SHARIABEES,20190201,238.34,244.4,238.34,244.4,82
SHEMAROO,20190201,363,378.35,347.6,354.35,110846
SHILPAMED,20190201,386.65,386.65,376,382.8,4964
SHIRPUR-G,20190201,56.6,56.6,54.65,55,8303
SHIVAMAUTO,20190201,40,41.45,38.95,40.85,116038
SHIVAMILLS,20190201,51.45,52.65,51.05,51.3,1773
SHIVATEX,20190201,190,195,178.7,181.3,834
SHK,20190201,169.5,171,166.5,168.55,106621
SHOPERSTOP,20190201,515,521.8,504.1,512.95,32056
SHREECEM,20190201,15802,16140,15600,15782,39190
SHREEPUSHK,20190201,142,148,134,135.8,35377
SHREERAMA,20190201,5.75,5.75,5.6,5.65,10450
SHREYANIND,20190201,126,126.15,120.55,120.9,18045
SHREYAS,20190201,201.05,206.05,199.05,204.05,5957
SHRIPISTON,20190201,1039,1045,972.1,977.1,737
SHRIRAMCIT,20190201,1729,1737,1700,1729.6,99983
SHRIRAMEPC,20190201,10.1,10.1,9.5,9.6,72630
SHYAMCENT,20190201,5.25,5.5,5.1,5.2,7327
SHYAMTEL,20190201,6.05,6.05,6.05,6.05,4
SICAGEN,20190201,23.05,23.05,22.05,22.1,6427
SICAL,20190201,135.55,138,132.45,136,2733
SIEMENS,20190201,1031,1044.4,1020.3,1031.1,236484
SIGIND,20190201,47.4,50.05,44.6,45.5,14275
SIL,20190201,14.8,14.8,14.65,14.8,3290
SILINV,20190201,203.65,203.65,193.35,198.45,2544
SIMBHALS,20190201,10.15,10.25,10.05,10.2,3275
SIMPLEXINF,20190201,157.85,162,153.55,155.95,111139
SINTEX,20190201,9.7,9.95,9.7,9.8,1220768
SIS,20190201,772.7,783.8,763.4,770.25,3859
SITASHREE,20190201,0.6,0.65,0.55,0.6,17695
SITINET,20190201,6.4,7.05,6.3,6.35,160339
SIYSIL,20190201,337.8,342.4,337.8,340.15,3695
SJVN,20190201,24.4,25.15,24.3,24.95,903485
SKFINDIA,20190201,1930.95,1932.5,1898.3,1909.4,15784
SKIL,20190201,15.75,15.75,15,15.45,1780
SKIPPER,20190201,69.8,69.8,67,67.75,17026
SKMEGGPROD,20190201,63.75,65.55,60.6,61.05,63102
SMARTLINK,20190201,81.8,83,81.55,82.5,1802
SMLISUZU,20190201,591.1,610,587.05,591.15,8935
SMPL,20190201,0.4,0.4,0.35,0.4,40437
SMSLIFE,20190201,596.8,607.7,582.2,599.75,28479
SMSPHARMA,20190201,66.65,69.85,66.05,68.3,53836
SNOWMAN,20190201,31.4,31.85,30.75,30.9,209200
SOBHA,20190201,471,484,468.85,478.45,197936
SOLARA,20190201,392,396.4,374.05,376.1,60837
SOLARINDS,20190201,1019.95,1025,990.65,995.05,7277
SOMANYCERA,20190201,340.4,347.8,339.95,345.15,12427
SOMATEX,20190201,3.8,4.1,3.8,4,10503
SOMICONVEY,20190201,31.95,31.95,30.9,30.9,1603
SONATSOFTW,20190201,320.1,330,318.65,326.6,147318
SORILINFRA,20190201,304,310,285.1,287.55,81769
SOTL,20190201,1010.05,1010.95,982.5,1000.3,1053
SOUTHBANK,20190201,13.2,13.45,13,13.1,12649268
SPAL,20190201,239.65,240,230.6,238.95,3124
SPARC,20190201,156.15,163.8,153.5,157.95,692099
SPCENET,20190201,0.95,1,0.95,0.95,5885
SPECIALITY,20190201,95.65,96.15,93,94.55,45097
SPENCERS,20190201,165.5,165.5,165.5,165.5,8937
SPENTEX,20190201,1.4,1.4,1.4,1.4,2735
SPIC,20190201,25.35,25.95,24.5,24.85,68778
SPICEMOBI,20190201,11.25,11.25,9.3,9.55,4319
SPLIL,20190201,56.25,58.1,56.25,57.9,51545
SPMLINFRA,20190201,29.55,34.4,29.55,31.85,11523
SPTL,20190201,20.5,21.5,20.15,20.85,1417599
SPYL,20190201,0.25,0.3,0.25,0.25,17519
SQSBFSI,20190201,460.1,460.1,430,435.05,62815
SREEL,20190201,209.95,212.6,202.2,205.9,4784
SREINFRA,20190201,30,30.2,28.1,28.7,2541174
SRF,20190201,2017,2017,1960.55,1966.45,335740
SRHHYPOLTD,20190201,148,152,145.25,146.1,2637
SRIPIPES,20190201,183.5,183.5,175.05,177.1,40103
SRTRANSFIN,20190201,1016,1059,1010,1047.1,2001341
SSWL,20190201,870,881,861.4,867.05,4613
STAMPEDE,20190201,0.9,0.9,0.85,0.85,324287
STAR,20190201,463.7,465,439.2,445.8,2506519
STARCEMENT,20190201,96.7,96.7,92.05,93.85,22066
STARPAPER,20190201,130.15,131.3,125.3,125.9,46702
STCINDIA,20190201,117.5,120,115.3,117.05,105360
STEELXIND,20190201,10.5,11.2,10.2,10.85,16085
STEL,20190201,105.4,105.4,100.3,101.25,2709
STERTOOLS,20190201,340.35,348.95,334.95,344.75,9850
STRTECH,20190201,247.55,247.55,206.85,223.45,6897702
SUBCAPCITY,20190201,16.6,16.6,15.85,16.6,4165
SUBEX,20190201,6.25,6.45,6.25,6.25,1637661
SUBROS,20190201,238,244,236.05,242.5,27540
SUDARSCHEM,20190201,337.95,341,307,316.9,20256
SUJANAUNI,20190201,0.3,0.3,0.25,0.25,6943
SUMEETINDS,20190201,3.8,3.85,3.6,3.65,89936
SUMMITSEC,20190201,546.05,550,533.4,540.45,2006
SUNCLAYLTD,20190201,2968.95,2968.95,2871,2893,2058
SUNDARAM,20190201,1.85,1.9,1.8,1.85,426711
SUNDARMFIN,20190201,1434,1435,1403,1412.9,109906
SUNDARMHLD,20190201,92.95,92.95,87,88.5,21229
SUNDRMBRAK,20190201,376.85,376.9,338.6,345.45,729
SUNDRMFAST,20190201,533,537.9,520.2,526.9,68587
SUNFLAG,20190201,47.35,48.05,46.5,46.7,118100
SUNILHITEC,20190201,1.25,1.25,1.25,1.25,280298
SUNPHARMA,20190201,421.2,428,417,423.25,3950126
SUNTECK,20190201,342.05,354.95,322.55,341.15,422554
SUNTV,20190201,530,547.3,523.5,532.15,1629734
SUPERHOUSE,20190201,124.35,124.5,121,122.2,3751
SUPERSPIN,20190201,7.15,7.15,6.75,6.75,11327
SUPPETRO,20190201,199.95,203,191,200.15,11897
SUPRAJIT,20190201,201.95,201.95,195.5,197.55,18097
SUPREMEIND,20190201,999.9,1028,995,1004.1,60799
SUPREMEINF,20190201,19.5,19.5,19.5,19.5,6741
SURANASOL,20190201,8.2,8.4,8,8.1,12241
SURANAT&P,20190201,4.45,4.45,4.2,4.45,26125
SURYALAXMI,20190201,37.85,38.15,37.3,37.65,1639
SURYAROSNI,20190201,222.9,227.4,210.35,217.75,76676
SUTLEJTEX,20190201,40.55,41.7,40,40.3,15242
SUVEN,20190201,194,195,191.65,193.6,108582
SUZLON,20190201,4.8,5.05,4.75,4.9,34746141
SWANENERGY,20190201,97.85,98.6,96.7,97.8,175360
SWARAJENG,20190201,1437.75,1497.4,1410,1431.1,1950
SWELECTES,20190201,248.5,248.5,228,230.3,5199
SYMPHONY,20190201,1173.95,1217,1165,1205,11216
SYNCOM,20190201,1.85,1.85,1.85,1.85,14632
SYNDIBANK,20190201,37.05,38.4,36.5,37.3,6898256
SYNGENE,20190201,579.95,598,576.75,595.7,53602
TAINWALCHM,20190201,67.05,71,66.55,68.75,1395
TAJGVK,20190201,183.4,185.35,177.1,178.5,22927
TAKE,20190201,139.2,140.5,135.1,136.6,48999
TALBROAUTO,20190201,210.95,210.95,201.3,204.65,5546
TALWALKARS,20190201,39.45,42,38.15,40.3,86261
TALWGYM,20190201,113.95,114.85,111.1,112.9,31299
TANLA,20190201,39.9,39.9,37.3,37.6,194072
TANTIACONS,20190201,3.4,3.4,3.4,3.4,658
TARAJEWELS,20190201,0.85,0.85,0.75,0.8,135082
TARMAT,20190201,38.55,40.05,37.65,37.9,6749
TASTYBITE,20190201,8100,8442,8050,8198.35,2265
TATACHEM,20190201,678,679,662,668,398868
TATACOFFEE,20190201,91,91,89.1,89.35,142466
TATACOMM,20190201,501.15,504.7,489.4,498.95,439432
TATAELXSI,20190201,877.6,893.95,874.05,889.3,498559
TATAGLOBAL,20190201,203.8,207.8,201.65,204.1,948332
TATAINVEST,20190201,858,865,853.25,858.5,14412
TATAMETALI,20190201,617.9,628,600,623.4,47158
TATAMOTORS,20190201,182,185.9,179.55,181.65,14931422
TATAMTRDVR,20190201,93,95.95,92.95,94.1,2296335
TATAPOWER,20190201,71.5,72.3,70.25,71.5,3343602
TATASPONGE,20190201,742,768,740.05,760.85,58343
TATASTEEL,20190201,477,482,470,474.7,5015994
TATASTLBSL,20190201,30.35,30.35,28.5,29.35,448536
TBZ,20190201,58.95,61,58.5,58.75,53611
TCI,20190201,278.05,287.05,277,281.6,11631
TCIDEVELOP,20190201,355,355,349,350.5,201
TCIEXP,20190201,607,618.35,607,615.8,2296
TCIFINANCE,20190201,14.4,14.9,14.3,14.35,15201
TCNSBRANDS,20190201,732.8,732.8,715,719.6,10084
TCPLPACK,20190201,413,431,410,418.9,2236
TCS,20190201,2009.5,2034.75,1998.1,2029.95,3064163
TDPOWERSYS,20190201,126.1,132.15,126.1,129.6,84725
TEAMLEASE,20190201,2684,2789.85,2684,2727.65,23420
TECHIN,20190201,6.9,6.9,6.75,6.8,1202
TECHM,20190201,732.95,750.6,728,746.6,2260029
TECHNOE,20190201,244.25,244.3,235,237.3,7399
TECHNOFAB,20190201,125.1,134.4,122.1,126.7,1424
TEJASNET,20190201,161,167.55,158.1,160.65,150799
TERASOFT,20190201,48.05,51.4,48.05,48.9,31681
TEXINFRA,20190201,59,59,56.3,56.9,10434
TEXMOPIPES,20190201,21.75,21.75,20.3,20.45,85833
TEXRAIL,20190201,57.1,57.25,54.35,56,559363
TFCILTD,20190201,134.05,134.6,132.2,132.6,391157
TFL,20190201,4,4.45,4,4.45,6570
TGBHOTELS,20190201,15.85,16.15,15.65,15.8,6327
THANGAMAYL,20190201,355.1,362,346,350.85,2393
THEINVEST,20190201,152.15,152.15,144.5,145.65,2230
THEMISMED,20190201,282,293,282,291.85,2584
THERMAX,20190201,1095,1098.9,1079.15,1095.75,10647
THIRUSUGAR,20190201,21.15,21.8,20.1,20.9,10955
THOMASCOOK,20190201,222,224.9,215.8,219.2,127396
THYROCARE,20190201,547.85,549.45,546,548.05,4260
TI,20190201,17.05,17.8,16.55,16.6,23539
TIDEWATER,20190201,5182.7,5182.7,5104.15,5120.85,327
TIFIN,20190201,449.25,459.95,440,454.85,15521
TIIL,20190201,526.25,544.95,516.4,523.25,5941
TIINDIA,20190201,342.1,347,337.55,342.2,38776
TIJARIA,20190201,17.05,17.2,16.1,17.15,58926
TIL,20190201,239.95,239.95,225.85,229.5,6478
TIMESGTY,20190201,33,33,29,32.1,490
TIMETECHNO,20190201,97.95,97.95,96.05,96.4,57069
TIMKEN,20190201,569.7,580.6,561,570.65,10581
TINPLATE,20190201,141,142.1,138.5,140.05,170660
TIPSINDLTD,20190201,59.15,63,59.15,61.5,8467
TIRUMALCHM,20190201,79,79.3,76.65,77.1,312404
TITAN,20190201,1003,1005,985.1,991.55,3424938
TMRVL,20190201,31.95,32,30.2,30.75,13059
TNPETRO,20190201,34.85,35.25,33.5,34,58052
TNPL,20190201,221,222,209.15,212.2,42558
TOKYOPLAST,20190201,49.4,50,46.35,49.95,18302
TORNTPHARM,20190201,1833.7,1833.95,1781.25,1798.7,245242
TORNTPOWER,20190201,245.2,252.45,245.2,246.75,839941
TPLPLASTEH,20190201,129.1,130,125.5,128.1,3139
TREEHOUSE,20190201,4.15,4.2,3.85,3.95,17838
TREJHARA,20190201,29.25,30.75,29.25,30.55,6960
TRENT,20190201,353.5,360,350.1,352.4,22701
TRF,20190201,108.35,111,106.3,107.75,13749
TRIDENT,20190201,67.2,67.45,65.25,65.5,323753
TRIGYN,20190201,72.2,72.7,71.2,72.1,18913
TRIL,20190201,13,13,11.65,11.8,45355
TRITURBINE,20190201,107,112.2,105,105.9,74246
TRIVENI,20190201,42.15,44.3,41.8,42.85,431861
TTKHLTCARE,20190201,740,751.5,723.15,732.65,2875
TTKPRESTIG,20190201,7625,7830,7600,7773.45,4506
TTL,20190201,60.75,60.85,58.7,59.2,1254
TTML,20190201,3.55,3.75,3.3,3.65,1122853
TV18BRDCST,20190201,32.7,33.25,32.05,32.6,2496185
TVSELECT,20190201,181.15,186,176.35,178.85,34904
TVSMOTOR,20190201,508.7,532.05,501.05,516.65,2508725
TVSSRICHAK,20190201,2337.15,2385,2337,2352.65,1405
TVTODAY,20190201,352.7,355.25,349,352.95,14056
TVVISION,20190201,3.05,3.05,3.05,3.05,30693
TWL,20190201,68.75,69,66,66.6,926969
UBL,20190201,1430,1469.9,1418.1,1447.15,288391
UCALFUEL,20190201,163.05,164.9,163,163.45,6068
UCOBANK,20190201,19.05,19.5,18.85,19,383347
UFLEX,20190201,251,253,249,250.75,41132
UFO,20190201,243.9,243.9,236.15,240.15,5644
UGARSUGAR,20190201,12.5,13,12.35,12.7,57263
UJAAS,20190201,6.05,6.1,5.1,5.9,207318
UJJIVAN,20190201,281.85,289.7,276.35,283.65,1491539
ULTRACEMCO,20190201,3530,3538.55,3446,3483.65,745604
UMANGDAIRY,20190201,57.75,58.05,50.9,52.4,33581
UNICHEMLAB,20190201,202,210,197.5,199.4,56774
UNIENTER,20190201,90.25,96,90.25,93.15,5969
UNIONBANK,20190201,83,84.35,80.2,81.45,10592499
UNIPLY,20190201,51.7,53.5,51.4,51.7,42082
UNITECH,20190201,1.55,1.6,1.5,1.5,8063245
UNITEDBNK,20190201,11.45,11.75,11.3,11.35,324022
UNITEDTEA,20190201,300.95,308.95,291.5,308.85,1817
UNIVCABLES,20190201,253.6,255.7,248,250.1,48403
UPL,20190201,799.75,799.75,766.4,779.85,2960388
URJA,20190201,3.3,3.35,3.15,3.2,1531795
USHAMART,20190201,32.55,33.2,31,32.15,214338
USHERAGRO,20190201,2.35,2.4,2.3,2.3,4848
UTINEXT50,20190201,273,273,269,271.86,318
UTINIFTETF,20190201,1144.55,1145.65,1129.35,1137.2,98
UTISENSETF,20190201,376.5,379.95,376.1,379.8,266
UTTAMSTL,20190201,11.75,11.75,11.2,11.75,659772
UTTAMSUGAR,20190201,88,88.55,85.3,85.8,22481
UVSL,20190201,0.15,0.15,0.1,0.15,1947261
V2RETAIL,20190201,265.75,270.75,264.15,265.8,22402
VADILALIND,20190201,492,492,479.15,483.6,7423
VAIBHAVGBL,20190201,664.3,672,655,669.2,53819
VAKRANGEE,20190201,45.05,45.05,45.05,45.05,594701
VARDHACRLC,20190201,42.35,42.95,41.7,42.05,3042
VARDMNPOLY,20190201,10.35,10.95,10.35,10.7,1570
VARROC,20190201,659.75,660.05,644,648.95,6772
VASCONEQ,20190201,16.25,16.65,15.8,15.95,135163
VASWANI,20190201,10,10.65,10,10.2,1337
VBL,20190201,824.2,848,821.45,833.4,97615
VEDL,20190201,179.65,180,158.15,162.15,98562137
VENKEYS,20190201,2588,2672.3,2331.15,2362.9,657744
VENUSREM,20190201,39.6,39.6,37,37.75,7192
VESUVIUS,20190201,1170.95,1170.95,1150,1151.05,525
VETO,20190201,60.2,60.75,58.55,59.25,10155
VGUARD,20190201,197.05,202.95,195.2,199.3,1251284
VHL,20190201,2089.05,2127.95,2022,2066.45,325
VICEROY,20190201,3.05,3.05,3,3,32993
VIDHIING,20190201,75.95,78,75.05,76.15,10684
VIJAYABANK,20190201,44.4,44.9,42.6,43.2,3468270
VIJIFIN,20190201,1.05,1.05,1.05,1.05,22117
VIJSHAN,20190201,6.2,6.5,6.15,6.25,7887
VIKASECO,20190201,11.9,12,11.55,11.65,993198
VIMTALABS,20190201,263.45,264.8,251.5,252.6,31650
VINATIORGA,20190201,1570.05,1605,1566.2,1579.2,12942
VINDHYATEL,20190201,1595,1659,1562,1568.95,4208
VINYLINDIA,20190201,73.85,75.5,73.1,73.55,10837
VIPCLOTHNG,20190201,24.35,24.5,22.2,22.75,73409
VIPIND,20190201,482.6,499.9,476,496.2,351663
VIPULLTD,20190201,35.85,36.2,32.8,35.05,49388
VISAKAIND,20190201,383,383,366.85,369.55,20284
VISASTEEL,20190201,7.9,7.9,7.4,7.5,17728
VISESHINFO,20190201,0.05,0.1,0.05,0.05,514621
VISHNU,20190201,145.3,145.3,141.15,142.9,1901
VIVIDHA,20190201,0.7,0.8,0.65,0.7,1796798
VIVIMEDLAB,20190201,25.25,25.25,23.75,24,165690
VLSFINANCE,20190201,48.95,51.3,48.65,49.65,8341
VMART,20190201,2579.2,2674,2540.45,2639.75,20248
VOLTAMP,20190201,1009.65,1039.85,985,992.55,3215
VOLTAS,20190201,541.1,557.7,533,553.65,1915869
VRLLOG,20190201,272,274.95,267,268.85,14294
VSSL,20190201,86.3,89.65,84.1,85.6,3362
VSTIND,20190201,3238.1,3268.4,3187.25,3212.45,3451
VSTTILLERS,20190201,1616.05,1635,1576,1599.2,3063
VTL,20190201,1076.95,1093,1067.1,1086.4,6932
WABAG,20190201,297.9,302.35,292.85,295.7,98891
WABCOINDIA,20190201,6220,6299,6151,6189.2,2175
WALCHANNAG,20190201,87.45,91.3,86.6,88,225795
WANBURY,20190201,17.8,17.85,16.5,17.55,2661
WEBELSOLAR,20190201,23.9,24.25,23,24.25,123767
WEIZFOREX,20190201,518.95,520,508.1,517.55,3419
WEIZMANIND,20190201,42.2,43,42,42.25,2228
WELCORP,20190201,105.2,107.45,102.35,103.9,493260
WELENT,20190201,99.8,99.8,93.35,95.9,228026
WELINV,20190201,136.55,145.5,136.5,136.6,1625
WELSPUNIND,20190201,60,60.1,58.4,59.4,242211
WENDT,20190201,3055.05,3074.95,2970,3002.8,226
WHEELS,20190201,801.05,819.95,799.95,800.8,3033
WHIRLPOOL,20190201,1494,1549,1494,1539.75,50676
WILLAMAGOR,20190201,52.7,52.85,50.1,50.2,7695
WINDMACHIN,20190201,61,61.8,60.45,60.95,117909
WINSOME,20190201,0.85,0.9,0.85,0.9,1060
WIPL,20190201,105,110.25,100,110.25,3896
WIPRO,20190201,370.1,372.45,363.5,371.55,3366604
WOCKPHARMA,20190201,443.7,455,438.5,449.75,805950
WONDERLA,20190201,287,291.9,278.35,288.9,24171
WSI,20190201,2.95,3,2.85,2.85,971
WSTCSTPAPR,20190201,274.1,274.95,265,266.7,100770
XCHANGING,20190201,48,48,44.75,45.4,9330
XLENERGY,20190201,0.85,0.85,0.85,0.85,149
XPROINDIA,20190201,37.25,37.25,37,37,1928
YESBANK,20190201,195.9,197.2,181.25,185.6,66597684
ZEEL,20190201,378.6,399.85,348.6,354.4,24540656
ZEELEARN,20190201,27.8,28.55,27.6,27.75,291086
ZEEMEDIA,20190201,15,15.4,13.35,13.35,9021185
ZENITHBIR,20190201,0.65,0.75,0.65,0.65,6466
ZENITHEXPO,20190201,41.15,44.85,41.15,43.1,330
ZENSARTECH,20190201,224,230.45,223.8,226.5,60817
ZENTEC,20190201,76.2,76.6,74.9,75.05,29866
ZICOM,20190201,5.25,5.6,5.25,5.4,23007
ZODIACLOTH,20190201,153.1,161.9,150.05,159.95,23585
ZODJRDMKJ,20190201,37.15,37.2,35,36.35,1383
ZUARI,20190201,218.7,228.8,212.3,216.2,35149
ZUARIGLOB,20190201,110.15,115.05,110.1,110.75,17630
ZYDUSWELL,20190201,1273.6,1349,1272.2,1335.6,7292
NSENIFTY,20190201,10851.35,10983.45,10813.45,10893.65,482272661,0
NIFTYJUNIOR,20190201,26630.05,27046.25,26537.25,26828.20,221881234,0
NIFTYMIDCAPLIQ15,20190201,3936.40,3989.15,3901.40,3953.75,145679578,0
NSE100,20190201,11018.70,11157.65,10981.15,11066.70,706450230,0
NIFTY200,20190201,5679.25,5748.80,5656.35,5701.65,1117809183,0
NSE500,20190201,9024.95,9130.10,8988.25,9056.30,1490461665,0
NSEMIDCAP150,20190201,6068.40,6121.55,6028.90,6076.05,419482045,0
MIDCAP50,20190201,4701.65,4764.10,4665.45,4719.85,327116573,0
NSEMIDCAP,20190201,16977.50,17140.20,16819.30,16990.25,411358953,0
NIFTYSMALLCAP250,20190201,-,-,-,5024.70,-,0
NIFTYSMALLCAP50,20190201,-,-,-,2967.95,-,0
NSESMLCAP100,20190201,6158.00,6211.85,6092.30,6138.90,-,0
NIFTYLARGEMIDCAP250,20190201,-,-,-,5632.44,1125932275,0
NIFTYMIDSMALLCAP400,20190201,-,-,-,5705.55,-,0
NIFTYAUTO,20190201,8265.50,8657.80,8254.15,8441.25,114415843,0
BANKNIFTY,20190201,27334.55,27533.05,26930.45,27085.95,238794913,0
NIFTYFINSERVICE,20190201,11476.95,11614.65,11396.05,11460.90,146500667,0
NIFTYFMGC,20190201,29936.10,30536.60,29872.20,30199.90,43443621,0
NSEIT,20190201,15522.55,15751.75,15485.70,15724.30,29344350,0
NIFTYMEDIA,20190201,2170.05,2242.25,2080.10,2097.25,73329377,0
NIFTYMETAL,20190201,2867.90,2867.90,2777.30,2815.65,163561461,0
NIFTYPHARMA,20190201,8810.65,8991.95,8806.40,8969.55,13283646,0
NIFTYPVTBANK,20190201,15503.00,15592.85,15265.40,15382.10,149017841,0
NIFTYPSUBANK,20190201,3058.60,3100.95,2904.65,2931.45,166561060,0
NIFTYREALTY,20190201,229.05,241.40,228.40,231.40,27609804,0
NIFTYCOMMODITIES,20190201,3259.20,3263.75,3210.65,3237.30,215807029,0
NIFTYCONSUMPTION,20190201,4733.20,4866.15,4728.60,4804.90,121457805,0
NIFTYCPSE,20190201,1978.90,1992.35,1968.60,1981.80,45871059,0
NIFTYENERGY,20190201,14867.05,15025.60,14770.55,14975.75,46129978,0
NIFTY100ESG,20190201,-,-,-,2056.17,539759925,0
NIFTY100ENHESG,20190201,-,-,-,2091.76,506884389,0
NIFTYINFRA,20190201,2985.95,3013.30,2979.75,2997.95,167038819,0
NIFTYMNC,20190201,13222.35,13409.70,13094.00,13262.05,187946880,0
NIFTYPSE,20190201,3218.35,3224.85,3191.20,3213.50,85221394,0
NIFTYSMEEMERGE,20190201,-,-,-,1501.37,1027625,0
NIFTYSERVSECTOR,20190201,15059.65,15208.40,14978.30,15077.45,315637880,0
NIFTYSHARIAH25,20190201,-,-,-,4141.75,66718612,0
NIFTY50SHARIAH,20190201,-,-,-,2378.34,58425981,0
NIFTY500SHARIAH,20190201,-,-,-,2874.49,211706052,0
NIFTYABGROUP,20190201,-,-,-,3067.64,35702578,0
NIFTYMAHINDRA,20190201,-,-,-,11353.38,13908845,0
NIFTYTATA,20190201,-,-,-,6518.95,38050384,0
NIFTYTATA25CAP,20190201,-,-,-,4556.55,36617678,0
NIFTYABGROUP,20190201,-,-,-,3067.64,35702578,0
NIFTYLIQ15,20190201,3685.70,3717.55,3613.50,3651.10,296148317,0
NIFTY500VALUE50,20190201,-,-,-,4075.48,422404119,0
NIFTYALPHALOWVOL30,20190201,-,-,-,11552.00,102278998,0
NIFTYQUALLOWVOL30,20190201,-,-,-,8247.62,112056732,0
NIFTYALPHAQUALLOWVOL30,20190201,-,-,-,9422.06,112917619,0
NIFTYALPHAQUALVALLOWVOL30,20190201,-,-,-,7164.96,99509901,0
NIFTY50EQUALWEIGHT,20190201,11751.70,11873.10,11663.35,11764.75,482272661,0
NIFTY100EQUALWEIGHT,20190201,12515.15,12671.00,12440.85,12552.90,706450230,0
NIFTY100LOWVOL30,20190201,8483.80,8621.60,8477.45,8573.05,106451952,0
NSEDEFTY,20190201,-,-,-,5294.96,-,0
NIFTY50DIVPOINT,20190201,118.74,118.74,118.74,118.74,-,0
NIFTYDIVOPPS50,20190201,2553.40,2579.95,2547.10,2567.10,347131974,0
NIFTYALPHA50,20190201,11873.35,11990.50,11831.30,11969.35,106808728,0
NIFTY50ARBITRAGE,20190201,-,-,-,1772.83,-,0
NIFTY50FUTINDEX,20190201,-,-,-,3846.25,-,0
NIFTY50FUTTRINDEX,20190201,-,-,-,10891.46,-,0
NIFTYHIGHBETA50,20190201,-,-,-,1538.57,638180256,0
NIFTYLOWVOL50,20190201,-,-,-,9856.71,162222329,0
NIFTY200QUALITY30,20190201,-,-,-,9506.25,-,0
NIFTY50VALUE20,20190201,5275.15,5322.70,5260.90,5309.95,237538229,0
NIFTYGROWSECT15,20190201,6086.15,6277.50,6080.35,6179.00,78806390,0
NIFTY50TR2XLEV,20190201,5705.95,5844.40,5666.40,5750.35,-,0
NIFTY50PR2XLEV,20190201,4499.50,4608.70,4468.35,4534.55,-,0
NIFTY50TR1XINV,20190201,370.30,371.55,365.75,368.85,-,0
NIFTY50PR1XINV,20190201,416.90,418.35,411.80,415.25,-,0
NIFTY-GS-COMPSITE,20190201,1864.84,1868.79,1851.08,1852.77,-,0
NIFTY-GS-4-8YR,20190201,1942.92,1946.47,1931.54,1933.96,-,0
NIFTY-GS-8-13YR,20190201,1827.55,1831.37,1813.56,1814.58,-,0
NIFTY-GS-10YR,20190201,1695.98,1700.68,1683.29,1685.12,-,0
NIFTY-GS-10YR-CLN,20190201,911.37,913.91,904.53,905.52,-,0
NIFTY-GS-11-15YR,20190201,1912.90,1915.82,1898.67,1900.70,-,0
NIFTY-GS-15YRPLUS,20190201,2059.14,2059.14,2051.64,2044.71,-,0
VIX,20190201,17.12,17.19,15.55,15.72,0,0
