20MICRONS,20190128,38.6,38.6,36.5,36.9,22187
21STCENMGM,20190128,22.2,22.2,21.75,22.1,193
3IINFOTECH,20190128,3.5,3.5,3.3,3.35,3068490
3MINDIA,20190128,20310.5,20390,19950,20118.6,3569
3PLAND,20190128,11.4,11.4,10,11.05,1771
5PAISA,20190128,248.1,250.85,241.5,247.2,2576
63MOONS,20190128,87.05,88.25,81.7,82.55,185029
8KMILES,20190128,121.1,125.5,120.3,120.3,91380
A2ZINFRA,20190128,11.4,11.4,10.05,10.15,287190
AARTIDRUGS,20190128,598.15,598.15,581.05,589.8,6092
AARTIIND,20190128,1532.05,1574,1509.7,1565.85,87495
AARVEEDEN,20190128,25.75,25.75,21.8,23.55,29693
AAVAS,20190128,849.95,850,824.05,826.4,6575
ABAN,20190128,69.45,69.5,65.25,66.8,318162
ABB,20190128,1256,1264.4,1212,1235.15,61118
ABBOTINDIA,20190128,8250,8250,7950,8076.3,3864
ABCAPITAL,20190128,87.25,87.55,82.8,83.85,2108475
ABFRL,20190128,198.55,203.75,194.2,201.4,1399675
ABMINTLTD,20190128,16.45,16.45,16.45,16.45,61
ABSLNN50ET,20190128,275,275,275,275,7
ACC,20190128,1376,1378.95,1346.65,1357.25,469918
ACCELYA,20190128,905.2,916.8,905,910.6,1862
ACE,20190128,89.2,89.2,84,85.1,1168050
ADANIENT,20190128,138,141,118.95,136.4,9404485
ADANIGAS,20190128,97.95,97.95,88.3,88.55,1186589
ADANIGREEN,20190128,35.45,36,31.6,32.5,770899
ADANIPORTS,20190128,374.95,375.35,292.1,326.1,15177384
ADANIPOWER,20190128,49,50.5,39,40.05,50291637
ADANITRANS,20190128,204.3,214.65,196.1,210.2,423614
ADFFOODS,20190128,250,250,235.05,240,29531
ADHUNIK,20190128,2.2,2.3,2.15,2.15,54869
ADHUNIKIND,20190128,45,45,44,44.4,320
ADLABS,20190128,9.25,9.35,8.9,9,226748
ADORWELD,20190128,353.9,353.9,318,322,14317
ADROITINFO,20190128,17.05,18.1,17.05,18.05,77
ADSL,20190128,13.15,13.5,12.8,12.9,19620
ADVANIHOTR,20190128,70,70.65,68,69.15,11639
ADVENZYMES,20190128,156.9,156.9,150,151.1,31649
AEGISCHEM,20190128,196.95,198.75,187.15,192.3,101149
AGARIND,20190128,162.05,168.95,159.35,163.2,998
AGCNET,20190128,113.9,115,110,114.25,9882
AGLSL,20190128,66.25,66.5,64.05,64.95,4091
AGRITECH,20190128,57.1,57.9,55.05,55.7,12908
AHLEAST,20190128,240.2,240.2,233,235.7,342
AHLUCONT,20190128,280,280.3,266.55,273,34777
AHLWEST,20190128,296.05,300.4,296.05,300.4,308
AIAENG,20190128,1603,1678.55,1560.05,1636.15,41872
AIFL,20190128,19.25,19.25,18.3,18.3,55050
AIONJSW,20190128,35.8,36.05,32.85,33.5,58644
AJANTPHARM,20190128,1134.4,1140,1083.8,1133.55,273215
AJMERA,20190128,180,180.05,168,168.65,82748
AKSHARCHEM,20190128,427.2,430,403,404.45,2769
AKSHOPTFBR,20190128,22.1,22.15,20.6,20.8,997105
AKZOINDIA,20190128,1762,1762,1688.95,1739.25,4593
ALANKIT,20190128,28.95,28.95,26.5,27.9,935417
ALBERTDAVD,20190128,380.05,384,365,373.8,3560
ALBK,20190128,43.6,43.75,42.05,42.3,2927614
ALCHEM,20190128,2.65,2.65,2.65,2.65,5161
ALEMBICLTD,20190128,42.65,43.15,41,41.35,140330
ALICON,20190128,589.85,589.9,542,549.9,3039
ALKALI,20190128,51.5,51.5,47.05,50.75,4742
ALKEM,20190128,1880.55,1899.9,1852.75,1877.1,6747
ALKYLAMINE,20190128,800,802.15,743.05,752.3,17351
ALLCARGO,20190128,105.25,106.65,104.25,105,47806
ALLSEC,20190128,181.1,187.95,181.05,183.4,10229
ALMONDZ,20190128,26.55,26.55,22.75,24.9,308
ALOKTEXT,20190128,3.7,3.8,3.6,3.6,2431209
ALPA,20190128,26.4,27.35,22.75,23.75,100770
ALPHAGEO,20190128,456,472.5,439.9,467.3,5326
AMARAJABAT,20190128,760.05,763.5,739.05,740.2,365775
AMBER,20190128,815,815,727.7,767.25,19257
AMBIKCO,20190128,1136.25,1158.5,1135.4,1143.75,3582
AMBUJACEM,20190128,201,204.35,197.9,199.75,3278879
AMDIND,20190128,24.5,24.5,21.5,21.95,8429
AMJLAND,20190128,20.75,20.9,19.65,19.9,17249
AMRUTANJAN,20190128,319.2,324.8,309.05,316.85,39410
ANANTRAJ,20190128,33.05,33.35,31.3,31.8,287126
ANDHRABANK,20190128,26.45,26.45,26,26.15,647765
ANDHRACEMT,20190128,5.1,5.1,4.45,4.55,152847
ANDHRSUGAR,20190128,308.7,308.7,292.15,293.7,21516
ANGIND,20190128,1,1,0.9,0.9,9733
ANIKINDS,20190128,20.05,20.4,18,18.45,8478
ANKITMETAL,20190128,0.4,0.5,0.4,0.5,7032
ANSALAPI,20190128,12,12.3,11.35,11.45,98142
ANSALHSG,20190128,12.9,13.1,12.25,12.55,211204
ANTGRAPHIC,20190128,0.45,0.5,0.45,0.5,54046
APARINDS,20190128,615.25,629.65,615.2,622.65,3444
APCL,20190128,113,115,108.95,110.9,2668
APCOTEXIND,20190128,483.25,487,475,482.65,1209
APEX,20190128,320.35,322,298,308.8,95945
APLAPOLLO,20190128,1107.2,1107.2,1080,1084.7,11524
APLLTD,20190128,590,602.8,574,592.15,21378
APOLLO,20190128,123.3,123.3,114.4,115.2,11488
APOLLOHOSP,20190128,1287,1302.1,1262.65,1265.8,254670
APOLLOTYRE,20190128,208.35,212.4,207.8,209.65,1887429
APOLSINHOT,20190128,981,990,911.5,916.2,338
APTECHT,20190128,173.75,176.6,165,167.1,194169
ARCHIDPLY,20190128,37.7,37.7,36.2,36.65,15488
ARCHIES,20190128,28.7,28.75,26.5,27.1,124218
ARCOTECH,20190128,6.8,6.85,6.6,6.6,25018
ARIES,20190128,90.35,91.1,88.05,89.15,33232
ARIHANT,20190128,36.3,36.3,33.15,35,441
ARIHANTSUP,20190128,50.95,54,50.5,50.7,18741
ARMANFIN,20190128,386.7,386.75,360,370.45,5681
AROGRANITE,20190128,53.7,54,49.5,50.65,23670
ARROWGREEN,20190128,96.15,104,96.15,97.5,1536
ARROWTEX,20190128,16.8,16.95,16,16.1,16532
ARSHIYA,20190128,30.55,31.3,28.35,29.3,117075
ARSSINFRA,20190128,33.3,34,32.55,33.65,43481
ARVIND,20190128,86.4,89,84.8,88.15,2300645
ARVSMART,20190128,119.7,119.7,113.95,115.9,13437
ASAHIINDIA,20190128,255.1,258,254.6,255.6,13802
ASAHISONG,20190128,196,201,192.2,193.25,4188
ASAL,20190128,56.5,57.45,52.5,53.5,17791
ASHAPURMIN,20190128,27.55,27.7,26.4,26.9,11365
ASHIANA,20190128,112.7,113.8,110,112.45,34764
ASHIMASYN,20190128,14.05,14.65,13.75,13.75,72577
ASHOKA,20190128,123.55,123.55,118.1,118.75,81695
ASHOKLEY,20190128,82.6,83.5,80.8,83,20419146
ASIANHOTNR,20190128,147.35,149,142,147.05,1476
ASIANPAINT,20190128,1375,1391,1366.85,1379.5,1590764
ASIANTILES,20190128,146,148.9,142.05,145.5,37214
ASPINWALL,20190128,157,157,150.05,151,692
ASSAMCO,20190128,1.95,2,1.9,1.9,129755
ASTEC,20190128,539.9,539.9,510.1,511.95,25888
ASTERDM,20190128,163.55,163.55,150.6,153.5,33806
ASTRAL,20190128,1025.5,1095,1020.95,1084.4,46797
ASTRAMICRO,20190128,80.9,80.9,79.3,79.85,105748
ASTRAZEN,20190128,1608.45,1639.95,1600,1601.45,13710
ASTRON,20190128,119,119.4,114.15,115.4,59403
ATFL,20190128,565.15,579,565.15,575.85,1890
ATLANTA,20190128,19.6,19.65,18.85,19.05,30717
ATLASCYCLE,20190128,74,76.5,74,75.55,2050
ATNINTER,20190128,0.05,0.1,0.05,0.1,10048
ATUL,20190128,3419.05,3474,3301,3313.95,30511
ATULAUTO,20190128,313.5,313.5,296,297.15,26725
AUBANK,20190128,585.1,599.9,572.1,592.25,225562
AURIONPRO,20190128,123.05,125.85,116,122.3,16449
AUROPHARMA,20190128,784.75,784.75,745.45,755.6,2576685
AUSOMENT,20190128,39.85,41.05,37.9,38.15,9011
AUTOAXLES,20190128,1118.45,1119.05,1067.35,1079.4,41043
AUTOIND,20190128,60.1,60.15,57.1,59.05,36080
AUTOLITIND,20190128,38.95,41.95,36.15,36.7,13980
AVADHSUGAR,20190128,363.7,365.5,340,342.55,15185
AVANTIFEED,20190128,349,349,325.3,328.75,310158
AVTNPL,20190128,25.3,25.85,23.5,23.85,41887
AXISBANK,20190128,669,674.45,650.35,656.3,7792690
AXISCADES,20190128,63.55,67,60.65,62,72828
AXISGOLD,20190128,2869.9,2873,2845,2858.2,233
AXISNIFTY,20190128,1096.03,1096.53,1082.88,1084.41,83
AYMSYNTEX,20190128,38.4,38.45,35.65,36.2,6958
BAFNAPHARM,20190128,10.85,10.85,9.65,9.95,8997
BAGFILMS,20190128,4.7,4.75,4.45,4.5,190156
BAJAJ-AUTO,20190128,2629.95,2634,2545,2565.55,332409
BAJAJCON,20190128,346.25,359.3,334,357,160775
BAJAJELEC,20190128,454,454.65,433.1,436.95,101760
BAJAJFINSV,20190128,6335,6352.8,5948.8,6050.9,299286
BAJAJHIND,20190128,8.3,8.35,6.65,7.75,3119958
BAJAJHLDNG,20190128,2860,2909.95,2821,2853.5,28941
BAJFINANCE,20190128,2610,2610,2355,2458.5,2364047
BALAJITELE,20190128,89.8,89.8,84.4,85.95,73018
BALAMINES,20190128,461,469.7,436.6,454.2,19559
BALKRISHNA,20190128,43,43.1,38.8,40.05,6128
BALKRISIND,20190128,829.2,829.2,807.55,815.75,988015
BALLARPUR,20190128,3.8,3.8,3,3.5,1670057
BALMLAWRIE,20190128,187.1,188.65,185.1,186.25,19095
BALPHARMA,20190128,77.55,77.75,72.6,73.25,19680
BALRAMCHIN,20190128,102.1,103.4,98.1,98.55,1538720
BANARBEADS,20190128,44.1,44.8,43,44.45,646
BANARISUG,20190128,1425,1425,1405,1420,302
BANCOINDIA,20190128,173.25,176.95,170,171.85,21695
BANDHANBNK,20190128,424.9,428.7,411.25,417.7,675570
BANG,20190128,56.55,57.3,53.8,56.4,194923
BANKBARODA,20190128,111,112,107.65,109.15,13633282
BANKBEES,20190128,2760.76,2760.76,2702.76,2710.82,82274
BANKINDIA,20190128,94.9,95.55,85.4,90.6,9725854
BANSWRAS,20190128,75.75,78.5,72.5,72.8,2126
BARTRONICS,20190128,6.5,6.85,6.35,6.45,16647
BASF,20190128,1390,1394,1334.9,1351.8,31347
BASML,20190128,191.15,196,190,190.45,111
BATAINDIA,20190128,1124.25,1137.25,1087.7,1097.85,679107
BAYERCROP,20190128,4267,4348.95,4166.6,4323.25,3172
BBL,20190128,1134,1134,1074,1081.75,4268
BBTC,20190128,1215,1223.7,1165,1184.6,116985
BCG,20190128,2.95,3,2.8,2.85,436683
BDL,20190128,263.05,265.95,254.9,259.6,14331
BEARDSELL,20190128,19.9,19.9,17.1,17.4,3907
BEDMUTHA,20190128,21.55,22.4,21.4,21.65,5556
BEL,20190128,80.35,81.1,79.05,79.7,4549401
BEML,20190128,847,847,809.3,817.15,1314880
BEPL,20190128,59,66.4,56.4,65.6,1585517
BERGEPAINT,20190128,314,317.4,308.65,312.1,589432
BFINVEST,20190128,222.3,222.85,206.65,212.35,61140
BFUTILITIE,20190128,204.45,205.35,194,195.8,224016
BGLOBAL,20190128,2.75,2.75,2.75,2.75,5110
BGRENERGY,20190128,54.35,55.15,53.05,53.25,39543
BHAGERIA,20190128,236.05,248.05,231.3,233.65,23013
BHAGYANGR,20190128,31.55,34.45,31.55,32.95,8786
BHAGYAPROP,20190128,30.35,30.35,28.5,28.7,2672
BHANDARI,20190128,1.95,2,1.8,1.9,205289
BHARATFIN,20190128,941.95,948.6,908.8,910.95,602249
BHARATFORG,20190128,478.1,479.45,468.25,470.6,738279
BHARATGEAR,20190128,163.8,163.95,152.1,154.35,27398
BHARATRAS,20190128,3850.1,3974.9,3512,3553.2,10619
BHARATWIRE,20190128,61.05,62,58.5,60.5,31745
BHARTIARTL,20190128,308,309.35,294.7,305.15,4097172
BHEL,20190128,66.5,66.75,63.45,63.75,8737901
BIGBLOC,20190128,31.4,31.9,29,29.15,14312
BIL,20190128,229.3,229.3,226,227.7,3087
BILENERGY,20190128,0.75,0.75,0.75,0.75,57713
BINANIIND,20190128,55.85,55.85,51.95,52.55,40521
BINDALAGRO,20190128,15.7,15.7,15.4,15.4,14333
BIOCON,20190128,665,666.5,641.05,649.05,1809772
BIRLACABLE,20190128,171,171,148.3,164.75,215150
BIRLACORPN,20190128,504.4,508.85,488.25,497.35,30443
BIRLAMONEY,20190128,49.4,49.4,44.95,44.95,19439
BKMINDST,20190128,6.65,6.65,6.35,6.35,3769
BLBLIMITED,20190128,5.15,5.35,5.1,5.25,3538
BLISSGVS,20190128,155.3,158.65,144,154.65,1787456
BLKASHYAP,20190128,20.95,21.25,19.75,19.85,124221
BLS,20190128,115.2,116.25,105,107.1,52456
BLUEBLENDS,20190128,4.1,4.1,3.5,3.55,20348
BLUEDART,20190128,3001.7,3001.7,2885.05,2940.75,3617
BLUESTARCO,20190128,609.95,610.95,604.5,605.25,107639
BODALCHEM,20190128,102,108.25,102,106.95,166163
BOMDYEING,20190128,112.35,112.5,106.7,106.75,650122
BOROSIL,20190128,221.65,221.65,211,212.95,28746
BOSCHLTD,20190128,18550,18550,17901.3,18262.4,13237
BPCL,20190128,357,357.9,346.2,348.7,1451374
BPL,20190128,38.5,38.55,36.1,36.35,142316
BRFL,20190128,8.5,8.6,8.15,8.3,78225
BRIGADE,20190128,209.9,211.6,202,203.15,53982
BRITANNIA,20190128,3210.5,3222,3131,3203.45,216799
BRNL,20190128,84,85.95,80.5,82.5,2417
BROOKS,20190128,54.4,54.4,50.15,50.85,22101
BSE,20190128,589,592.3,584,588.5,59474
BSELINFRA,20190128,2,2.05,1.8,1.85,75899
BSL,20190128,46.55,47.5,45.2,46.7,6772
BSLGOLDETF,20190128,3048,3048,2995,3010,16
BSLNIFTY,20190128,115.88,115.9,114.55,114.55,200
BURNPUR,20190128,3.6,3.7,3.35,3.4,84423
BUTTERFLY,20190128,243,244.45,230.15,240.7,20827
BVCL,20190128,16,16.95,16,16.95,1099
BYKE,20190128,47.65,48.45,43,44.8,76839
CADILAHC,20190128,343,343.6,325.1,334.35,1483625
CALSOFT,20190128,19.4,19.6,18.8,19.3,7781
CAMLINFINE,20190128,51,53,47.3,50,126722
CANBK,20190128,256,261.95,237.7,240.4,10601787
CANDC,20190128,25.55,26.3,23.9,25.1,62368
CANFINHOME,20190128,251.05,253.65,242,244.1,1070964
CANTABIL,20190128,139,139,131.15,133.1,37044
CAPACITE,20190128,215.05,217.35,205.5,206.4,29502
CAPLIPOINT,20190128,351.95,369.9,343,346.95,49671
CAPTRUST,20190128,195.1,214.95,195.1,207,274
CARBORUNIV,20190128,359,361.45,346,356.85,199212
CAREERP,20190128,70.1,71,68.15,69.8,10518
CARERATING,20190128,982.15,995,968,988.15,23482
CASTEXTECH,20190128,1.05,1.1,1,1,340805
CASTROLIND,20190128,163.35,163.85,158.5,159.95,1028085
CCCL,20190128,1.95,2.1,1.95,2.05,44389
CCHHL,20190128,6.8,7.1,6.6,6.8,45511
CCL,20190128,267.55,270.9,266.5,269.15,13104
CDSL,20190128,233,233,221.25,226.05,439709
CEATLTD,20190128,1182,1188.8,1136.65,1151.65,516578
CEBBCO,20190128,22.85,23.9,22.45,22.6,35431
CELEBRITY,20190128,9.4,9.45,9.2,9.25,27120
CELESTIAL,20190128,7.3,7.5,7.15,7.15,41939
CENTENKA,20190128,247.25,247.25,234,235.6,44893
CENTEXT,20190128,6.65,6.85,6.1,6.2,204352
CENTRALBK,20190128,32.4,32.55,30.75,31.05,403328
CENTRUM,20190128,33.15,33.15,30.85,31.65,194711
CENTUM,20190128,403.05,411.95,386.45,389.95,16506
CENTURYPLY,20190128,165.15,167.55,159,164.25,72339
CENTURYTEX,20190128,831,836,791.2,813.05,1751784
CERA,20190128,2510,2539.9,2456,2481.45,2397
CEREBRAINT,20190128,27,28.25,26.85,28.05,306460
CESC,20190128,685,685,658.15,677.2,357765
CESCVENT,20190128,491.9,491.9,491.9,491.9,14281
CGCL,20190128,129,135.25,113.7,129.55,517616
CGPOWER,20190128,37.5,37.65,36.25,36.5,5434125
CHAMBLFERT,20190128,164.4,164.95,157.7,160.75,171193
CHEMFAB,20190128,138,149,137.45,144.9,7072
CHENNPETRO,20190128,256.55,257,237,243.1,683314
CHOLAFIN,20190128,1152.35,1156.1,1114.4,1128.35,131624
CHROMATIC,20190128,1.1,1.1,1.1,1.1,3332
CIGNITITEC,20190128,372.95,372.95,356.25,359.7,14913
CIMMCO,20190128,33.5,34.5,32.05,32.35,21642
CINELINE,20190128,43.4,44.75,43.25,43.75,9309
CINEVISTA,20190128,5.95,5.95,5.6,5.75,4675
CIPLA,20190128,509,509,489.1,492.15,3215535
CLEDUCATE,20190128,133.65,134.8,122.05,123.2,3018
CLNINDIA,20190128,395.2,396,383.05,384.4,6328
CMICABLES,20190128,127.55,129.1,121.7,122.25,25024
CNOVAPETRO,20190128,19,19.8,18.25,19.5,1046
COALINDIA,20190128,221.25,227.5,218.05,225.2,3917992
COCHINSHIP,20190128,359,362.4,357.9,359.4,57401
COFFEEDAY,20190128,270,273.75,266.1,269.95,539584
COLPAL,20190128,1291.9,1302.9,1260.55,1264.1,580619
COMPINFO,20190128,20.55,20.55,19.75,20,8090
COMPUSOFT,20190128,10.4,10.5,9.9,9.9,56052
CONCOR,20190128,659.8,660,632.25,642.95,553878
CONSOFINVT,20190128,46,47.65,44.65,45,10677
CONTROLPR,20190128,258.95,259.6,236.05,237.85,16929
CORALFINAC,20190128,14.85,14.85,14.5,14.75,25345
CORDSCABLE,20190128,64.75,64.75,59,60.25,23837
COROMANDEL,20190128,438.7,449,431.3,434.85,57137
CORPBANK,20190128,26.55,26.7,25.3,25.75,163245
COSMOFILMS,20190128,194.95,195.9,185,187,20510
COUNCODOS,20190128,2.15,2.3,2.1,2.1,27685
COX&KINGS,20190128,154.8,155.4,147.55,150.65,98768
CPSEETF,20190128,20.95,23.34,20.95,23.26,3584042
CREATIVEYE,20190128,2.65,2.65,2.65,2.65,1176
CREDITACC,20190128,386,387,370.05,373.3,17895
CREST,20190128,134.3,137.95,126.55,131.05,12108
CRISIL,20190128,1650,1651,1609.55,1646.45,4510
CRMFGETF,20190128,3035,3035,3035,3035,1
CROMPTON,20190128,216,229.8,210,225.85,444423
CTE,20190128,46.95,46.95,41.5,43.9,1416
CUB,20190128,189,192,185.1,190.75,1332819
CUBEXTUB,20190128,13.5,14.25,13.3,14.15,1616
CUMMINSIND,20190128,829.9,830.95,804,809.05,404369
CUPID,20190128,130,135,127.25,132.55,30901
CYBERMEDIA,20190128,6.25,6.55,6.25,6.55,831
CYBERTECH,20190128,41.45,41.45,38,38.45,5674
CYIENT,20190128,600,602,588.05,590.15,72030
DAAWAT,20190128,37.05,37.7,35.85,36.2,775575
DABUR,20190128,430.75,432,422.5,427.4,1613234
DALBHARAT,20190128,1044.7,1045.3,1044.7,1045.3,3724
DALMIASUG,20190128,95.85,96.5,90,90.6,89460
DAMODARIND,20190128,44.55,44.55,43.3,43.3,699
DATAMATICS,20190128,108.4,108.4,103.5,104.3,42054
DBCORP,20190128,177.35,177.35,168,169.25,38005
DBL,20190128,343.9,346.35,332,335.05,164061
DBREALTY,20190128,25.55,26,25,25,83404
DCAL,20190128,216.35,219.65,209,210.75,360113
DCBBANK,20190128,181,181,172.3,175.75,2156674
DCM,20190128,70.15,70.95,68.6,69.3,28682
DCMSHRIRAM,20190128,316,318.35,293.6,303.2,50663
DCW,20190128,16,16,14.9,15.35,165424
DECCANCE,20190128,377.6,382,373.5,377.9,771
DEEPAKFERT,20190128,112.9,116,111.6,113.6,769559
DEEPAKNTR,20190128,217.6,218.85,206,214.4,192275
DEEPIND,20190128,110.25,113.9,107.05,108.2,11091
DELTACORP,20190128,230.05,234.65,226.75,229.5,854332
DELTAMAGNT,20190128,68.2,68.2,68.15,68.15,80
DEN,20190128,71.8,71.8,71.05,71.15,1561859
DENABANK,20190128,12.6,12.9,12.3,12.45,1309657
DENORA,20190128,232.35,246.9,228,238.8,8544
DFMFOODS,20190128,202.9,217,199,201.3,1369
DHAMPURSUG,20190128,163,164.9,157.5,159.05,197621
DHANBANK,20190128,16.7,16.7,15.65,16.05,459047
DHANUKA,20190128,415.15,415.2,396,405.9,6852
DHARSUGAR,20190128,11.15,11.25,10.85,10.95,2436
DHFL,20190128,203,205.6,183.7,184.9,23916011
DHUNINV,20190128,273,273,255,260.05,2276
DIAMONDYD,20190128,1029.7,1034.75,1028.95,1033.15,1621
DICIND,20190128,368,368,346.1,346.35,328
DIGJAMLTD,20190128,4.6,4.6,4.2,4.3,32849
DISHTV,20190128,22.4,24.95,19.1,23.9,164851909
DIVISLAB,20190128,1499.4,1499.4,1460.1,1473.45,211598
DIXON,20190128,2232.15,2239.15,2150,2167.35,7592
DLF,20190128,160,167.6,158.5,164.05,11812368
DLINKINDIA,20190128,76.55,76.75,73.3,74.1,49829
DMART,20190128,1366.9,1385,1348,1372.75,357354
DNAMEDIA,20190128,5.75,5.75,5.75,5.75,620
DOLLAR,20190128,285.05,288,280,285.05,3955
DOLPHINOFF,20190128,49.6,49.6,46,46.6,106288
DONEAR,20190128,41.1,41.7,38.15,38.35,52453
DPSCLTD,20190128,13,13.35,12.45,12.6,4614
DQE,20190128,6.8,6.8,6.2,6.55,27916
DREDGECORP,20190128,407.9,413.95,386,390.9,182584
DRREDDY,20190128,2671.9,2671.9,2597.05,2624.75,684994
DSSL,20190128,33.2,33.4,32.5,32.5,5390
DTIL,20190128,232.05,249.95,228,234.9,1982
DUCON,20190128,10.1,10.1,9,9.25,129305
DVL,20190128,101.45,102.05,98,98.2,8352
DWARKESH,20190128,23.4,23.4,22.05,22.25,344088
DYNAMATECH,20190128,1413,1478.95,1374,1396.85,220
DYNPRO,20190128,120.9,120.95,112.2,113.6,8243
EASTSILK,20190128,2.2,2.3,2.2,2.2,20994
EASUNREYRL,20190128,8.55,8.55,8.55,8.55,10750
EBANK,20190128,2725.55,2726.03,2725.55,2726.03,2
ECEIND,20190128,219.95,219.95,219.8,219.8,8
ECLERX,20190128,1053,1058,1040.25,1046.2,2883
EDELWEISS,20190128,151,157.5,145,150.9,3205152
EDL,20190128,8.4,8.55,8.2,8.35,8490
EICHERMOT,20190128,20061,20241,19871.6,19987.4,101907
EIDPARRY,20190128,200.55,201.15,192.9,198.65,84695
EIHAHOTELS,20190128,354,361.25,333,335.85,4011
EIHOTEL,20190128,178.65,184,173.55,181.25,126301
EIMCOELECO,20190128,356,368,356,361.15,263
EKC,20190128,29.75,29.75,26.9,27.1,155773
ELAND,20190128,5.6,5.9,5.6,5.65,1840
ELECON,20190128,64,64.75,60,61.8,614747
ELECTCAST,20190128,21.3,21.3,19.3,19.7,381960
ELECTHERM,20190128,146,149,139.85,146.4,11148
ELGIEQUIP,20190128,249.85,249.85,239.8,240.5,33930
ELGIRUBCO,20190128,24,24.7,23.1,23.75,22640
EMAMILTD,20190128,422,425,391,405.65,364195
EMAMIREAL,20190128,133,133,124,124.6,15665
EMCO,20190128,5.2,5.3,4.9,5,84743
EMKAY,20190128,95.8,95.8,85.5,93.45,35723
EMMBI,20190128,113.1,115.3,110.6,111.5,7473
ENDURANCE,20190128,1120,1136.95,1103.4,1122.75,12356
ENERGYDEV,20190128,10.2,10.2,9.7,9.7,13944
ENGINERSIN,20190128,112.3,114.8,111,113.9,1061514
ENIL,20190128,570,583,559,576.1,1268
EON,20190128,42.05,43.15,40,40.1,15192
EQUITAS,20190128,117.25,119.95,115.85,116.8,2668481
ERIS,20190128,679,684,670,681.2,3957
EROSMEDIA,20190128,79.5,81.3,75,79.4,373681
ESABINDIA,20190128,864.9,935,848.8,898.7,6426
ESCORTS,20190128,704.95,709,665.1,675.05,5177658
ESSARSHPNG,20190128,12.5,12.5,11.4,11.95,12895
ESSDEE,20190128,16.2,16.2,15,15,14978
ESSELPACK,20190128,103.4,111.9,103.05,108.3,1876479
ESTER,20190128,31.4,31.4,26.5,27.55,69422
EUROCERA,20190128,1.45,1.45,1.45,1.45,360
EUROMULTI,20190128,0.85,0.85,0.85,0.85,193
EVEREADY,20190128,210,218,209.2,211.75,91243
EVERESTIND,20190128,442,442,413.25,419.35,21579
EXCEL,20190128,2.5,2.5,2.4,2.4,29978
EXCELCROP,20190128,3268.35,3275,3101,3197.55,8982
EXCELINDUS,20190128,990.5,1052.4,987.65,1052.4,21785
EXIDEIND,20190128,229.55,229.55,219.6,220.4,2889061
FACT,20190128,41,41.05,40,40.25,71482
FAIRCHEM,20190128,333.6,333.6,320.2,331.3,965
FCL,20190128,39.2,39.35,37.3,37.65,758134
FCONSUMER,20190128,39.6,41.25,39.6,39.8,1579631
FCSSOFT,20190128,0.2,0.25,0.2,0.2,298347
FDC,20190128,160.55,161.45,153.75,155.4,31172
FEDERALBNK,20190128,86.7,86.9,83.85,84.15,7823189
FEL,20190128,33.5,33.5,32.55,32.95,321641
FELDVR,20190128,33,34,32.5,33.45,3742
FIEMIND,20190128,496.5,496.75,481,495,7949
FILATEX,20190128,55.3,56.95,53.75,54.3,1112070
FINCABLES,20190128,424.45,426.8,410,422.9,22101
FINEORG,20190128,1120,1120,1062,1067.55,11223
FINPIPE,20190128,530.05,534.4,529.75,530.35,9956
FLEXITUFF,20190128,53.5,54.85,53.5,54,2223
FLFL,20190128,420.45,421.15,411.55,420.3,33721
FMGOETZE,20190128,492.25,496.1,485.05,489.05,26328
FMNL,20190128,50.6,50.6,49.3,49.7,21100
FORTIS,20190128,135.6,136.4,134.85,135.85,1242789
FOSECOIND,20190128,1470.2,1499,1450,1470.4,3564
FRETAIL,20190128,440,441.9,439,439.2,726402
FSC,20190128,652.1,652.1,635.5,639.6,2175
FSL,20190128,48.2,48.35,43.75,47.25,2909093
GABRIEL,20190128,143.4,146,140.45,144.35,90196
GAEL,20190128,208,208,197,200.3,49683
GAIL,20190128,334.55,335.25,327.9,333.2,3799381
GAL,20190128,5.75,5.85,5.2,5.25,68091
GALAXYSURF,20190128,1114.05,1115.05,1101,1110,843
GALLANTT,20190128,50.05,50.7,46.8,47.65,32624
GALLISPAT,20190128,35.7,35.75,32,32.1,36805
GAMMNINFRA,20190128,0.7,0.7,0.65,0.7,956758
GANDHITUBE,20190128,361.5,372.9,358.95,370.95,3546
GANECOS,20190128,280.1,284.4,271.65,275.95,3888
GANESHHOUC,20190128,59.25,60.4,57.65,59.6,27108
GANGESSECU,20190128,44.5,47.5,44.5,47.5,1329
GARDENSILK,20190128,22.35,22.8,20.7,20.95,30131
GARFIBRES,20190128,1100.05,1102.8,1060,1078.15,7949
GATI,20190128,75,75,70.3,71.55,414822
GAYAHWS,20190128,0.9,1,0.9,0.9,150249
GAYAPROJ,20190128,167.4,170,163.2,166.45,27853
GDL,20190128,97.35,104,97.35,99.2,371561
GEECEE,20190128,114.15,115.45,110,111.75,2302
GENESYS,20190128,138.05,139.5,133.25,135.35,11775
GENUSPAPER,20190128,9.35,9.35,8.75,8.8,435537
GENUSPOWER,20190128,31,31.5,28.5,30,425712
GEOJITFSL,20190128,41.9,41.9,37.35,38.6,130941
GEPIL,20190128,790.25,806.25,790,800.85,4013
GESHIP,20190128,292.45,292.5,282.5,283.65,23007
GET&D,20190128,287.65,297.8,272.55,286.35,51407
GHCL,20190128,250,253.75,241,248.3,106333
GICHSGFIN,20190128,235.8,235.8,228,229,33920
GICRE,20190128,243.75,246.8,243,244.2,27950
GILLANDERS,20190128,54.1,55.8,53.25,55.05,3333
GILLETTE,20190128,6568.95,6568.95,6456,6500.5,1642
GINNIFILA,20190128,16.35,16.35,15.3,15.4,65479
GIPCL,20190128,74.35,75,70.6,71.95,41214
GKWLIMITED,20190128,870,900,860.2,880.05,255
GLAXO,20190128,1424.8,1424.8,1379.8,1392.75,8305
GLENMARK,20190128,647.95,647.95,629.05,631.6,358789
GLOBALVECT,20190128,58.6,58.6,54.45,55.85,3717
GLOBOFFS,20190128,14.45,14.45,13.25,13.7,9681
GLOBUSSPR,20190128,149,150,143.05,144.35,38886
GMBREW,20190128,512,513.35,494.5,497.15,37302
GMDCLTD,20190128,84.25,86,83.9,85.3,74319
GMMPFAUDLR,20190128,1048.55,1108,1010,1019.75,15680
GMRINFRA,20190128,15.65,15.7,15,15.4,21369201
GNA,20190128,329.2,333.35,318.25,319.5,27823
GNFC,20190128,321,324.6,305.1,319.25,455631
GOACARBON,20190128,475,476,451.25,451.25,47564
GOCLCORP,20190128,248.45,249.95,240,244.3,2869
GODFRYPHLP,20190128,945,945,904.1,907.85,153040
GODREJAGRO,20190128,499.9,504.05,489.5,491.95,45041
GODREJCP,20190128,779.35,787,756.65,759.25,1026380
GODREJIND,20190128,517.2,520.25,506.35,512,325395
GODREJPROP,20190128,747,763.55,725,742.6,565379
GOKEX,20190128,70.25,71.6,69.1,71,21005
GOKUL,20190128,17,17.45,16.1,17,188340
GOKULAGRO,20190128,16.3,17.4,16.15,17,154307
GOLDBEES,20190128,2885.95,2902,2880.2,2898.25,23060
GOLDENTOBC,20190128,44.85,44.85,44.85,44.85,346
GOLDIAM,20190128,78,78.8,73.2,74.35,19148
GOLDSHARE,20190128,2888.5,2914.65,2888.5,2906.3,1342
GOLDTECH,20190128,12.7,13.05,12.5,12.5,32641
GOODLUCK,20190128,69.45,71.95,67.2,68.3,21499
GPIL,20190128,209,214.8,204.6,211,86230
GPPL,20190128,89.05,90,83.8,86.1,158507
GPTINFRA,20190128,51.8,52.65,50.55,51.45,5210
GRANULES,20190128,94.15,94.95,88,89.3,1116698
GRAPHITE,20190128,530,538,475.85,499.8,5367183
GRASIM,20190128,763,763,727.2,732.8,1265661
GRAVITA,20190128,62.6,62.6,60.85,60.9,21732
GREAVESCOT,20190128,117.55,118.6,114.6,116.6,271947
GREENLAM,20190128,835,855.35,808,848.2,1490
GREENPLY,20190128,134.5,136.2,128.5,129.8,88154
GREENPOWER,20190128,5.4,5.6,4.75,5,248534
GRINDWELL,20190128,573,573,537,545.55,19351
GROBTEA,20190128,504.05,530.4,481,487.25,253
GRPLTD,20190128,962,979.8,881,904.9,517
GRSE,20190128,88.75,89.7,83,85.1,10071
GRUH,20190128,223.1,228.85,216.1,220.7,1363222
GSCLCEMENT,20190128,23.05,23.05,21.6,21.85,24260
GSFC,20190128,97.95,97.95,91.7,94.6,1803984
GSKCONS,20190128,7291,7348.65,7197,7239,9532
GSPL,20190128,180.7,181.7,176.05,178.95,202423
GSS,20190128,114,118.2,104.5,107.4,256174
GTL,20190128,5.7,5.85,5.45,5.45,44217
GTLINFRA,20190128,1.2,1.2,1.2,1.2,150192
GTNIND,20190128,9,9.15,8.65,8.75,1388
GTNTEX,20190128,10.35,10.35,10.35,10.35,363
GTPL,20190128,81,82.2,80.85,81.15,11000
GUFICBIO,20190128,84.5,86.7,78,80.2,51587
GUJALKALI,20190128,490,495,470.5,486.35,47372
GUJAPOLLO,20190128,157.55,162.15,154.05,155.55,2507
GUJFLUORO,20190128,881,881.75,814.95,844.05,118850
GUJGASLTD,20190128,127.95,127.95,125.1,126.7,123632
GULFOILLUB,20190128,844.95,855.95,844.95,853.85,6509
GULFPETRO,20190128,59.1,60.8,56.4,57.5,16902
GULPOLY,20190128,64,64.05,61.3,61.7,22201
GVKPIL,20190128,6.75,6.8,6.6,6.7,1761783
HAL,20190128,754.9,754.9,729,732.8,7598
HARITASEAT,20190128,495,500,485,498.2,1919
HARRMALAYA,20190128,78.75,78.75,77.2,77.35,18878
HATHWAY,20190128,31.95,32,31.8,31.8,4525307
HATSUN,20190128,719.95,719.95,691,699.5,133128
HAVELLS,20190128,711,713.05,686.35,698.7,1425427
HAVISHA,20190128,0.6,0.6,0.6,0.6,104
HBLPOWER,20190128,26,26,24.6,24.85,200876
HBSL,20190128,8,8,8,8,400
HCC,20190128,12.95,13.05,12.55,12.65,4424043
HCG,20190128,195.4,196.25,194.5,195.1,11524
HCL-INSYS,20190128,20.4,20.4,18.75,19.75,1010726
HCLTECH,20190128,973,980,963.9,977.8,1514965
HDFC,20190128,1978.7,1982.2,1938.1,1946.9,2698966
HDFCAMC,20190128,1426,1428,1375,1383.35,98537
HDFCBANK,20190128,2090,2102.05,2076.75,2084.15,3840109
HDFCLIFE,20190128,361,369.5,344.4,367.3,1405014
HDFCMFGETF,20190128,2951.35,2975,2951.35,2971.95,1267
HDFCNIFETF,20190128,1116.16,1117,1104.88,1106.92,1840
HDFCSENETF,20190128,3768,3768,3730.87,3730.93,17
HDIL,20190128,27.55,27.65,26.4,26.8,2991996
HEG,20190128,2700,2700,2200.3,2200.3,1467445
HEIDELBERG,20190128,146.05,147.9,141.95,142.9,43609
HERCULES,20190128,106.1,107.15,100.45,103.95,31719
HERITGFOOD,20190128,503.65,508,480,485.6,38120
HEROMOTOCO,20190128,2680,2685,2586.75,2598.6,576248
HESTERBIO,20190128,1105.95,1105.95,1071.2,1079.1,1284
HEXATRADEX,20190128,20.6,22.65,20.6,22.6,455
HEXAWARE,20190128,322.8,323.7,312.25,319.6,1386777
HFCL,20190128,22,22.25,21.1,21.4,2321109
HGINFRA,20190128,199.3,199.9,188.8,190.65,41590
HGS,20190128,638.15,638.15,620,620.35,4490
HIGHGROUND,20190128,8.6,8.75,8.55,8.7,17731
HIKAL,20190128,148.3,149.55,143,146.6,124010
HIL,20190128,1948,1950.05,1801,1809.4,7827
HILTON,20190128,19.05,20.5,19,19.2,890
HIMATSEIDE,20190128,208.5,212.65,205.1,206.5,246356
HINDALCO,20190128,204.45,206.5,198.3,200,5741120
HINDCOMPOS,20190128,240.2,245.05,239.15,239.55,3747
HINDCOPPER,20190128,46.1,46.2,45,45.5,305820
HINDMOTORS,20190128,7.5,7.85,7.3,7.55,117649
HINDNATGLS,20190128,93.05,99,89.5,92,5681
HINDOILEXP,20190128,113.8,114.9,104.3,106.25,986279
HINDPETRO,20190128,242.3,243.45,238.35,239.2,2334958
HINDSYNTEX,20190128,5.25,5.25,5.25,5.25,100
HINDUJAVEN,20190128,389.85,389.85,370,372.4,2713
HINDUNILVR,20190128,1758.9,1771.55,1740.15,1743,1289774
HINDZINC,20190128,249.9,252.1,244,251.1,407107
HIRECT,20190128,110.7,110.85,106,106.6,4497
HISARMETAL,20190128,41,41.05,38.1,38.85,6557
HITECH,20190128,198.25,205.45,190.25,195.15,1338
HITECHCORP,20190128,112.2,113.9,107.1,107.1,1631
HITECHGEAR,20190128,318.65,318.65,305.65,307.55,3600
HMVL,20190128,118.4,120,115.15,116.5,8086
HNGSNGBEES,20190128,3159.95,3159.95,3115.01,3115.01,10
HONAUT,20190128,21900,21900,21500,21548.3,704
HONDAPOWER,20190128,1118.1,1118.1,1092.3,1097.9,1760
HOTELEELA,20190128,14.55,14.85,13.9,14.05,135293
HOVS,20190128,160.45,162.25,145.3,148.1,32419
HPL,20190128,57.3,57.3,54.6,54.8,32487
HSCL,20190128,114,116,109.85,114.85,626732
HSIL,20190128,235,238.05,227.1,232.6,80138
HTMEDIA,20190128,40.7,40.7,38.55,40.2,109278
HUBTOWN,20190128,39.9,40.8,37.5,38.05,44905
HUDCO,20190128,41.6,41.95,40.8,41.1,766644
IBREALEST,20190128,81,81.6,75.1,76.45,1744042
IBULHSGFIN,20190128,746.9,750,684.65,699.3,5637650
IBULISL,20190128,326.5,326.5,298.35,298.35,100706
IBVENTURES,20190128,344,345,290.05,316.15,1145767
ICICI500,20190128,146.15,155.6,145,151.38,586
ICICIB22,20190128,34.25,34.45,34.02,34.1,119091
ICICIBANK,20190128,353.2,354.9,336.65,343.55,34362360
ICICIGI,20190128,848.2,849.75,806.95,817.85,209562
ICICIGOLD,20190128,29.25,29.7,29.25,29.4,11520
ICICILIQ,20190128,1000,1000,999.99,1000,2820
ICICILOVOL,20190128,85.25,85.25,84.55,84.75,246
ICICIMCAP,20190128,65,65,63.29,63.57,26831
ICICINF100,20190128,116,116,115,115.27,791
ICICINIFTY,20190128,112.05,112.98,110.8,111.05,51248
ICICINV20,20190128,54,55.75,52.5,53.45,2805
ICICINXT50,20190128,27.9,27.9,26.4,26.49,7305
ICICIPRULI,20190128,300,302,287.25,291.35,1726522
ICICISENSX,20190128,379,379,376.2,376.94,50
ICIL,20190128,49,49.5,46.1,46.45,127580
ICRA,20190128,3041.4,3060,3006,3012,231
ICSA,20190128,1.5,1.5,1.5,1.5,300
IDBI,20190128,55.05,55.15,52.9,53.6,3125334
IDBIGOLD,20190128,3050,3050,3030,3035,213
IDEA,20190128,32.8,32.8,28.45,31.05,29488750
IDFC,20190128,40.6,40.75,39.7,39.95,2550938
IDFCFIRSTB,20190128,46.7,46.8,45.55,45.75,11538916
IDFNIFTYET,20190128,110.8,110.8,106.01,106.01,13
IEX,20190128,159.1,160.65,158.5,159.55,15536
IFBAGRO,20190128,590.95,600,571.1,576.25,3688
IFBIND,20190128,849.95,849.95,786.15,794.25,8697
IFCI,20190128,13.7,13.95,13.65,13.9,5026600
IFGLEXPOR,20190128,228,250,220.05,225.25,7455
IGARASHI,20190128,519.25,525,511.05,517.95,4659
IGL,20190128,272.5,276.8,267.6,272.65,1658193
IGPL,20190128,330,332.05,315.55,321.05,33088
IIFL,20190128,441.95,441.95,424.3,429.7,143963
IITL,20190128,69.8,69.8,69,69,15001
IL&FSENGG,20190128,12.55,12.55,11.95,11.95,30188
IL&FSTRANS,20190128,8.85,9.05,8.6,8.6,207043
IMFA,20190128,221.4,221.4,212,215.75,17515
IMPAL,20190128,860.4,867,860,860,188
IMPEXFERRO,20190128,0.3,0.35,0.3,0.3,3101
INDBANK,20190128,10.4,10.4,9.1,9.5,25313
INDHOTEL,20190128,132.6,140,130.7,137.25,443645
INDIACEM,20190128,80.75,80.75,78.3,79.15,3663863
INDIAGLYCO,20190128,281.7,281.8,257.45,259.9,124889
INDIANB,20190128,236.8,236.8,212.7,218.4,5100353
INDIANCARD,20190128,102,102.4,97.45,97.75,514
INDIANHUME,20190128,321.65,321.65,297.6,306.6,26822
INDIGO,20190128,1157.2,1181.95,1143.25,1171.3,941099
INDLMETER,20190128,42.7,42.7,40.7,41,3910
INDNIPPON,20190128,410.05,411.9,388.35,397.8,8478
INDOCO,20190128,184.5,212,178.85,183.45,209337
INDORAMA,20190128,34.25,34.25,33.8,33.9,308252
INDOSOLAR,20190128,2.05,2.15,2,2.05,108156
INDOSTAR,20190128,338.7,338.75,324.05,325.75,7435
INDOTECH,20190128,110,110,100.15,103.55,8377
INDOTHAI,20190128,28.05,29.35,26.2,28.15,7157
INDOWIND,20190128,5.25,5.25,4.95,5.05,16820
INDRAMEDCO,20190128,38.3,38.8,37.05,37.4,53169
INDSWFTLAB,20190128,46.9,46.9,42.3,43.1,9544
INDSWFTLTD,20190128,5.95,6.1,5.85,6.1,5920
INDTERRAIN,20190128,131.05,136.3,125.95,127.9,11965
INDUSINDBK,20190128,1472.2,1492.95,1437.4,1443.7,2246761
INEOSSTYRO,20190128,655.7,660,635,639.05,1086
INFIBEAM,20190128,42.65,43.3,39.45,39.95,11343112
INFRABEES,20190128,307,318.2,300.88,315.7,969
INFRATEL,20190128,283.7,293.85,277.05,287.3,8309902
INFY,20190128,731,732.6,719,727.95,7944693
INGERRAND,20190128,583.75,599.9,577,588.3,14661
INOXLEISUR,20190128,259.95,259.95,247,249.4,282377
INOXWIND,20190128,68.5,69.55,66.2,68.15,47589
INSECTICID,20190128,600.05,613.4,581.65,590.45,20628
INSPIRISYS,20190128,51.45,53.45,50.05,50.85,11716
INTELLECT,20190128,209.55,209.9,188.35,193.6,1003742
INTENTECH,20190128,40,40,36.25,36.65,10014
INVENTURE,20190128,14.45,14.45,14,14.3,7121
IOB,20190128,14.1,14.25,13.5,13.6,594840
IOC,20190128,137.2,138.35,136.4,138.05,5570306
IOLCP,20190128,210.5,212.9,169.6,169.6,1894571
IPAPPM,20190128,425.15,425.15,399.2,408,58518
IPCALAB,20190128,770.05,791.1,770.05,779.9,105990
IRB,20190128,146.8,149.85,143.05,147.85,1682967
IRCON,20190128,390,393.85,371,375.65,64444
ISEC,20190128,202,205.15,198.1,201.85,215897
ISFT,20190128,156.95,156.95,148.1,149.55,863
ISMTLTD,20190128,7.6,7.75,7.4,7.45,2592
ITC,20190128,278.9,279.45,274.2,274.75,8992136
ITDC,20190128,283,283.5,278,279.5,5917
ITDCEM,20190128,123.2,123.2,116,118.5,109486
ITI,20190128,104.9,104.95,99,99.75,1076398
IVC,20190128,6.35,6.35,6,6,432990
IVP,20190128,111.15,113.4,106.5,108.1,741
IVRCLINFRA,20190128,0.9,0.95,0.9,0.9,951636
IVZINGOLD,20190128,2939,2974,2930,2935,19
IZMO,20190128,61.05,61.05,57.1,58.05,18751
J&KBANK,20190128,39.5,39.9,38.65,39.6,1908266
JAGRAN,20190128,105.6,105.6,100.15,101.15,100213
JAGSNPHARM,20190128,31.65,31.65,29.55,29.75,10189
JAIBALAJI,20190128,18.5,18.5,17.35,17.5,27519
JAICORPLTD,20190128,103,103,96.15,97.8,646117
JAINSTUDIO,20190128,4.6,5,4.6,4.65,1585
JAMNAAUTO,20190128,55.5,56,52.2,53.55,1178373
JAYAGROGN,20190128,197.25,207,197.25,201.15,15651
JAYBARMARU,20190128,253.8,253.8,245,248.55,10045
JAYNECOIND,20190128,4.8,5.15,4.8,5.05,2858
JAYSREETEA,20190128,77.3,77.5,75.1,75.25,53339
JBCHEPHARM,20190128,310.55,315.95,304.8,309.85,38265
JBFIND,20190128,19.95,20.2,19,19.05,47451
JBMA,20190128,276.8,276.8,262,268.3,18151
JCHAC,20190128,1755.1,1830,1740,1796.05,2959
JETAIRWAYS,20190128,255.95,261.05,242.6,244.8,9565855
JHS,20190128,27.2,27.5,24.5,25.95,73969
JINDALPHOT,20190128,27.35,28.95,26.6,26.6,4235
JINDALPOLY,20190128,248.8,248.8,231.75,236.55,27875
JINDALSAW,20190128,78,80.5,75.05,79.95,809548
JINDALSTEL,20190128,137.8,138.7,128.25,132.25,11483485
JINDCOT,20190128,5.15,5.15,4.75,5,2362
JINDRILL,20190128,109.9,111.9,104.8,105.4,18548
JINDWORLD,20190128,73,73.9,70.8,71.55,200356
JISLDVREQS,20190128,43.05,43.1,41.5,41.95,48097
JISLJALEQS,20190128,59.3,59.75,57.5,58.1,8476395
JITFINFRA,20190128,18.45,18.45,16.9,17.05,1402
JKCEMENT,20190128,715,715,683,701.8,10450
JKIL,20190128,115.85,116,112.15,113.3,94044
JKLAKSHMI,20190128,293,299,287.15,298.05,64641
JKPAPER,20190128,142,142,124,126.05,1861023
JKTYRE,20190128,95,95.6,91.5,94.05,350659
JMA,20190128,159,161,158,159.25,1088
JMCPROJECT,20190128,89,90.9,88.35,88.95,100535
JMFINANCIL,20190128,82,82.15,76.45,77.6,630875
JMTAUTOLTD,20190128,3,3.1,2.9,2.95,73535
JOCIL,20190128,121.05,124,115.1,121.55,2046
JPASSOCIAT,20190128,6.65,6.7,6.45,6.6,20143662
JPINFRATEC,20190128,3.5,3.5,3.35,3.35,561319
JPOLYINVST,20190128,35.45,36.55,35.25,35.25,3012
JPPOWER,20190128,1.95,1.95,1.9,1.9,1339072
JSL,20190128,28.75,28.75,26.2,26.75,1187628
JSLHISAR,20190128,81.3,82.7,76.05,78.35,806274
JSWENERGY,20190128,67.4,67.4,64.45,64.95,388519
JSWHL,20190128,2700,2700,2630,2632.55,2176
JSWSTEEL,20190128,274,274.25,263.05,267.75,4518237
JTEKTINDIA,20190128,96.05,96.4,90.45,93,119756
JUBILANT,20190128,707.95,726.55,697.05,714.15,278959
JUBLFOOD,20190128,1197.4,1212,1183.25,1202.05,1239212
JUBLINDS,20190128,108.8,109.05,100.6,107.95,15917
JUNIORBEES,20190128,276,280,266.2,271.88,60897
JUSTDIAL,20190128,479.6,479.7,453.85,458.85,1060139
JYOTHYLAB,20190128,181.85,181.9,172.2,175,806115
KABRAEXTRU,20190128,69,70.05,68,69.3,13609
KAJARIACER,20190128,538.15,538.6,514.45,533.05,585400
KAKATCEM,20190128,188.45,188.45,177,180.9,7614
KALPATPOWR,20190128,376.05,376.05,365.05,367.35,20679
KALYANIFRG,20190128,289.8,289.8,273,289,16
KAMATHOTEL,20190128,43.75,43.75,40.25,40.6,60677
KAMDHENU,20190128,166.6,166.6,157.9,161,25376
KANANIIND,20190128,5.15,5.15,4.55,4.65,3057
KANORICHEM,20190128,68.35,68.35,64.2,65.35,28617
KANSAINER,20190128,452,453.9,432.25,438.05,165695
KARDA,20190128,197,198.8,189.3,194.6,49577
KARMAENG,20190128,19.4,19.4,18.8,18.8,40
KARURVYSYA,20190128,91.5,92,87.45,89.15,1266762
KAUSHALYA,20190128,0.9,0.95,0.9,0.95,715
KAVVERITEL,20190128,7.2,7.2,6.35,6.55,11272
KAYA,20190128,728.6,728.6,681.6,700.85,11605
KCP,20190128,85.5,85.7,80.65,81.9,55648
KCPSUGIND,20190128,17.2,17.25,16.45,16.8,149732
KDDL,20190128,450.95,470,410.25,423.5,1393
KEC,20190128,249.1,249.1,238.6,241.7,205333
KECL,20190128,18.25,18.75,17.6,17.7,26964
KEI,20190128,350,350,333.6,348.2,111012
KELLTONTEC,20190128,45,45.7,41.4,42.4,144348
KERNEX,20190128,26,26,24.7,24.95,8089
KESARENT,20190128,26.6,28.9,26.6,27,1750
KESORAMIND,20190128,77.95,78,72.95,73.7,155024
KGL,20190128,1.65,1.65,1.65,1.65,136601
KHADIM,20190128,481,481.15,468,478.65,3614
KHAITANLTD,20190128,29.5,31,29.5,31,53
KICL,20190128,1535,1544.05,1466.8,1490.9,1114
KILITCH,20190128,215.8,218.95,196.35,203.3,180004
KINGFA,20190128,726.8,739,700,703.15,3557
KIOCL,20190128,138.8,138.8,131.85,134.05,15594
KIRIINDUS,20190128,419.25,421.9,400,400.85,72675
KIRLOSBROS,20190128,150,150.05,135,135.6,216092
KIRLOSENG,20190128,188,188,175.05,177.6,21334
KIRLOSIND,20190128,865.45,869.05,844,852.35,204
KITEX,20190128,102.75,102.75,97.9,102.1,148104
KKCL,20190128,1217.95,1217.95,1165,1169.85,387
KMSUGAR,20190128,8.05,8.05,7.8,7.8,63717
KNRCON,20190128,207,211.25,201.8,204,122526
KOHINOOR,20190128,33.3,33.9,31.85,32.25,60422
KOKUYOCMLN,20190128,102,102,97,98.65,21720
KOLTEPATIL,20190128,264.9,265,251.1,253.6,65643
KOPRAN,20190128,45.05,45.35,42.2,42.85,362487
KOTAKBANK,20190128,1269,1285,1255,1260.45,2054592
KOTAKBKETF,20190128,277.06,278,271.79,272.81,26453
KOTAKGOLD,20190128,283.55,286,283.55,285.5,72123
KOTAKNIFTY,20190128,110.18,110.61,109.12,109.62,145842
KOTAKNV20,20190128,55.4,55.4,54,54.6,6089
KOTAKPSUBK,20190128,294,294.95,287,290.7,3706
KOTARISUG,20190128,9.15,9.35,9.15,9.2,11972
KOTHARIPET,20190128,20.25,20.45,19.6,20.25,17531
KOTHARIPRO,20190128,98.5,98.55,92.1,93.85,3936
KPIT,20190128,112,117.65,106.5,111.75,11058081
KPRMILL,20190128,521.4,541.95,516.55,539.8,42235
KRBL,20190128,353.2,357,331,333,256182
KREBSBIO,20190128,117,117,108.3,113.4,2798
KRIDHANINF,20190128,40.5,40.65,38.7,39.15,70785
KSB,20190128,690,708.75,677,681.9,7304
KSCL,20190128,593.9,604.1,577.65,590.35,542093
KSERASERA,20190128,0.15,0.15,0.1,0.15,905541
KSK,20190128,1.35,1.35,1.35,1.35,153552
KSL,20190128,208,208.05,197,200.7,37931
KTIL,20190128,63.9,65.95,60.3,60.4,5443
KTKBANK,20190128,117.55,118,114.8,116.05,1426205
KWALITY,20190128,6.9,6.95,6.6,6.7,1315195
L&TFH,20190128,133.7,134.8,124.45,128.45,10124940
LAKSHVILAS,20190128,68.1,69.75,67.05,69,205342
LALPATHLAB,20190128,1069.7,1069.7,1000,1002.05,76974
LAMBODHARA,20190128,44.7,44.7,40.05,40.45,6201
LAOPALA,20190128,214.2,215.25,208,209.25,11393
LASA,20190128,23.1,24.95,23.05,24,13720
LAURUSLABS,20190128,370.15,372.95,360,363.7,23919
LAXMIMACH,20190128,5372.9,5450.05,5280,5308.45,2388
LEEL,20190128,37.35,37.9,32.6,33.65,403846
LEMONTREE,20190128,67.05,69.3,65.5,66.9,621305
LGBBROSLTD,20190128,409.05,410.05,402.05,405.6,9672
LGBFORGE,20190128,2.9,2.9,2.9,2.9,17
LIBERTSHOE,20190128,155.3,156,150,154.8,54147
LICHSGFIN,20190128,453.8,455.9,442,446.7,1544866
LICNETFGSC,20190128,17.95,17.95,17.75,17.75,13
LICNETFN50,20190128,109,112.9,109,109.61,28
LICNETFSEN,20190128,368,399.95,363.1,385,2649
LINCOLN,20190128,199.25,199.3,185.25,188.15,48206
LINCPEN,20190128,252,252,240.05,240.35,779
LINDEINDIA,20190128,559,559,481.55,490.7,704562
LIQUIDBEES,20190128,1000,1000.01,999.51,999.99,680932
LIQUIDETF,20190128,999.99,1000.01,926.7,1000,49545
LOKESHMACH,20190128,44.05,44.05,42.5,42.9,3767
LOTUSEYE,20190128,25.45,25.75,23.7,24.8,17085
LOVABLE,20190128,103.55,103.55,97.9,98.55,34137
LPDC,20190128,4.15,4.45,4.05,4.35,27310
LSIL,20190128,1.15,1.15,1.05,1.1,677966
LT,20190128,1295.45,1337.9,1291.65,1300.45,8004136
LTI,20190128,1713,1747.45,1681,1702.7,114823
LTTS,20190128,1689.95,1719,1671.1,1708.75,105494
LUMAXIND,20190128,1586.9,1586.9,1405.05,1437.25,5941
LUMAXTECH,20190128,163.95,163.95,152.95,156.85,35251
LUPIN,20190128,849.15,870.65,844.3,865.25,2416180
LUXIND,20190128,1217,1250,1184.5,1198.15,77930
LYKALABS,20190128,25.6,25.65,23.5,23.65,30017
LYPSAGEMS,20190128,8.65,8.65,8.2,8.3,38668
M&M,20190128,683.5,683.5,667.5,673.05,5762442
M&MFIN,20190128,420.1,426.65,397.3,403.6,3223984
M100,20190128,18,18.04,16.4,17.38,47960
M50,20190128,104,105.5,103.1,103.1,673
MAANALU,20190128,96.65,96.65,88,88.6,5590
MADHAV,20190128,43.95,44.5,40.75,42.2,4188
MADHUCON,20190128,6.3,6.6,6.15,6.3,21367
MADRASFERT,20190128,24.5,25.4,24,24.15,103624
MAGADSUGAR,20190128,88,90.95,83.8,83.8,13464
MAGMA,20190128,101.6,102.6,99,99.95,62784
MAGNUM,20190128,6.2,6.2,5.65,5.75,6584
MAHABANK,20190128,14.2,14.2,13.7,13.75,501820
MAHAPEXLTD,20190128,103,109.7,102.6,103.15,613
MAHASTEEL,20190128,82,83.7,78,82.3,164638
MAHINDCIE,20190128,234.15,234.15,222,227.4,234600
MAHLIFE,20190128,412.3,417.6,378.1,406.95,92254
MAHLOG,20190128,501.65,505,492.95,496.3,22963
MAHSCOOTER,20190128,3258.4,3283.3,3018,3091.6,12632
MAHSEAMLES,20190128,485.8,485.8,438.95,473.1,66616
MAITHANALL,20190128,393.5,399.8,373.15,379,40129
MAJESCO,20190128,476,479.7,445.3,449.25,18021
MALUPAPER,20190128,32.4,33,30.85,31.2,12916
MANAKALUCO,20190128,7.1,7.4,6.55,6.85,9477
MANAKCOAT,20190128,6.5,6.5,6.3,6.3,7293
MANAKSIA,20190128,37.15,38,36.2,36.5,3172
MANAKSTEEL,20190128,18.4,18.85,17.5,18.4,5099
MANALIPETC,20190128,24.8,24.8,22.75,23.2,415501
MANAPPURAM,20190128,98.65,99.2,93.7,95.9,3440351
MANDHANA,20190128,3.8,3.9,3.65,3.65,22880
MANGALAM,20190128,71.45,71.45,63.6,64,29468
MANGCHEFER,20190128,40.55,41.85,40.1,40.15,10449
MANGLMCEM,20190128,221,221,210.3,211.7,3708
MANGTIMBER,20190128,18.55,18.95,18.2,18.4,8253
MANINDS,20190128,64.65,64.65,63.5,64.15,28218
MANINFRA,20190128,35.9,36.05,34.15,34.3,100070
MANPASAND,20190128,78.9,79.45,73.3,73.55,236391
MANUGRAPH,20190128,29.05,29.9,28.15,29.1,3928
MARALOVER,20190128,27.2,27.8,26.5,27.35,19488
MARATHON,20190128,110,118,102.9,104.55,7839
MARICO,20190128,369,371.2,362.45,365.15,1317448
MARKSANS,20190128,26.6,26.8,25.5,25.95,987806
MARUTI,20190128,6512.5,6610,6317.7,6511.05,2398091
MASFIN,20190128,524.65,537.7,516.25,527.4,3671
MASTEK,20190128,410,410,394.1,401.8,38452
MATRIMONY,20190128,429.05,432.4,423,425.6,1350
MAWANASUG,20190128,41.5,42.4,40.65,40.65,30808
MAXINDIA,20190128,87.4,87.4,81.5,84.4,538683
MAXVIL,20190128,49.15,49.75,47.3,47.7,28338
MAYURUNIQ,20190128,365.05,370.95,363.6,367.7,5499
MAZDA,20190128,271.15,274.85,267,271.75,3318
MBECL,20190128,8.7,9.1,8.5,9.1,23322
MBLINFRA,20190128,13.75,13.75,13.1,13.35,59392
MCDHOLDING,20190128,26.2,26.7,25,25.3,5830
MCDOWELL-N,20190128,558.85,561,540,544.1,995460
MCLEODRUSS,20190128,104.55,104.55,98,98.4,104306
MCX,20190128,709.7,713.95,701.05,708,235934
MEGASOFT,20190128,7.05,7.35,7,7.35,10012
MEGH,20190128,53.95,54.35,51.9,52.6,529097
MELSTAR,20190128,1.4,1.4,1.4,1.4,10
MENONBE,20190128,78.4,78.85,73.15,75.95,25181
MEP,20190128,39.15,39.9,37.4,39.2,487702
MERCATOR,20190128,8.6,9.05,8.6,8.6,1734861
MERCK,20190128,3213.9,3213.9,3027,3097.95,18475
METALFORGE,20190128,9.4,9.4,8.8,9.2,23395
METKORE,20190128,1.15,1.2,1.15,1.2,9403
MFSL,20190128,425.55,425.55,390.95,400.15,1532629
MGL,20190128,905.7,910,894.05,901.5,296576
MHRIL,20190128,203.05,206.9,197.4,205.3,59072
MIC,20190128,0.9,0.9,0.85,0.85,344446
MIDHANI,20190128,125,126.75,120.6,121.2,105695
MINDACORP,20190128,144.75,147.8,135,145.1,113489
MINDAIND,20190128,292,295.15,274,283.15,340898
MINDTECK,20190128,40.5,40.5,37,37.4,16486
MINDTREE,20190128,872,884.25,856.05,868.6,2225129
MIRCELECTR,20190128,24,24.45,22.75,23.35,148139
MIRZAINT,20190128,74.95,75.3,70.85,71.35,288206
MMFL,20190128,480.15,489.9,470.65,485.95,5087
MMTC,20190128,27.15,27.15,26.2,26.45,498166
MOHITIND,20190128,9.7,10.05,9.65,9.95,10324
MOHOTAIND,20190128,61.7,61.7,47.25,50.25,199494
MOIL,20190128,159.8,159.8,156.3,157.3,69141
MOLDTECH,20190128,48.05,49.75,45.05,45.65,12306
MOLDTKPAC,20190128,255,256.8,231.35,236.1,44123
MONSANTO,20190128,2543.25,2566.05,2521,2552.85,867
MONTECARLO,20190128,370.05,371.95,363.05,366.3,9121
MORARJEE,20190128,23,25.7,22.2,22.45,5020
MOREPENLAB,20190128,20.35,20.5,19.6,19.8,347033
MOTHERSUMI,20190128,150.8,151.65,142.3,145.3,6821443
MOTILALOFS,20190128,643,653,628.6,647.2,67675
MOTOGENFIN,20190128,48.3,49,48.05,48.75,2602
MPHASIS,20190128,915,945.9,901,940.95,326801
MPSLTD,20190128,460.05,465.25,455,458.75,2561
MRF,20190128,63875,63875,62450,62559.95,4488
MRO-TEK,20190128,39.9,43.85,39,41.2,23868
MRPL,20190128,68.6,69.85,67.35,68.75,1358411
MSPL,20190128,12.1,12.1,11.05,11.4,13023
MTEDUCARE,20190128,58.55,59.2,55,58,40150
MTNL,20190128,14.3,14.3,13.75,13.8,502157
MUKANDENGG,20190128,21.3,21.3,19,19.1,4704
MUKANDLTD,20190128,49.8,49.85,46.8,48.65,93229
MUKTAARTS,20190128,38.15,38.7,38,38.1,10740
MUNJALAU,20190128,53,53.5,52,52.3,45963
MUNJALSHOW,20190128,173.8,173.8,169.25,170.45,7583
MURUDCERA,20190128,21.95,22,20.55,20.75,53391
MUTHOOTCAP,20190128,920,923.9,860,868.65,10002
MUTHOOTFIN,20190128,538,538,502.65,509.05,2100474
MVL,20190128,0.25,0.25,0.2,0.25,76244
N100,20190128,475,475,460,462.53,4621
NACLIND,20190128,29.4,29.4,27.25,27.25,28112
NAGAFERT,20190128,8.65,8.7,8.2,8.25,479832
NAGAROIL,20190128,0.6,0.65,0.55,0.6,392816
NAGREEKCAP,20190128,13.3,13.6,12.85,13.55,4890
NAGREEKEXP,20190128,24.3,24.3,20.75,22.25,6443
NAHARCAP,20190128,92,92,89.2,89.5,5694
NAHARINDUS,20190128,47.8,51,47.25,48.65,9024
NAHARPOLY,20190128,36.65,37.1,36.5,36.85,4752
NAHARSPING,20190128,90.15,90.15,87,87.05,5430
NATCOPHARM,20190128,676.1,678,659.4,669.55,96658
NATHBIOGEN,20190128,385.35,388.75,376.5,382.5,6174
NATIONALUM,20190128,61.25,61.3,59.75,59.9,6065127
NATNLSTEEL,20190128,6.45,6.55,6.2,6.3,14017
NAUKRI,20190128,1694,1701.6,1641,1673.6,250359
NAVINFLUOR,20190128,640,646.15,621,625.9,33940
NAVKARCORP,20190128,47.7,47.7,44.3,45.45,150210
NAVNETEDUL,20190128,108,109.4,105.1,105.65,39431
NBCC,20190128,56.85,57.2,55.5,55.9,4519089
NBIFIN,20190128,1205,1205.65,1204.9,1205,607
NBVENTURES,20190128,111,111,108.25,109,619013
NCC,20190128,81.75,82.2,78.9,79.4,5883868
NCLIND,20190128,127,127,118.2,118.9,19324
NDGL,20190128,805,849,802,818.65,1134
NDL,20190128,59.95,59.95,56.1,57.2,26376
NDTV,20190128,34.5,36.35,34.1,34.9,29111
NECCLTD,20190128,8.6,9,8.45,8.5,9175
NECLIFE,20190128,18.65,18.8,18,18.25,90106
NELCAST,20190128,76.15,76.15,72.35,72.7,42889
NELCO,20190128,250,251.5,239.75,239.75,32835
NESCO,20190128,449.35,452.55,438.55,443.5,45928
NESTLEIND,20190128,11365.6,11420,11155,11360.6,103963
NETWORK18,20190128,36.7,37.3,36,36.1,210571
NEULANDLAB,20190128,491.1,497.9,490,495.2,1549
NEWGEN,20190128,302.8,302.8,289.65,293.35,19590
NEXTMEDIA,20190128,25.25,25.25,24.85,25.25,80325
NFL,20190128,34.9,35.1,33.45,33.75,319632
NH,20190128,188.05,191.9,187,190.05,9069
NHPC,20190128,25,25.1,24.5,24.55,1752146
NIACL,20190128,175.6,175.6,172,174.05,15995
NIBL,20190128,21.25,21.35,20.2,20.9,114
NIFTYBEES,20190128,1129.19,1132,1114.81,1117.81,102308
NIFTYEES,20190128,12001.11,12700,12001.11,12260.1,4
NIITLTD,20190128,84,84,79.7,82.25,649169
NIITTECH,20190128,1299,1313.85,1284.2,1291,670736
NILAINFRA,20190128,7.15,7.25,7,7.05,172008
NILASPACES,20190128,3.05,3.1,3,3,234629
NILKAMAL,20190128,1273,1289.1,1220.15,1260.35,31584
NIPPOBATRY,20190128,700,700,685,685,500
NITCO,20190128,38.4,38.4,34.2,34.85,134949
NITESHEST,20190128,6.5,6.65,5.8,5.95,167402
NITINFIRE,20190128,1.65,1.65,1.55,1.55,91544
NITINSPIN,20190128,87,94.75,82.7,85.45,46727
NKIND,20190128,43.15,44,43.15,43.2,147
NLCINDIA,20190128,68,68.65,67.8,68.05,213302
NMDC,20190128,90.6,91.8,89.9,91.2,2412974
NOCIL,20190128,145.65,145.65,135.5,140.5,608032
NOIDATOLL,20190128,7.2,7.3,6.5,6.7,37834
NRAIL,20190128,332.95,332.95,307.9,312,16908
NRBBEARING,20190128,191,191.95,175.8,178.85,111339
NSIL,20190128,1069.65,1070.1,1052.5,1058.15,588
NTL,20190128,1.2,1.25,1.15,1.25,1670
NTPC,20190128,138.5,139.5,136.65,138.6,6086122
NUCLEUS,20190128,359,368,352,354.15,7962
NUTEK,20190128,0.35,0.4,0.35,0.4,7145
OBEROIRLTY,20190128,459.95,462.8,446.25,448.1,131400
OCCL,20190128,1149.4,1154,1142.3,1149.6,10218
OFSS,20190128,3735,3751.55,3696.05,3727.15,19146
OIL,20190128,172.05,172.9,170.1,171.7,632113
OILCOUNTUB,20190128,13.8,13.9,12.55,13.05,15443
OISL,20190128,2.4,2.55,2.35,2.35,11657
OLECTRA,20190128,226,229.9,218,221.2,40087
OMAXAUTO,20190128,78.9,79.15,76,77.7,15374
OMAXE,20190128,212.95,213.8,209.9,210.95,299671
OMKARCHEM,20190128,24,24,23.65,23.65,7447
OMMETALS,20190128,35.8,35.85,33.5,33.9,23555
ONELIFECAP,20190128,12.9,14.1,12.8,13.1,5140
ONGC,20190128,142.5,142.95,139.65,141.65,2910523
ONMOBILE,20190128,35.15,35.15,33.75,33.9,152761
ONWARDTEC,20190128,61.75,62.9,57.75,58.2,11156
OPTIEMUS,20190128,111.95,111.95,106.05,106.55,4685
OPTOCIRCUI,20190128,9.1,9.2,8.35,8.8,542806
ORBTEXP,20190128,114,114,107.75,110.9,1648
ORICONENT,20190128,28.7,28.7,26.35,26.9,96596
ORIENTABRA,20190128,25.5,26.4,24,24.45,19424
ORIENTALTL,20190128,11.45,11.8,11,11.4,19328
ORIENTBANK,20190128,93.1,94.1,91.1,91.45,3375907
ORIENTBELL,20190128,168.25,168.75,161.4,163.35,19390
ORIENTCEM,20190128,71.5,71.6,67.8,69.45,45986
ORIENTELEC,20190128,145,145,135.05,138.5,70331
ORIENTHOT,20190128,40.1,40.95,37.55,39.5,63333
ORIENTLTD,20190128,154.1,169.95,154.1,158.25,1539
ORIENTPPR,20190128,36.4,36.4,33.95,34.3,647468
ORIENTREF,20190128,207.35,207.35,188.5,196.25,40069
ORISSAMINE,20190128,799,802.95,751.1,759.6,7816
ORTEL,20190128,4.05,4.05,4,4.05,5376
ORTINLABSS,20190128,15.25,15.35,13.7,14.1,8507
OSWALAGRO,20190128,8.8,8.8,8,8.25,10915
PAGEIND,20190128,22849,22900,22313,22370.8,25359
PAISALO,20190128,304.1,304.1,296.05,298.7,637
PALASHSECU,20190128,38,41.75,38,41.35,521
PALREDTEC,20190128,38.5,38.5,35.15,35.25,2226
PANACEABIO,20190128,158,158.45,151.5,154.3,19660
PANAMAPET,20190128,121.05,121.05,114,115.15,8790
PAPERPROD,20190128,173.3,174.2,169.95,171.25,14915
PARABDRUGS,20190128,2,2,1.95,2,7123
PARACABLES,20190128,10.7,10.8,10.5,10.65,82763
PARAGMILK,20190128,221.95,223,207,213.9,235604
PARSVNATH,20190128,6.7,6.75,5.95,6,183211
PATELENG,20190128,30.3,31,29,29.35,170943
PATINTLOG,20190128,42.3,42.95,39.6,40.6,17084
PATSPINLTD,20190128,10.25,10.25,9.55,10,3970
PCJEWELLER,20190128,76,76.75,74.1,74.55,6660818
PDMJEPAPER,20190128,20.55,21,19.75,20.1,37238
PDPL,20190128,14,14.4,12.55,12.55,11260
PDSMFL,20190128,271,271,266.5,269.4,7241
PEARLPOLY,20190128,12.9,13.5,12.9,13.05,3221
PEL,20190128,2299.9,2299.9,2111.1,2170.5,1195252
PENIND,20190128,36.05,36.8,34.75,36.55,180443
PENINLAND,20190128,9.8,9.8,9.2,9.3,415166
PENPEBS,20190128,56.25,58.2,55.6,56.95,6739
PERSISTENT,20190128,562.95,575,561,564.95,381234
PETRONENGG,20190128,32,32.5,30.8,32,597
PETRONET,20190128,227.25,227.25,217.55,219,4780072
PFC,20190128,103.2,103.25,98.3,100.75,5655057
PFIZER,20190128,2798,2824.25,2760.1,2804.5,23540
PFOCUS,20190128,57.15,59.9,55.5,55.85,12050
PFS,20190128,15.75,15.9,15.15,15.35,586204
PGEL,20190128,98.05,100,92.1,93.6,36445
PGHH,20190128,9975,9984,9855,9908.8,3557
PGIL,20190128,148,148,138.25,140.8,2481
PHILIPCARB,20190128,168.8,168.8,158,159.15,1217019
PHOENIXLTD,20190128,605,610,593.65,606.5,36031
PIDILITIND,20190128,1132,1135,1098.1,1102,428568
PIIND,20190128,849.95,863,831.35,846.7,40747
PILANIINVS,20190128,2000,2000,1885.05,1923.5,37
PILITA,20190128,7.5,7.75,7.1,7.1,25020
PIONDIST,20190128,156.15,159,150,153.65,6850
PIONEEREMB,20190128,27.25,27.25,25.6,25.9,7378
PIRPHYTO,20190128,28.5,28.5,28.25,28.25,1100
PITTIENG,20190128,55.9,55.9,52.15,52.55,219516
PKTEA,20190128,165,165,161.15,161.9,45
PLASTIBLEN,20190128,175.05,175.05,170,170.5,2439
PNB,20190128,77,78.15,75.75,76.1,19106196
PNBGILTS,20190128,30.1,30.25,29.35,29.4,172672
PNBHOUSING,20190128,899,918.95,846.05,904.25,209338
PNC,20190128,17.8,17.8,16.25,17.35,16828
PNCINFRA,20190128,147.55,150,142.3,143.1,83151
PODDARHOUS,20190128,480,497.5,450,469.7,2883
PODDARMENT,20190128,180,180,169.6,169.95,948
POKARNA,20190128,165,169,154.05,165.5,46206
POLYMED,20190128,216.7,217.8,215,216.4,2617
POLYPLEX,20190128,485.2,486.95,471,472.05,14097
PONNIERODE,20190128,133,140,130.3,137.6,1488
POWERGRID,20190128,186,188.6,182,187.8,4185481
POWERMECH,20190128,870.6,870.6,795.75,834.55,4171
PPAP,20190128,316,324,285.95,292,19315
PRABHAT,20190128,67.1,68.9,62.15,63.95,1590063
PRADIP,20190128,1.55,1.55,1.5,1.55,4748
PRAENG,20190128,8.05,8.05,7.8,7.9,14833
PRAJIND,20190128,121.6,122.15,111.5,112.55,3435806
PRAKASH,20190128,85.95,86.8,84.05,85.3,565900
PRAKASHCON,20190128,3.9,4,3.6,3.8,212421
PRAKASHSTL,20190128,0.3,0.3,0.3,0.3,1400
PRAXIS,20190128,163.3,164.05,153.6,156.45,7684
PRECAM,20190128,61.6,62.85,58.95,59.55,12740
PRECOT,20190128,60.7,61,59,59.5,1370
PRECWIRE,20190128,216.15,216.95,206.65,212.1,4764
PREMEXPLN,20190128,259.9,264,252,254.8,31122
PREMIER,20190128,7.45,8,7.3,7.45,5642
PREMIERPOL,20190128,26,26,25,25.05,3069
PRESSMN,20190128,31.65,31.65,28.4,30.5,12813
PRESTIGE,20190128,206.2,211.1,198.3,203.9,57697
PRICOLLTD,20190128,44.8,45.3,44,44.1,51114
PRIMESECU,20190128,41.4,43.5,40.3,42.85,24815
PROSEED,20190128,0.65,0.65,0.6,0.6,250125
PROVOGE,20190128,1.9,1.9,1.9,1.9,92037
PROZONINTU,20190128,29.05,29.25,27.35,27.6,89294
PRSMJOHNSN,20190128,75.05,76.55,73.8,74.85,182305
PSB,20190128,28.5,28.65,27.5,27.9,63228
PSL,20190128,1.2,1.2,1.15,1.15,55962
PSPPROJECT,20190128,393.1,393.1,380,382.95,24327
PSUBNKBEES,20190128,322,325.44,315,320.49,1758
PTC,20190128,85.6,86.5,79.1,80.6,2069912
PTL,20190128,40,40.75,39,39.35,35879
PUNJABCHEM,20190128,727.95,727.95,673.1,697.8,10635
PUNJLLOYD,20190128,3.05,3.05,3.05,3.05,346481
PURVA,20190128,72.1,72.6,69.05,70.15,109638
PVP,20190128,3.75,3.8,3.65,3.65,127656
PVR,20190128,1569.8,1584.9,1540,1577.2,264800
QGOLDHALF,20190128,1432.15,1444.95,1432.15,1439.4,194
QNIFTY,20190128,1090,1090,1088,1088,2
QUESS,20190128,644,657,632,641.95,63816
QUICKHEAL,20190128,188.85,192,183.75,187.05,56894
RADAAN,20190128,2.95,3.25,2.95,3.2,11446
RADICO,20190128,415.2,424.95,412.05,417.6,402779
RADIOCITY,20190128,274.05,290,268.25,282.75,13679
RAIN,20190128,115.7,115.7,109.15,110.6,849416
RAINBOWPAP,20190128,1,1.05,0.95,0.95,13962
RAJESHEXPO,20190128,583.5,596.35,575.15,584.95,118476
RAJSREESUG,20190128,20.75,21.7,20.7,20.7,5901
RAJTV,20190128,47.55,47.55,47.55,47.55,3376
RALLIS,20190128,162,165.55,160.3,163.1,109191
RAMANEWS,20190128,23.8,23.8,22.7,22.85,152089
RAMASTEEL,20190128,107.85,108.4,103.55,104,25026
RAMCOCEM,20190128,582,582.4,561.15,569.95,348896
RAMCOIND,20190128,218.9,218.9,205,206.2,50020
RAMCOSYS,20190128,243,265,239.1,240.7,9379
RAMGOPOLY,20190128,3.25,3.25,3.25,3.25,18
RAMKY,20190128,133.95,133.95,123.5,124.7,26405
RANASUG,20190128,3.2,3.2,3.05,3.05,86159
RANEENGINE,20190128,450.05,454.25,450,450.05,480
RANEHOLDIN,20190128,1010.45,1084,972.3,988.25,4384
RATNAMANI,20190128,879.55,885.2,868,884.8,7434
RAYMOND,20190128,774,774,736.25,746.65,708484
RBL,20190128,541,588,508,559.95,30462
RBLBANK,20190128,574.85,575.8,552.35,563.15,2517674
RCF,20190128,61.75,61.95,59.15,60,769318
RCOM,20190128,12.45,12.45,11.85,12.15,47207121
RECLTD,20190128,121,121.3,117.7,118.95,3490410
REDINGTON,20190128,69.55,75.3,69.5,73.3,2210698
REFEX,20190128,23.45,23.45,23.45,23.45,3167
REGENCERAM,20190128,4.1,4.2,4.1,4.2,1358
RELAXO,20190128,714.3,735,714.3,731,26120
RELCAPITAL,20190128,210.8,211.45,195.1,198.5,7179567
RELCNX100,20190128,112,112.3,109.6,110.95,93
RELCONS,20190128,51.9,52,49.13,49.42,4540
RELDIVOPP,20190128,29.99,29.99,28.59,28.59,978
RELIANCE,20190128,1250.5,1255.95,1222.4,1229.55,8569265
RELIGARE,20190128,24.85,24.9,21.7,23.85,187205
RELINFRA,20190128,272.9,274.3,252.35,257.5,4587277
RELNV20,20190128,555,555,546.05,549,789
REMSONSIND,20190128,108.25,114.9,108.25,113.1,224
RENUKA,20190128,10.55,10.55,10.1,10.3,507063
REPCOHOME,20190128,409.35,412.65,390.1,396.65,488388
REPRO,20190128,575.05,587.95,552.9,567.3,11714
RESPONIND,20190128,89,90,82.8,84.2,165805
REVATHI,20190128,365.2,389,365.2,382,251
RHFL,20190128,37,37.1,35,35.6,247685
RICOAUTO,20190128,64.5,64.55,62,62.2,98159
RIIL,20190128,324.95,325.5,311,314.7,108725
RITES,20190128,245.5,252.7,238.7,240.05,324832
RJL,20190128,304.5,307.95,298,300.45,12272
RKDL,20190128,9,9,8.05,8.3,16992
RKFORGE,20190128,501.15,510,473.3,501.6,17471
RMCL,20190128,25.65,25.65,23.25,23.8,94467
RML,20190128,408,412.4,385.25,391.6,5503
RNAM,20190128,147,147.85,138.45,139.9,85916
RNAVAL,20190128,12.15,12.3,11.3,11.65,1345181
ROHLTD,20190128,114.55,114.55,105.35,106.7,36144
ROLLT,20190128,2.65,2.75,2.2,2.25,112995
ROLTA,20190128,6.05,6.3,6.05,6.05,946983
ROSSELLIND,20190128,84.75,84.75,76.05,79.3,2853
RPGLIFE,20190128,217.75,220.05,207.55,210.2,5920
RPOWER,20190128,28.05,28.45,26.75,26.95,8916262
RPPINFRA,20190128,128.8,128.8,112.5,114.8,61290
RRSLGETF,20190128,18.13,18.14,18.13,18.14,1434
RSSOFTWARE,20190128,30.8,31.1,29.75,29.9,34607
RSWM,20190128,214.05,214.85,198.1,203.3,32852
RSYSTEMS,20190128,51.95,51.95,50.5,51.2,42549
RTNINFRA,20190128,3.6,3.6,3.35,3.5,764786
RTNPOWER,20190128,3.55,3.6,3.4,3.5,1725195
RUBYMILLS,20190128,304.6,304.6,283.6,287.7,14899
RUCHINFRA,20190128,3.25,3.45,3.15,3.35,13250
RUCHIRA,20190128,111.4,111.85,103.2,104.45,35251
RUCHISOYA,20190128,7.55,7.55,7,7.1,720001
RUPA,20190128,345,350.5,332.6,339.45,17260
RUSHIL,20190128,525.95,525.95,465,469,9713
SABEVENTS,20190128,3.2,3.2,3.2,3.2,514
SABTN,20190128,5.55,5.8,5.45,5.75,72795
SADBHAV,20190128,198,199.65,187.7,190.6,1095404
SADBHIN,20190128,92.2,93.1,88.5,90.45,3928
SAGARDEEP,20190128,98,99.6,90.2,94,63697
SAGCEM,20190128,602.7,612.4,588.35,594.35,1278
SAIL,20190128,47.15,47.3,45.6,46.15,8158462
SAKHTISUG,20190128,12.7,12.7,11.8,11.85,46254
SAKSOFT,20190128,263.55,265,250.05,258.45,5629
SAKUMA,20190128,38.05,38.6,35.2,36.45,1759446
SALASAR,20190128,276.5,279.85,270.1,273.9,9376
SALONA,20190128,66.1,76,66.1,67.5,1244
SALORAINTL,20190128,20.85,20.85,20.85,20.85,55
SALSTEEL,20190128,6.3,6.3,5.65,5.65,22627
SALZERELEC,20190128,126.65,126.65,122,123.15,3772
SAMBHAAV,20190128,4.5,4.65,3.9,4.05,91140
SANCO,20190128,14.8,15.25,14.65,15,6763
SANDESH,20190128,707.85,715.95,689,703.6,2320
SANDHAR,20190128,240.5,241.8,227.35,235.15,14153
SANGAMIND,20190128,63.8,63.8,58.35,60.15,20316
SANGHIIND,20190128,58,58.3,53,57.55,112644
SANGHVIFOR,20190128,27.5,27.9,25.2,27,201
SANGHVIMOV,20190128,99,99,91.95,95.35,33303
SANOFI,20190128,6339.65,6347.95,6211,6324.6,3561
SANWARIA,20190128,10.2,10.25,9.8,9.9,1928165
SARDAEN,20190128,243.3,246.05,232.2,236.2,22019
SAREGAMA,20190128,610.5,615,580.15,590.15,59373
SARLAPOLY,20190128,26.55,27.4,24.55,25.85,39247
SASKEN,20190128,638.05,650,626.5,629.1,3773
SASTASUNDR,20190128,90,91.5,89,90.7,5934
SATHAISPAT,20190128,9.2,9.3,8.7,9.2,30221
SATIN,20190128,258.5,265.55,243,256.85,85071
SBIETFQLTY,20190128,94,95.45,91.9,92.01,1900
SBILIFE,20190128,621,624.45,595.25,599.25,285382
SBIN,20190128,285.65,286.6,277.3,281.6,18905470
SCAPDVR,20190128,0.45,0.55,0.45,0.5,56160
SCHAEFFLER,20190128,5330,5330,5130,5260.85,6528
SCHAND,20190128,235.5,235.5,222,226.55,5447
SCHNEIDER,20190128,91.35,91.35,88.1,88.6,31396
SCI,20190128,42.05,42.3,40,40.65,338264
SDBL,20190128,145.05,149,141,145.05,34614
SEAMECLTD,20190128,283.5,296.9,273.25,279.3,8459
SELAN,20190128,170.8,171.2,163.5,165.9,64669
SELMCL,20190128,1.1,1.2,1.1,1.2,76668
SEPOWER,20190128,4.15,4.5,4.15,4.5,700
SEQUENT,20190128,81.3,81.3,75.25,76.5,583705
SESHAPAPER,20190128,1046,1055.55,1040,1044.4,4906
SETCO,20190128,32.6,32.85,30.95,31.45,90907
SETF10GILT,20190128,168,168,168,168,50
SETFGOLD,20190128,2925.05,2960,2925.05,2951.15,1976
SETFNIF50,20190128,109.77,110.1,108.3,108.53,24170
SETFNIFBK,20190128,274.03,274.03,268.51,269.22,174242
SETFNN50,20190128,273.69,279,267.5,268.89,5658
SFL,20190128,1245.05,1262,1245,1260.05,1234
SGL,20190128,7.75,7.95,7.7,7.95,216
SHAHALLOYS,20190128,20.45,20.5,19.2,19.2,4360
SHAKTIPUMP,20190128,384,389.75,368.3,372.3,34888
SHALBY,20190128,143,143.85,136.05,137.75,35366
SHALPAINTS,20190128,63.45,64.65,60,60.75,152960
SHANKARA,20190128,429.95,433.95,408.05,411.15,74477
SHANTIGEAR,20190128,127.8,128.2,124.1,124.8,12048
SHARDACROP,20190128,307.45,308,301.25,306.15,16753
SHARDAMOTR,20190128,1432.35,1432.4,1271.4,1305.9,1007
SHARIABEES,20190128,250,251,236.57,236.57,16
SHEMAROO,20190128,415.9,424.55,395,404,23939
SHILPAMED,20190128,387,391.5,380.8,383.7,7489
SHIRPUR-G,20190128,76.8,79.6,63,64,26302
SHIVAMAUTO,20190128,40,40.6,38.5,38.7,61393
SHIVAMILLS,20190128,51.6,53.8,48,49.15,10876
SHIVATEX,20190128,190,193.7,180,180.5,568
SHK,20190128,168.15,168.5,160.6,162.15,32048
SHOPERSTOP,20190128,512.05,522,507.5,519.15,12099
SHREECEM,20190128,15710.05,15800,14951.1,15052.4,29244
SHREEPUSHK,20190128,142.65,145,138,139.25,40829
SHREERAMA,20190128,5.6,6,5.35,5.4,47128
SHREYANIND,20190128,124.7,125.4,117,120.35,26224
SHREYAS,20190128,201,203.05,197,199.1,14682
SHRIPISTON,20190128,1075,1075,1000,1020,230
SHRIRAMCIT,20190128,1728.65,1765,1662.05,1752.1,338559
SHRIRAMEPC,20190128,10.6,10.6,10,10.05,32267
SHYAMCENT,20190128,6.25,6.25,5.25,5.5,11156
SHYAMTEL,20190128,6.15,6.15,6.15,6.15,12
SICAGEN,20190128,24.35,24.35,21.85,22.1,11388
SICAL,20190128,143.4,143.4,128.35,134.7,27721
SIEMENS,20190128,1025.8,1025.8,977.6,991.45,319557
SIGIND,20190128,48.35,49.4,46.15,48.4,35293
SIL,20190128,15,15,14.55,14.65,3865
SILINV,20190128,209.7,209.7,190.4,195.25,4264
SIMBHALS,20190128,10.2,10.45,10.15,10.2,6437
SIMPLEXINF,20190128,165,168.95,162.05,163.45,48662
SINTEX,20190128,10.7,10.75,9.95,10.1,2894022
SIS,20190128,775.15,775.15,749,759.45,9365
SITASHREE,20190128,0.55,0.6,0.55,0.6,17138
SITINET,20190128,9,9,6.95,7.1,1093467
SIYSIL,20190128,329.15,332,315,330,10007
SJVN,20190128,25.95,26,25.8,25.85,483879
SKFINDIA,20190128,1921,1931.8,1915,1918,17211
SKIL,20190128,16.05,17.25,16.05,16.05,4711
SKIPPER,20190128,66.7,70,63.75,67.15,50862
SKMEGGPROD,20190128,60.3,62.85,60.05,61.85,31396
SMARTLINK,20190128,82.55,82.8,79,79.85,7268
SMLISUZU,20190128,614.8,614.8,585,587.55,5968
SMPL,20190128,0.35,0.4,0.35,0.35,143001
SMSLIFE,20190128,622.55,648,552.6,552.6,28471
SMSPHARMA,20190128,70.4,70.6,65.3,66.6,23670
SNOWMAN,20190128,32.65,33.05,30.9,31.5,129151
SOBHA,20190128,495,495,470.5,484.05,72595
SOLARA,20190128,342,355,335,347.25,66614
SOLARINDS,20190128,999,1005,982.5,999.25,11903
SOMANYCERA,20190128,353.75,354,322.65,338.65,56692
SOMATEX,20190128,4.5,4.5,4.45,4.5,235
SOMICONVEY,20190128,31,31,28,29,1621
SONATSOFTW,20190128,319.5,322,309.15,316.2,131829
SORILINFRA,20190128,309.7,318,294.15,294.15,78655
SOTL,20190128,919.65,930,900,907.75,3942
SOUTHBANK,20190128,13.4,13.4,13,13.15,14794262
SPAL,20190128,226.55,227.9,211.35,213.95,9698
SPARC,20190128,167.95,168.7,160,166.2,590638
SPCENET,20190128,0.9,0.9,0.8,0.9,158749
SPECIALITY,20190128,92.6,93.5,87.95,89.7,72387
SPENCERS,20190128,203.1,203.1,203.1,203.1,2130
SPENTEX,20190128,1.5,1.5,1.5,1.5,5125
SPIC,20190128,25.75,25.75,24.25,24.75,96088
SPICEMOBI,20190128,10.4,10.55,9,9.25,45331
SPLIL,20190128,61.35,61.35,58.3,58.3,47966
SPMLINFRA,20190128,35.65,35.65,33.1,33.65,5025
SPTL,20190128,21.9,21.9,20.4,20.85,1543171
SPYL,20190128,0.2,0.25,0.2,0.2,35950
SQSBFSI,20190128,442.95,443,422.4,424.05,2509
SREEL,20190128,203.65,206.95,192.7,199.1,5603
SREINFRA,20190128,30.25,30.7,28.9,29.7,4681895
SRF,20190128,2072,2072,1976.05,2008.05,279384
SRHHYPOLTD,20190128,157,158.95,144.25,146.35,27460
SRIPIPES,20190128,181.85,183,172.8,181.15,30256
SRTRANSFIN,20190128,1124,1124,1043.15,1055.7,2398246
SSWL,20190128,855,880.1,841.45,867.25,8239
STAMPEDE,20190128,0.95,1,0.9,0.95,299015
STAR,20190128,511,516.8,492.35,504.5,1189348
STARCEMENT,20190128,97,98.5,91.2,92,17674
STARPAPER,20190128,137.8,137.8,121.4,122.75,65590
STCINDIA,20190128,116.5,117.85,110,113.9,73966
STEELXIND,20190128,12.3,12.65,11.25,11.8,20226
STEL,20190128,102.2,106.75,102.2,105.75,117310
STERTOOLS,20190128,339.95,340,330.5,332.7,14817
STRTECH,20190128,284,284,260,261.2,2366715
SUBCAPCITY,20190128,13.75,13.75,13.75,13.75,5
SUBEX,20190128,7.3,7.4,6.95,6.95,1427730
SUBROS,20190128,226,229,205.25,213.1,48995
SUDARSCHEM,20190128,315,319,307,314.35,12952
SUJANAUNI,20190128,0.3,0.35,0.25,0.25,16002
SUMEETINDS,20190128,3.55,3.7,3.55,3.6,62904
SUMMITSEC,20190128,574.95,574.95,545.25,557.8,2453
SUNCLAYLTD,20190128,3034,3098.95,2870,2918.2,3480
SUNDARAM,20190128,1.95,2,1.9,1.9,143787
SUNDARMFIN,20190128,1437,1438.35,1395.55,1400.15,52637
SUNDARMHLD,20190128,89.15,89.15,85.1,85.8,28318
SUNDRMBRAK,20190128,365.35,365.35,340,349.8,2485
SUNDRMFAST,20190128,518.95,518.95,501.6,510.5,74087
SUNFLAG,20190128,44,45.75,43.95,45.15,120648
SUNILHITEC,20190128,1.25,1.25,1.15,1.15,344329
SUNPHARMA,20190128,424,424.75,410.15,411.75,5809082
SUNTECK,20190128,343.45,343.45,325.1,329.75,220283
SUNTV,20190128,511,543.5,493.4,532.35,4524193
SUPERHOUSE,20190128,129.35,129.45,120.6,121.55,6317
SUPERSPIN,20190128,6.75,7.05,6.75,6.75,10805
SUPPETRO,20190128,188.95,188.95,177.5,183.7,9032
SUPRAJIT,20190128,209,209,198,202.8,147249
SUPREMEIND,20190128,985,1000,970,994.2,42786
SUPREMEINF,20190128,17.7,17.7,16.15,16.15,32493
SURANASOL,20190128,8.85,8.85,8.35,8.6,22101
SURANAT&P,20190128,4,4.35,4,4.35,9776
SURYALAXMI,20190128,40.2,40.55,37.75,39.4,6413
SURYAROSNI,20190128,218.25,218.6,203.5,205.05,50422
SUTLEJTEX,20190128,40.7,40.95,39,39.1,28703
SUVEN,20190128,194,196.8,182.7,186.6,310679
SUZLON,20190128,5.1,5.1,4.8,4.95,22110865
SWANENERGY,20190128,99.15,102,95.5,100.7,228223
SWARAJENG,20190128,1490.4,1495.6,1415,1430.4,3862
SWELECTES,20190128,243.95,243.95,235,237.3,3627
SYMPHONY,20190128,1210,1210,1150,1153.3,9463
SYNCOM,20190128,2.15,2.15,2.15,2.15,4270
SYNDIBANK,20190128,34.95,35.1,34.2,34.55,4146527
SYNGENE,20190128,588,588,561.3,567.15,359237
TAINWALCHM,20190128,70.2,70.2,68,68.4,90
TAJGVK,20190128,179.25,179.45,170.35,172.3,14188
TAKE,20190128,144.95,144.95,138,138.6,113041
TALBROAUTO,20190128,217,223.15,204.55,208.25,7447
TALWALKARS,20190128,41.5,41.7,39.1,39.75,59408
TALWGYM,20190128,108,111.95,101.05,109.25,165711
TANLA,20190128,32,34.8,29.8,33.95,512812
TANTIACONS,20190128,3.8,3.8,3.65,3.65,1411
TARAJEWELS,20190128,1,1,0.9,0.9,70160
TARMAT,20190128,41,41.05,38.3,39.25,10092
TASTYBITE,20190128,8051.5,8148.95,7939.8,7995.9,402
TATACHEM,20190128,680.1,685.6,656.8,661.45,555258
TATACOFFEE,20190128,92,92.65,90.05,91.4,152007
TATACOMM,20190128,491,508,488.15,500.4,838301
TATAELXSI,20190128,914,917.5,872.1,875.1,687170
TATAGLOBAL,20190128,207,210.3,201.35,209.25,1629992
TATAINVEST,20190128,813.3,832.35,807.55,811.3,9295
TATAMETALI,20190128,592,597,588.05,592.45,47633
TATAMOTORS,20190128,173.3,175.35,169.4,172.3,8167430
TATAMTRDVR,20190128,91,91.4,87.4,88.9,2443776
TATAPOWER,20190128,73.95,73.95,69.65,70.95,5766908
TATASPONGE,20190128,693,697.65,669.8,672.2,56520
TATASTEEL,20190128,452.9,453.95,443.3,445.7,4335147
TATASTLBSL,20190128,32.5,32.5,31.1,31.3,482907
TBZ,20190128,61.4,61.4,56.35,57.8,43166
TCI,20190128,284.75,289.9,280,280.05,12948
TCIEXP,20190128,602.95,614.6,595.05,604.45,15466
TCIFINANCE,20190128,14.95,15.4,14.5,14.6,36507
TCNSBRANDS,20190128,695.15,715.1,695.15,709.65,12511
TCPLPACK,20190128,410,417.6,396.4,408.4,2269
TCS,20190128,1933,1962,1925.5,1955,2769033
TDPOWERSYS,20190128,126.35,128,124.9,125.35,54097
TEAMLEASE,20190128,2623,2659.7,2516.55,2630.75,7530
TECHIN,20190128,6.75,6.75,6.75,6.75,232
TECHM,20190128,732.2,738,721.15,735.15,1804582
TECHNOE,20190128,243.1,248.15,243.1,243.65,12448
TECHNOFAB,20190128,130.9,130.9,123.95,125.15,908
TEJASNET,20190128,184.65,189.9,173,180,112324
TERASOFT,20190128,43.8,43.8,39.65,39.95,10178
TEXINFRA,20190128,58.05,59,55.6,56.5,53066
TEXMOPIPES,20190128,21.8,21.8,18.9,19.55,109831
TEXRAIL,20190128,55.8,56.15,52,53.3,330008
TFCILTD,20190128,134.15,135.4,128.95,130.1,212451
TFL,20190128,4.3,4.35,4.3,4.3,1346
TGBHOTELS,20190128,16.05,16.6,15.8,15.9,8056
THANGAMAYL,20190128,353.05,362.95,353,355.3,3125
THEINVEST,20190128,137,150,129.1,142.8,3997
THEMISMED,20190128,275.15,279.5,275.15,279.45,467
THERMAX,20190128,1124.65,1128.6,1083.1,1117.5,40514
THIRUSUGAR,20190128,24,24.7,23.35,23.35,8029
THOMASCOOK,20190128,220.1,220.2,211,214.8,99996
THOMASCOTT,20190128,7.6,7.6,7.6,7.6,114
THYROCARE,20190128,540,550.05,538,549.9,74849
TI,20190128,17.25,17.25,16.3,16.6,69495
TIDEWATER,20190128,5200,5245.05,5111,5156.2,465
TIFIN,20190128,454.65,469,442,459.65,11860
TIIL,20190128,557.25,561.6,523,529.3,5272
TIINDIA,20190128,337.5,339,321,336.95,37363
TIJARIA,20190128,17.5,17.7,17.1,17.1,63922
TIL,20190128,246.05,246.05,236,237.3,3182
TIMESGTY,20190128,27.55,30.25,27.55,30,1032
TIMETECHNO,20190128,98.55,98.55,93.7,94.75,92250
TIMKEN,20190128,546,550.5,526,529.25,17138
TINPLATE,20190128,145,145.85,139.45,139.95,202979
TIPSINDLTD,20190128,60,61,59.95,60,12072
TIRUMALCHM,20190128,75.6,76.75,68.6,69.25,934798
TITAN,20190128,978,981.2,955.2,958.65,1499181
TMRVL,20190128,32,32,30.55,30.95,12700
TNPETRO,20190128,35.85,35.9,33.1,33.2,120997
TNPL,20190128,229,230.7,229,230.2,31333
TOKYOPLAST,20190128,49.5,49.8,48.5,49.1,4889
TORNTPHARM,20190128,1868,1868.35,1820,1846.8,73752
TORNTPOWER,20190128,252.5,252.95,243.9,246.5,628086
TPLPLASTEH,20190128,128.4,129.8,118.05,121.85,5641
TREEHOUSE,20190128,4.35,4.5,4.15,4.15,12188
TREJHARA,20190128,33,33,32.25,32.25,1357
TRENT,20190128,347.1,349.1,338.85,347.2,32787
TRF,20190128,112,112,104,106.45,17132
TRIDENT,20190128,65.05,65.25,64,64.55,534385
TRIGYN,20190128,75.95,75.95,70.5,71.05,67238
TRIL,20190128,12.65,12.65,11.6,11.85,64756
TRITURBINE,20190128,105.1,107.55,103,105.75,31863
TRIVENI,20190128,44.3,44.55,41.7,42.15,269024
TTKHLTCARE,20190128,790,799.8,750.25,765.85,10774
TTKPRESTIG,20190128,7700.05,7900,7606,7668.55,10398
TTL,20190128,60.15,65,60,61.05,7322
TTML,20190128,3.8,3.95,3.75,3.75,1418386
TV18BRDCST,20190128,32.55,33,31.5,32.4,5152285
TVSELECT,20190128,183.7,188,175,177.6,30197
TVSMOTOR,20190128,494.1,495.75,469.15,477.75,2314265
TVSSRICHAK,20190128,2354.55,2357.95,2317.45,2344.3,1151
TVTODAY,20190128,350,355,345.05,351.25,21411
TVVISION,20190128,4.1,4.35,4,4.1,14852
TWL,20190128,70,70,65.9,66.55,384217
UBL,20190128,1438.2,1439.85,1378.3,1404.35,318205
UCALFUEL,20190128,167.1,167.1,160.5,163.55,9230
UCOBANK,20190128,19.15,19.25,18.5,18.55,394554
UFLEX,20190128,255.4,257.35,249.1,250.5,35424
UFO,20190128,250.15,257.95,246.1,246.3,6739
UGARSUGAR,20190128,12.75,12.85,12.65,12.65,17830
UJAAS,20190128,6.5,6.6,6,6.1,224599
UJJIVAN,20190128,278.8,280.25,266.95,274.15,1480390
ULTRACEMCO,20190128,3510,3510,3332.45,3374.45,1260559
UMANGDAIRY,20190128,53.15,53.5,50.75,51.8,24319
UNICHEMLAB,20190128,205.2,206.05,198,200.8,25912
UNIENTER,20190128,95.05,95.05,82.2,86.9,64828
UNIONBANK,20190128,79.45,80.4,77.6,78.4,7611090
UNIPLY,20190128,50.4,51.5,45.6,46.95,270210
UNITECH,20190128,1.65,1.65,1.65,1.65,1150664
UNITEDBNK,20190128,11.5,11.5,11.25,11.4,301721
UNITEDTEA,20190128,309.9,309.9,301,309.9,675
UNIVCABLES,20190128,242,248.35,213.2,231.35,111431
UPL,20190128,755,764,744,760.05,1226284
URJA,20190128,3.1,3.1,2.9,2.9,2559109
USHAMART,20190128,32.95,33,27.8,32.15,1163641
USHERAGRO,20190128,2.1,2.3,2.1,2.1,8818
UTINEXT50,20190128,280,283.87,270,270,55
UTINIFTETF,20190128,1129.7,1129.7,1120.5,1127.35,322
UTISENSETF,20190128,376.9,409.1,372.1,377.99,1130
UTTAMSTL,20190128,10.6,10.65,10.1,10.35,132331
UTTAMSUGAR,20190128,88.8,94.9,84.6,85.3,27418
UVSL,20190128,0.15,0.15,0.1,0.1,2111964
V2RETAIL,20190128,284.2,285,272,280.75,132431
VADILALIND,20190128,490.05,491.05,467.95,480.25,6985
VAIBHAVGBL,20190128,688,702.25,680,682.3,6183
VAKRANGEE,20190128,41.75,42.15,41.05,41.05,4965498
VARDHACRLC,20190128,45.35,45.4,42.4,43,17948
VARDMNPOLY,20190128,10.9,10.9,10.35,10.4,4500
VARROC,20190128,665,669,633.05,643.5,131221
VASCONEQ,20190128,16.5,16.5,15.6,15.85,120410
VASWANI,20190128,11.6,11.6,10.7,11,11609
VBL,20190128,768,789.6,768,779.6,53006
VEDL,20190128,195,195,191,191.5,6045200
VENKEYS,20190128,2200,2204.95,2016.65,2092.5,46253
VENUSREM,20190128,39.45,39.8,37.1,38.4,8042
VESUVIUS,20190128,1167.7,1189.9,1158,1177.65,1060
VETO,20190128,61,61.55,57.55,57.65,27306
VGUARD,20190128,202.05,202.2,198.1,200.25,530032
VHL,20190128,2293.4,2293.4,1856,2008.65,3081
VICEROY,20190128,3.85,3.85,3.55,3.55,25816
VIDHIING,20190128,73.2,75,71.45,72.2,52705
VIJAYABANK,20190128,44.3,44.45,42.55,43,1547916
VIJIFIN,20190128,1.3,1.3,1.25,1.25,26457
VIJSHAN,20190128,6.15,6.75,6.15,6.5,10083
VIKASECO,20190128,12.35,13,11.9,12,1126415
VIMTALABS,20190128,261.65,262.85,245,252.95,32654
VINATIORGA,20190128,1562.05,1660,1539.95,1547.1,18470
VINDHYATEL,20190128,1623.7,1642.45,1470.15,1507.1,34370
VINYLINDIA,20190128,74.05,75.85,71.1,74.55,6583
VIPCLOTHNG,20190128,22.75,22.75,20.4,21.35,180794
VIPIND,20190128,480,483,465.5,468.25,164652
VIPULLTD,20190128,28,29,27,27.55,10109
VISAKAIND,20190128,364,378,358.25,372.1,27729
VISASTEEL,20190128,8,8.1,7.65,8.05,7876
VISESHINFO,20190128,0.1,0.1,0.05,0.1,1385399
VISHNU,20190128,131.95,139,127,131.85,10308
VIVIDHA,20190128,0.7,0.75,0.65,0.65,444389
VIVIMEDLAB,20190128,23.3,24.1,21.9,22.65,270396
VLSFINANCE,20190128,51.3,53.95,47.25,48.45,44718
VMART,20190128,2483.35,2483.35,2365,2374.4,10388
VOLTAMP,20190128,1038.05,1044.8,973.6,999.1,4963
VOLTAS,20190128,538,538,531.25,534.1,942490
VRLLOG,20190128,259.55,262.45,259.45,260,43497
VSSL,20190128,89.05,89.9,81.9,83.95,11836
VSTIND,20190128,3220,3220,3154.05,3177.5,8697
VSTTILLERS,20190128,1599.35,1622.45,1578,1594.7,1691
VTL,20190128,1068,1078,1049.3,1065.1,4128
WABAG,20190128,292.05,295.4,289,292.35,112873
WABCOINDIA,20190128,6400,6400,6152,6249.2,1458
WALCHANNAG,20190128,93.95,94.8,86,87.45,168317
WANBURY,20190128,17.95,17.95,17.5,17.9,1355
WEBELSOLAR,20190128,23.65,23.65,21.85,22,102601
WEIZFOREX,20190128,512,516.55,506.05,511.45,9049
WEIZMANIND,20190128,42,43.9,42,42.05,1310
WELCORP,20190128,106.25,109.4,101.35,107.4,457246
WELENT,20190128,100.9,102.15,91,97.25,785169
WELINV,20190128,140.05,145,136.1,136.1,229
WELSPUNIND,20190128,56.2,58.8,54.4,58.6,1164632
WENDT,20190128,3134.95,3134.95,2970,2997.05,554
WHEELS,20190128,865.65,875.25,837,846.1,843
WHIRLPOOL,20190128,1470,1475,1430.6,1464,33199
WILLAMAGOR,20190128,53.05,53.5,51.05,51.65,2837
WINDMACHIN,20190128,62.25,63.9,60,62.25,128422
WINSOME,20190128,0.9,0.9,0.9,0.9,200
WIPL,20190128,99.75,110,99.75,100,16261
WIPRO,20190128,354.35,362.7,354.25,355.15,6899957
WOCKPHARMA,20190128,481,481,426.85,444.95,3243195
WONDERLA,20190128,287.9,298,280.4,287.55,66632
WSTCSTPAPR,20190128,264.5,264.5,241,244.95,105174
XCHANGING,20190128,44.85,44.85,42.4,43,12520
XLENERGY,20190128,0.95,0.95,0.95,0.95,2010
XPROINDIA,20190128,41.95,41.95,37.9,37.9,601
YESBANK,20190128,222.45,223,206.1,207.5,58015753
ZEEL,20190128,350.2,382,320,373.3,121305516
ZEELEARN,20190128,27.35,31,24.2,25.3,3304775
ZEEMEDIA,20190128,23.05,23.5,17.7,17.95,16130881
ZENITHBIR,20190128,0.7,0.8,0.7,0.75,16640
ZENITHEXPO,20190128,42.85,44.2,42.85,44.2,1462
ZENSARTECH,20190128,226,236.95,220.3,222.75,501401
ZENTEC,20190128,85.9,90,76.1,79.95,1185111
ZICOM,20190128,5.9,6.05,5.5,5.6,17675
ZODIACLOTH,20190128,135.65,145,134,140.35,8285
ZODJRDMKJ,20190128,41.6,41.6,37.05,37.7,21
ZUARI,20190128,213,220,209.85,214,13173
ZUARIGLOB,20190128,114.4,114.45,108.5,110.95,12610
ZYDUSWELL,20190128,1306.4,1309.25,1260.6,1300.5,5650
NSENIFTY,20190128,10792.45,10804.45,10630.95,10661.55,419682627,0
NIFTYJUNIOR,20190128,26868.45,26878.40,26237.25,26372.10,161788804,0
NIFTYMIDCAPLIQ15,20190128,3947.70,3950.90,3852.35,3862.05,75219725,0
NSE100,20190128,10978.90,10985.35,10803.25,10836.65,583915207,0
NIFTY200,20190128,5661.45,5662.85,5566.40,5583.80,1064386002,0
NSE500,20190128,8999.30,9001.15,8849.95,8876.60,1346539812,0
NSEMIDCAP150,20190128,6061.05,6061.95,5941.20,5966.50,487237038,0
MIDCAP50,20190128,4715.75,4717.00,4605.40,4614.10,367896646,0
NSEMIDCAP,20190128,16986.95,16991.60,16588.50,16655.65,480470795,0
NIFTYSMALLCAP250,20190128,-,-,-,4964.75,-,0
NIFTYSMALLCAP50,20190128,-,-,-,2938.15,-,0
NSESMLCAP100,20190128,6149.15,6152.70,6035.90,6049.75,-,0
NIFTYLARGEMIDCAP250,20190128,-,-,-,5523.20,1071152245,0
NIFTYMIDSMALLCAP400,20190128,-,-,-,5613.70,-,0
NIFTYAUTO,20190128,8259.55,8264.60,8092.85,8143.00,55235426,0
BANKNIFTY,20190128,27041.45,27134.20,26587.95,26653.05,181836992,0
NIFTYFINSERVICE,20190128,11460.55,11482.30,11223.05,11266.50,101898516,0
NIFTYFMGC,20190128,29951.80,29991.30,29533.50,29565.55,19921938,0
NSEIT,20190128,15085.05,15161.70,15026.75,15120.10,35878523,0
NIFTYMEDIA,20190128,2079.35,2169.55,1973.55,2147.55,319349747,0
NIFTYMETAL,20190128,2859.20,2862.20,2802.35,2827.15,54734856,0
NIFTYPHARMA,20190128,8886.15,8886.15,8638.25,8663.90,19761512,0
NIFTYPVTBANK,20190128,15335.80,15381.60,15024.50,15072.30,144986306,0
NIFTYPSUBANK,20190128,2955.55,2965.75,2872.45,2903.55,97643394,0
NIFTYREALTY,20190128,231.40,232.00,227.50,229.30,15844441,0
NIFTYCOMMODITIES,20190128,3262.50,3263.70,3204.85,3214.15,101649857,0
NIFTYCONSUMPTION,20190128,4707.95,4713.50,4641.30,4663.25,199914250,0
NIFTYCPSE,20190128,1967.20,1973.75,1941.70,1967.70,38028194,0
NIFTYENERGY,20190128,15006.25,15019.05,14755.85,14820.05,45261595,0
NIFTY100ESG,20190128,-,-,-,2010.37,510389810,0
NIFTY100ENHESG,20190128,-,-,-,2046.67,461794370,0
NIFTYINFRA,20190128,2981.35,2994.60,2932.45,2941.55,220847817,0
NIFTYMNC,20190128,13280.25,13280.30,13066.35,13128.35,42108791,0
NIFTYPSE,20190128,3208.60,3212.55,3165.40,3195.60,72307551,0
NIFTYSMEEMERGE,20190128,-,-,-,1504.28,1241050,0
NIFTYSERVSECTOR,20190128,14955.80,14966.70,14709.35,14763.40,377528763,0
NIFTYSHARIAH25,20190128,-,-,-,4052.20,55513416,0
NIFTY50SHARIAH,20190128,-,-,-,2303.62,40810797,0
NIFTY500SHARIAH,20190128,-,-,-,2804.57,164076065,0
NIFTYABGROUP,20190128,-,-,-,3014.37,41283679,0
NIFTYMAHINDRA,20190128,-,-,-,11122.70,11203759,0
NIFTYTATA,20190128,-,-,-,6281.00,29995721,0
NIFTYTATA25CAP,20190128,-,-,-,4389.33,28585647,0
NIFTYABGROUP,20190128,-,-,-,3014.37,41283679,0
NIFTYLIQ15,20190128,3732.95,3733.80,3604.05,3616.15,146403492,0
NIFTY500VALUE50,20190128,-,-,-,4061.12,219029526,0
NIFTYALPHALOWVOL30,20190128,-,-,-,11314.91,86714821,0
NIFTYQUALLOWVOL30,20190128,-,-,-,8036.77,182579832,0
NIFTYALPHAQUALLOWVOL30,20190128,-,-,-,9150.82,186638975,0
NIFTYALPHAQUALVALLOWVOL30,20190128,-,-,-,6971.56,73749259,0
NIFTY50EQUALWEIGHT,20190128,11732.05,11739.40,11516.15,11548.70,419682627,0
NIFTY100EQUALWEIGHT,20190128,12542.45,12547.05,12285.65,12337.45,583915207,0
NIFTY100LOWVOL30,20190128,8394.70,8399.35,8297.10,8321.30,85044143,0
NSEDEFTY,20190128,-,-,-,5192.82,-,0
NIFTY50DIVPOINT,20190128,118.45,118.45,118.45,118.45,-,0
NIFTYDIVOPPS50,20190128,2545.60,2546.55,2518.55,2527.20,172578121,0
NIFTYALPHA50,20190128,11796.00,11799.65,11490.15,11542.15,69406617,0
NIFTY50ARBITRAGE,20190128,-,-,-,1770.22,-,0
NIFTY50FUTINDEX,20190128,-,-,-,3773.37,-,0
NIFTY50FUTTRINDEX,20190128,-,-,-,10676.92,-,0
NIFTYHIGHBETA50,20190128,-,-,-,1542.36,390564028,0
NIFTYLOWVOL50,20190128,-,-,-,9619.43,234495711,0
NIFTY200QUALITY30,20190128,-,-,-,9202.10,-,0
NIFTY50VALUE20,20190128,5243.85,5248.00,5189.95,5210.15,130353163,0
NIFTYGROWSECT15,20190128,6072.10,6078.75,5992.60,6009.90,153842640,0
NIFTY50TR2XLEV,20190128,5650.20,5662.25,5481.90,5513.20,-,0
NIFTY50PR2XLEV,20190128,4455.80,4465.30,4323.10,4347.75,-,0
NIFTY50TR1XINV,20190128,372.20,377.75,371.80,376.70,-,0
NIFTY50PR1XINV,20190128,419.05,425.30,418.60,424.10,-,0
NIFTY-GS-COMPSITE,20190128,1856.45,1857.38,1855.62,1857.07,-,0
NIFTY-GS-4-8YR,20190128,1937.24,1937.57,1936.79,1937.21,-,0
NIFTY-GS-8-13YR,20190128,1819.38,1820.21,1818.32,1819.80,-,0
NIFTY-GS-10YR,20190128,1689.50,1690.85,1688.48,1689.16,-,0
NIFTY-GS-10YR-CLN,20190128,908.43,909.16,907.88,908.25,-,0
NIFTY-GS-11-15YR,20190128,1902.68,1903.03,1901.97,1902.54,-,0
NIFTY-GS-15YRPLUS,20190128,2050.31,2052.06,2050.31,2053.78,-,0
VIX,20190128,17.69,19.28,14.59,18.90,0,0
