20MICRONS,20190218,33,34,33,33.55,10464
21STCENMGM,20190218,18.95,18.95,18.6,18.6,22
3IINFOTECH,20190218,2.75,2.9,2.7,2.8,2043693
3MINDIA,20190218,20908.85,22388,20899,22245.3,11347
3PLAND,20190218,10.5,11.9,10,10.85,274
5PAISA,20190218,227.6,248,223.25,235.3,2818
63MOONS,20190218,74.4,74.65,70.85,71.5,148976
8KMILES,20190218,102.15,108.9,102.15,103.75,130751
A2ZINFRA,20190218,13.35,13.35,13.35,13.35,73822
AARTIDRUGS,20190218,583,591.15,571.25,586.55,6027
AARTIIND,20190218,1425,1427,1356.55,1362.55,146118
AARVEEDEN,20190218,20.25,20.95,19.25,20.1,5503
AAVAS,20190218,885,904,885,892.65,23630
ABAN,20190218,51.1,52.4,50.1,51.8,685261
ABB,20190218,1241.45,1250.55,1224.8,1228.5,26513
ABBOTINDIA,20190218,7500,7500,7211,7264.2,2938
ABCAPITAL,20190218,81.25,82.3,79.7,81.5,3471575
ABFRL,20190218,220,224.5,212.45,214.1,1638730
ABMINTLTD,20190218,14.9,14.9,14.9,14.9,51
ACC,20190218,1349,1356.95,1326,1331.7,564158
ACCELYA,20190218,924.7,929.1,915.65,924.1,2010
ACE,20190218,76.3,76.3,73,73.2,106413
ADANIENT,20190218,118.3,119.9,116.1,117.5,2569451
ADANIGAS,20190218,96,97.15,94.2,95.45,343653
ADANIGREEN,20190218,31.45,31.45,30.15,30.25,238514
ADANIPORTS,20190218,348,352.9,345.55,347.3,6875440
ADANIPOWER,20190218,39.35,39.7,37.05,37.65,8362780
ADANITRANS,20190218,215.5,222.4,214.05,219.05,363193
ADFFOODS,20190218,214.5,215.65,205.5,208.75,29778
ADHUNIK,20190218,1.4,1.5,1.4,1.4,19841
ADHUNIKIND,20190218,42.7,42.7,39.9,39.95,1040
ADLABS,20190218,8.85,9.6,8.85,9.05,252644
ADORWELD,20190218,312.05,312.05,290,291.95,11050
ADROITINFO,20190218,15.7,17,13.8,14.9,6285
ADSL,20190218,10.55,10.9,10.15,10.75,15632
ADVANIHOTR,20190218,62.9,62.9,58.05,58.7,5830
ADVENZYMES,20190218,159.05,162.3,156.6,160.05,61737
AEGISCHEM,20190218,174.5,184.6,170.85,180,141957
AGARIND,20190218,166.55,166.55,152.8,157.95,4255
AGCNET,20190218,85,89,82.2,86.1,1597
AGLSL,20190218,61,61.9,57.4,58.8,1752
AGRITECH,20190218,51.4,51.45,48.4,49.95,2582
AHLEAST,20190218,238.95,243,234,235.2,1548
AHLUCONT,20190218,263.75,263.75,250.5,255.35,4644
AHLWEST,20190218,335,339,321,327.3,286
AIAENG,20190218,1700,1720,1644.3,1650.7,5499
AIFL,20190218,11.65,11.65,11.1,11.1,24850
AIONJSW,20190218,30.85,32.8,30.8,32.25,39436
AJANTPHARM,20190218,974.95,983.75,952.25,967.85,678163
AJMERA,20190218,159.4,160,155,155.7,44320
AKSHARCHEM,20190218,315.35,315.35,307.6,314.4,3997
AKSHOPTFBR,20190218,18.5,18.7,18.05,18.55,399110
AKZOINDIA,20190218,1707,1707,1650,1657.5,1542
ALANKIT,20190218,28.35,28.7,27.2,27.8,647384
ALBERTDAVD,20190218,391.75,394.45,375.7,381.45,8019
ALBK,20190218,41.9,41.95,40.85,41.45,1937824
ALCHEM,20190218,1.9,1.9,1.9,1.9,1520
ALEMBICLTD,20190218,40,40.3,39.6,40.1,101333
ALICON,20190218,524,535.8,512.25,527.3,1854
ALKALI,20190218,37.15,37.95,35.25,36.45,4655
ALKEM,20190218,1776,1849,1776,1838.7,32556
ALKYLAMINE,20190218,723.75,729,706.75,708,3028
ALLCARGO,20190218,102.85,102.9,100,100.5,61967
ALLSEC,20190218,186.55,186.55,178,178.95,3678
ALMONDZ,20190218,21.5,21.7,20,20.9,2149
ALOKTEXT,20190218,3.2,3.45,3.1,3.3,2529585
ALPA,20190218,23,23,20.65,21.1,26865
ALPHAGEO,20190218,387.1,392.55,362.5,369.65,5565
AMARAJABAT,20190218,739,750.85,735.55,742,377904
AMBER,20190218,638,638,622,631.8,10778
AMBIKCO,20190218,1124.05,1129.7,1120,1122.2,1172
AMBUJACEM,20190218,204.05,204.8,196.6,198,4557434
AMDIND,20190218,20.9,20.95,18.2,18.7,15673
AMJLAND,20190218,18.35,18.9,17.55,18.2,11206
AMRUTANJAN,20190218,292.45,292.55,282.8,284.95,4611
ANANTRAJ,20190218,30.75,30.75,28.7,29.2,322532
ANDHRABANK,20190218,23.4,23.4,22.75,23.3,537427
ANDHRACEMT,20190218,3.8,3.8,3.5,3.75,61348
ANDHRSUGAR,20190218,300,302.9,293,295.8,20363
ANGIND,20190218,1.3,1.3,1.3,1.3,3319
ANIKINDS,20190218,16.5,16.6,15.05,15.8,19984
ANKITMETAL,20190218,0.5,0.5,0.45,0.45,39613
ANSALAPI,20190218,9.9,9.95,9.55,9.65,64863
ANSALHSG,20190218,10.95,10.95,10.1,10.65,84668
ANTGRAPHIC,20190218,0.45,0.5,0.45,0.5,27174
APARINDS,20190218,615.05,629.8,615,618.4,2172
APCL,20190218,105.9,105.9,96,98.4,14930
APCOTEXIND,20190218,451,464.35,442.1,450.1,4121
APEX,20190218,283.15,286.6,277,278.95,44870
APLAPOLLO,20190218,1145,1157.2,1090.6,1122.5,19438
APLLTD,20190218,544.75,554,540.9,544.45,24145
APOLLO,20190218,99.25,99.25,95.5,98,10802
APOLLOHOSP,20190218,1143,1149.15,1083.1,1116.85,1323161
APOLLOTYRE,20190218,200.5,203.8,199.65,202.7,1647484
APOLSINHOT,20190218,885,948.35,873,893.95,549
APTECHT,20190218,156.1,158.15,153.45,155,78909
ARCHIDPLY,20190218,36.25,36.45,35.05,35.35,15282
ARCHIES,20190218,22.1,22.25,20.7,20.75,98208
ARCOTECH,20190218,4.6,4.6,4.35,4.4,51599
ARIES,20190218,73,73.7,71.5,72.25,18358
ARIHANT,20190218,26.85,29.8,26.85,29,1465
ARIHANTSUP,20190218,49.35,49.4,46.6,47.1,31576
ARMANFIN,20190218,377.15,378,361,362.35,5740
AROGRANITE,20190218,45.45,45.5,43.7,44.1,5064
ARROWGREEN,20190218,76.4,81.9,75.05,78.3,2772
ARROWTEX,20190218,14.75,15,14.55,14.6,5549
ARSHIYA,20190218,29.2,29.75,28,28.2,61490
ARSSINFRA,20190218,31,34.05,31,33.9,31485
ARVIND,20190218,78,78.15,76.1,76.35,1046693
ARVSMART,20190218,114,114,109.9,111.8,4523
ASAHIINDIA,20190218,250.1,257.7,250.1,253.1,76100
ASAHISONG,20190218,155.95,156,141.15,142.75,3578
ASAL,20190218,45,45,42.15,42.9,4601
ASHAPURMIN,20190218,21,21,19.25,19.6,31720
ASHIANA,20190218,110,111.95,107,108.9,50029
ASHIMASYN,20190218,12.3,12.7,12.05,12.2,5005
ASHOKA,20190218,113,114.4,107.25,109.8,45919
ASHOKLEY,20190218,79.8,79.95,77.6,79.2,18434019
ASIANHOTNR,20190218,141.05,146.9,140.05,140.95,1650
ASIANPAINT,20190218,1401.7,1401.7,1345,1380.05,1460282
ASIANTILES,20190218,152,153.25,150.35,152.05,48233
ASPINWALL,20190218,151.95,152,144.65,146.75,3495
ASSAMCO,20190218,2.4,2.4,2.4,2.4,239590
ASTEC,20190218,481.1,494,477.45,486.4,2785
ASTERDM,20190218,153.1,155,149,154,44217
ASTRAL,20190218,1134,1150,1095.3,1101,146302
ASTRAMICRO,20190218,72.2,73.9,71.3,72.9,59578
ASTRAZEN,20190218,1789.85,1800.7,1712.4,1742.35,11041
ASTRON,20190218,102,105,98.5,102.65,275030
ATFL,20190218,580.05,580.05,560.05,565.6,1229
ATLANTA,20190218,15.25,15.85,14.6,14.9,33322
ATLASCYCLE,20190218,59.05,61.7,58.7,61.1,2389
ATNINTER,20190218,0.05,0.05,0.05,0.05,18003
ATUL,20190218,3431.25,3431.25,3380,3405.5,9790
ATULAUTO,20190218,291.25,294.5,282.3,286.9,12982
AUBANK,20190218,575.1,579.8,570,571.2,77652
AURIONPRO,20190218,110.55,114.05,110.15,111.35,16829
AUROPHARMA,20190218,725.3,726.8,714.05,716.75,1914606
AUSOMENT,20190218,26.7,28.35,26.6,27.05,5341
AUTOAXLES,20190218,1120,1138.75,1116.45,1130.3,4895
AUTOIND,20190218,55.55,55.55,52.8,53.05,9682
AUTOLITIND,20190218,30,30,29,29.1,8486
AVADHSUGAR,20190218,365.25,384,365.25,374.6,47041
AVANTIFEED,20190218,324.7,324.7,318.05,319.2,121458
AVTNPL,20190218,22.5,22.5,21.8,22.15,16020
AXISBANK,20190218,686,697.7,680.7,693.3,7135564
AXISCADES,20190218,55.05,58.55,55,56.5,27812
AXISGOLD,20190218,2917,2978,2917,2946.3,408
AXISNIFTY,20190218,1088,1092.93,1083.95,1092.65,41
AYMSYNTEX,20190218,32.25,32.25,29.05,29.9,10580
BAFNAPHARM,20190218,8.9,9.25,8.55,8.95,2925
BAGFILMS,20190218,4.95,5.4,4.85,5,379146
BAJAJ-AUTO,20190218,2830,2835,2767.8,2793.5,296237
BAJAJCON,20190218,348.15,351.1,346.1,347.45,9131
BAJAJELEC,20190218,442,444.9,428,430.2,133185
BAJAJFINSV,20190218,6069,6083.05,5860.35,5885.15,245222
BAJAJHIND,20190218,7.3,7.55,7.15,7.4,2136415
BAJAJHLDNG,20190218,3168.85,3195,3000,3006.85,21499
BAJFINANCE,20190218,2548.05,2561,2512.45,2549.45,1154520
BALAJITELE,20190218,80.6,82.4,80,80.85,9899
BALAMINES,20190218,388.7,388.7,370.2,371.9,47673
BALKRISHNA,20190218,35.25,37.45,34.65,35.25,7211
BALKRISIND,20190218,829.9,829.9,806.4,815.7,254730
BALLARPUR,20190218,3.65,3.7,3.25,3.35,523104
BALMLAWRIE,20190218,163,166.55,161.1,162.1,36381
BALPHARMA,20190218,64.95,65.45,63,63.55,6915
BALRAMCHIN,20190218,117.85,121.5,115.9,119.65,3456420
BANARBEADS,20190218,40.95,43.35,39.1,39.2,5411
BANARISUG,20190218,1461.05,1494.95,1450.1,1453.7,200
BANCOINDIA,20190218,156.55,157.4,153.1,154.15,18744
BANDHANBNK,20190218,476,477,465,468.35,329910
BANG,20190218,45.6,46.65,42.3,42.8,48134
BANKBARODA,20190218,100.85,101.95,98.5,99.15,9448271
BANKBEES,20190218,2747.7,2747.7,2714.91,2718.13,57343
BANKINDIA,20190218,80.15,81.4,77.5,78.65,6787894
BANSWRAS,20190218,57.05,63.95,56.6,62.1,6256
BARTRONICS,20190218,5.4,5.4,4.6,5,15086
BASF,20190218,1208,1249.85,1188,1221.1,12342
BASML,20190218,180.2,183,180.15,182.35,329
BATAINDIA,20190218,1265,1288.8,1257.1,1266.05,1581618
BAYERCROP,20190218,4265.2,4422.1,4222.15,4342.05,3114
BBL,20190218,986,986,950.25,953,4070
BBTC,20190218,1191,1200,1176.65,1183.1,24226
BCG,20190218,3.1,3.2,2.95,3.05,471539
BDL,20190218,235.05,247.65,235.05,241.4,73127
BEARDSELL,20190218,15.75,15.75,14.25,14.85,2509
BEDMUTHA,20190218,17.95,19.15,17,17.2,15535
BEL,20190218,75.55,76.3,74.85,75.3,4102420
BEML,20190218,765,783.7,761.6,767.6,1029914
BEPL,20190218,62.15,62.45,57.75,60.2,301853
BERGEPAINT,20190218,291.1,295,285.2,288.8,924186
BFINVEST,20190218,180.8,180.9,169.2,170.95,42753
BFUTILITIE,20190218,153,153.4,148,149.1,172839
BGLOBAL,20190218,2.45,2.45,2.45,2.45,1000
BGRENERGY,20190218,50.3,52.7,50.1,51.1,96323
BHAGERIA,20190218,219.05,220,213.95,219.45,8278
BHAGYANGR,20190218,30.7,30.75,29.05,29.35,8173
BHAGYAPROP,20190218,28.1,28.1,28.1,28.1,8402
BHANDARI,20190218,1.9,2,1.9,1.95,162123
BHARATFIN,20190218,941.2,956.4,936.8,949.95,225852
BHARATFORG,20190218,468,471.15,457.75,459,1031691
BHARATGEAR,20190218,147.7,148.95,144,145.75,5884
BHARATRAS,20190218,3610,3650,3325,3453.25,1880
BHARATWIRE,20190218,55.05,57.8,55,56.8,10428
BHARTIARTL,20190218,306.9,307.15,300.05,302.55,4001810
BHEL,20190218,61.05,61.6,60.9,61.15,6749057
BIGBLOC,20190218,27.2,28.3,26,26.95,1419
BIL,20190218,228,228,213,213.95,1136
BILENERGY,20190218,1.25,1.25,1.25,1.25,135461
BINANIIND,20190218,34.65,34.95,33.7,33.85,8872
BINDALAGRO,20190218,13.6,13.6,13,13.15,18921
BIOCON,20190218,621.9,625.9,604,605.85,2041693
BIOFILCHEM,20190218,6.1,6.4,5.9,6.3,221
BIRLACABLE,20190218,148.45,159.2,148.45,151.15,60005
BIRLACORPN,20190218,452,456.5,440.95,445.15,28224
BIRLAMONEY,20190218,41.7,41.7,39,40.05,18776
BKMINDST,20190218,3.75,3.75,3.6,3.6,3051
BLBLIMITED,20190218,5.2,5.2,5,5,834
BLISSGVS,20190218,146.2,150.9,144.8,146.6,1287859
BLKASHYAP,20190218,18,18.2,17.65,18.15,49018
BLS,20190218,96,96.5,92.05,92.75,59083
BLUEBLENDS,20190218,3.5,3.55,3.4,3.55,12697
BLUEDART,20190218,3048.4,3049.95,2985,3020.35,10099
BLUESTARCO,20190218,578.5,582,567.5,572,43117
BODALCHEM,20190218,92.9,92.9,90.05,90.6,80364
BOMDYEING,20190218,103,104,101.05,101.6,431192
BOROSIL,20190218,201.8,202,196.25,197.65,19796
BOSCHLTD,20190218,18150,18150,17650,17717.05,12603
BPCL,20190218,322.55,330.1,322.55,327.75,3952632
BPL,20190218,24.45,26.5,24.25,25.55,147528
BRFL,20190218,7.35,7.4,6.8,7.4,119118
BRIGADE,20190218,197.6,198,195,196.1,26528
BRITANNIA,20190218,2860,2939,2759,2911.7,700981
BRNL,20190218,97.05,99.9,96.05,96.5,6163
BROOKS,20190218,41.65,41.65,38.5,39.2,24071
BSE,20190218,567.9,567.9,549,550.65,58441
BSELINFRA,20190218,1.55,1.8,1.5,1.65,21179
BSL,20190218,42,42.75,40.5,41.2,754
BSLGOLDETF,20190218,3045,3200,3045,3105.05,156
BSLNIFTY,20190218,115.2,115.2,112.02,114.95,24
BURNPUR,20190218,2.55,2.55,2.55,2.55,10634
BUTTERFLY,20190218,203,203,186.65,187.2,13524
BYKE,20190218,28.4,28.5,27.05,27.85,44438
CADILAHC,20190218,310.4,317.35,309.3,311.8,772468
CALSOFT,20190218,21.55,21.55,20.1,20.45,28872
CAMLINFINE,20190218,43.8,43.8,41.1,41.8,117080
CANBK,20190218,216.5,217.3,212.8,213.65,3201980
CANDC,20190218,15.5,15.5,15.45,15.45,10361
CANFINHOME,20190218,249.5,254.2,245.9,246.9,848217
CANTABIL,20190218,190.8,190.8,180,186.4,120078
CAPACITE,20190218,190.05,195,189.05,191.6,20760
CAPLIPOINT,20190218,326,336,325.3,328.5,28332
CAPTRUST,20190218,188,188,172.05,178.5,156
CARBORUNIV,20190218,346.9,349,344.45,348.15,25171
CAREERP,20190218,67.85,72,65.35,70.25,11392
CARERATING,20190218,945,958.55,945,954.65,9591
CASTEXTECH,20190218,0.85,0.85,0.8,0.8,766357
CASTROLIND,20190218,147.2,149,147.1,148.2,1026622
CCCL,20190218,1.85,1.9,1.75,1.8,28476
CCHHL,20190218,6.3,6.3,5.8,5.95,28721
CCL,20190218,268,268,257.1,263.8,65433
CDSL,20190218,210.2,211,208,209.7,53483
CEATLTD,20190218,1065,1073.95,1038,1043.1,325462
CEBBCO,20190218,19.05,19.9,18.55,19.65,109645
CELEBRITY,20190218,7.95,8,7.6,7.75,7523
CELESTIAL,20190218,4.4,4.65,4.4,4.45,21479
CENTENKA,20190218,219.9,221.9,217.15,219.65,8499
CENTEXT,20190218,6.1,6.2,5.9,5.95,179746
CENTRALBK,20190218,28.1,28.8,28.1,28.55,790728
CENTRUM,20190218,32.55,32.75,31.3,32.1,64192
CENTUM,20190218,393.7,396,378.15,382.4,3899
CENTURYPLY,20190218,163,164.75,160,160.7,47050
CENTURYTEX,20190218,713,719.95,709,713.85,450797
CERA,20190218,2240,2249.95,2170,2180.3,2929
CEREBRAINT,20190218,28.1,28.2,26.45,27.1,684173
CESC,20190218,678.4,682.2,660,662.05,159891
CESCVENT,20190218,405.9,405.9,382.1,386.9,31873
CGCL,20190218,137,139.15,132.75,133.45,283707
CGPOWER,20190218,29.5,30.85,28.5,29,30369046
CHALET,20190218,282.9,286,276.4,278.65,1054880
CHAMBLFERT,20190218,162,163.75,160.1,160.65,62129
CHEMFAB,20190218,135.9,138.7,130,131.6,732
CHENNPETRO,20190218,202.3,207.65,196.8,204.7,1033867
CHOLAFIN,20190218,1190,1194.6,1133.2,1153.45,321432
CHROMATIC,20190218,0.9,0.9,0.85,0.85,22004
CIGNITITEC,20190218,334.95,334.95,313.2,321.95,9005
CIMMCO,20190218,31.85,31.85,29.1,29.55,15018
CINELINE,20190218,41.75,42.1,41.4,41.5,4703
CINEVISTA,20190218,5.3,5.7,4.95,5,5351
CIPLA,20190218,542,545.05,532.3,541.15,1590101
CLEDUCATE,20190218,122.4,124.05,116.3,118.4,4579
CLNINDIA,20190218,332.55,334.7,320.6,323.25,9768
CMICABLES,20190218,123.6,127,118.6,120.4,20170
CNOVAPETRO,20190218,16.5,17.65,14.95,16.5,257
COALINDIA,20190218,218,218,214.8,215.15,3651021
COCHINSHIP,20190218,343.75,343.75,335,336.45,37390
COFFEEDAY,20190218,280.75,284.9,275,277.6,228553
COLPAL,20190218,1226.95,1245.35,1212,1231.45,223336
COMPINFO,20190218,17.15,17.15,16.25,16.55,15006
COMPUSOFT,20190218,8.8,9.4,8.75,9,23984
CONCOR,20190218,492,499.45,477,493.5,905190
CONSOFINVT,20190218,36,36,35.15,36,1781
CONTROLPR,20190218,262.5,265,257.1,260.7,4250
CORALFINAC,20190218,14.55,14.55,14.4,14.5,7739
CORDSCABLE,20190218,59.45,59.45,55.05,56.25,12013
COROMANDEL,20190218,449.7,454.5,448.25,449.75,42205
CORPBANK,20190218,24.3,24.7,24.15,24.3,133131
COSMOFILMS,20190218,172,172.95,161.95,163.4,14421
COUNCODOS,20190218,1.9,2.1,1.9,2,8615
COX&KINGS,20190218,145.75,147.15,140.6,141.6,32157
CPSEETF,20190218,22.5,22.78,22.45,22.55,575088
CREATIVEYE,20190218,2.4,2.4,2.4,2.4,5700
CREDITACC,20190218,398.5,403.95,395,397.9,39532
CREST,20190218,122.35,125.65,119.6,122.65,23465
CRISIL,20190218,1635,1635,1550,1562.35,3728
CRMFGETF,20190218,3065,3115,3065,3100,36
CROMPTON,20190218,200.1,200.75,192,193.85,1194275
CTE,20190218,40.5,42.75,39.5,40.4,9465
CUB,20190218,181.5,181.85,179,179.75,453932
CUBEXTUB,20190218,11.25,13.35,11.25,12.15,838
CUMMINSIND,20190218,685,686.4,661,663.35,616184
CUPID,20190218,117.6,119.8,114.45,115.3,24891
CURATECH,20190218,1,1,1,1,1000
CYBERMEDIA,20190218,5.4,5.4,5.4,5.4,140
CYBERTECH,20190218,35.3,41.65,35.3,39.9,40540
CYIENT,20190218,606.8,619.75,597.5,611.35,584142
DAAWAT,20190218,33.35,33.5,32.5,32.7,238205
DABUR,20190218,431.35,434.5,417.5,422.35,3075577
DALBHARAT,20190218,1048,1063.65,1042,1050.45,64585
DALMIASUG,20190218,97.05,99.4,95.25,97.1,278260
DAMODARIND,20190218,36.5,36.5,35.1,35.5,19739
DATAMATICS,20190218,84.4,84.4,82.5,83.05,29527
DBCORP,20190218,178.7,179.45,177.3,178.05,12162
DBL,20190218,445,477.95,436.55,460.05,973862
DBREALTY,20190218,21.95,22,20.5,20.9,170226
DBSTOCKBRO,20190218,8.3,8.3,8.3,8.3,7
DCAL,20190218,194.9,195.3,183.3,186.85,109261
DCBBANK,20190218,171.3,173.9,170.3,172.1,1246226
DCM,20190218,62,66.45,61.5,61.65,2813
DCMSHRIRAM,20190218,342.8,349.95,342.45,347.2,27634
DCW,20190218,14.45,14.65,13.65,14.3,80499
DECCANCE,20190218,361.1,361.1,336,341.4,3810
DEEPAKFERT,20190218,114.1,117.75,111.6,117,236782
DEEPAKNTR,20190218,217.1,218.5,212.5,214,61947
DEEPIND,20190218,108.05,108.75,103.35,105.8,10812
DELTACORP,20190218,223.45,230.95,221.65,227.85,883889
DELTAMAGNT,20190218,70,74.9,63,67.9,188
DEN,20190218,72.05,72.1,71.9,72,248442
DENABANK,20190218,10.85,10.9,10.45,10.5,2608211
DENORA,20190218,233.95,241,227.6,237.1,3605
DFMFOODS,20190218,207.05,207.05,185,189.25,35653
DHAMPURSUG,20190218,185.5,201.45,184,199.55,1611849
DHANBANK,20190218,14.2,14.8,13.6,13.9,208593
DHANUKA,20190218,395,403.5,385,387.1,10458
DHARSUGAR,20190218,9.95,10.1,9.7,9.95,8554
DHFL,20190218,124.9,135.5,124.9,128.85,32069129
DHUNINV,20190218,241.05,253.25,240.95,244.7,929
DIAMONDYD,20190218,875,875,845.1,849.3,6827
DICIND,20190218,338.95,338.95,314.9,322.45,984
DIGJAMLTD,20190218,3.8,3.8,3.15,3.35,93516
DISHTV,20190218,33.1,37.25,32.6,35.15,46942670
DIVISLAB,20190218,1617.9,1621.05,1559,1574.75,890862
DIXON,20190218,2165,2229.75,2160.05,2196.4,2529
DLF,20190218,159,160.2,155.6,156,3876032
DLINKINDIA,20190218,72.1,72.1,69.1,69.7,26347
DMART,20190218,1448,1459.8,1413,1436.05,595267
DNAMEDIA,20190218,3.3,3.35,3.15,3.15,8994
DOLLAR,20190218,284.7,284.7,277,277.55,4129
DOLPHINOFF,20190218,39,43.7,37.65,42.05,441805
DONEAR,20190218,34.8,36.1,30.9,31.8,57162
DPSCLTD,20190218,11.15,11.4,10.2,11.2,3919
DQE,20190218,6,6,5.2,5.35,18727
DREDGECORP,20190218,351.5,353.95,334.1,337.05,143523
DRREDDY,20190218,2650,2689.65,2545.05,2565.55,2687581
DSSL,20190218,30,31.4,29.4,30,3585
DTIL,20190218,205.65,212,205.05,210.35,2927
DUCON,20190218,10.15,10.3,9.35,10.05,88210
DVL,20190218,79.5,82.05,77.7,80.2,15836
DWARKESH,20190218,23.5,24.2,22.75,23.1,615196
DYNAMATECH,20190218,1357.05,1363.3,1265.1,1291.55,1319
DYNPRO,20190218,105.05,105.95,99.05,100.4,2663
EASTSILK,20190218,1.6,1.6,1.6,1.6,8899
EASUNREYRL,20190218,7.15,7.15,6.7,6.9,11166
EBANK,20190218,2660.01,2660.01,2660.01,2660.01,9
ECEIND,20190218,190,197.35,178.15,188.5,54
ECLERX,20190218,1022,1024.45,984,986.25,2868
EDELWEISS,20190218,135.5,139.35,134,136.05,2497940
EDL,20190218,6.75,7.25,6.65,7.2,20836
EICHERMOT,20190218,20433,20450,20047.7,20155.2,85097
EIDPARRY,20190218,187.65,189.7,181.3,182.55,130385
EIHAHOTELS,20190218,322,322.05,315.35,319.9,1672
EIHOTEL,20190218,187.55,191.7,185.7,188,361632
EIMCOELECO,20190218,357,374,351.25,356.3,1451
EKC,20190218,24.3,24.9,23.8,24.1,71850
ELAND,20190218,4,4.25,3.8,4,8229
ELECON,20190218,55,55.3,52.65,54.15,49883
ELECTCAST,20190218,19.6,19.8,17.9,18.1,167007
ELECTHERM,20190218,170,170.95,162.4,166.2,42923
ELGIEQUIP,20190218,247,249,236.05,240.2,16774
ELGIRUBCO,20190218,22.15,22.5,20.7,22.25,12698
EMAMILTD,20190218,362.15,369.7,356,361.95,1610659
EMAMIREAL,20190218,105.35,108.05,102.95,104.3,17664
EMCO,20190218,3.35,3.35,3.2,3.2,6801
EMKAY,20190218,77.05,77.05,69,71,23307
EMMBI,20190218,124.55,126.5,121.3,124.4,9160
ENDURANCE,20190218,1245.25,1295.1,1220,1285.25,21756
ENERGYDEV,20190218,8.7,9.1,8.6,8.8,6027
ENGINERSIN,20190218,108.75,109.8,106,106.5,5647543
ENIL,20190218,521.35,535,515.1,531.05,1723
EON,20190218,36.4,36.4,34.55,34.75,4418
EQ30,20190218,267.03,271,267.03,271,3
EQUITAS,20190218,113.95,115.4,111.85,113.85,1757037
ERIS,20190218,630,645,621,622.55,4591
EROSMEDIA,20190218,70.5,72.9,69.5,70.2,419018
ESABINDIA,20190218,846.35,846.4,815,818.25,6233
ESCORTS,20190218,639,641.8,626.6,628.25,941687
ESSARSHPNG,20190218,8.6,9.9,8.6,9.35,9222
ESSDEE,20190218,13,13.55,12.65,13.55,38541
ESSELPACK,20190218,107.2,115.75,101.8,110.3,230763
ESTER,20190218,29.55,30.4,29.3,29.8,16277
EUROCERA,20190218,1.35,1.35,1.35,1.35,3900
EUROTEXIND,20190218,16.5,16.5,15.7,15.7,215
EVEREADY,20190218,203.85,204.4,195.45,202.95,163539
EVERESTIND,20190218,410.65,441.4,400,415.25,17240
EXCEL,20190218,1.7,1.75,1.65,1.65,24547
EXCELCROP,20190218,3250,3250,3070.2,3118.1,1994
EXCELINDUS,20190218,955,997.45,922.55,957.75,11510
EXIDEIND,20190218,206.5,207.45,204,205.6,585108
FACT,20190218,32.4,33,31.05,31.25,41401
FAIRCHEM,20190218,381.65,384.95,376.15,381.35,2610
FCL,20190218,34.75,34.75,33.5,33.6,71832
FCONSUMER,20190218,42.6,44.9,42.3,43.85,3285954
FCSSOFT,20190218,0.2,0.25,0.2,0.2,1058627
FDC,20190218,151.85,156,149,152.2,97117
FEDERALBNK,20190218,80.35,81.6,79.9,80,8365802
FEL,20190218,33.9,33.9,30.95,32.1,683626
FELDVR,20190218,34.95,35,31.5,31.7,5554
FIEMIND,20190218,443,444.4,422.4,435.75,7391
FILATEX,20190218,46,49.3,40.85,47.15,2310490
FINCABLES,20190218,375.1,380.55,357.6,365,130776
FINEORG,20190218,1145.15,1145.15,1085.35,1110.5,2215
FINPIPE,20190218,496.5,496.5,446.9,455.1,102458
FLEXITUFF,20190218,48.5,50,48.35,49.4,2151
FLFL,20190218,430.9,430.9,423.7,424.45,119303
FMGOETZE,20190218,482.95,490,471.1,480.55,3676
FMNL,20190218,37.55,38.35,35.8,36.45,23680
FORTIS,20190218,134.7,135.4,133.6,134.95,901528
FOSECOIND,20190218,1336.2,1350,1334.55,1339.75,322
FRETAIL,20190218,433.15,441.8,422,426.75,143139
FSC,20190218,624,624,601,608.5,1787
FSL,20190218,42.9,43,41.2,41.65,1960585
GABRIEL,20190218,137.25,141.75,136.6,140.3,85370
GAEL,20190218,208.85,210.15,200.15,201.8,12393
GAIL,20190218,318.55,321,310.75,317.45,3410237
GAL,20190218,5.05,5.45,5.05,5.3,127640
GALAXYSURF,20190218,880.5,964,880.5,905,106549
GALLANTT,20190218,45.95,46.25,42.6,43.5,10165
GALLISPAT,20190218,31,31,28.35,29.7,7467
GAMMNINFRA,20190218,0.6,0.6,0.55,0.6,579848
GANDHITUBE,20190218,353.9,355,342.5,350.85,3679
GANECOS,20190218,255,262.85,242.15,243.95,2299
GANESHHOUC,20190218,51.05,52,50,50.75,20344
GANGESSECU,20190218,35.65,37.4,35.65,37.4,62919
GARDENSILK,20190218,15.05,16.2,15.05,15.15,18808
GARFIBRES,20190218,1031,1031,990,990.85,8226
GATI,20190218,70,73.2,70,71.6,495990
GAYAHWS,20190218,0.75,0.8,0.7,0.7,179076
GAYAPROJ,20190218,157,157,149,149.55,119576
GDL,20190218,100.5,100.55,98,99.5,23964
GEECEE,20190218,107.8,108.4,105.4,106.65,2620
GENESYS,20190218,124.5,124.5,120.65,122.65,7635
GENUSPAPER,20190218,6.75,6.75,6.4,6.5,100689
GENUSPOWER,20190218,29.9,30.3,29.55,29.95,94470
GEOJITFSL,20190218,34.45,34.65,33.1,33.45,102320
GEPIL,20190218,749.95,768,737.1,762.65,9411
GESHIP,20190218,268,273.95,255.1,259.7,34163
GET&D,20190218,284,288,273.85,285,57895
GHCL,20190218,217.5,219.05,211.05,212.25,291139
GICHSGFIN,20190218,228.9,233,226.95,230.1,59565
GICRE,20190218,222.9,222.9,215,215.55,40514
GILLANDERS,20190218,49,49.5,47.2,47.6,1901
GILLETTE,20190218,6460,6492.45,6390,6439.6,8715
GINNIFILA,20190218,11.8,11.85,11.3,11.7,33451
GIPCL,20190218,69.8,70.15,68.5,69.05,11398
GKWLIMITED,20190218,998,998,860.25,898.2,21
GLAXO,20190218,1365,1365,1332,1341.15,15158
GLENMARK,20190218,575,580,562.7,577.1,1093956
GLOBALVECT,20190218,50.05,52.2,50,50.65,3009
GLOBOFFS,20190218,9.5,10.35,9.5,10,8703
GLOBUSSPR,20190218,127.3,129.35,121.3,122.7,45018
GMBREW,20190218,517,517,493,502.4,14276
GMDCLTD,20190218,74.95,75.6,73.8,74.2,115649
GMMPFAUDLR,20190218,1086.35,1090,1020,1030.85,3197
GMRINFRA,20190218,14.8,15.15,14.45,14.8,33906073
GNA,20190218,283.65,287.55,265.7,269.6,42622
GNFC,20190218,248.1,250,238.55,239.9,595733
GOACARBON,20190218,414.8,418.9,405,407.7,22724
GOCLCORP,20190218,227.95,234.6,221.55,228.05,1460
GODFRYPHLP,20190218,857.65,877,852.55,871.55,205559
GODREJAGRO,20190218,467.5,479.95,465,478.9,159427
GODREJCP,20190218,660,661.5,634,658.65,1222854
GODREJIND,20190218,479.3,479.3,468,470.75,259787
GODREJPROP,20190218,715,720.45,700,704.8,41011
GOKEX,20190218,72.35,72.45,69.9,70.15,19909
GOKUL,20190218,11.15,11.15,11.15,11.15,4894
GOKULAGRO,20190218,13.95,14.3,13.3,14.3,3302
GOLDBEES,20190218,2963.2,2979.65,2961.25,2969.5,10445
GOLDENTOBC,20190218,34,34.1,34,34,579
GOLDIAM,20190218,86.45,87.1,84.35,85.2,9382
GOLDSHARE,20190218,2971,2989.35,2971,2984.55,975
GOLDTECH,20190218,12.95,13.65,12.55,12.65,6364
GOODLUCK,20190218,63.15,63.9,62,63,4137
GPIL,20190218,252.95,258.25,243.6,249.55,95636
GPPL,20190218,79.35,80.45,77.2,79.05,47160
GPTINFRA,20190218,43.25,43.25,40.65,42.35,1281
GRANULES,20190218,86,87.95,85,87.05,824336
GRAPHITE,20190218,429.5,434.85,410,411.9,979329
GRASIM,20190218,711.95,711.95,693.8,699.85,1158588
GRAVITA,20190218,61.35,63.5,59,60.95,35678
GREAVESCOT,20190218,119,119,116.3,117.3,146308
GREENLAM,20190218,676.1,697.9,659,683,9078
GREENPLY,20190218,129.15,129.7,128.1,128.4,24319
GREENPOWER,20190218,3.7,3.7,2.95,3.1,811966
GRINDWELL,20190218,512.1,514.65,510,511.05,8929
GROBTEA,20190218,427.05,467.3,427,436.6,304
GRPLTD,20190218,1000.05,1000.05,965.05,965.05,3
GRSE,20190218,82.85,83.35,81.25,81.6,23282
GRUH,20190218,240,244.7,238.1,239.6,321386
GSCLCEMENT,20190218,19.15,19.85,19,19.25,5929
GSFC,20190218,87.5,88.65,85.8,86.1,1154976
GSKCONS,20190218,7430,7430,7200,7324.15,8858
GSPL,20190218,160.05,160.3,152,154.5,305059
GSS,20190218,103.1,104.65,95.2,101.95,419529
GTL,20190218,4.35,4.45,4.15,4.15,49035
GTLINFRA,20190218,0.9,0.9,0.85,0.85,6422617
GTNIND,20190218,7.55,8.55,7.55,8.3,2046
GTNTEX,20190218,8.95,8.95,8.15,8.15,91
GTPL,20190218,82,82,81.7,81.8,4428
GUFICBIO,20190218,69.7,71,68,69.25,28781
GUJALKALI,20190218,440,443.95,425,425.7,53050
GUJAPOLLO,20190218,155,155,146,146.7,996
GUJFLUORO,20190218,878,878.95,851.15,857.7,15466
GUJGASLTD,20190218,120.8,120.9,115,118,283465
GUJRAFFIA,20190218,13.5,13.5,13.5,13.5,1
GULFOILLUB,20190218,891.05,891.05,842,849.9,9270
GULFPETRO,20190218,51,52,48.5,49.7,15961
GULPOLY,20190218,50.1,50.45,48.4,49.25,14164
GVKPIL,20190218,5.75,5.8,5,5.3,3623744
HAL,20190218,629.05,629.8,610.05,614.1,37174
HARITASEAT,20190218,408,408,377,380.45,8059
HARRMALAYA,20190218,65.35,66.8,64.15,64.9,12396
HATHWAY,20190218,29.3,29.6,27.25,27.75,173917
HATSUN,20190218,717,717,659,660.75,3958
HAVELLS,20190218,690,690,665.45,686.6,1636609
HAVISHA,20190218,0.6,0.6,0.6,0.6,100
HBLPOWER,20190218,23.15,23.45,21.85,22.65,212739
HBSL,20190218,6.5,6.5,6.3,6.3,596
HCC,20190218,12,12.1,11.75,12,1625229
HCG,20190218,194.5,199.95,191.95,195.8,13361
HCL-INSYS,20190218,17.05,17.05,16.3,16.45,314157
HCLTECH,20190218,1060.8,1072,1032.5,1046.3,1275349
HDFC,20190218,1877.3,1893,1864.05,1874.85,2768637
HDFCAMC,20190218,1322,1334.5,1320,1325.45,38304
HDFCBANK,20190218,2106.8,2118,2086,2089.9,1784686
HDFCLIFE,20190218,359.45,362.8,349,350.6,433200
HDFCMFGETF,20190218,3044.9,3050,3031.1,3041.5,916
HDFCNIFETF,20190218,1113.79,1113.8,1106.6,1108.73,382
HDFCSENETF,20190218,3724.47,3724.47,3718.67,3719.05,15
HDIL,20190218,22.5,22.75,21.6,21.9,1743482
HEG,20190218,2166.1,2218.95,2130.15,2143,180059
HEIDELBERG,20190218,147.1,149.75,146.6,149.05,70072
HERCULES,20190218,98.25,98.85,96,96.8,5918
HERITGFOOD,20190218,446,455.7,438.2,445.9,15879
HEROMOTOCO,20190218,2690,2704.9,2660.45,2683.55,433854
HESTERBIO,20190218,1387.75,1402.25,1383.85,1395.4,2634
HEXATRADEX,20190218,22.1,22.1,20,21.1,769
HEXAWARE,20190218,359.8,360.65,350.6,353.05,822329
HFCL,20190218,21.65,21.65,21.2,21.3,1339532
HGINFRA,20190218,184.75,184.75,174.55,176.7,32473
HGS,20190218,581,601,575,594.85,27300
HIGHGROUND,20190218,7,7,6.25,6.75,112560
HIKAL,20190218,146.6,148.8,141.85,144,76498
HIL,20190218,1605.35,1658,1592.85,1650.6,5393
HILTON,20190218,15.25,15.65,14.4,14.5,7478
HIMATSEIDE,20190218,166.25,169,163.4,166.05,217959
HINDALCO,20190218,187,188.7,183.9,184.55,6483004
HINDCOMPOS,20190218,198.7,200.45,192,193.75,3682
HINDCOPPER,20190218,43.6,43.85,43,43.15,264084
HINDMOTORS,20190218,6.8,6.8,6.6,6.65,77200
HINDNATGLS,20190218,90.05,92.5,87,91,763
HINDOILEXP,20190218,118.25,118.9,113,114.65,257145
HINDPETRO,20190218,216,216.35,211.2,212.65,2708470
HINDUJAVEN,20190218,315.05,320.35,313,314.25,1243
HINDUNILVR,20190218,1775.1,1775.1,1735,1751.9,1513430
HINDZINC,20190218,249,250.95,243.2,244.3,611102
HIRECT,20190218,107.95,108,103.4,104.55,2966
HISARMETAL,20190218,32.5,33.55,32.1,33.25,311
HITECH,20190218,183.7,183.7,166.1,172.8,8690
HITECHCORP,20190218,89,90,86.05,89.1,2199
HITECHGEAR,20190218,288.25,289.6,270.05,271.55,14371
HMVL,20190218,104.5,105,99.2,100.95,7167
HNGSNGBEES,20190218,3159.95,3159.95,3132.95,3141.94,10
HONAUT,20190218,21400.8,21575,21400.75,21494,497
HONDAPOWER,20190218,1052.1,1070,1038.2,1050.6,1055
HOTELEELA,20190218,12.4,12.7,11.9,11.9,325919
HOVS,20190218,130.3,130.65,127.25,128.05,9079
HPL,20190218,48.4,48.4,44.85,45.4,31620
HSCL,20190218,102.5,103.55,94.5,95.35,976735
HSIL,20190218,220,221,214.1,215.2,83414
HTMEDIA,20190218,38.85,38.9,37.6,38.1,59036
HUBTOWN,20190218,34.35,34.75,33.5,34.3,25503
HUDCO,20190218,38.6,38.6,37.7,37.75,424727
IBREALEST,20190218,72,73.6,72,72.75,2323939
IBULHSGFIN,20190218,639,649.4,615,623.5,5029496
IBULISL,20190218,235.05,239,218,220.85,61220
IBVENTURES,20190218,275,283.95,265.2,270.7,417336
ICICI500,20190218,143,143,140.2,140.76,244
ICICIB22,20190218,33,33.34,33,33.02,571442
ICICIBANK,20190218,342.2,343,337.55,338.75,10601490
ICICIGI,20190218,900.05,914.9,898.5,901.7,56141
ICICIGOLD,20190218,30.15,30.5,30.05,30.4,10146
ICICILIQ,20190218,1000,1000.01,999.99,999.99,30171
ICICILOVOL,20190218,85.2,85.2,84.8,84.81,1190
ICICIMCAP,20190218,61,61,60.18,60.28,7961
ICICINF100,20190218,114.95,114.95,114.35,114.56,775
ICICINIFTY,20190218,112,112.13,110.91,111.11,63607
ICICINV20,20190218,54.12,54.12,53.52,53.67,7030
ICICINXT50,20190218,25.7,25.7,25.31,25.48,26111
ICICIPRULI,20190218,303.9,307.9,301.1,303.5,694259
ICICISENSX,20190218,374.95,376.44,374.5,375,196
ICIL,20190218,32.15,32.8,30.5,30.8,326964
ICRA,20190218,2943.85,2943.85,2895.05,2913.6,469
ICSA,20190218,1.45,1.45,1.45,1.45,1
IDBI,20190218,44.15,45,41.5,42.2,7841495
IDBIGOLD,20190218,3072.05,3138,3072.05,3104.7,145
IDEA,20190218,30.4,30.9,29.8,30.65,14830413
IDFC,20190218,35.15,36.2,34.6,35.1,2829180
IDFCFIRSTB,20190218,44.3,44.45,42.9,43.1,12960079
IDFNIFTYET,20190218,105,113,103.92,103.97,473
IEX,20190218,162.5,162.5,157.9,160.6,47723
IFBAGRO,20190218,416,431.1,415.5,416.75,2007
IFBIND,20190218,781,782,749.95,771.95,12419
IFCI,20190218,12.15,12.2,11.85,11.9,1995405
IFGLEXPOR,20190218,240,240,207.45,213.8,10487
IGARASHI,20190218,385,400,384.15,394.85,8472
IGL,20190218,281,287.75,278.7,285,4651185
IGPL,20190218,240,240,232.25,234.15,19805
IIFL,20190218,382,385.15,351.05,358.85,93566
IITL,20190218,63.75,69.9,63.75,69.9,610
IL&FSENGG,20190218,10.65,10.65,10.5,10.65,37439
IL&FSTRANS,20190218,6.8,6.8,6.8,6.8,62551
IMFA,20190218,215,215,210,211.85,8660
IMPAL,20190218,860.6,868.95,860.45,860.45,302
IMPEXFERRO,20190218,0.3,0.35,0.3,0.35,2000
INDBANK,20190218,9.15,9.15,8.35,8.4,19684
INDHOTEL,20190218,137.1,137.95,134.1,134.6,400318
INDIACEM,20190218,84.15,85.4,81.65,82.55,4383650
INDIAGLYCO,20190218,244.95,245.5,233,234.5,56746
INDIANB,20190218,212.85,216.3,207.4,209,1558054
INDIANCARD,20190218,88.9,95.4,87,93.85,718
INDIANHUME,20190218,270.5,272.3,263.95,270.05,12724
INDIGO,20190218,1138,1143.95,1100,1106.15,1180377
INDLMETER,20190218,32.5,36,31.5,33.95,1704
INDNIPPON,20190218,389.3,389.35,372.4,376.7,3339
INDOCO,20190218,172,174,172,173.1,5092
INDORAMA,20190218,34.15,34.3,33.9,34.2,37272
INDOSOLAR,20190218,1.9,1.9,1.8,1.9,63589
INDOSTAR,20190218,325.6,329.15,320,322.2,7013
INDOTECH,20190218,90.05,90.95,86,86.8,7034
INDOTHAI,20190218,28.55,29.75,27.2,29.5,11543
INDOWIND,20190218,4.8,5.1,4.75,4.95,23102
INDRAMEDCO,20190218,37.8,37.8,36.15,37.1,23985
INDSWFTLAB,20190218,44.75,45,42.55,43.15,15596
INDSWFTLTD,20190218,5.8,5.8,4.9,5.15,31091
INDTERRAIN,20190218,118.9,118.95,112.55,113.75,2306
INDUSINDBK,20190218,1509.5,1524.9,1500,1517,1040787
INEOSSTYRO,20190218,511,511,481.3,490.2,2084
INFIBEAM,20190218,40,40.45,37,37.35,10298204
INFRABEES,20190218,292.73,294.83,292,293.16,975
INFRATEL,20190218,306.7,319.25,304.7,317.05,6443621
INFY,20190218,742.35,747.65,736,741.05,5346825
INGERRAND,20190218,517.55,521,507,511.2,6840
INOXLEISUR,20190218,260.1,271,259.75,267.7,97549
INOXWIND,20190218,65,65,62.25,62.6,25613
INSECTICID,20190218,609,612,585.5,587.95,7657
INSPIRISYS,20190218,46,46,43.2,44.8,510
INTELLECT,20190218,157,159,151.05,151.85,211231
INTENTECH,20190218,37,37.3,36,37,3301
INVENTURE,20190218,14.6,14.6,14,14,802
IOB,20190218,12.25,12.25,12,12.1,166432
IOC,20190218,125.85,126.75,124.2,124.95,5920366
IOLCP,20190218,198.5,199,191.75,193.4,319010
IPAPPM,20190218,439,446,431,442.15,35851
IPCALAB,20190218,788,828.85,776.05,808.25,390989
IRB,20190218,120.95,121.9,109.3,111.95,4165489
IRCON,20190218,380,380,362,367.45,18100
ISEC,20190218,191.05,201.1,191.05,198.6,74759
ISFT,20190218,120.5,122.9,119.25,119.25,2300
ISMTLTD,20190218,6.7,7.05,6.45,6.75,16951
ITC,20190218,278.8,282.45,273.9,274.7,40666405
ITDC,20190218,252.2,252.95,244.4,245.2,2915
ITDCEM,20190218,102,104.1,100.1,100.95,32233
ITI,20190218,89.8,91.9,89.35,89.85,921555
IVC,20190218,5.1,5.1,4.95,5.05,239690
IVP,20190218,90,91,86.7,88.5,1026
IVRCLINFRA,20190218,0.75,0.8,0.7,0.75,199453
IVZINGOLD,20190218,3045,3045,3045,3045,20
IZMO,20190218,46,46.5,45.1,45.8,9366
J&KBANK,20190218,39.5,39.55,38.45,38.75,574881
JAGRAN,20190218,93,94.5,92.7,93.85,31192
JAGSNPHARM,20190218,29.05,29.25,26.8,27.3,3644
JAIBALAJI,20190218,14.3,14.3,12,12.7,14470
JAICORPLTD,20190218,87.8,88.85,86.65,87.35,463319
JAINSTUDIO,20190218,3.55,3.55,3.55,3.55,10
JAMNAAUTO,20190218,50.35,50.45,48.85,49.75,533742
JAYAGROGN,20190218,182.2,190,178,179.95,15188
JAYBARMARU,20190218,225,233.05,212.75,214.65,22445
JAYNECOIND,20190218,3.7,3.7,3.4,3.4,32589
JAYSREETEA,20190218,62.55,63.35,60.2,60.65,31321
JBCHEPHARM,20190218,310.05,315.75,307.85,314.35,22618
JBFIND,20190218,16.05,16.85,16.05,16.85,68422
JBMA,20190218,252.6,252.6,241.3,246.8,8801
JCHAC,20190218,1666.05,1740,1665,1734.35,1843
JETAIRWAYS,20190218,238.5,246,230,232.3,7503287
JHS,20190218,23.6,25.95,23.15,23.9,27984
JIKIND,20190218,0.35,0.35,0.35,0.35,9118
JINDALPHOT,20190218,18.5,19.75,17.3,18.95,6574
JINDALPOLY,20190218,226.9,228.05,216,225.2,15320
JINDALSAW,20190218,77.05,77.15,74.1,74.75,263071
JINDALSTEL,20190218,138.8,143.95,138.8,140.45,10468796
JINDCOT,20190218,4,4,3.85,4,4828
JINDRILL,20190218,94.6,95.9,93.6,94.9,38083
JINDWORLD,20190218,70.65,70.65,68.55,69.4,159998
JISLDVREQS,20190218,38,38.25,36.65,37.4,31578
JISLJALEQS,20190218,55.85,56.05,53,54.05,5916741
JITFINFRA,20190218,14.5,15.5,14.5,14.65,2212
JKCEMENT,20190218,708.1,717.95,705,706.35,12342
JKIL,20190218,116,116.9,111.2,114.95,107950
JKLAKSHMI,20190218,307.5,310,300.2,302.15,27906
JKPAPER,20190218,126.6,126.6,119.5,119.9,1003214
JKTYRE,20190218,88.55,88.85,86,86.25,434588
JMA,20190218,145.2,153.95,145.1,149.8,1383
JMCPROJECT,20190218,91.4,91.45,87.05,88.45,24190
JMFINANCIL,20190218,77,77.1,74.1,75,244091
JMTAUTOLTD,20190218,2.7,2.75,2.6,2.6,95463
JOCIL,20190218,108.05,109.95,104.65,108.65,605
JPASSOCIAT,20190218,5.1,5.2,4.95,5,10863003
JPINFRATEC,20190218,2.6,2.6,2.6,2.6,189535
JPOLYINVST,20190218,27.2,27.2,25.8,26.25,981
JPPOWER,20190218,1.6,1.6,1.55,1.55,777748
JSL,20190218,31,31.75,30,30.8,436009
JSLHISAR,20190218,80.4,80.55,75.7,77.4,603812
JSWENERGY,20190218,65.15,65.8,64.25,64.6,172672
JSWHL,20190218,2508.05,2508.05,2455.2,2470.1,2224
JSWSTEEL,20190218,268,269.95,261,261.9,6612006
JTEKTINDIA,20190218,87.9,87.9,83,83.35,48546
JUBILANT,20190218,726.05,733.85,714.5,717.3,117768
JUBLFOOD,20190218,1300.05,1346.5,1300.05,1337.95,2136235
JUBLINDS,20190218,104.55,108.95,104.5,105.25,3139
JUNIORBEES,20190218,262,262,259.03,260.27,54675
JUSTDIAL,20190218,476.9,478,468,471.1,842153
JYOTHYLAB,20190218,178,178,173,173.2,236130
KABRAEXTRU,20190218,64.5,65.3,63.75,64.55,13020
KAJARIACER,20190218,507.8,509.15,494.65,499.65,570799
KAKATCEM,20190218,148.5,149.75,134.05,135.85,22050
KALPATPOWR,20190218,342.8,342.8,329,332.35,10734
KALYANIFRG,20190218,263.95,263.95,253,261,36
KAMATHOTEL,20190218,40.4,41.2,39.2,39.45,39979
KAMDHENU,20190218,152.1,152.3,147.05,149.8,14185
KANANIIND,20190218,4.55,4.55,4.55,4.55,300
KANORICHEM,20190218,57.35,58.15,55.1,55.75,19482
KANSAINER,20190218,449,449,436.05,438.45,84600
KARDA,20190218,194.05,196.9,192.1,193.55,4349
KARMAENG,20190218,18.75,18.75,16.25,16.45,519
KARURVYSYA,20190218,70,70,65.8,66.35,1345368
KAUSHALYA,20190218,0.9,0.9,0.9,0.9,1000
KAVVERITEL,20190218,4.4,4.65,4.05,4.45,33548
KAYA,20190218,681.25,681.25,648.7,652.9,7325
KCP,20190218,77.5,80.5,75.5,80,36427
KCPSUGIND,20190218,15.95,16.2,15.55,15.65,103858
KDDL,20190218,422.05,440.05,420,421.75,1629
KEC,20190218,245.4,250,235.25,238.8,316614
KECL,20190218,16,16,15,15.3,11292
KEI,20190218,327,331.95,311,312.5,92819
KELLTONTEC,20190218,38.7,38.7,35.1,38.05,61375
KERNEX,20190218,22.25,23.25,22.25,22.25,5972
KESARENT,20190218,28.4,28.65,27.35,28.65,907
KESORAMIND,20190218,59.25,59.7,57.2,57.55,112717
KGL,20190218,1.2,1.25,1.2,1.2,454668
KHADIM,20190218,361.65,377.65,361.65,370.05,6915
KICL,20190218,1438.05,1444.05,1412.2,1443.25,805
KILITCH,20190218,184,189.25,181,182.05,42613
KINGFA,20190218,606.5,644.95,600.1,604.9,980
KIOCL,20190218,125.45,127.45,122,123.2,9169
KIRIINDUS,20190218,374.25,385.4,374.25,378.9,30622
KIRLOSBROS,20190218,136.6,140,136.25,139.1,20297
KIRLOSENG,20190218,166.1,170,163.1,164.15,8407
KIRLOSIND,20190218,753.55,788,750,782.05,761
KITEX,20190218,92.95,93.45,90.1,90.5,25515
KKCL,20190218,1175,1175,1135,1170.35,282
KMSUGAR,20190218,7.25,7.25,7,7.1,53258
KNRCON,20190218,205.05,206.45,200.5,205.25,102952
KOHINOOR,20190218,30.1,30.1,29.05,29.15,34402
KOKUYOCMLN,20190218,86.05,87.6,83.75,84.05,16417
KOLTEPATIL,20190218,236.45,239.45,234.65,236.35,24606
KOPRAN,20190218,36.95,37.2,35.8,36.05,32869
KOTAKBANK,20190218,1281,1288,1273.25,1277.05,1265173
KOTAKBKETF,20190218,275.16,275.16,272.5,272.95,14803
KOTAKGOLD,20190218,292,298.8,291.5,293.55,16491
KOTAKNIFTY,20190218,110.39,110.39,109,109.19,32823
KOTAKNV20,20190218,57,57,54.6,54.96,6080
KOTAKPSUBK,20190218,271,275,264.1,266.82,3734
KOTARISUG,20190218,8.45,8.75,8.15,8.35,9933
KOTHARIPET,20190218,17.75,17.8,16.65,16.7,27130
KOTHARIPRO,20190218,80.15,85.45,75.8,77.65,5632
KPIT,20190218,108.35,108.4,92.6,101.35,26870013
KPRMILL,20190218,530,532.7,527.2,530.3,15673
KRBL,20190218,306.5,311.7,297,300,149558
KREBSBIO,20190218,85,86.25,82.05,86.25,579
KRIDHANINF,20190218,32.5,33.5,31,31.2,46256
KSB,20190218,655.1,676.95,655.05,673.05,861
KSCL,20190218,475,482.95,458.75,467.1,1789313
KSERASERA,20190218,0.15,0.2,0.1,0.1,640654
KSK,20190218,1.15,1.15,1.1,1.1,892045
KSL,20190218,186.5,188.6,183,184.05,27398
KTIL,20190218,49.5,50.5,48.15,49.1,1514
KTKBANK,20190218,112,113.2,110,111,1424102
KWALITY,20190218,6.15,6.15,5.65,5.65,1558039
L&TFH,20190218,125.7,127.2,121.5,121.9,4927375
LAKSHVILAS,20190218,55.4,57.2,55.1,56.6,526489
LALPATHLAB,20190218,1009,1045,1009,1035.7,134377
LAMBODHARA,20190218,37.1,38,36.15,36.85,4276
LAOPALA,20190218,198.4,203,187.6,199.95,33339
LASA,20190218,19.2,19.2,17.85,18.2,7776
LAURUSLABS,20190218,327.35,330,321.35,329.5,11545
LAXMIMACH,20190218,5435,5536.65,5351,5391.35,1586
LEEL,20190218,20,20.45,19,19,195081
LEMONTREE,20190218,72.2,73.25,71.8,72.8,181230
LFIC,20190218,86,86,85.85,85.85,9
LGBBROSLTD,20190218,385.95,385.95,376.05,377.95,4073
LGBFORGE,20190218,2.8,2.9,2.7,2.75,24440
LIBERTSHOE,20190218,142.6,143,138.9,139.7,28214
LICHSGFIN,20190218,439.6,448.8,438.9,443.9,2220760
LICNETFGSC,20190218,17.49,18.39,17.02,17.1,198
LICNETFN50,20190218,111.28,111.28,111.1,111.1,99
LICNETFSEN,20190218,373,373,363.25,363.25,10
LINCOLN,20190218,166.4,166.4,157.2,159.75,24341
LINCPEN,20190218,199.05,201,192.5,195.05,3960
LINDEINDIA,20190218,422.2,432,422.2,427.65,38839
LIQUIDBEES,20190218,991.56,1000.01,991.56,999.99,582712
LIQUIDETF,20190218,999.99,1000.01,999.99,999.99,13110
LOKESHMACH,20190218,40.9,40.9,38.6,40,5064
LOTUSEYE,20190218,22.5,24.05,22.5,23.6,3134
LOVABLE,20190218,89,89.75,88.8,88.85,11678
LPDC,20190218,3.6,4.1,3.6,3.95,9925
LSIL,20190218,0.95,0.95,0.9,0.9,357063
LT,20190218,1245,1259.55,1240,1244.5,2186849
LTI,20190218,1775,1775,1740.05,1748,74466
LTTS,20190218,1475,1492,1458,1466.95,86810
LUMAXIND,20190218,1579.05,1597.8,1551.95,1575.1,1653
LUMAXTECH,20190218,137.95,143.8,133,134.45,154584
LUPIN,20190218,778.1,785,760.5,770.9,2332485
LUXIND,20190218,1192,1192,1120.15,1132.55,44516
LYKALABS,20190218,22.15,22.2,21.1,21.9,9344
LYPSAGEMS,20190218,6.1,6.2,5.7,5.75,35611
M&M,20190218,630,630,615.6,624.7,4750172
M&MFIN,20190218,378.7,380.5,368,370.65,1056353
M100,20190218,16.95,17.24,16.74,16.94,13595
M50,20190218,104.57,104.57,103,103.55,202
MAANALU,20190218,79,86,79,81.15,3320
MADHAV,20190218,39.05,40,39,40,2588
MADHUCON,20190218,5.6,5.6,4.8,5.15,21433
MADRASFERT,20190218,18.5,19.95,18.5,19.2,53902
MAGADSUGAR,20190218,88,95,87.45,92.1,29948
MAGMA,20190218,83.9,85.5,82.2,85.15,53436
MAGNUM,20190218,5.35,5.35,4.25,4.9,7402
MAHABANK,20190218,12.3,12.5,12.25,12.35,405614
MAHASTEEL,20190218,132,132,126.15,130.4,96053
MAHINDCIE,20190218,227.8,228.5,220,220.55,87306
MAHLIFE,20190218,372.65,376.8,366.85,373.5,13294
MAHLOG,20190218,439.95,440,430.1,439.1,169687
MAHSCOOTER,20190218,3112.35,3125,3063.3,3079.95,1509
MAHSEAMLES,20190218,453,458.05,447,448.65,34180
MAITHANALL,20190218,370,373,362,368.35,10944
MAJESCO,20190218,459,459,442,450,15017
MALUPAPER,20190218,20.6,21,20.3,20.95,4394
MAN50ETF,20190218,106.8,106.8,106.8,106.8,4
MANAKALUCO,20190218,7.85,7.85,7.2,7.3,2962
MANAKCOAT,20190218,6.25,6.25,5.55,5.75,15516
MANAKSIA,20190218,38.2,41.15,38.2,39.75,88568
MANAKSTEEL,20190218,18.5,18.85,18.5,18.75,3781
MANALIPETC,20190218,23.2,23.2,22.3,22.45,101249
MANAPPURAM,20190218,103.95,107.65,103.65,105.3,2540323
MANGALAM,20190218,43.4,43.4,41.5,41.95,9202
MANGCHEFER,20190218,30.95,30.95,28.8,28.95,63161
MANGLMCEM,20190218,205.4,205.4,195.25,196.75,3244
MANGTIMBER,20190218,16,16.85,15.5,15.7,38987
MANINDS,20190218,60.2,60.4,57.1,58,32002
MANINFRA,20190218,32.95,33.15,31.45,32.05,85241
MANPASAND,20190218,77.05,79,75.1,76.15,189896
MANUGRAPH,20190218,26.25,26.25,24.55,25.05,837
MARALOVER,20190218,24.95,25,23.35,23.75,2649
MARATHON,20190218,104.5,106.4,99.5,100,3492
MARICO,20190218,339.3,339.65,324.25,338.55,1913033
MARKSANS,20190218,23.7,23.9,21.95,22.35,1272915
MARUTI,20190218,6964.7,6997.8,6817,6842.7,509963
MASFIN,20190218,518.2,530,505.5,525.7,6145
MASTEK,20190218,379.15,389.75,370.3,372.65,25465
MATRIMONY,20190218,373,376,366.95,368,713
MAWANASUG,20190218,39.15,41.5,39.15,39.55,78103
MAXINDIA,20190218,78.35,78.35,75,76.55,78838
MAXVIL,20190218,42.95,43.5,42,42.2,42630
MAYURUNIQ,20190218,345.05,350.8,344,345.2,6713
MAZDA,20190218,310.2,311,297.05,300.85,7001
MBECL,20190218,8.25,8.3,8.1,8.3,13691
MBLINFRA,20190218,13,13.3,12.25,12.7,151068
MCDHOLDING,20190218,22.8,22.8,21.5,21.8,2798
MCDOWELL-N,20190218,511,513.8,496.8,509.35,1888823
MCLEODRUSS,20190218,83.75,86.3,83.3,86,270407
MCX,20190218,667.8,667.8,648.5,653.15,280152
MEGASOFT,20190218,5.8,6.25,5.8,5.85,8129
MEGH,20190218,51.25,52.95,49.5,50.35,693279
MELSTAR,20190218,0.95,0.95,0.9,0.9,12
MENONBE,20190218,77.5,77.5,72.75,73.25,19142
MEP,20190218,37.5,37.8,35.6,35.9,56904
MERCATOR,20190218,7.4,7.4,6.95,6.95,461815
MERCK,20190218,3188,3188,3075,3087.05,6526
METALFORGE,20190218,7.15,7.25,7.15,7.25,3114
METKORE,20190218,1.1,1.1,1.1,1.1,2500
MFSL,20190218,391,392.05,382.35,389.65,258178
MGL,20190218,863.05,878,856.1,859.65,235835
MHRIL,20190218,190.9,190.95,186.55,187.35,17374
MIC,20190218,0.75,0.8,0.7,0.75,128388
MIDHANI,20190218,110.95,110.95,107.6,108.25,73012
MINDACORP,20190218,127.5,127.5,123.05,126.2,27663
MINDAIND,20190218,280,280,271.05,274,100781
MINDTECK,20190218,35.7,35.7,32,32.6,2568
MINDTREE,20190218,893,899.9,864.4,868.6,980226
MIRCELECTR,20190218,21.2,21.4,20.15,20.25,104857
MIRZAINT,20190218,53.4,54.15,52,52.3,139981
MMFL,20190218,501.55,506.65,500,500.05,2882
MMTC,20190218,26.4,26.5,25.35,25.55,499249
MOHITIND,20190218,8.1,8.6,8.05,8.2,4265
MOHOTAIND,20190218,41,41,38.75,38.75,18631
MOIL,20190218,148,149.8,142.95,144.35,226341
MOLDTECH,20190218,43.2,44.05,42,42.35,3234
MOLDTKPAC,20190218,216.85,216.85,205,206.1,39634
MONSANTO,20190218,2525.6,2642.95,2500.05,2623.9,1779
MONTECARLO,20190218,380.1,383.9,380,381.35,82169
MORARJEE,20190218,18.45,19.55,18.45,19.05,2552
MOREPENLAB,20190218,16.7,16.9,16.05,16.1,442365
MOTHERSUMI,20190218,130.75,130.95,129.2,129.7,2366233
MOTILALOFS,20190218,590,590.05,577.15,585.85,28412
MOTOGENFIN,20190218,41.15,43.9,39,42,1190
MPHASIS,20190218,1044,1051.85,1033.25,1041.2,114685
MPSLTD,20190218,438.45,438.45,430,432.75,3018
MRF,20190218,55248,55499,54254.2,54460.15,5980
MRO-TEK,20190218,37.65,39,36,38,1107
MRPL,20190218,63.6,63.95,62.8,63.25,459290
MSPL,20190218,13.65,13.65,11.2,11.5,48043
MTEDUCARE,20190218,44.05,45,43.3,43.8,43139
MTNL,20190218,12,12.1,11.8,11.85,324650
MUKANDENGG,20190218,15.45,15.45,13.8,14.2,7038
MUKANDLTD,20190218,44.5,46.05,42.3,43.85,99284
MUKTAARTS,20190218,36.25,36.5,35.5,35.55,5341
MUNJALAU,20190218,51.8,52,50.5,50.65,54877
MUNJALSHOW,20190218,156.95,157,153.25,154.05,6725
MURUDCERA,20190218,18.85,19.1,18.4,18.6,25934
MUTHOOTCAP,20190218,785.9,785.9,755,763.3,12298
MUTHOOTFIN,20190218,522,525.85,515,520.4,555956
MVL,20190218,0.25,0.25,0.2,0.2,72778
N100,20190218,490,505.99,490,499.79,3222
NACLIND,20190218,28.35,29.1,28.3,28.75,17745
NAGAFERT,20190218,5.75,5.85,5.6,5.8,118191
NAGAROIL,20190218,0.35,0.4,0.35,0.35,1698924
NAGREEKCAP,20190218,12.4,13.15,11.9,12.5,4541
NAGREEKEXP,20190218,20.2,20.2,19.5,19.65,1095
NAHARCAP,20190218,77,77,76.05,76.05,4938
NAHARINDUS,20190218,36.65,38.5,36.6,37.95,19168
NAHARPOLY,20190218,33.15,35.3,33.1,34.7,2750
NAHARSPING,20190218,82.5,83.95,81.2,82.4,10118
NATCOPHARM,20190218,593,593,568.6,575.15,200962
NATHBIOGEN,20190218,387,395,378,390.4,16188
NATIONALUM,20190218,48.6,49.5,47.8,49.1,22038463
NATNLSTEEL,20190218,5.15,5.2,4.75,5.05,19867
NAUKRI,20190218,1695.8,1695.8,1629.2,1663.55,83326
NAVINFLUOR,20190218,600,611.65,587,591.15,26751
NAVKARCORP,20190218,40.3,41.15,38.5,38.7,133012
NAVNETEDUL,20190218,106.3,106.3,103.05,103.2,10402
NBCC,20190218,50.1,50.75,49.6,50.3,6282692
NBIFIN,20190218,1170.25,1170.25,1169.75,1169.95,556
NBVENTURES,20190218,96.7,100.4,95.4,99.75,165717
NCC,20190218,84.8,84.8,81.35,82.05,6132763
NCLIND,20190218,108.25,108.25,102.6,103.65,10403
NDGL,20190218,680,744.95,635.05,674.35,302
NDL,20190218,42.7,43,40.25,41,38711
NDTV,20190218,36.85,36.85,34.1,35.05,6838
NECCLTD,20190218,7.5,7.5,7.2,7.4,6857
NECLIFE,20190218,16.15,16.15,15.7,15.95,64895
NELCAST,20190218,64.9,64.9,60.85,62.05,52424
NELCO,20190218,222.6,225.85,216.35,218.6,20324
NESCO,20190218,430.1,435.25,426.5,432.9,33723
NESTLEIND,20190218,10549,10579.95,10176.25,10349.45,87235
NETWORK18,20190218,32.8,33.15,32.15,32.25,67032
NEULANDLAB,20190218,584,584,555.1,560.95,9768
NEWGEN,20190218,293.1,296,290,295.4,22785
NEXTMEDIA,20190218,25.6,25.6,25.2,25.55,104424
NFL,20190218,31.55,31.9,30.7,31,298399
NH,20190218,191.4,204.7,191.4,195.45,36991
NHPC,20190218,23.4,23.55,23.25,23.4,5353910
NIACL,20190218,170.25,173,169.35,171.45,15183
NIBL,20190218,19.3,21,18.6,19.4,523
NIFTYBEES,20190218,1118,1125,1115.31,1116.69,58284
NIFTYEES,20190218,13248,13248,12800.03,12850.1,4
NIITLTD,20190218,82.15,84.25,80.45,81.45,513758
NIITTECH,20190218,1266,1296,1254,1283.3,905689
NILAINFRA,20190218,6.2,6.35,6.15,6.25,61713
NILASPACES,20190218,2.45,2.6,2.4,2.5,611105
NILKAMAL,20190218,1270,1274.95,1230,1259.25,8448
NIPPOBATRY,20190218,630.05,642.6,616.8,618.5,466
NITCO,20190218,32.1,32.9,31.5,32.35,44815
NITESHEST,20190218,5.5,5.65,5.3,5.4,27266
NITINFIRE,20190218,1.1,1.2,1.1,1.1,61019
NITINSPIN,20190218,77,77,73.6,74.35,28543
NKIND,20190218,34.9,38.3,33.85,36.55,33
NLCINDIA,20190218,61.1,62.8,61.1,62.25,141364
NMDC,20190218,91.75,93.35,91.75,92.15,2951900
NOCIL,20190218,122,122.5,118,119.2,225314
NOIDATOLL,20190218,6,6,5,5.6,211872
NRAIL,20190218,298,298,272,275.8,15516
NRBBEARING,20190218,184.6,188.1,180,182.15,51098
NSIL,20190218,963.15,985.4,963,977.55,297
NTL,20190218,1.25,1.25,1.2,1.25,3824
NTPC,20190218,135.8,140.4,134.95,137.45,10834305
NUCLEUS,20190218,338,338,321.55,326.65,30989
NUTEK,20190218,0.25,0.3,0.25,0.25,43970
OBEROIRLTY,20190218,469.95,496.7,469,488.75,813729
OCCL,20190218,1031.1,1074.35,1031.1,1043.1,4003
OFSS,20190218,3603.1,3646.1,3517.75,3535.1,29497
OIL,20190218,174.2,175.9,172.1,173.75,1574957
OILCOUNTUB,20190218,12.75,13.8,12,13.8,133072
OISL,20190218,2.2,2.2,2.15,2.15,14068
OLECTRA,20190218,207.5,207.5,180,197.25,53065
OMAXAUTO,20190218,80.85,80.9,77.95,78.3,9668
OMAXE,20190218,211,211,208.8,209.15,194519
OMKARCHEM,20190218,16.75,18,16.75,17.7,14403
OMMETALS,20190218,29.05,29.9,28.75,29.55,5130
ONELIFECAP,20190218,11.1,11.35,10.6,11.3,876
ONGC,20190218,136.8,138.9,135.8,137.1,10614715
ONMOBILE,20190218,31.25,31.25,27.35,27.9,521118
ONWARDTEC,20190218,59.05,60.95,58.7,60.45,8397
OPTIEMUS,20190218,121.6,121.6,113.45,114.65,13462
OPTOCIRCUI,20190218,7.55,7.85,7.45,7.6,950234
ORBTEXP,20190218,90,91.55,86.5,91.15,2244
ORICONENT,20190218,24.3,24.8,23.5,23.7,32513
ORIENTABRA,20190218,22.15,22.65,21.55,21.85,8565
ORIENTALTL,20190218,11.75,11.75,10.95,11.35,20514
ORIENTBANK,20190218,80.6,82,79.4,80,2357416
ORIENTBELL,20190218,156,156,147.3,149.7,9750
ORIENTCEM,20190218,67.9,68.5,65.65,66.3,12662
ORIENTELEC,20190218,127.1,130.15,126,127.9,117763
ORIENTHOT,20190218,40,40.4,39.2,40.05,8152
ORIENTLTD,20190218,148,148,131,135,397
ORIENTPPR,20190218,32.95,33.3,31.05,31.8,217011
ORIENTREF,20190218,182.35,190.95,181.05,189.65,29270
ORISSAMINE,20190218,720.05,720.05,695,700.55,1420
ORTEL,20190218,3.35,3.35,3.35,3.35,5374
ORTINLABSS,20190218,12.9,13.3,12.25,12.3,12081
OSWALAGRO,20190218,7.3,7.3,6.8,6.9,4838
PAGEIND,20190218,21969.95,22222,21510,21970.3,45941
PAISALO,20190218,303.1,303.1,301.1,301.1,100
PALASHSECU,20190218,35,35,31.7,31.7,1471
PALREDTEC,20190218,30,30,26.1,28,7285
PANACEABIO,20190218,161.95,162,158.05,160.65,14944
PANAMAPET,20190218,97.05,97.05,90.1,92.65,31446
PAPERPROD,20190218,156.3,165.3,156.3,162.55,23503
PARABDRUGS,20190218,1.7,1.7,1.65,1.65,202
PARACABLES,20190218,11.3,11.65,10.75,11,67289
PARAGMILK,20190218,200.45,205.45,197.05,199.6,158772
PARSVNATH,20190218,5.3,5.35,5,5.25,51956
PATELENG,20190218,24.5,24.75,23.5,23.8,113575
PATINTLOG,20190218,36.75,37.35,34.55,35,11701
PATSPINLTD,20190218,10.8,10.8,9.65,10.15,19854
PCJEWELLER,20190218,67.7,69.65,66.7,67.25,10674424
PDMJEPAPER,20190218,17.1,17.45,16.15,16.75,43304
PDPL,20190218,7.5,8.1,7.45,7.45,10310
PDSMFL,20190218,258,259.85,257,257,363
PEARLPOLY,20190218,12.65,12.65,10.55,11.2,6934
PEL,20190218,2155.25,2200,2148.05,2176.75,460417
PENIND,20190218,31.6,32.2,29.9,30.25,125843
PENINLAND,20190218,7.6,7.8,7.4,7.6,101592
PENPEBS,20190218,54.9,54.9,48.35,49.55,6657
PERSISTENT,20190218,644.9,647.7,635.95,640.05,61114
PETRONENGG,20190218,23.5,25,21.3,22.25,9566
PETRONET,20190218,215,216.5,212.75,215.55,2087542
PFC,20190218,102.85,105.05,102.3,103.55,8197041
PFIZER,20190218,2906.2,2929.45,2863.55,2904,15644
PFOCUS,20190218,54,54,50.8,51.5,14240
PFS,20190218,14.25,14.55,14.15,14.2,230084
PGEL,20190218,79.9,80.25,75,76.25,16735
PGHH,20190218,9971,10025.5,9750,9821.6,6469
PGIL,20190218,137,137,133.6,133.95,1060
PHILIPCARB,20190218,144.9,145.8,139,140.5,407632
PHOENIXLTD,20190218,598.5,605.1,577.8,582.45,47147
PIDILITIND,20190218,1096.95,1105,1046.2,1079.75,1090272
PIIND,20190218,896.25,897.2,876.05,883.2,30740
PILANIINVS,20190218,1960,1960,1793,1897.5,276
PILITA,20190218,6.2,6.5,6.2,6.2,13849
PIONDIST,20190218,138.9,138.9,130,131.4,4488
PIONEEREMB,20190218,21.4,21.4,18,19.2,80763
PIRPHYTO,20190218,27,28,27,27.85,2768
PITTIENG,20190218,54.25,54.25,52.55,53.3,28708
PKTEA,20190218,153,153.1,152,152,23
PLASTIBLEN,20190218,170,170.9,162.05,163,4552
PNB,20190218,70.25,71.1,68.7,69,17183987
PNBGILTS,20190218,30.5,31.25,30,30.1,132902
PNBHOUSING,20190218,899.55,905.6,870,874.2,50838
PNC,20190218,16.6,16.95,14.2,15.95,10898
PNCINFRA,20190218,142.7,144,130.4,133.7,187348
PODDARHOUS,20190218,472.05,472.05,472,472,12
PODDARMENT,20190218,156,159.2,147.25,152.2,2221
POKARNA,20190218,162.95,164,154.05,155.1,17901
POLYMED,20190218,217.85,217.95,210,211.25,39782
POLYPLEX,20190218,455,468,455,460.85,130207
PONNIERODE,20190218,129,129.55,121.1,128.75,574
POWERGRID,20190218,181.45,183.5,179.55,180.75,4485330
POWERMECH,20190218,821.85,821.85,780.05,793.65,1901
PPAP,20190218,262.3,262.4,250.2,257.05,15213
PRABHAT,20190218,56.45,56.5,54.5,55.25,96878
PRADIP,20190218,1.35,1.35,1.3,1.3,302
PRAENG,20190218,9,9.2,8.55,8.85,12374
PRAJIND,20190218,134.2,135.6,130.7,131.5,1552012
PRAKASH,20190218,85.4,85.4,83.1,85,270660
PRAKASHCON,20190218,3.35,3.5,3.15,3.25,134036
PRAKASHSTL,20190218,0.35,0.4,0.35,0.4,146279
PRAXIS,20190218,152.05,152.35,144,146.7,955
PRECAM,20190218,49.5,54.3,48.4,50,9658
PRECOT,20190218,42.3,44.95,42.3,43.95,196
PRECWIRE,20190218,191.05,191.55,180,187.35,20569
PREMEXPLN,20190218,212,213.05,204,204.55,5818
PREMIER,20190218,5.5,5.85,5.45,5.45,2272
PREMIERPOL,20190218,23.15,25,23.15,24.55,254
PRESSMN,20190218,24.05,26.95,23.5,25.4,6284
PRESTIGE,20190218,194.65,206.9,194.6,205.25,474891
PRICOLLTD,20190218,35.85,35.9,34.8,34.9,42248
PRIMESECU,20190218,41,42.25,39.5,41.5,133460
PROSEED,20190218,0.45,0.5,0.45,0.5,106252
PROVOGE,20190218,1.15,1.15,1.15,1.15,28444
PROZONINTU,20190218,26.55,26.6,25.9,26.1,23243
PRSMJOHNSN,20190218,70,70,65,67.7,206398
PSB,20190218,25.5,25.55,24.65,24.8,126752
PSL,20190218,0.95,0.95,0.85,0.95,22075
PSPPROJECT,20190218,377.4,384.95,377.4,380.25,10889
PSUBNKBEES,20190218,298,301.41,294.01,295.06,1742
PTC,20190218,74.3,74.45,73,74.2,303193
PTL,20190218,37.05,37.4,36.9,37.1,4481
PUNJABCHEM,20190218,671.55,671.55,642.05,645.85,6571
PUNJLLOYD,20190218,1.7,1.7,1.7,1.7,228657
PURVA,20190218,69,70.1,67.65,69.35,39042
PVP,20190218,3.5,3.65,3.4,3.45,58595
PVR,20190218,1497,1500,1435,1443.4,222317
QGOLDHALF,20190218,1467.05,1479.9,1460,1477,309
QNIFTY,20190218,1085,1085,1085,1085,10
QUESS,20190218,641,647.45,628.65,631.75,107593
QUICKHEAL,20190218,182.7,182.7,171.1,173.65,80220
RADAAN,20190218,2.55,2.55,2.55,2.55,11805
RADICO,20190218,399.55,401.2,370,372.3,581755
RADIOCITY,20190218,292.9,292.9,280,280.9,7410
RAIN,20190218,91.95,95.9,89.8,90.45,632015
RAINBOWPAP,20190218,0.8,0.85,0.8,0.8,18608
RAJESHEXPO,20190218,571,571,556.3,559.55,219829
RAJSREESUG,20190218,18.5,19.85,18.5,19.5,4285
RAJTV,20190218,38,40.8,38,39.95,534
RALLIS,20190218,152.5,152.5,148.5,149.9,157765
RAMANEWS,20190218,22.05,22.05,20.9,20.95,63665
RAMASTEEL,20190218,93.2,93.2,88.95,91.95,90264
RAMCOCEM,20190218,608.8,612.7,593.85,599.4,121278
RAMCOIND,20190218,187,188.9,180.2,187.2,15069
RAMCOSYS,20190218,223.3,225,216.7,218,4460
RAMKY,20190218,114,114,109.55,111.4,22020
RANASUG,20190218,2.9,3,2.85,2.95,117223
RANEENGINE,20190218,450.05,455,449,450,8083
RANEHOLDIN,20190218,996,997.9,960,987.3,2692
RATNAMANI,20190218,860,870,833.85,856,9257
RAYMOND,20190218,684,689.5,674,686.75,437828
RBL,20190218,526.05,530.3,506.7,521.1,7349
RBLBANK,20190218,549,557,545.5,548.3,912427
RCF,20190218,53,53.1,51.45,51.85,549929
RCOM,20190218,6.05,6.85,5.9,6.1,105009120
RECLTD,20190218,123,125.85,118.5,119.7,8670159
REDINGTON,20190218,81.1,86.85,78.15,82.4,1255527
REFEX,20190218,22.75,22.75,22.75,22.75,7428
REGENCERAM,20190218,3.25,3.25,3.25,3.25,1
RELAXO,20190218,749.5,766.85,740,744.35,24612
RELCAPITAL,20190218,163.4,166.85,151.3,152.85,24509523
RELCNX100,20190218,111.13,111.13,111.13,111.13,8
RELCONS,20190218,49.25,49.25,48.6,49.17,1464
RELDIVOPP,20190218,28.56,28.56,28.06,28.22,69
RELIANCE,20190218,1250,1252.5,1215,1220.1,9649017
RELIGARE,20190218,20,20.55,19.8,20.15,155694
RELINFRA,20190218,126.4,137.8,120.4,123.15,32556611
RELNV20,20190218,557,557,549.5,550.84,1761
REMSONSIND,20190218,79,84.5,74.2,83.8,6666
RENUKA,20190218,10.2,10.25,9.9,10.05,623572
REPCOHOME,20190218,338.25,342,312.6,316.55,916817
REPRO,20190218,555.1,557,543.5,546.15,3172
RESPONIND,20190218,90.5,93.25,88.45,89.65,78977
REVATHI,20190218,354,370,354,359.15,6462
RHFL,20190218,26,26.3,25.1,25.55,684047
RICOAUTO,20190218,57.25,57.25,56,56.05,76530
RIIL,20190218,264.7,272.45,264.1,265.85,256733
RITES,20190218,207.95,207.95,201,202.65,293771
RJL,20190218,297.1,298,285,285.35,2951
RKDL,20190218,8.05,8.05,7.2,7.3,7535
RKFORGE,20190218,418.25,431.95,414.3,424.7,15982
RMCL,20190218,23.75,23.75,21,21.7,296561
RML,20190218,353.7,353.7,317.75,322.15,6376
RNAM,20190218,157.1,164,152,155.1,236582
RNAVAL,20190218,9.1,9.4,8.8,9,1606467
ROHITFERRO,20190218,1.2,1.25,1.2,1.2,550
ROHLTD,20190218,95,95.95,90.65,91.95,10374
ROLLT,20190218,2.8,2.8,2.2,2.55,5276
ROLTA,20190218,4.75,4.95,4.75,4.95,718065
ROSSELLIND,20190218,68,70.65,65,67.15,13532
RPGLIFE,20190218,217,217,208.95,213.1,3747
RPOWER,20190218,11.2,12.2,11.05,11.35,80682460
RPPINFRA,20190218,94,99.15,86,94.15,59645
RRSLGETF,20190218,18.14,18.19,18.14,18.18,5338
RSSOFTWARE,20190218,26.8,26.95,26.2,26.6,7120
RSWM,20190218,161.4,162.5,154.15,156.65,36617
RSYSTEMS,20190218,49.4,50.3,49.35,49.8,38604
RTNINFRA,20190218,2.85,2.9,2.7,2.75,384919
RTNPOWER,20190218,2.85,2.9,2.65,2.8,1930656
RUBYMILLS,20190218,260.05,268.75,251.65,253.65,5414
RUCHINFRA,20190218,2.55,2.55,2.4,2.55,8733
RUCHIRA,20190218,93.25,94.55,89,90.05,45949
RUCHISOYA,20190218,6.4,6.5,6.1,6.1,438928
RUPA,20190218,311.15,311.2,307.95,308.65,4071
RUSHIL,20190218,457.45,474,403.35,455.6,53625
SABEVENTS,20190218,3,3,3,3,10
SABTN,20190218,2.75,2.85,2.7,2.8,74470
SADBHAV,20190218,167.85,168,162.2,164.75,318285
SADBHIN,20190218,85.95,88.55,82.05,83.2,2456
SAGARDEEP,20190218,105,105,99.85,101.75,190618
SAGCEM,20190218,575.7,575.85,535.5,554.05,9296
SAIL,20190218,45.5,46.3,44.25,44.45,13908398
SAKHTISUG,20190218,8.45,8.85,7.8,8.5,202157
SAKSOFT,20190218,260.9,262,255.2,257.6,3270
SAKUMA,20190218,37.9,37.9,33.55,35.4,1095792
SALASAR,20190218,233.2,234,228.4,229.1,7215
SALONA,20190218,69,69,66.1,66.45,263
SALSTEEL,20190218,4.7,5.15,4.5,4.55,42545
SALZERELEC,20190218,108,108,102.1,103.35,7230
SAMBHAAV,20190218,3.6,4.05,3.1,3.4,66799
SANCO,20190218,14.05,14.05,13.25,14,819
SANDESH,20190218,672.8,673.05,651,657.75,477
SANDHAR,20190218,257.05,279.25,257,270.45,5677
SANGAMIND,20190218,55.55,56.95,54,54.15,2349
SANGHIIND,20190218,52.9,53.2,52,52.6,35931
SANGHVIFOR,20190218,25.95,25.95,21.25,22.05,10289
SANGHVIMOV,20190218,85.7,85.7,83.1,83.35,53478
SANOFI,20190218,6182,6266.85,5940,5961.4,5524
SANWARIA,20190218,8.9,9.2,8.5,8.55,737900
SARDAEN,20190218,243.75,245,236.25,237.25,18044
SAREGAMA,20190218,533.2,545,527,532.15,5158
SARLAPOLY,20190218,24.55,24.85,23.4,23.6,19994
SASKEN,20190218,581.35,584.95,575,577.75,3852
SASTASUNDR,20190218,108.3,110.4,105.3,108.1,12432
SATHAISPAT,20190218,8.9,10,8.8,9.3,39110
SATIN,20190218,231.6,231.6,220.1,224.15,30508
SBIETFQLTY,20190218,96,97.5,92.83,93.33,4111
SBILIFE,20190218,569.5,572.1,563.3,567.45,33962
SBIN,20190218,264.4,265.5,258.8,259.95,14781744
SCAPDVR,20190218,0.6,0.65,0.6,0.65,14343
SCHAEFFLER,20190218,5276.45,5312.15,5201.25,5275.05,1729
SCHAND,20190218,196.15,198,189.9,190.95,8324
SCHNEIDER,20190218,85,85,81,82.3,31358
SCI,20190218,35.25,35.25,34.55,35,1096457
SDBL,20190218,123.6,125.95,118.1,121.45,36736
SEAMECLTD,20190218,317.65,320,299.15,305.85,48273
SELAN,20190218,163.5,166.35,160,161.45,119177
SELMCL,20190218,1.1,1.1,1.05,1.05,31198
SEPOWER,20190218,3.85,4.2,3.5,3.65,1835
SEQUENT,20190218,67.2,67.2,61.6,62.05,2289273
SESHAPAPER,20190218,840.05,850,818,827.7,4348
SETCO,20190218,28.6,29.5,28.6,29.3,129685
SETFGOLD,20190218,2995.05,3014.95,2995.05,3007.3,2420
SETFNIF50,20190218,109.25,109.43,108.09,108.32,35981
SETFNIFBK,20190218,270.52,270.52,269,269.37,1579
SETFNN50,20190218,262,262,256,257.48,3636
SFL,20190218,1319.95,1319.95,1277.95,1302.05,382
SGL,20190218,6.9,6.9,5.95,6.1,3802
SHAHALLOYS,20190218,13.3,14.8,12.5,12.55,18790
SHAKTIPUMP,20190218,352.8,353.95,349.2,350.35,22445
SHALBY,20190218,133,134,130.7,133.1,10204
SHALPAINTS,20190218,58.55,59.2,55.9,56.6,32694
SHANKARA,20190218,434,446.85,434,446.85,74781
SHANTIGEAR,20190218,116.55,117,111,111.95,7472
SHARDACROP,20190218,320,322.25,320,320.1,6241
SHARDAMOTR,20190218,1219.05,1225,1180.35,1194.7,578
SHARIABEES,20190218,236.26,238.38,236.26,238.38,10
SHEMAROO,20190218,351.9,351.95,333.05,340.55,5464
SHILPAMED,20190218,351.35,354.1,341.5,342.3,17519
SHIRPUR-G,20190218,44,44,42.1,43.2,13266
SHIVAMAUTO,20190218,27,28.1,26.2,26.4,41465
SHIVAMILLS,20190218,49.05,49.05,47,47.2,347
SHIVATEX,20190218,129,129,122.5,123.9,3126
SHK,20190218,155,155.25,150,151.85,17899
SHOPERSTOP,20190218,502.55,510,494.15,505.05,12537
SHREECEM,20190218,15588,15588,15046.45,15272.1,29892
SHREEPUSHK,20190218,128,132,127.25,128.1,41422
SHREERAMA,20190218,5.25,5.25,4.8,5.05,9613
SHREYANIND,20190218,118.6,122.55,115.4,116.45,35388
SHREYAS,20190218,195,202.55,195,197,2909
SHRIPISTON,20190218,913,945.35,910,945,46
SHRIRAMCIT,20190218,1545,1545,1509.05,1520.8,26628
SHRIRAMEPC,20190218,8.5,8.5,6.9,7.35,247969
SHYAMCENT,20190218,5.4,5.8,4.95,5.1,15115
SICAGEN,20190218,20.3,21,17.3,18.25,10959
SICAL,20190218,122,122,118.25,118.85,2596
SIEMENS,20190218,963.8,970.8,941.25,944.1,407717
SIGIND,20190218,39.5,39.95,38.55,38.85,4495
SIL,20190218,14.1,14.25,13.65,13.75,2184
SILINV,20190218,166.05,173.95,161.1,164.1,2548
SIMBHALS,20190218,8,8.3,7.8,7.95,14956
SIMPLEXINF,20190218,145,156.45,142.3,151.4,29476
SINTEX,20190218,8.1,8.2,7.9,7.95,840088
SIS,20190218,764.95,764.95,758.1,758.35,2280
SITASHREE,20190218,0.6,0.6,0.55,0.6,22505
SITINET,20190218,3.65,3.7,3.5,3.5,723293
SIYSIL,20190218,343.85,343.85,335.4,340.3,15340
SJVN,20190218,24.1,25.2,23.9,24.8,1771179
SKFINDIA,20190218,1950,1993,1942.1,1986.7,17318
SKIL,20190218,9.95,9.95,9.95,9.95,5732
SKIPPER,20190218,61.15,61.95,59.4,60,18716
SKMEGGPROD,20190218,54.5,54.5,50.5,51.05,15482
SMARTLINK,20190218,78.1,78.45,77.5,77.65,10144
SMLISUZU,20190218,547.45,554.3,522.4,525.95,7210
SMPL,20190218,0.4,0.4,0.35,0.35,27819
SMSLIFE,20190218,606.75,606.75,576.45,576.45,6970
SMSPHARMA,20190218,66.85,66.9,64,65,18344
SNOWMAN,20190218,29.75,29.9,29.5,29.5,87417
SOBHA,20190218,430.5,457.95,426.95,442,200645
SOLARA,20190218,367.85,374,364.5,369.4,14334
SOLARINDS,20190218,950.85,958,940,941.6,2416
SOMANYCERA,20190218,315.2,317.15,304.6,306.1,12570
SOMATEX,20190218,3.6,3.6,3.6,3.6,200
SOMICONVEY,20190218,23.9,23.9,22.1,22.25,3083
SONATSOFTW,20190218,329.85,330,323.05,326.35,48637
SORILINFRA,20190218,235.95,239.8,224.2,224.2,26871
SOTL,20190218,970,978,931,962.85,1141
SOUTHBANK,20190218,13.1,13.1,12.85,12.9,6436672
SPAL,20190218,252.25,257,251.7,254.5,7730
SPARC,20190218,165,165.8,158.15,159.1,251815
SPCENET,20190218,0.8,0.9,0.8,0.9,13250
SPECIALITY,20190218,94,94,89,89.85,46581
SPENCERS,20190218,127.55,130,123.1,128.2,447503
SPIC,20190218,22.7,23,22,22.05,38170
SPICEMOBI,20190218,9.3,9.3,7.75,8.5,10924
SPLIL,20190218,48.85,50.35,48.85,48.85,49637
SPMLINFRA,20190218,29.6,30.9,27.6,29.5,16374
SPTL,20190218,17.25,17.9,16.85,16.95,970537
SPYL,20190218,0.2,0.25,0.2,0.25,27263
SQSBFSI,20190218,471.85,471.85,456,460.45,5705
SREEL,20190218,215,223.45,210,219.55,23100
SREINFRA,20190218,24.2,25.6,23.75,25.25,3157177
SRF,20190218,2196,2200,2163,2183.15,214022
SRHHYPOLTD,20190218,145,145,137,137.95,4571
SRIPIPES,20190218,169,169,159.05,163.7,53922
SRTRANSFIN,20190218,1005.2,1014.95,994.8,1002.9,976065
SSWL,20190218,856,895.8,826,855.3,80373
STAMPEDE,20190218,1.1,1.1,1.1,1.1,142887
STAR,20190218,401.5,416.9,398.45,408.35,2126026
STARCEMENT,20190218,96.25,99.5,92.55,96.75,59592
STARPAPER,20190218,104.25,104.25,98,98.85,45517
STCINDIA,20190218,111.4,112.65,108,109.35,65294
STEELXIND,20190218,15.3,15.3,11.65,12.6,3769
STEL,20190218,84.15,84.15,80.3,82.5,6144
STERTOOLS,20190218,265.95,265.95,257.3,261.25,17945
STRTECH,20190218,210.25,223,210.25,218.7,1085768
SUBEX,20190218,5.9,5.9,5.6,5.6,586445
SUBROS,20190218,232.75,238.75,227.45,233.85,25669
SUDARSCHEM,20190218,309.9,309.9,306.25,307.8,17627
SUJANAUNI,20190218,0.25,0.3,0.25,0.3,9366
SUMEETINDS,20190218,3.3,3.65,3.3,3.5,80580
SUMMITSEC,20190218,475.05,483.8,473.3,477.05,2313
SUNCLAYLTD,20190218,2371,2436.95,2285,2304.2,1716
SUNDARAM,20190218,1.6,1.7,1.55,1.6,240199
SUNDARMFIN,20190218,1340.05,1355.2,1332.6,1345.05,10128
SUNDARMHLD,20190218,84.65,84.65,78.5,79.85,52570
SUNDRMBRAK,20190218,291.05,293.55,288.25,288.35,2152
SUNDRMFAST,20190218,515.3,519.1,498.7,500.45,67504
SUNFLAG,20190218,42.7,42.7,41.1,41.4,91407
SUNILHITEC,20190218,1.1,1.15,1.05,1.1,506484
SUNPHARMA,20190218,424.5,428,413.3,414.65,6210412
SUNTECK,20190218,331.9,339.9,325,331.05,230742
SUNTV,20190218,543.85,554.35,540.5,545.5,2613726
SUPERHOUSE,20190218,113.95,114.5,108,109.6,3331
SUPERSPIN,20190218,6.3,6.3,5.75,5.8,13207
SUPPETRO,20190218,203.85,205,198,202.95,15420
SUPRAJIT,20190218,189.55,190.8,188.45,190.2,13262
SUPREMEIND,20190218,1035.05,1036.6,1010,1015.5,12416
SUPREMEINF,20190218,21.1,22.3,20.5,22,13857
SURANASOL,20190218,7.05,7.45,7,7,8043
SURANAT&P,20190218,4.4,4.55,4.4,4.55,1771
SURYALAXMI,20190218,28.95,29.75,27.45,28.1,4074
SURYAROSNI,20190218,206.5,207.85,201,202.05,50726
SUTLEJTEX,20190218,38.65,39.9,35.85,36.15,24533
SUVEN,20190218,221.95,227.8,218,224.95,209739
SUZLON,20190218,3.45,3.6,3.35,3.45,30809316
SWANENERGY,20190218,95.85,98,94.7,97.6,167193
SWARAJENG,20190218,1309.95,1309.95,1265,1276.2,1648
SWELECTES,20190218,207.85,207.85,202.15,202.9,2147
SYMPHONY,20190218,1191,1191.1,1175,1177.6,2648
SYNCOM,20190218,1.4,1.45,1.35,1.45,39841
SYNDIBANK,20190218,31.25,31.8,30.55,30.95,2582886
SYNGENE,20190218,587,596.95,586.25,594.55,42257
TAINWALCHM,20190218,59.5,59.5,59.5,59.5,1
TAJGVK,20190218,178.6,178.65,171.5,173.35,10464
TAKE,20190218,108.7,108.7,100.5,102.45,291650
TALBROAUTO,20190218,198,205,190.05,195.3,8807
TALWALKARS,20190218,39.15,40.8,39,39.4,30353
TALWGYM,20190218,108.5,113,105.1,110.95,76228
TANLA,20190218,33.9,33.9,32.5,32.65,69146
TANTIACONS,20190218,3.55,3.55,3.35,3.55,457
TARAJEWELS,20190218,0.5,0.6,0.5,0.6,257638
TARAPUR,20190218,3,3,2.9,2.9,14695
TARMAT,20190218,33.8,34.65,33,33.8,6320
TASTYBITE,20190218,7691.3,7735,7505.3,7611.9,210
TATACHEM,20190218,556,561.95,551,554.85,607985
TATACOFFEE,20190218,82.45,82.45,81,81.2,123132
TATACOMM,20190218,496,503.95,492,502.05,250152
TATAELXSI,20190218,863.9,865.8,830.1,859.25,1228547
TATAGLOBAL,20190218,186.15,186.5,181.5,182.75,1026852
TATAINVEST,20190218,827.8,836.95,826.55,831.3,4923
TATAMETALI,20190218,593.25,593.5,568,572.25,17996
TATAMOTORS,20190218,162.8,163.45,159.2,162.9,13503666
TATAMTRDVR,20190218,84.2,84.8,83,84.4,1583783
TATAPOWER,20190218,69.2,69.5,65.05,65.35,6717626
TATASPONGE,20190218,700,703.25,677,681.2,67526
TATASTEEL,20190218,468.9,477,464.4,465.55,6253514
TATASTLBSL,20190218,27.15,27.2,26.6,26.8,275262
TBZ,20190218,54.7,55.5,53.15,53.75,54569
TCI,20190218,277.4,280.95,275.5,280.15,12873
TCIDEVELOP,20190218,385,385,371,371.05,129
TCIEXP,20190218,615.05,622.9,614.95,619.85,19615
TCIFINANCE,20190218,13.6,14,13.3,13.5,9593
TCNSBRANDS,20190218,739,752.4,738.2,750.05,13162
TCPLPACK,20190218,358,364,351,351.2,3267
TCS,20190218,2037.6,2041.95,1962.65,1970.3,2942184
TDPOWERSYS,20190218,123.25,125.1,121.85,123.45,111642
TEAMLEASE,20190218,2920,3055.1,2869.7,3029.05,24695
TECHIN,20190218,6,6,6,6,1
TECHM,20190218,815,822,800.5,803.45,3851335
TECHNOE,20190218,235.05,253.5,235.05,250.9,337524
TECHNOFAB,20190218,90.9,92,88,89.75,6705
TEJASNET,20190218,138.6,138.6,116.15,117.4,690876
TERASOFT,20190218,43,44.2,38.05,39.05,91052
TEXINFRA,20190218,52,53.3,50.35,52,16028
TEXMOPIPES,20190218,20.1,20.1,18.3,18.65,199597
TEXRAIL,20190218,53.55,53.6,52,52.35,284135
TFCILTD,20190218,129.05,135.5,126.3,130.85,76972
TFL,20190218,5.35,5.35,4.05,4.25,4906
TGBHOTELS,20190218,13.5,13.5,12.55,12.95,5714
THANGAMAYL,20190218,308.05,320,305.1,319.6,1946
THEINVEST,20190218,146.9,148,142.6,146.75,1024
THEMISMED,20190218,301.95,301.95,280.55,292.1,1027
THERMAX,20190218,995,999,952.5,966.5,255236
THIRUSUGAR,20190218,17.8,17.8,16.5,16.5,9328
THOMASCOOK,20190218,211.7,213,206.8,210.7,76307
THYROCARE,20190218,507.45,604.7,499.55,527.6,337603
TI,20190218,15.75,15.75,14.3,15.05,154802
TIDEWATER,20190218,4960.45,4990.95,4890,4927.2,269
TIFIN,20190218,437.15,439.05,421.35,431.05,13023
TIIL,20190218,545.8,545.8,531,533.65,3130
TIINDIA,20190218,341.9,346,332.85,344.65,32261
TIJARIA,20190218,14.2,14.2,13.15,13.15,24160
TIL,20190218,208,245.7,208,225.75,22636
TIMESGTY,20190218,27,31.85,26.1,26.5,972
TIMETECHNO,20190218,88.3,90,82.55,83.45,106237
TIMKEN,20190218,522.95,526.35,507,509.55,12356
TINPLATE,20190218,122,122.9,118.95,119.8,136534
TIPSINDLTD,20190218,60.5,60.5,59.5,59.95,2417
TIRUMALCHM,20190218,68.6,69.6,67.25,67.75,159925
TITAN,20190218,1040.1,1040.65,1021.3,1027.35,1023065
TMRVL,20190218,30.8,31.7,29.05,30.05,2893
TNPETRO,20190218,30.85,31.5,29.9,30.05,48919
TNPL,20190218,196.6,196.6,188,191.95,492708
TNTELE,20190218,1.45,1.45,1.45,1.45,337
TOKYOPLAST,20190218,48.85,49.4,48.8,48.8,10361
TORNTPHARM,20190218,1771,1782.15,1751.2,1763.5,84515
TORNTPOWER,20190218,237.9,241.35,232,233.2,843945
TPLPLASTEH,20190218,109.4,113.9,106.15,112,3256
TREEHOUSE,20190218,4.45,4.45,4.2,4.25,21010
TREJHARA,20190218,28.9,28.9,28.9,28.9,128
TRENT,20190218,334.1,335.25,320.2,322.2,51161
TRF,20190218,98,103,94.65,98.75,57727
TRIDENT,20190218,61.15,61.4,59,59.35,323768
TRIGYN,20190218,64.4,65.75,62.8,63.8,28828
TRIL,20190218,11.05,11.05,9.95,10.35,28269
TRITURBINE,20190218,103.95,104.45,100.55,101,75909
TRIVENI,20190218,45.9,48.2,45,47.85,708091
TTKHLTCARE,20190218,663.55,663.6,606.15,620.75,2236
TTKPRESTIG,20190218,7750,7950,7747,7873.7,8965
TTL,20190218,54,54,50.3,51.6,3438
TTML,20190218,3,3,2.85,2.9,418396
TV18BRDCST,20190218,31.1,31.4,30.7,30.8,1911845
TVSELECT,20190218,146,149.45,143.3,144.85,25943
TVSMOTOR,20190218,480.5,482.9,467.2,469.3,938425
TVSSRICHAK,20190218,2266.05,2266.05,2201.05,2242.45,33762
TVTODAY,20190218,325,325,318,320.6,12657
TVVISION,20190218,2.4,2.5,2.35,2.5,15041
TWL,20190218,55.65,61.05,55.05,59,1683447
UBL,20190218,1330,1356.05,1325.2,1344.15,341080
UCALFUEL,20190218,161.9,161.9,148.05,149.85,5906
UCOBANK,20190218,17.15,17.3,16.7,16.95,230757
UFLEX,20190218,202.35,202.5,186.35,188,366629
UFO,20190218,221.75,221.75,215,215.4,5540
UGARSUGAR,20190218,13.5,14.75,13.5,14.75,174391
UJAAS,20190218,5.7,6.5,5.6,6.5,549069
UJJIVAN,20190218,273,274,263.55,266.15,2063746
ULTRACEMCO,20190218,3452,3459,3380,3429.25,270262
UMANGDAIRY,20190218,48.25,48.25,45.9,45.9,2542
UNICHEMLAB,20190218,191.85,191.85,188.3,188.95,24453
UNIENTER,20190218,94.55,96.8,93.05,94.1,700
UNIONBANK,20190218,68.75,69.5,67.5,67.95,5620070
UNIPLY,20190218,44.8,46.7,43.25,43.7,117571
UNITECH,20190218,1.05,1.1,1,1.1,11360277
UNITEDBNK,20190218,9.95,10,9.8,9.95,246486
UNITEDTEA,20190218,295.55,308.95,295.55,301.1,1729
UNIVCABLES,20190218,195.9,195.9,184.05,186.45,61284
UPL,20190218,819.25,830,806.05,821.85,1903564
URJA,20190218,3.05,3.1,2.95,3,855614
USHAMART,20190218,29.65,29.65,28.45,28.6,275873
USHERAGRO,20190218,1.85,1.95,1.85,1.95,16770
UTINEXT50,20190218,264,264.95,256,257.79,32
UTINIFTETF,20190218,1120,1121.75,1118,1120,116
UTISENSETF,20190218,376.3,387,376,380,582
UTTAMSTL,20190218,11.05,11.05,10.25,10.35,74663
UTTAMSUGAR,20190218,102.5,104,97.05,101.1,77696
UVSL,20190218,0.1,0.15,0.1,0.1,1865618
V2RETAIL,20190218,243.95,267,243.95,253.3,13981
VADILALIND,20190218,486,499,472,481.6,16745
VAIBHAVGBL,20190218,610.05,615.05,605,608.55,5867
VAKRANGEE,20190218,42.1,43.35,40.4,42.75,5743749
VARDHACRLC,20190218,36.5,36.6,35.9,36.1,15593
VARDMNPOLY,20190218,9.1,9.1,8.75,9.05,8211
VARROC,20190218,581.55,584,568.25,570.25,5428
VASCONEQ,20190218,14.15,14.4,13.65,14.1,193548
VASWANI,20190218,9.35,9.35,8.4,8.85,4838
VBL,20190218,754.25,803,754.25,770.6,152731
VEDL,20190218,148.85,151.15,146.65,148,14282136
VENKEYS,20190218,2070.05,2090,2060,2065.3,27846
VENUSREM,20190218,34,34,29.85,29.9,76938
VESUVIUS,20190218,1144.05,1145.3,1127,1138.9,407
VETO,20190218,57,61.95,53.6,60.8,72669
VGUARD,20190218,185,188.35,183.7,186.75,831485
VHL,20190218,1876.2,1920,1860,1863.05,331
VICEROY,20190218,1.95,2,1.95,2,18460
VIDHIING,20190218,69.3,70.25,69,69.75,44816
VIJAYABANK,20190218,39.1,39.7,38.4,38.5,663394
VIJIFIN,20190218,0.9,0.9,0.8,0.85,1016419
VIJSHAN,20190218,5.95,5.95,5.5,5.5,9504
VIKASECO,20190218,9.35,9.45,9.1,9.15,1234110
VIMTALABS,20190218,205.95,209.3,198.25,199.25,20780
VINATIORGA,20190218,1630,1635,1585,1594.15,9584
VINDHYATEL,20190218,1300,1399.75,1300,1385.95,7068
VINYLINDIA,20190218,66.4,67.6,64.5,64.6,7592
VIPCLOTHNG,20190218,20.25,20.8,19.6,19.75,29632
VIPIND,20190218,426.4,428.55,401.2,407.2,390649
VIPULLTD,20190218,35.4,35.4,33.65,33.85,59540
VISAKAIND,20190218,339.05,341.75,328,332.55,17742
VISASTEEL,20190218,7.2,7.2,5.65,6.4,22184
VISESHINFO,20190218,0.05,0.1,0.05,0.05,10174303
VISHNU,20190218,135.05,137,128.25,129.15,5879
VIVIDHA,20190218,0.6,0.7,0.6,0.7,167394
VIVIMEDLAB,20190218,21.1,21.8,20.25,21.2,105508
VLSFINANCE,20190218,44.65,45.4,43.35,43.7,19226
VMART,20190218,2361,2449.95,2336,2387.55,23550
VOLTAMP,20190218,1025.15,1040,1020,1032,1082
VOLTAS,20190218,524.2,529.8,519,522.2,664220
VRLLOG,20190218,243.5,243.5,240,241.45,106187
VSSL,20190218,85.05,85.7,84.5,84.75,1265
VSTIND,20190218,3285,3285,3200,3227.25,15356
VSTTILLERS,20190218,1480.2,1499.05,1468,1479.75,2479
VTL,20190218,1003.45,1003.45,968.7,982.65,19789
WABAG,20190218,285,285.05,264.3,267.4,100785
WABCOINDIA,20190218,6000,6000,5854,5872.5,1154
WALCHANNAG,20190218,81,82.4,78.9,79.65,189919
WANBURY,20190218,15.25,15.25,15.25,15.25,538
WEBELSOLAR,20190218,25.85,26.8,25.5,26.25,48729
WEIZFOREX,20190218,516.4,521,514.2,516.65,5298
WEIZMANIND,20190218,37,37.45,35,37.45,5752
WELCORP,20190218,92.5,92.6,89,89.95,419992
WELENT,20190218,97,97,92.55,92.8,228408
WELINV,20190218,130.05,139,130,130,1257
WELSPUNIND,20190218,48,48.5,46.5,47.15,4980802
WENDT,20190218,2841.05,2900,2840.15,2875.5,223
WHEELS,20190218,792.65,796.7,770,777.25,749
WHIRLPOOL,20190218,1338,1338,1289,1290.85,63651
WILLAMAGOR,20190218,46.05,47.55,45.45,45.6,1912
WINDMACHIN,20190218,63.3,63.65,60.7,61.2,149518
WINSOME,20190218,0.85,0.85,0.85,0.85,1245
WIPL,20190218,97,97,97,97,2
WIPRO,20190218,378.8,378.8,370.75,375.6,3480075
WOCKPHARMA,20190218,394.7,397,387.5,389.6,815106
WONDERLA,20190218,274,274,265.95,269.25,17735
WSI,20190218,2.5,2.5,2.4,2.4,4701
WSTCSTPAPR,20190218,230.35,231.8,226.1,227.95,117905
XCHANGING,20190218,43.05,44.7,42.5,43.2,2150
XELPMOC,20190218,101.7,101.7,83.35,83.35,71741
XLENERGY,20190218,0.7,0.75,0.7,0.75,2925
XPROINDIA,20190218,31.9,35,31,32.5,3543
YESBANK,20190218,201,216.7,201,213.55,89969426
ZEEL,20190218,429.9,441.65,424,438.95,6340575
ZEELEARN,20190218,27,27.75,26.75,26.85,76998
ZEEMEDIA,20190218,14.4,14.4,13.8,14.15,1525314
ZENITHBIR,20190218,0.6,0.65,0.6,0.6,4431
ZENITHEXPO,20190218,40.7,43.85,40.7,42,120
ZENSARTECH,20190218,212.75,213.95,202.55,205.65,125397
ZENTEC,20190218,69,69.55,67.75,68.45,35920
ZICOM,20190218,5,5.05,4.3,4.5,32774
ZODIACLOTH,20190218,145.35,145.35,138.65,141.1,2181
ZODJRDMKJ,20190218,34.1,34.1,32.25,32.6,53
ZUARI,20190218,178.2,178.7,174.2,174.95,8295
ZUARIGLOB,20190218,98.05,98.8,95.5,96.75,22855
ZYDUSWELL,20190218,1251,1270,1251,1263.4,2264
NSENIFTY,20190218,10738.65,10759.90,10628.40,10640.95,345440240,0
NIFTYJUNIOR,20190218,25490.00,25496.65,25131.55,25296.45,129701175,0
NIFTYMIDCAPLIQ15,20190218,3755.35,3762.30,3699.25,3705.00,109404654,0
NSE100,20190218,10857.90,10876.35,10749.75,10761.20,476725198,0
NIFTY200,20190218,5576.15,5585.20,5520.85,5526.65,937387692,0
NSE500,20190218,8836.00,8849.05,8744.95,8754.35,1263366166,0
NSEMIDCAP150,20190218,5824.10,5830.95,5755.35,5762.95,468142620,0
MIDCAP50,20190218,4448.10,4453.70,4401.90,4405.35,378700670,0
NSEMIDCAP,20190218,16204.00,16234.75,16044.85,16063.35,460662494,0
NIFTYSMALLCAP250,20190218,-,-,-,4695.10,-,0
NIFTYSMALLCAP50,20190218,-,-,-,2732.25,-,0
NSESMLCAP100,20190218,5737.65,5741.15,5660.15,5671.10,-,0
NIFTYLARGEMIDCAP250,20190218,-,-,-,5408.88,944867818,0
NIFTYMIDSMALLCAP400,20190218,-,-,-,5386.25,-,0
NIFTYAUTO,20190218,8156.90,8156.90,8035.55,8067.70,46562219,0
BANKNIFTY,20190218,26754.60,26829.95,26617.70,26654.25,175449436,0
NIFTYFINSERVICE,20190218,11223.70,11254.45,11134.60,11148.25,68309994,0
NIFTYFMGC,20190218,29238.35,29348.65,28887.70,28965.15,56594379,0
NSEIT,20190218,15895.50,15948.10,15618.05,15659.00,30337931,0
NIFTYMEDIA,20190218,2305.85,2343.20,2287.15,2325.75,60623956,0
NIFTYMETAL,20190218,2681.60,2696.25,2649.25,2652.00,88794007,0
NIFTYPHARMA,20190218,8703.60,8744.25,8560.50,8573.95,19994581,0
NIFTYPVTBANK,20190218,15246.50,15312.65,15212.95,15233.40,140472106,0
NIFTYPSUBANK,20190218,2705.65,2718.45,2650.65,2660.80,72729406,0
NIFTYREALTY,20190218,223.35,226.55,223.30,224.25,19394941,0
NIFTYCOMMODITIES,20190218,3122.95,3128.30,3083.30,3092.80,187477122,0
NIFTYCONSUMPTION,20190218,4679.55,4681.10,4601.60,4633.45,101879029,0
NIFTYCPSE,20190218,1899.15,1916.00,1888.15,1895.25,61760219,0
NIFTYENERGY,20190218,14665.55,14696.05,14377.25,14433.80,90849309,0
NIFTY100ESG,20190218,-,-,-,2004.94,369027629,0
NIFTY100ENHESG,20190218,-,-,-,2041.77,346497048,0
NIFTYINFRA,20190218,2858.95,2873.00,2845.50,2851.65,311394583,0
NIFTYMNC,20190218,12681.25,12694.45,12511.70,12581.20,48068181,0
NIFTYPSE,20190218,3060.05,3081.05,3038.05,3055.40,120084268,0
NIFTYSMEEMERGE,20190218,-,-,-,1455.77,1714650,0
NIFTYSERVSECTOR,20190218,14880.20,14916.65,14773.30,14787.05,232996764,0
NIFTYSHARIAH25,20190218,-,-,-,3987.13,55030664,0
NIFTY50SHARIAH,20190218,-,-,-,2320.46,56240087,0
NIFTY500SHARIAH,20190218,-,-,-,2746.20,186139972,0
NIFTYABGROUP,20190218,-,-,-,2965.03,27871348,0
NIFTYMAHINDRA,20190218,-,-,-,10977.09,9947169,0
NIFTYTATA,20190218,-,-,-,6298.83,36612065,0
NIFTYTATA25CAP,20190218,-,-,-,4349.63,34774374,0
NIFTYABGROUP,20190218,-,-,-,2965.03,27871348,0
NIFTYLIQ15,20190218,3489.60,3502.45,3469.00,3473.25,180933385,0
NIFTY500VALUE50,20190218,-,-,-,3769.98,374605582,0
NIFTYALPHALOWVOL30,20190218,-,-,-,11103.49,109225005,0
NIFTYQUALLOWVOL30,20190218,-,-,-,7999.95,86559409,0
NIFTYALPHAQUALLOWVOL30,20190218,-,-,-,9149.63,96195366,0
NIFTYALPHAQUALVALLOWVOL30,20190218,-,-,-,6956.43,101920018,0
NIFTY50EQUALWEIGHT,20190218,11628.50,11642.45,11526.20,11557.65,345440240,0
NIFTY100EQUALWEIGHT,20190218,12226.10,12235.95,12105.70,12137.05,476725198,0
NIFTY100LOWVOL30,20190218,8414.75,8420.20,8303.85,8341.20,114915764,0
NSEDEFTY,20190218,-,-,-,5167.87,-,0
NIFTY50DIVPOINT,20190218,127.28,127.28,127.28,127.28,-,0
NIFTYDIVOPPS50,20190218,2515.50,2519.45,2488.95,2491.05,276415412,0
NIFTYALPHA50,20190218,11542.10,11569.70,11404.60,11426.15,66099620,0
NIFTY50ARBITRAGE,20190218,-,-,-,1775.29,-,0
NIFTY50FUTINDEX,20190218,-,-,-,3757.51,-,0
NIFTY50FUTTRINDEX,20190218,-,-,-,10674.52,-,0
NIFTYHIGHBETA50,20190218,-,-,-,1430.20,434405615,0
NIFTYLOWVOL50,20190218,-,-,-,9498.25,154363877,0
NIFTY200QUALITY30,20190218,-,-,-,9295.85,-,0
NIFTY50VALUE20,20190218,5269.40,5278.75,5197.10,5211.50,184870458,0
NIFTYGROWSECT15,20190218,6052.55,6063.80,5960.70,5983.60,72738656,0
NIFTY50TR2XLEV,20190218,5578.00,5599.25,5463.95,5476.60,-,0
NIFTY50PR2XLEV,20190218,4391.75,4408.50,4301.95,4311.90,-,0
NIFTY50TR1XINV,20190218,374.85,378.70,374.10,378.25,-,0
NIFTY50PR1XINV,20190218,422.30,426.65,421.50,426.15,-,0
NIFTY-GS-COMPSITE,20190218,1864.47,1865.09,1863.43,1864.20,-,0
NIFTY-GS-4-8YR,20190218,1957.24,1957.24,1956.53,1957.18,-,0
NIFTY-GS-8-13YR,20190218,1824.07,1824.78,1822.62,1823.79,-,0
NIFTY-GS-10YR,20190218,1692.77,1692.77,1691.59,1691.63,-,0
NIFTY-GS-10YR-CLN,20190218,906.51,906.51,905.87,905.90,-,0
NIFTY-GS-11-15YR,20190218,1907.05,1907.41,1906.77,1906.94,-,0
NIFTY-GS-15YRPLUS,20190218,2050.59,2050.77,2049.96,2050.23,-,0
VIX,20190218,16.46,18.19,11.85,18.00,0,0
