20MICRONS,20190211,35.9,35.9,32.3,33.4,24889
21STCENMGM,20190211,19.5,19.5,19.5,19.5,534
3IINFOTECH,20190211,2.9,3.2,2.9,3,2710561
3MINDIA,20190211,21490,21775,21201.3,21619.2,1734
3PLAND,20190211,11,12,9.9,11.5,2597
5PAISA,20190211,235,247.95,214.8,232.1,2688
63MOONS,20190211,77.7,79.2,75.6,76.15,176131
8KMILES,20190211,118,118,108.4,111,150448
A2ZINFRA,20190211,9.7,10.65,9.7,10.65,136544
AARTIDRUGS,20190211,585.7,590,577,588.95,27893
AARTIIND,20190211,1574,1574,1530.1,1541.65,60601
AARVEEDEN,20190211,22.5,22.5,21.5,22,4863
AAVAS,20190211,856,869.9,851.1,867.4,21235
ABAN,20190211,51.5,51.85,48.5,49.3,452183
ABB,20190211,1262,1262,1221,1233.8,50593
ABBOTINDIA,20190211,8050,8050,7600,7666.4,21425
ABCAPITAL,20190211,82,82.3,79,79.1,1539262
ABFRL,20190211,211.75,212,209.45,211.1,586752
ACC,20190211,1396,1399.45,1364.4,1368.3,1133028
ACCELYA,20190211,935,935,915,920.05,2714
ACE,20190211,83.8,85.3,82.9,83.85,59965
ADANIENT,20190211,122.95,123.25,115.8,118.2,7048335
ADANIGAS,20190211,94.05,96.75,94,94.8,239324
ADANIGREEN,20190211,33,35.2,32.6,32.85,198956
ADANIPORTS,20190211,332.95,333.95,318.4,328.8,3783848
ADANIPOWER,20190211,35.75,36.15,33.35,34.7,11790819
ADANITRANS,20190211,215.4,217.8,214.55,215.3,194096
ADFFOODS,20190211,242,242.05,225.6,228.75,20484
ADHUNIK,20190211,1.6,1.65,1.55,1.6,13660
ADHUNIKIND,20190211,41,43.95,39.25,40.15,2031
ADLABS,20190211,8.5,8.7,8.1,8.65,121528
ADORWELD,20190211,329.6,329.6,323,323.4,2840
ADROITINFO,20190211,17.8,17.8,16.05,16.6,1685
ADSL,20190211,11.1,11.3,10.75,10.85,13196
ADVANIHOTR,20190211,67.85,68.6,65.3,68.3,3358
ADVENZYMES,20190211,165.15,165.15,152.9,154.15,84228
AEGISCHEM,20190211,189.1,197.8,188.15,191.75,114766
AGARIND,20190211,160,168,151.7,156.15,874
AGCNET,20190211,107.75,109.9,99.95,100.3,3175
AGLSL,20190211,63.3,63.65,58.85,60.75,5455
AGRITECH,20190211,56.1,58.7,52.3,53,8466
AHLEAST,20190211,237.05,241.9,235.15,237.45,136
AHLUCONT,20190211,265,269.05,259,263.25,3472
AHLWEST,20190211,349,349.9,335.25,338.2,22
AIAENG,20190211,1659,1684.55,1639,1667.95,63615
AIFL,20190211,13.95,15.3,13.9,14.05,161445
AIONJSW,20190211,31,33.1,31,31.6,19045
AJANTPHARM,20190211,930,1015,924.35,1002.85,1269473
AJMERA,20190211,171.95,171.95,165,165.45,39297
AKSHARCHEM,20190211,310,332.4,310,325.8,3510
AKSHOPTFBR,20190211,20.65,20.9,20.3,20.6,333745
AKZOINDIA,20190211,1737.2,1737.2,1688.9,1700.8,3003
ALANKIT,20190211,29.75,30,28.95,29.9,1004578
ALBERTDAVD,20190211,416,416,397.4,411.05,6736
ALBK,20190211,41,41.95,39.15,39.85,4831183
ALCHEM,20190211,1.95,2.05,1.9,1.9,9622
ALEMBICLTD,20190211,40.55,40.55,39.1,39.9,89321
ALICON,20190211,533.1,543.95,520,525.75,2850
ALKALI,20190211,43,44.8,41.3,41.5,7124
ALKEM,20190211,1860,1914.7,1859.95,1891.7,29265
ALKYLAMINE,20190211,771.05,771.05,713.5,731.05,2726
ALLCARGO,20190211,102.9,105,101.3,102.6,101670
ALLSEC,20190211,180.9,180.95,165,168.45,22769
ALMONDZ,20190211,21.6,23.8,20.9,21.2,7859
ALOKTEXT,20190211,3.6,3.65,3.55,3.55,1407369
ALPA,20190211,24.45,25.2,23.7,24.1,16616
ALPHAGEO,20190211,438.7,444.9,403.7,412.95,5345
AMARAJABAT,20190211,744.1,755,737.75,740.45,545367
AMBER,20190211,700,715,691,699.6,4580
AMBIKCO,20190211,1144.9,1145,1135,1138.85,1882
AMBUJACEM,20190211,213.3,213.7,206.8,207.6,1168695
AMDIND,20190211,20.4,21.1,20.1,20.1,5653
AMJLAND,20190211,19,19.05,18.6,18.95,2255
AMRUTANJAN,20190211,305.75,305.75,296.05,298.15,7587
ANANTRAJ,20190211,31.65,32.3,30.75,31.05,332867
ANDHRABANK,20190211,24.05,24.2,23.55,23.8,739629
ANDHRACEMT,20190211,4.2,4.2,3.3,3.45,382698
ANDHRSUGAR,20190211,307.7,308.75,302.65,304.45,8952
ANGIND,20190211,1.25,1.25,1.25,1.25,7162
ANIKINDS,20190211,13.45,14.1,12.8,13.1,6538
ANKITMETAL,20190211,0.55,0.55,0.5,0.5,36371
ANSALAPI,20190211,10.15,10.35,9.2,9.8,117189
ANSALHSG,20190211,11.6,11.6,10.4,10.65,69687
ANTGRAPHIC,20190211,0.45,0.5,0.45,0.5,44400
APARINDS,20190211,609.05,612.75,604,605.2,3301
APCL,20190211,99.4,105.25,97.45,104.5,2334
APCOTEXIND,20190211,447.6,447.6,433.05,445.4,2304
APEX,20190211,296.5,298.85,282.4,284.8,73967
APLAPOLLO,20190211,1087.85,1096.7,1075.05,1085.5,32387
APLLTD,20190211,563,586.9,551.15,554.85,38678
APOLLO,20190211,101.8,104.8,98,99.5,15543
APOLLOHOSP,20190211,1300,1300,1090,1121.9,5424327
APOLLOTYRE,20190211,202.15,204.85,200.2,201.7,1741712
APOLSINHOT,20190211,944,950,910.05,948.7,379
APTECHT,20190211,162.45,162.9,155,156.6,144165
ARCHIDPLY,20190211,37,38.4,36.6,37.1,19809
ARCHIES,20190211,27.2,27.8,26.8,26.95,51643
ARCOTECH,20190211,4.85,4.9,4.55,4.6,112626
ARIES,20190211,88.5,89.5,85.05,85.8,14535
ARIHANT,20190211,37.25,37.25,29.4,30,1120
ARIHANTSUP,20190211,50.7,51.95,45.75,49.8,22718
ARMANFIN,20190211,397.95,402,380,391.95,7913
AROGRANITE,20190211,49,51,46,46.9,7552
ARROWGREEN,20190211,82.8,88.7,80.75,80.9,5442
ARROWTEX,20190211,15.5,15.5,14.15,14.95,4913
ARSHIYA,20190211,29.4,30.3,29.25,30,34708
ARSSINFRA,20190211,26.8,29.45,26.35,26.9,8085
ARVIND,20190211,81.1,82.3,78.75,79.45,2295080
ARVSMART,20190211,113,114,112.25,113.1,9853
ASAHIINDIA,20190211,255.95,255.95,241.35,244.9,46130
ASAHISONG,20190211,154,154.9,146.25,152.95,3400
ASAL,20190211,50.55,51.6,49.35,50.3,2338
ASHAPURMIN,20190211,22.2,22.2,21,21.2,25943
ASHIANA,20190211,108.5,108.5,100.8,102.25,14788
ASHIMASYN,20190211,12.65,13.35,12.6,12.85,23561
ASHOKA,20190211,114.6,114.9,112,112.6,39652
ASHOKLEY,20190211,86.8,86.8,82.6,83.1,18189713
ASIANHOTNR,20190211,144.95,148,140.15,144.95,182
ASIANPAINT,20190211,1447.9,1457.3,1427,1437.1,728051
ASIANTILES,20190211,155.8,155.8,150.3,152.7,30243
ASPINWALL,20190211,153.5,153.5,148,152.45,279
ASSAMCO,20190211,1.8,1.9,1.75,1.85,213475
ASTEC,20190211,493.05,493.6,486.3,490.75,3097
ASTERDM,20190211,152.65,159.95,152.6,157.85,21771
ASTRAL,20190211,1100,1170,1094.45,1142.45,171485
ASTRAMICRO,20190211,74.15,76.3,71.8,74.75,96472
ASTRAZEN,20190211,1827.4,1888,1808.95,1837.45,36215
ASTRON,20190211,98.2,102.95,96.2,97.8,73262
ATFL,20190211,582.05,582.05,567,576.5,2081
ATLANTA,20190211,13.75,15.15,13.75,15.15,48622
ATLASCYCLE,20190211,67.05,68.75,64,64.85,1909
ATNINTER,20190211,0.05,0.1,0.05,0.1,2124
ATUL,20190211,3406.55,3488.15,3375,3413.5,16695
ATULAUTO,20190211,305.5,306.75,296.05,301.55,32617
AUBANK,20190211,593.8,593.8,576.55,588.95,110178
AURIONPRO,20190211,110.95,114.7,106.55,112.1,17370
AUROPHARMA,20190211,764,770,749.2,763.15,1976232
AUSOMENT,20190211,30.3,31.8,30.3,30.4,11276
AUTOAXLES,20190211,1133,1139.95,1110.05,1112.85,2244
AUTOIND,20190211,57.35,58.95,57.1,57.3,4382
AUTOLITIND,20190211,29,29,27.7,27.85,27573
AVADHSUGAR,20190211,384.1,388.85,358.6,360.4,25394
AVANTIFEED,20190211,335,343.7,331,336.2,440447
AVTNPL,20190211,21.8,22,21.5,21.95,6861
AXISBANK,20190211,719.9,719.9,705.3,710.85,7234953
AXISCADES,20190211,55.05,57.7,52.5,57.2,39773
AXISGOLD,20190211,2919,2919,2877.05,2899.3,60
AXISNIFTY,20190211,1118.45,1118.45,1110,1110,35
AYMSYNTEX,20190211,39,39,34,34.3,19964
BAFNAPHARM,20190211,9.35,9.45,8.9,9.3,23216
BAGFILMS,20190211,4.45,4.45,4.3,4.35,59373
BAJAJ-AUTO,20190211,2850,2870,2819.05,2853.6,712787
BAJAJCON,20190211,349.25,356.1,346.2,352.65,130907
BAJAJELEC,20190211,483.85,486,471.1,479.85,301228
BAJAJFINSV,20190211,6184,6223.5,6077.1,6096.25,113518
BAJAJHIND,20190211,7.75,7.85,7.5,7.6,751742
BAJAJHLDNG,20190211,3158.45,3158.45,3095.8,3117.25,74757
BAJFINANCE,20190211,2724.7,2724.7,2635,2657.2,1194702
BALAJITELE,20190211,85,85,80.55,81.45,46401
BALAMINES,20190211,395,399.95,387,388.75,12272
BALKRISHNA,20190211,38,38,35.2,37.45,7071
BALKRISIND,20190211,745,813,744,807.15,2337557
BALLARPUR,20190211,4,4.25,3.55,3.6,1343577
BALMLAWRIE,20190211,178,178,174,174.2,87863
BALPHARMA,20190211,73.25,73.25,70.6,71.2,6142
BALRAMCHIN,20190211,107,108.6,106.05,106.9,1760608
BANARBEADS,20190211,43,43.95,42.05,43,1331
BANARISUG,20190211,1494.8,1494.85,1463,1465,229
BANCOINDIA,20190211,169.25,171,168,169.65,12914
BANDHANBNK,20190211,466,468,451.5,464.2,502110
BANG,20190211,51.05,52.65,50.7,51.9,42224
BANKBARODA,20190211,104.7,104.85,102.9,103.9,7582047
BANKBEES,20190211,2765,2775,2762.51,2769.37,7737
BANKINDIA,20190211,86.3,87,84.05,84.7,5596055
BANSWRAS,20190211,63.15,66.75,59.35,63.05,6530
BARTRONICS,20190211,5.85,5.85,5.5,5.65,14500
BASF,20190211,1360,1360,1285.1,1291.85,4756
BASML,20190211,168,174,157.1,172.7,140476
BATAINDIA,20190211,1189,1209,1176.95,1188.4,1012637
BAYERCROP,20190211,4266.45,4296.6,4202,4237.5,4867
BBL,20190211,1055,1055.65,1025,1028.3,6424
BBTC,20190211,1198,1198,1177.25,1183.45,41966
BCG,20190211,2.9,2.95,2.75,2.85,459536
BDL,20190211,251,251,241,243.15,20830
BEARDSELL,20190211,18,18,16.75,17.05,886
BEDMUTHA,20190211,17.3,19.6,17.3,18,7438
BEL,20190211,79.85,79.9,75.9,76.75,8090201
BEML,20190211,778,792.8,761.25,785.2,1583102
BEPL,20190211,68,68.5,65.55,65.75,352333
BERGEPAINT,20190211,312.4,312.4,298.6,299.95,1444102
BFINVEST,20190211,193,194,178.75,182.9,64201
BFUTILITIE,20190211,172.8,173.85,150.05,154.1,496386
BGLOBAL,20190211,2.55,2.6,2.45,2.45,8164
BGRENERGY,20190211,47,47.3,45.7,46.65,32725
BHAGERIA,20190211,227.9,227.95,216.05,220.05,6525
BHAGYANGR,20190211,31.25,34.45,29.15,30.65,6467
BHAGYAPROP,20190211,33.75,33.75,27.65,28.4,9788
BHANDARI,20190211,1.8,1.85,1.8,1.8,40962
BHARATFIN,20190211,935,945,927.55,941.15,511568
BHARATFORG,20190211,482.2,484.55,472.5,479.1,527381
BHARATGEAR,20190211,152,154.95,146.25,149.3,8394
BHARATRAS,20190211,3814.95,3825,3652,3721.85,831
BHARATWIRE,20190211,58.15,58.8,55.1,56.95,100003
BHARTIARTL,20190211,315,315.45,311,312.2,2977404
BHEL,20190211,61.2,63.25,61,62.75,9511824
BIGBLOC,20190211,25,25.25,24.9,25.05,7832
BIL,20190211,222,228.95,207.7,221.85,16599
BILENERGY,20190211,0.9,1,0.9,1,280806
BINANIIND,20190211,34.1,36.25,31.75,33.9,32250
BINDALAGRO,20190211,13.8,14,13.2,13.75,5613
BIOCON,20190211,654.9,655,641.15,644.2,730783
BIOFILCHEM,20190211,6.4,6.4,6.4,6.4,160
BIRLACABLE,20190211,179.5,182.3,166,169.4,123447
BIRLACORPN,20190211,473.05,478,458.1,473.65,18460
BIRLAMONEY,20190211,40.85,42,40.35,40.7,39010
BKMINDST,20190211,5.05,5.05,4.15,4.15,42512
BLBLIMITED,20190211,5.1,5.5,5,5.4,5298
BLISSGVS,20190211,152.95,153.5,144.05,146.45,9353084
BLKASHYAP,20190211,19.5,19.5,17.75,18.25,410296
BLS,20190211,106.85,112,103.55,107.85,51126
BLUEBLENDS,20190211,3.4,3.4,3.2,3.4,1576
BLUEDART,20190211,3101.9,3127,3080.95,3121.95,525
BLUESTARCO,20190211,591.5,598.1,584.2,589.75,153787
BODALCHEM,20190211,96.3,98.7,96.3,97.95,101100
BOMDYEING,20190211,108.9,110.8,100.6,103,704289
BOROSIL,20190211,215,217.05,207.85,210.65,18574
BOSCHLTD,20190211,18880,18975,18614,18798.7,16064
BPCL,20190211,333,337.5,328,333.6,3314948
BPL,20190211,27.75,27.75,26.4,26.55,38299
BRFL,20190211,6.45,6.55,6,6.1,73707
BRIGADE,20190211,205.95,205.95,190.75,195.4,106581
BRITANNIA,20190211,3120,3132.3,3055.3,3107.55,265355
BRNL,20190211,101.05,104,96,101.95,20552
BROOKS,20190211,44.9,44.9,42.4,42.55,10804
BSE,20190211,570,587.5,557.95,561.75,108462
BSELINFRA,20190211,1.95,2.2,1.75,1.85,64977
BSL,20190211,42.55,42.55,40.75,41.75,1623
BSLGOLDETF,20190211,3076,3076,3072,3072,4
BSLNIFTY,20190211,115.7,115.7,114.01,114.01,14
BURNPUR,20190211,2.3,2.5,2.3,2.3,78846
BUTTERFLY,20190211,232.25,232.25,208,216.4,15814
BVCL,20190211,14.25,14.65,14.15,14.65,350
BYKE,20190211,30.85,31.6,28.6,30.95,90539
CADILAHC,20190211,322.5,326.25,320,324.4,875355
CALSOFT,20190211,16.15,17.45,15.65,16.2,42892
CAMLINFINE,20190211,44.75,44.75,42.15,42.5,209109
CANBK,20190211,228.75,229.5,223.8,225,3150448
CANDC,20190211,21.8,22,20.25,20.35,29336
CANFINHOME,20190211,245.25,246.2,235.55,239.6,1094166
CANTABIL,20190211,174.85,174.85,158.4,160.65,70124
CAPACITE,20190211,205.4,205.8,195.4,196.6,32311
CAPLIPOINT,20190211,357,357.75,341,350.7,54299
CAPTRUST,20190211,185,186,185,186,75
CARBORUNIV,20190211,351,352.35,341.25,346.05,39149
CAREERP,20190211,65.15,67.5,65.15,67.25,826
CARERATING,20190211,980,986,968.45,970.5,24055
CASTEXTECH,20190211,0.8,0.8,0.75,0.8,349827
CASTROLIND,20190211,149.1,149.45,145.05,146.05,778080
CCCL,20190211,1.8,1.9,1.7,1.85,34054
CCHHL,20190211,6.2,6.4,6,6.1,14004
CCL,20190211,273,279.85,272.75,276,182632
CDSL,20190211,212,213.2,207.5,210.3,56238
CEATLTD,20190211,1105,1105,1077,1085.65,556260
CEBBCO,20190211,19.75,19.75,18.9,19.65,20420
CELEBRITY,20190211,8.5,8.6,8.15,8.15,1258
CELESTIAL,20190211,5.25,5.25,5.2,5.2,21042
CENTENKA,20190211,236.75,236.75,230.6,231.9,18573
CENTEXT,20190211,7.05,7.05,6.6,6.65,104897
CENTRALBK,20190211,29.1,29.1,28.25,28.6,163137
CENTRUM,20190211,31.4,31.4,29.2,30.55,134800
CENTUM,20190211,402.6,410.05,399.35,406,2525
CENTURYPLY,20190211,169.1,171.95,165.05,166.5,76178
CENTURYTEX,20190211,755.6,755.6,730.6,736.35,467639
CERA,20190211,2350,2350,2262,2299,4099
CEREBRAINT,20190211,27.4,27.5,25.3,25.95,253500
CESC,20190211,690,695,672.2,676,322622
CESCVENT,20190211,485,516,412,441.15,418890
CGCL,20190211,140.65,144.95,137.25,141.8,420668
CGPOWER,20190211,34.9,35.25,33.3,34.3,3749840
CHALET,20190211,292,292,279.5,282.55,249222
CHAMBLFERT,20190211,170,174.4,168,170.05,271216
CHEMFAB,20190211,134.2,136,131.75,134.35,1334
CHENNPETRO,20190211,221.1,221.9,213.1,217.15,504283
CHOLAFIN,20190211,1229,1231.75,1196.95,1208,198500
CHROMATIC,20190211,0.9,1,0.9,0.9,39692
CIGNITITEC,20190211,345,345,335,336.6,37701
CIMMCO,20190211,31.05,32,28.8,29.3,64556
CINELINE,20190211,43.05,43.05,41.4,41.6,14316
CINEVISTA,20190211,5.2,5.45,5.15,5.2,1638
CIPLA,20190211,538.7,545.9,535.85,543.3,2989919
CLEDUCATE,20190211,113.05,124.9,113.05,117.35,1909
CLNINDIA,20190211,372.9,388.9,369.55,379.4,13956
CMICABLES,20190211,121.55,121.75,118.5,119.15,10892
CNOVAPETRO,20190211,16.2,17.95,14.5,15.2,1198
COALINDIA,20190211,217.7,220.35,214.15,218.8,4580373
COCHINSHIP,20190211,367,367,343.7,354,132306
COFFEEDAY,20190211,259,259.45,252.05,254.7,109351
COLPAL,20190211,1284,1297,1271.5,1285.8,400561
COMPINFO,20190211,20,20,18.5,19.05,9474
COMPUSOFT,20190211,8.7,9.05,8.55,8.95,26098
CONCOR,20190211,516,522.4,508.1,520.65,604859
CONSOFINVT,20190211,41,41,40.25,40.4,3533
CONTROLPR,20190211,246.8,255,241.05,245.4,3040
CORALFINAC,20190211,14.4,15,14.35,15,8783
CORDSCABLE,20190211,55.65,57.4,55.25,55.8,8399
COROMANDEL,20190211,453.3,459,453.3,458.7,58960
CORPBANK,20190211,24.8,25.2,24.15,24.65,86375
COSMOFILMS,20190211,184.5,184.5,178.55,181.4,12894
COUNCODOS,20190211,2.05,2.15,2,2,19440
COX&KINGS,20190211,156.95,157.35,154.45,155.85,17883
CPSEETF,20190211,23.39,23.39,22.61,22.71,1221903
CREATIVEYE,20190211,2.35,2.35,2.35,2.35,2000
CREDITACC,20190211,361.2,380,356.65,375.8,58308
CREST,20190211,123.1,126.85,122.95,125.95,2336
CRISIL,20190211,1649.95,1649.95,1550,1556.65,10370
CRMFGETF,20190211,3075,3085,3075,3085,16
CROMPTON,20190211,215,215.7,210.55,212.1,274611
CTE,20190211,40,42.8,39,39.55,1493
CUB,20190211,186.2,188.9,186.1,187.25,151501
CUBEXTUB,20190211,12,12.65,11.95,12.05,224
CUMMINSIND,20190211,743.1,747,717.55,726.25,1941588
CUPID,20190211,125,134.8,122.3,126.5,48481
CYBERTECH,20190211,36,36.85,33.75,35.5,5824
CYIENT,20190211,600,603.65,576.05,581.75,396912
DAAWAT,20190211,34.5,34.65,33.6,33.7,462716
DABUR,20190211,451,452.5,441.8,448.95,1208431
DALBHARAT,20190211,1095.05,1100.45,1085,1087.4,215403
DALMIASUG,20190211,91,93.15,89.5,91.45,73099
DAMODARIND,20190211,41.5,41.9,38.5,40.75,871
DATAMATICS,20190211,92.75,92.8,90.3,91.05,34530
DBCORP,20190211,178,181.7,173.65,178.65,86644
DBL,20190211,335.8,358.5,332,355.45,823347
DBREALTY,20190211,23,23.3,21.9,22.15,93853
DCAL,20190211,199.5,199.9,194,194.3,25699
DCBBANK,20190211,178.05,178.5,175.8,177.3,842364
DCM,20190211,66.3,67.15,66.3,66.6,9364
DCMSHRIRAM,20190211,350,350.25,336.25,339.25,47441
DCW,20190211,13.4,14.15,13.1,13.95,211531
DECCANCE,20190211,367.05,367.05,350.75,352.25,735
DEEPAKFERT,20190211,117.7,118,113.1,117.2,154784
DEEPAKNTR,20190211,229.1,229.1,218.7,223.7,81802
DEEPIND,20190211,105.95,108.3,105,105.15,25586
DELTACORP,20190211,223.2,225.5,218.25,224.25,726505
DELTAMAGNT,20190211,63,73.9,63,71.75,550
DEN,20190211,71.8,71.85,71.7,71.75,215897
DENABANK,20190211,11.3,11.35,10.95,11.2,767010
DENORA,20190211,236.95,238.05,230.5,234.5,9064
DFMFOODS,20190211,201,203.7,196.55,199.9,8803
DHAMPURSUG,20190211,176,179.45,172.1,173.45,268162
DHANBANK,20190211,15.7,15.85,14.7,15.55,168989
DHANUKA,20190211,398.8,400,392,394.65,2935
DHARSUGAR,20190211,10.1,10.25,9.85,10.1,3636
DHFL,20190211,109.15,109.65,103.1,104.85,18177580
DHUNINV,20190211,249.6,257.35,242.8,252.5,774
DIAMONDYD,20190211,900,901.05,867.9,892.6,3995
DICIND,20190211,354.5,354.5,336.2,339.45,143
DIGJAMLTD,20190211,3.5,3.7,2.95,3.1,193767
DISHTV,20190211,29.6,30.45,29.05,29.8,21683447
DIVISLAB,20190211,1677.1,1680,1626,1635,880642
DIXON,20190211,2171.7,2215,2150,2198,2837
DLF,20190211,164.8,165.95,161.1,163.7,5269340
DLINKINDIA,20190211,75,75.2,73.6,75,41085
DMART,20190211,1470,1471.5,1441.1,1451.3,165263
DNAMEDIA,20190211,3.95,3.95,3.65,3.65,16494
DOLLAR,20190211,284.45,296,284.45,293.8,2075
DOLPHINOFF,20190211,37.55,37.55,35.75,37.1,100245
DONEAR,20190211,34.05,37.8,33.75,36.7,34316
DPSCLTD,20190211,12.35,12.35,12,12.3,1110
DQE,20190211,6.5,6.8,6.15,6.45,4276
DREDGECORP,20190211,372.8,380,368.15,371.2,117123
DRREDDY,20190211,2660.1,2707.95,2559.35,2615.35,1895462
DSSL,20190211,29.05,29.8,28.7,29.15,3041
DTIL,20190211,215,215,206.25,208.4,2436
DUCON,20190211,10.85,10.85,9.8,10.15,48710
DVL,20190211,91.7,92.95,89,92.5,10521
DWARKESH,20190211,23.3,23.3,22.5,22.6,149504
DYNAMATECH,20190211,1388.05,1399.9,1331,1363.4,755
DYNPRO,20190211,104.45,104.45,99.95,100.85,13771
EASTSILK,20190211,1.75,1.75,1.7,1.7,53
EASUNREYRL,20190211,6.4,6.85,6.4,6.45,6983
EBANK,20190211,2800,2800,2800,2800,10
ECEIND,20190211,224.6,224.6,190,213.1,471
ECLERX,20190211,1006.6,1045,985,1004.4,6753
EDELWEISS,20190211,138.8,138.8,133.4,134.85,2310535
EDL,20190211,6.2,6.55,6,6.35,6523
EICHERMOT,20190211,20434,21459.55,20331,20753.15,261982
EIDPARRY,20190211,192.9,194,187.1,188.2,102542
EIHAHOTELS,20190211,333.5,337.9,326.6,331.35,1321
EIHOTEL,20190211,188.9,193.4,186.1,187.9,137566
EIMCOELECO,20190211,362.35,379,362.35,375.05,311
EKC,20190211,26.5,27.1,25.7,25.8,43962
ELAND,20190211,4.85,4.85,4.35,4.7,10042
ELECON,20190211,61.65,62.45,56.7,57.65,64554
ELECTCAST,20190211,20.6,20.6,19.55,19.8,130508
ELECTHERM,20190211,135.5,137.8,129,135.25,10227
ELGIEQUIP,20190211,239.65,242,239,239.95,19648
ELGIRUBCO,20190211,23.25,23.25,21.9,22,5738
EMAMILTD,20190211,380.05,385.7,336.2,369.2,1813844
EMAMIREAL,20190211,106,114.95,105,108.6,21754
EMCO,20190211,4.35,4.35,3.95,3.95,24048
EMKAY,20190211,84.3,84.3,80,80.5,11214
EMMBI,20190211,120,120,113.95,117.1,2096
ENDURANCE,20190211,1253.05,1294.4,1253.05,1272.55,83247
ENERGYDEV,20190211,8.9,9.4,8.75,8.85,19176
ENGINERSIN,20190211,111.9,111.9,106.2,109,1417984
ENIL,20190211,552,555.2,534,547.8,2890
EON,20190211,40.8,40.8,37.4,38.05,4529
EQ30,20190211,282.38,282.98,272,282.98,102
EQUITAS,20190211,112.55,112.95,109.1,112.25,1436779
ERIS,20190211,670,670,640.3,644.35,4205
EROSMEDIA,20190211,72.55,72.55,68.9,70.95,924330
ESABINDIA,20190211,860.35,871.15,831,832.9,5891
ESCORTS,20190211,653,653,627.1,636.5,1620409
ESSARSHPNG,20190211,10.5,10.9,9.75,9.85,7534
ESSDEE,20190211,11.7,11.7,10.65,10.85,39966
ESSELPACK,20190211,108.85,109,104,107.05,95999
ESTER,20190211,30.05,31.5,29.95,30.1,86438
EUROCERA,20190211,1.4,1.4,1.35,1.35,851
EUROTEXIND,20190211,17.6,17.6,17.6,17.6,60
EVEREADY,20190211,205,211.95,200,208.4,1922238
EVERESTIND,20190211,440,440,415.3,423.15,29891
EXCEL,20190211,2,2,1.9,1.9,42773
EXCELCROP,20190211,3224,3365,3174.2,3308.45,6930
EXCELINDUS,20190211,1140,1140,1057.05,1078.8,10792
EXIDEIND,20190211,210,211.95,205,208.65,2571374
FACT,20190211,35,35.3,33.7,34.05,34205
FAIRCHEM,20190211,387.85,392.5,378.1,380.3,3345
FCL,20190211,34.95,35.35,34.1,34.85,139753
FCONSUMER,20190211,42.25,43.6,41.9,43.25,1304985
FCSSOFT,20190211,0.25,0.25,0.2,0.25,541955
FDC,20190211,167.9,168.9,161.2,162.5,18739
FEDERALBNK,20190211,84.15,84.3,81.7,83.45,8381436
FEL,20190211,34.4,34.4,33.35,33.75,166172
FELDVR,20190211,34.05,34.05,33.3,33.7,1520
FIEMIND,20190211,449,452.1,440,443.9,4153
FILATEX,20190211,47.3,50.35,47.3,49.15,241494
FINCABLES,20190211,393,395,385.55,389.8,15632
FINEORG,20190211,1061,1114.7,1045.1,1101.1,4067
FINPIPE,20190211,501.15,504.95,498.05,501.4,14821
FLEXITUFF,20190211,41,41.9,39.9,39.9,2344
FLFL,20190211,438.7,438.7,426,431.15,175729
FMGOETZE,20190211,495.05,497,492.95,493,4991
FMNL,20190211,41.15,41.15,38.5,38.9,18781
FORTIS,20190211,134.75,135.4,134,134.65,251970
FOSECOIND,20190211,1330.3,1366.05,1330.3,1349.85,226
FRETAIL,20190211,423,424.65,415.55,421.35,801606
FSC,20190211,628.3,639.8,625.05,629.15,1425
FSL,20190211,45.85,45.85,42.9,43.2,1439876
GABRIEL,20190211,148.6,154.4,147.1,151.15,148396
GAEL,20190211,231.5,236.7,224,224.85,28661
GAIL,20190211,334.3,335.4,324.35,328.4,3272495
GAL,20190211,5.05,5.5,5.05,5.45,48860
GALAXYSURF,20190211,1036.95,1037,1007.95,1017.85,13715
GALLANTT,20190211,48.7,48.75,46.1,48.4,13868
GALLISPAT,20190211,29.3,30.25,28.95,29.2,19396
GAMMNINFRA,20190211,0.65,0.65,0.6,0.6,422480
GANDHITUBE,20190211,350.95,354,337.5,350.75,2483
GANECOS,20190211,277.3,280,271.55,276.7,1928
GANESHHOUC,20190211,56.3,56.6,52.5,54.05,32199
GANGESSECU,20190211,40.2,40.25,40.15,40.15,31108
GARDENSILK,20190211,16.55,18,16.1,17.65,73404
GARFIBRES,20190211,1038.65,1074,1038.65,1061.3,2461
GATI,20190211,69.1,69.5,67.8,68.05,287697
GAYAHWS,20190211,0.8,0.85,0.8,0.8,21059
GAYAPROJ,20190211,162.4,162.4,155,156.95,18087
GDL,20190211,106,106,100.65,102.8,64749
GEECEE,20190211,112.95,112.95,106.55,107.35,2892
GENESYS,20190211,125.2,125.2,121.1,122.5,7783
GENUSPAPER,20190211,6.45,6.95,6.45,6.6,44263
GENUSPOWER,20190211,30.9,31.4,30.6,31.1,77684
GEOJITFSL,20190211,35.15,35.9,33.25,34.4,104385
GEPIL,20190211,741.05,741.85,727.1,736.15,4971
GESHIP,20190211,301,301,280.1,283.95,80123
GET&D,20190211,290,297.15,289.25,290.9,5999
GHCL,20190211,244,244.9,228.95,231,105250
GICHSGFIN,20190211,221,223,213.6,216.2,37735
GICRE,20190211,230.2,231.55,213.6,215.9,142908
GILLANDERS,20190211,54,54,53.5,53.5,2044
GILLETTE,20190211,6499.7,6504.5,6476,6492.45,5421
GINNIFILA,20190211,14,14,13.1,13.2,56006
GIPCL,20190211,69.95,71,68.3,69.35,103976
GKWLIMITED,20190211,914,914,845.25,853.55,424
GLAXO,20190211,1400,1405.85,1385,1388.05,7467
GLENMARK,20190211,614,624.1,598,602.65,628726
GLOBALVECT,20190211,55.15,57.7,45.2,49.6,21301
GLOBOFFS,20190211,10.35,10.5,9.55,10.3,35695
GLOBUSSPR,20190211,140.05,140.1,134.05,135.65,33213
GMBREW,20190211,498.4,507.95,486.65,495.95,11817
GMDCLTD,20190211,78.3,78.5,76.8,77.05,121420
GMMPFAUDLR,20190211,1092.9,1092.9,1055.35,1063.3,2583
GMRINFRA,20190211,14.9,14.95,14.05,14.8,29647326
GNA,20190211,307,308.55,296,297.15,33869
GNFC,20190211,319.2,320.75,305,307.65,403064
GOACARBON,20190211,434,434.9,410,416.4,39583
GOCLCORP,20190211,237.9,237.9,227.4,231.2,2197
GODFRYPHLP,20190211,933.1,933.15,906,910.6,124525
GODREJAGRO,20190211,489.9,489.9,483,483.8,27161
GODREJCP,20190211,686.4,703,675.2,698,2120352
GODREJIND,20190211,492.55,497.9,482,490.45,293784
GODREJPROP,20190211,759.7,759.7,728,735.65,61046
GOKEX,20190211,74.9,76,72.3,72.55,24656
GOKUL,20190211,14.85,14.85,14.15,14.15,2068
GOKULAGRO,20190211,16.2,16.2,15.5,15.8,502
GOLDBEES,20190211,2927,2943,2915.25,2930.1,10691
GOLDENTOBC,20190211,33.25,36,33.25,35,1971
GOLDIAM,20190211,85.05,88.4,83.1,85.3,23155
GOLDSHARE,20190211,2936.5,2949.9,2930,2942.7,578
GOLDTECH,20190211,12.85,13.2,12.25,12.45,3395
GOODLUCK,20190211,67.55,68.85,66.4,66.95,9880
GPIL,20190211,228.45,247.95,228.45,239.7,126015
GPPL,20190211,81.65,81.9,80,81.15,547929
GPTINFRA,20190211,37.05,38.9,36.1,38.9,10746
GRANULES,20190211,87.4,87.6,84.3,87.2,639100
GRAPHITE,20190211,482,483.3,435.05,435.05,1903107
GRASIM,20190211,710.3,724,704.35,716.65,1181227
GRAVITA,20190211,65.7,65.7,61.5,62.8,41144
GREAVESCOT,20190211,121,123,120,122.55,1338118
GREENLAM,20190211,720,744,710,716.2,856
GREENPLY,20190211,131.7,132.1,128.8,129.1,40981
GREENPOWER,20190211,3.8,3.9,3.65,3.9,77956
GRINDWELL,20190211,508,511.75,501,510.3,8199
GROBTEA,20190211,457,457,451,453,16
GRPLTD,20190211,957.55,960,925.55,948.95,27
GRSE,20190211,85.9,86.1,82.55,83.45,21525
GRUH,20190211,245,246.25,236.6,245.3,552048
GSCLCEMENT,20190211,21.15,22,20.6,21.2,9626
GSFC,20190211,90.05,91.95,89.4,90.35,1113468
GSKCONS,20190211,7619.85,7619.9,7493.75,7559.7,4603
GSPL,20190211,165,167.75,163.05,166.15,416827
GSS,20190211,107.9,108.4,104,104.8,162741
GTL,20190211,4.3,4.55,4.3,4.3,35479
GTLINFRA,20190211,0.95,0.95,0.9,0.9,3700478
GTNIND,20190211,8.4,9.2,8.35,8.4,6672
GTNTEX,20190211,8.7,8.7,8.7,8.7,1
GTPL,20190211,81.6,82.55,81.6,81.65,9705
GUFICBIO,20190211,80,80,75,75.35,42828
GUJALKALI,20190211,493,493,478.1,481.45,25886
GUJAPOLLO,20190211,150.05,156.75,150.05,150.45,275
GUJFLUORO,20190211,873.5,875.25,850,860.1,177931
GUJGASLTD,20190211,125.7,127.95,122.4,125,851785
GULFOILLUB,20190211,872.5,885.95,868.5,881.5,11472
GULFPETRO,20190211,54,54,51.8,53,13467
GULPOLY,20190211,57.05,57.95,52.3,54.1,86632
GVKPIL,20190211,5.5,5.6,5.25,5.5,1105984
HAL,20190211,659,667.9,650,659.65,13954
HARITASEAT,20190211,412.25,433.8,412,426.8,3605
HARRMALAYA,20190211,75,75,73.2,73.6,13816
HATHWAY,20190211,32.1,32.1,31.7,31.95,9156855
HATSUN,20190211,683.5,689.35,679.95,681.2,3481
HAVELLS,20190211,741,743.25,718.1,723.35,968286
HBLPOWER,20190211,24.05,25.1,23.6,24.5,116958
HBSL,20190211,7.1,7.4,6.7,6.75,3878
HCC,20190211,11.25,11.5,11.1,11.3,2481022
HCG,20190211,188.25,192.6,187,189.05,6078
HCL-INSYS,20190211,17.4,17.4,15.55,16.6,728354
HCLTECH,20190211,1068.1,1084,1063,1079.35,1578943
HDFC,20190211,1943.9,1959,1935.6,1948.2,2209258
HDFCAMC,20190211,1345.75,1348.1,1320,1324.8,75840
HDFCBANK,20190211,2113.3,2142.9,2113.3,2139.65,1759091
HDFCLIFE,20190211,365.8,366.35,351.25,356.6,693813
HDFCMFGETF,20190211,3005.5,3023.6,3005,3010.75,658
HDFCNIFETF,20190211,1135,1135,1128.91,1131.73,390
HDFCSENETF,20190211,3800,3811.54,3775.06,3785.15,37
HDIL,20190211,22.7,23.15,22.15,22.6,2432694
HEG,20190211,2350,2370,2200,2218.05,268881
HEIDELBERG,20190211,146.85,146.85,140.3,142.4,162910
HERCULES,20190211,107.95,107.95,99,99.5,22303
HERITGFOOD,20190211,480.3,483.5,464.35,466.75,21104
HEROMOTOCO,20190211,2915,2915.95,2804.55,2889.05,478111
HESTERBIO,20190211,1429.95,1429.95,1344.2,1358.4,3764
HEXATRADEX,20190211,20,20,19.05,19.2,453
HEXAWARE,20190211,356,358.3,350,354.6,656642
HFCL,20190211,22.4,22.4,21.25,21.6,1936890
HGINFRA,20190211,190,197.65,190,194.25,32175
HGS,20190211,620.2,620.2,600.1,603.15,2913
HIGHGROUND,20190211,7.05,7.25,7,7.1,17072
HIKAL,20190211,148.9,149.1,141.1,144,118805
HIL,20190211,1760,1760,1661,1672.35,17488
HILTON,20190211,16.05,16.75,15.35,16.25,4785
HIMATSEIDE,20190211,186.8,186.85,170.2,176.45,68302
HINDALCO,20190211,204.9,204.9,195.65,199.45,8463393
HINDCOMPOS,20190211,221.3,222.5,210.3,213.6,1495
HINDCOPPER,20190211,44,44.5,43,43.5,319106
HINDMOTORS,20190211,6.85,7,6.7,6.9,35418
HINDNATGLS,20190211,94.95,95,91,92.15,1562
HINDOILEXP,20190211,106.6,108,105.2,106,180772
HINDPETRO,20190211,230.3,233.5,224.8,231.6,3603148
HINDUJAVEN,20190211,348.6,348.6,335.1,343.6,2103
HINDUNILVR,20190211,1811.05,1815.4,1795.75,1804.8,797453
HINDZINC,20190211,249,252.25,245.75,249.45,708056
HIRECT,20190211,107.25,107.65,100.1,101.55,8024
HISARMETAL,20190211,36.5,43,30.95,32.1,12057
HITECH,20190211,199.35,199.35,187.6,192.8,1613
HITECHCORP,20190211,95.95,98.4,92.1,96,18014
HITECHGEAR,20190211,303,303.5,295,295.85,1728
HMVL,20190211,102.9,114,96.65,107.4,34145
HNGSNGBEES,20190211,3159.95,3159.95,3159,3159.95,8
HONAUT,20190211,21255.25,21650,21255.25,21569.9,340
HONDAPOWER,20190211,1073.25,1102.85,1043.6,1072.25,4238
HOTELEELA,20190211,12.95,14.2,12.25,13,485677
HOVS,20190211,135.1,135.9,131.1,134.35,5082
HPL,20190211,50.9,52.6,47.1,50.35,28700
HSCL,20190211,112.65,113.6,110,112.4,257287
HSIL,20190211,236.05,241.8,233,238,50380
HTMEDIA,20190211,39.5,39.5,38.1,38.45,107952
HUBTOWN,20190211,34.35,34.5,32.1,32.85,32788
HUDCO,20190211,39.5,39.65,38.8,38.95,598940
IBREALEST,20190211,67.05,67.85,64.5,65.75,1966968
IBULHSGFIN,20190211,605.8,605.9,575.35,598.05,10993491
IBULISL,20190211,235.2,239.85,219.75,221.55,178833
IBVENTURES,20190211,306.45,306.45,260,273.75,1309055
ICICI500,20190211,147.88,147.88,142.07,143.93,37
ICICIB22,20190211,34,34,32.85,33.68,1192633
ICICIBANK,20190211,354.6,354.7,349.05,350.05,9419635
ICICIGI,20190211,867,887,850.75,857.8,324646
ICICIGOLD,20190211,30,30,29.75,29.95,5779
ICICILIQ,20190211,1000,1000.01,999.99,1000,18032
ICICILOVOL,20190211,87.13,87.33,87.13,87.33,276
ICICIMCAP,20190211,63,63.45,61.5,62.35,13368
ICICINF100,20190211,116,117.41,114.7,117.15,671
ICICINIFTY,20190211,114,114.6,113,113.53,77889
ICICINV20,20190211,54.63,54.88,54.63,54.86,3115
ICICINXT50,20190211,27,27,26.25,26.35,15159
ICICIPRULI,20190211,314,314,296.05,298.2,1239764
ICICISENSX,20190211,384.54,390,383.75,385.23,56
ICIL,20190211,39.15,42.5,38.45,38.75,142409
ICRA,20190211,2984.85,2984.85,2935.2,2953.45,176
IDBI,20190211,43.2,44.5,41.55,43.1,6355587
IDBIGOLD,20190211,3060.05,3084.45,3044.2,3046.7,138
IDEA,20190211,30.7,32,29.6,31.15,21953351
IDFC,20190211,38.5,38.5,36.9,37.35,10455201
IDFCFIRSTB,20190211,44.25,45.4,43.35,45,14059474
IDFNIFTYET,20190211,109.08,111.9,109.08,109.56,222
IEX,20190211,166.95,168.95,164,164.95,655014
IFBAGRO,20190211,475,481.3,471.85,476.4,3506
IFBIND,20190211,732.8,745,707.05,741.2,9032
IFCI,20190211,12.6,12.65,12.2,12.4,1982002
IFGLEXPOR,20190211,211.7,219.6,202,205.65,2393
IGARASHI,20190211,470.05,474.95,450.25,463.4,6999
IGL,20190211,284.1,292,270.15,273.85,3106822
IGPL,20190211,248.05,248.95,217.1,223.6,108024
IIFL,20190211,365.05,365.05,322.3,328.8,193523
IITL,20190211,70.25,70.25,69.8,69.8,155
IL&FSENGG,20190211,9,9,8.45,8.45,15749
IL&FSTRANS,20190211,5.45,5.5,5.45,5.45,166914
IMFA,20190211,220.75,220.95,210,211.75,10141
IMPAL,20190211,860.9,869,857,860.1,186
IMPEXFERRO,20190211,0.3,0.35,0.25,0.35,36135
INDBANK,20190211,9.35,9.4,8.85,9.05,10227
INDHOTEL,20190211,137.05,138.6,135,135.35,626022
INDIACEM,20190211,79.55,79.9,76,77.2,8279060
INDIAGLYCO,20190211,250.1,250.4,238.85,242.4,65097
INDIANB,20190211,213.65,213.8,204.5,206.35,1252062
INDIANCARD,20190211,85.1,95.75,85.1,87.1,1173
INDIANHUME,20190211,306.75,307.65,280.05,282.8,47868
INDIGO,20190211,1190,1199.1,1164,1187.05,555853
INDLMETER,20190211,37.05,39.6,37.05,37.5,5645
INDNIPPON,20190211,406.1,410.9,398.5,404.7,6810
INDOCO,20190211,174.9,181.1,173.85,179.3,10853
INDORAMA,20190211,34.1,34.35,33.75,34.2,49223
INDOSOLAR,20190211,1.9,1.95,1.85,1.85,73366
INDOSTAR,20190211,330,330,317.3,318.9,8640
INDOTECH,20190211,92.05,93.4,87.95,92.2,4097
INDOTHAI,20190211,29.25,29.25,28.05,28.65,1596
INDOWIND,20190211,4.8,4.85,4.1,4.4,54824
INDRAMEDCO,20190211,38.1,38.1,37,37.2,25050
INDSWFTLAB,20190211,46.95,48.9,43.95,44.5,29412
INDSWFTLTD,20190211,5.8,6.05,5.65,5.65,1443
INDTERRAIN,20190211,127.7,127.7,117.1,118.45,2193
INDUSINDBK,20190211,1502.9,1518,1482,1511,1387113
INEOSSTYRO,20190211,595.05,607.65,595,599,1168
INFIBEAM,20190211,33.4,34,32.3,32.65,5234733
INFRABEES,20190211,299,305.2,289.68,293.83,1209
INFRATEL,20190211,326,329,320,323.5,3081552
INFY,20190211,766.9,768.75,759,762.8,5500216
INGERRAND,20190211,551,552.05,539.75,549.6,6689
INOXLEISUR,20190211,259,262,252,258.7,68326
INOXWIND,20190211,66,68.9,65,67.15,204268
INSECTICID,20190211,592.4,618.5,589.25,609.45,17220
INSPIRISYS,20190211,43.55,43.55,40.4,42.8,1958
INTEGRA,20190211,1.7,1.7,1.7,1.7,100
INTELLECT,20190211,175,175.7,168.85,170.05,122639
INTENTECH,20190211,42.2,42.2,34.9,36.2,13145
INVENTURE,20190211,14.8,14.85,14.05,14.25,2926
IOB,20190211,12.8,12.85,12.3,12.6,238849
IOC,20190211,133.9,137.55,130.6,135.85,11300239
IOLCP,20190211,217.05,218.2,214.1,215.15,306762
IPAPPM,20190211,452.05,452.05,442,446.8,28626
IPCALAB,20190211,727.2,748.75,722.1,730.65,192668
IRB,20190211,124.1,127.65,121.15,125.25,2129877
IRCON,20190211,386.2,392.05,381,388.15,36028
ISEC,20190211,190,193.15,189,190.3,54548
ISFT,20190211,143.95,143.95,140.1,143.95,3356
ISMTLTD,20190211,6.75,6.9,6.5,6.6,23280
ITC,20190211,275.8,278.2,268.45,277.1,9952322
ITDC,20190211,263.05,263.15,247.15,252.75,7694
ITDCEM,20190211,105.9,110.7,103,108.5,44172
ITI,20190211,95.7,99.7,95,95.8,2058413
IVC,20190211,4.95,5,4.75,4.75,267289
IVP,20190211,96,96,88.5,90.25,8147
IVRCLINFRA,20190211,0.75,0.85,0.75,0.75,1319736
IVZINGOLD,20190211,2945,3019,2945,3011,88
IZMO,20190211,50.5,50.5,47.65,49.05,6185
J&KBANK,20190211,39,39.15,38.05,38.5,350852
JAGRAN,20190211,97.7,98.2,95.65,96.25,42976
JAGSNPHARM,20190211,30.9,30.9,28,28.7,1039
JAIBALAJI,20190211,16.2,16.2,13.3,13.3,24667
JAICORPLTD,20190211,90.85,90.85,87.65,88.2,356643
JAINSTUDIO,20190211,3.9,4.2,3.9,3.9,327
JAMNAAUTO,20190211,53.75,53.75,50.6,50.95,492108
JAYAGROGN,20190211,180.8,191,178.3,190.3,24060
JAYBARMARU,20190211,240.75,242.95,233.45,238.45,9549
JAYNECOIND,20190211,4,4.05,3.8,3.8,49509
JAYSREETEA,20190211,70.6,71,61.1,64.45,510884
JBCHEPHARM,20190211,328.7,328.7,313.7,318.85,95618
JBFIND,20190211,13.35,14.4,13.3,13.3,22016
JBMA,20190211,258.05,265,251.4,254.65,16345
JCHAC,20190211,1770.05,1782.45,1725,1727.7,1621
JETAIRWAYS,20190211,226,227.4,212.3,214.1,5249311
JHS,20190211,27.9,27.9,25.75,26,34011
JIKIND,20190211,0.25,0.35,0.25,0.35,1014
JINDALPHOT,20190211,19.45,21.15,19,19.95,16609
JINDALPOLY,20190211,238.15,240,230.25,233.2,16100
JINDALSAW,20190211,79.5,79.95,77.85,78.05,203472
JINDALSTEL,20190211,129,131.2,124.25,128.7,10148468
JINDCOT,20190211,4.25,4.45,4.05,4.05,12102
JINDRILL,20190211,99.85,100.35,94,95.75,26102
JINDWORLD,20190211,71.65,72.95,71,71.45,162903
JISLDVREQS,20190211,38.15,38.3,37.3,38.05,22646
JISLJALEQS,20190211,54.95,54.95,51.75,54.05,5571792
JITFINFRA,20190211,15.15,16.35,15.15,15.25,699
JKCEMENT,20190211,703.9,705,690,696.65,9332
JKIL,20190211,124.55,131,123.65,128.25,403359
JKLAKSHMI,20190211,307.6,307.6,302.8,304.55,133428
JKPAPER,20190211,137.7,138.4,133.15,136,557437
JKTYRE,20190211,90.2,90.2,87.7,88.65,186998
JMA,20190211,160,160,146.1,155.65,599
JMCPROJECT,20190211,92.05,92.05,90.45,91.2,12856
JMFINANCIL,20190211,82.6,82.6,74.9,75.25,552713
JMTAUTOLTD,20190211,2.65,2.8,2.65,2.65,103824
JOCIL,20190211,112.55,112.55,109.05,111.5,478
JPASSOCIAT,20190211,5.2,5.25,4.9,5.15,20451528
JPINFRATEC,20190211,2.7,2.7,2.55,2.55,2090215
JPOLYINVST,20190211,28,30.5,28,29,206
JPPOWER,20190211,1.75,1.85,1.55,1.55,4633772
JSL,20190211,26,28.5,24.6,27.75,1012239
JSLHISAR,20190211,80,85.45,79.55,80.85,982410
JSWENERGY,20190211,66.25,67.6,66.15,66.85,526467
JSWHL,20190211,2579.8,2678,2560,2627.75,2147
JSWSTEEL,20190211,264,266,256.6,261.6,5228180
JTEKTINDIA,20190211,90,91.8,88.05,88.9,26032
JUBILANT,20190211,757,761.8,741,750.5,230682
JUBLFOOD,20190211,1346.5,1353.5,1303.2,1319.55,1510329
JUBLINDS,20190211,109.7,113.7,108.8,111.75,4587
JUNIORBEES,20190211,273,273,269.61,270.87,80870
JUSTDIAL,20190211,481,481.75,462.75,467.2,1111357
JYOTHYLAB,20190211,182.75,182.75,178.05,180.35,29306
KABRAEXTRU,20190211,65.35,66.25,62.4,64.65,3649
KAJARIACER,20190211,528.05,535.8,501,505.4,901127
KAKATCEM,20190211,166,166,157.2,158.6,9663
KALPATPOWR,20190211,359.05,362.45,355.8,357.75,13653
KALYANIFRG,20190211,271,271.05,262.1,262.1,794
KAMATHOTEL,20190211,41.9,41.9,41,41.35,18297
KAMDHENU,20190211,157.85,158.2,153.55,154,10782
KANANIIND,20190211,5.05,5.05,4.2,4.5,3113
KANORICHEM,20190211,61.75,62,60.1,60.25,8450
KANSAINER,20190211,464,468.95,454.05,459.6,110587
KARDA,20190211,194.25,201.4,193,199.55,10112
KARMAENG,20190211,19.2,19.2,17.15,17.2,22
KARURVYSYA,20190211,85.4,86,84.7,85.45,690755
KAUSHALYA,20190211,0.8,0.8,0.8,0.8,306
KAVVERITEL,20190211,6.1,6.25,4.8,5.05,69059
KAYA,20190211,724.4,724.75,699,710.3,5978
KCP,20190211,84.7,84.7,81.8,82.3,13748
KCPSUGIND,20190211,16.3,16.5,15.85,15.9,159516
KDDL,20190211,456,456,425,426.05,472
KEC,20190211,256,256,249.6,250.6,91479
KECL,20190211,16.3,16.3,14.5,15.05,72708
KEI,20190211,364,364,345,348.85,62069
KELLTONTEC,20190211,40,42,39.9,41.05,27573
KERNEX,20190211,21.25,22.1,21.25,21.35,345
KESORAMIND,20190211,64,64.05,61.8,62.75,47322
KGL,20190211,1.3,1.35,1.3,1.35,439211
KHADIM,20190211,389.85,389.9,375,377.7,7594
KHAITANLTD,20190211,32.2,32.2,32.2,32.2,500
KHANDSE,20190211,13.3,14.5,13.3,14.5,1050
KICL,20190211,1480.05,1480.05,1435.95,1449.8,672
KILITCH,20190211,212.1,216.45,207.1,209,82830
KINGFA,20190211,666.85,666.85,639.95,649.2,850
KIOCL,20190211,131,131,125.1,126.1,15243
KIRIINDUS,20190211,395.05,407.85,387.55,390.7,31724
KIRLOSBROS,20190211,141,143,138.3,141.25,271005
KIRLOSENG,20190211,169.4,170.15,160.95,162.65,11440
KIRLOSIND,20190211,802.05,802.05,770.3,782.25,243
KITEX,20190211,98.9,99,95.5,97.35,37604
KKCL,20190211,1195,1211.95,1159.95,1206.35,278
KMSUGAR,20190211,7.25,7.5,6.55,7.05,101606
KNRCON,20190211,205.2,209.9,196,199.5,78952
KOHINOOR,20190211,31.25,31.5,30.5,30.6,46094
KOKUYOCMLN,20190211,91.05,92.1,90.1,90.5,7785
KOLTEPATIL,20190211,258.65,259.8,247,249.5,43182
KOPRAN,20190211,38.55,38.95,37.55,37.7,25276
KOTAKBANK,20190211,1296,1315,1294,1301.55,3144675
KOTAKBKETF,20190211,286.34,286.35,277.06,278.82,40257
KOTAKGOLD,20190211,288.7,291,288.7,289.15,6218
KOTAKNIFTY,20190211,114.2,116.4,111.05,111.56,36155
KOTAKNV20,20190211,57.99,57.99,53.1,55.9,37605
KOTAKPSUBK,20190211,286,286,283.9,284.25,5853
KOTARISUG,20190211,8.95,9,8.65,8.85,4681
KOTHARIPET,20190211,19.55,19.55,19.05,19.25,6703
KOTHARIPRO,20190211,86.8,91.75,86.8,90.5,5315
KPIT,20190211,114.2,114.85,110.85,112.35,1182409
KPRMILL,20190211,530.2,530.2,519.95,526.65,108808
KRBL,20190211,338.4,339.05,315.65,324.9,334116
KREBSBIO,20190211,93.9,93.9,87.5,90,270
KRIDHANINF,20190211,32.5,33,31,31.25,67487
KSB,20190211,658.3,680.15,651.05,675.1,5112
KSCL,20190211,552.95,552.95,530,535.4,376274
KSERASERA,20190211,0.2,0.2,0.1,0.2,2614139
KSK,20190211,0.85,0.95,0.85,0.95,1721498
KSL,20190211,194,196.25,191.5,192.8,20674
KTIL,20190211,56,56,51,51.65,7925
KTKBANK,20190211,116,116.65,113.2,113.65,1273403
KWALITY,20190211,4.95,5.15,4.95,4.95,663431
L&TFH,20190211,129,129,123.8,125.65,4430011
LAKSHVILAS,20190211,60.85,60.85,57.65,58.8,651437
LALPATHLAB,20190211,1086.5,1096,1021.1,1030.55,35116
LAMBODHARA,20190211,39.05,40,37.65,38.45,8809
LAOPALA,20190211,207.4,209.2,202.6,204.4,5347
LASA,20190211,20,21.2,19.7,20.05,7086
LAURUSLABS,20190211,347.05,347.05,325.6,339,42627
LAXMIMACH,20190211,5612,5740,5607.85,5633,5531
LEEL,20190211,21.1,21.1,21.1,21.1,26936
LEMONTREE,20190211,71,71.8,70,71,296921
LFIC,20190211,89.9,89.9,89.9,89.9,9
LGBBROSLTD,20190211,411.05,414.8,408.05,409.9,5888
LGBFORGE,20190211,2.85,2.95,2.75,2.8,78731
LIBERTSHOE,20190211,145.3,145.3,139.85,141.25,22265
LICHSGFIN,20190211,458.4,462.6,445.05,446.8,4932521
LICNETFGSC,20190211,17.89,17.9,17.89,17.9,335
LICNETFN50,20190211,110.05,113.1,110.05,113.1,25
LICNETFSEN,20190211,396,400,375.6,382,2099
LICNFNHGP,20190211,115,115,115,115,1
LINCOLN,20190211,186,190.35,181.6,188.3,29001
LINCPEN,20190211,234.85,234.9,225.45,228,553
LINDEINDIA,20190211,430,443,424.25,433.35,65398
LIQUIDBEES,20190211,999.99,1000.01,999.35,999.99,684643
LIQUIDETF,20190211,999.99,1000.01,999.99,1000,28830
LOKESHMACH,20190211,42,44.25,40.3,42.55,29414
LOTUSEYE,20190211,25.2,25.2,23.5,23.55,1676
LOVABLE,20190211,90.5,92.3,89.7,91.05,21633
LPDC,20190211,4.1,4.1,3.6,3.7,28382
LSIL,20190211,0.95,0.95,0.85,0.9,315911
LT,20190211,1259,1259,1221,1246.5,2981408
LTI,20190211,1844,1844,1781.05,1795.1,191046
LTTS,20190211,1564,1567.95,1505,1532.35,101126
LUMAXIND,20190211,1500.05,1515.15,1445,1466.25,1481
LUMAXTECH,20190211,143,143,132.65,138.65,29771
LUPIN,20190211,821.5,829.75,808,820.5,1689390
LUXIND,20190211,1195,1199.3,1160,1176.45,44784
LYKALABS,20190211,23.1,23.65,22.05,22.25,18416
LYPSAGEMS,20190211,7.7,7.8,7.15,7.2,20205
M&M,20190211,669.4,673.4,645.2,647.55,7931599
M&MFIN,20190211,398,398,385,388.7,1506057
M100,20190211,17.49,17.5,17.07,17.15,25758
M50,20190211,106.05,106.06,106,106.06,27
MAANALU,20190211,84.85,88.05,84.4,85,1639
MADHAV,20190211,40.9,41,39.4,39.9,1577
MADHUCON,20190211,5.3,5.3,4.6,4.85,45621
MADRASFERT,20190211,22.7,23.45,22,22.35,370224
MAGADSUGAR,20190211,93.8,94,83,85.4,1859
MAGMA,20190211,92.5,92.9,89,89.8,39186
MAGNUM,20190211,5,5,4.65,5,2781
MAHABANK,20190211,13.4,13.5,13.1,13.2,348708
MAHAPEXLTD,20190211,97.7,97.7,97.7,97.7,160
MAHASTEEL,20190211,127.6,136.8,123.2,135.3,274370
MAHINDCIE,20190211,238,238,226.1,228.05,71915
MAHLIFE,20190211,383,383,370,371.1,8529
MAHLOG,20190211,441.1,441.1,425.7,432.6,8211
MAHSCOOTER,20190211,3298.5,3298.5,3182.75,3201.85,2022
MAHSEAMLES,20190211,465,479,460.2,464.7,210061
MAITHANALL,20190211,365.05,380,362.75,376.4,19671
MAJESCO,20190211,483.4,484.15,466,468.05,25572
MALUPAPER,20190211,22,22,20.35,21.15,10375
MAN50ETF,20190211,109,109,109,109,50
MANAKALUCO,20190211,7.1,7.1,6.4,6.55,4740
MANAKCOAT,20190211,6.2,6.2,5.3,5.65,10695
MANAKSIA,20190211,38.9,38.9,37.5,38,13771
MANAKSTEEL,20190211,18.3,18.75,17.55,17.9,3158
MANALIPETC,20190211,24.6,24.6,23.25,23.5,68117
MANAPPURAM,20190211,104.2,104.2,100.7,101.65,2848995
MANDHANA,20190211,2.55,2.55,2.45,2.45,14043
MANGALAM,20190211,56.2,57.75,53.7,55.4,17501
MANGCHEFER,20190211,32.95,33.75,31.6,31.9,84386
MANGLMCEM,20190211,212.1,212.1,197.1,200.85,5226
MANGTIMBER,20190211,17.9,18.3,15.65,16.9,54703
MANINDS,20190211,58.15,58.4,55.1,56.15,48254
MANINFRA,20190211,34.2,35.6,33.35,35.05,101711
MANPASAND,20190211,84.95,89.65,82.65,84.65,844115
MANUGRAPH,20190211,29.7,29.7,27.5,27.85,2533
MARALOVER,20190211,25.7,25.7,23.7,24.65,11353
MARATHON,20190211,101.05,105,99.65,103.95,5036
MARICO,20190211,365.15,366.85,358.85,362.35,363715
MARKSANS,20190211,26.1,26.1,24.7,24.85,936031
MARUTI,20190211,7150,7209.95,7051.1,7177.9,502244
MASFIN,20190211,539,546.6,531.3,538.55,2618
MASTEK,20190211,395,395.05,386.55,391.85,58272
MATRIMONY,20190211,402,408,378.45,399.55,1476
MAWANASUG,20190211,39.7,40.5,38,38.3,29396
MAXINDIA,20190211,77.5,79.9,75.4,77.35,340756
MAXVIL,20190211,42.1,47,42.1,45.25,64255
MAYURUNIQ,20190211,353.6,356,345.55,349.3,6138
MAZDA,20190211,294,349.9,290,311.25,6761
MBECL,20190211,8,8,7.75,7.8,7182
MBLINFRA,20190211,13.7,13.7,12.35,12.6,30271
MCDHOLDING,20190211,24.7,24.7,22.65,22.65,6057
MCDOWELL-N,20190211,542.35,542.45,522.2,527.55,1687509
MCLEODRUSS,20190211,95.35,95.4,90.3,91.8,107945
MCX,20190211,688.75,695.3,681.45,688,179822
MEGASOFT,20190211,5.9,6.2,5.9,5.9,9325
MEGH,20190211,48.95,57.2,47.3,55.85,4757743
MELSTAR,20190211,1.05,1.05,1.05,1.05,25
MENONBE,20190211,76.5,83.9,74.6,80.1,47025
MEP,20190211,36.55,38.95,35.6,38.45,132285
MERCATOR,20190211,8.25,8.45,7.85,7.9,299387
MERCK,20190211,3225.05,3369,3225.05,3281,21987
METALFORGE,20190211,6.4,6.6,6.4,6.6,15714
METKORE,20190211,1.05,1.1,1.05,1.1,147
MFSL,20190211,397.7,398.05,370.75,377,912956
MGL,20190211,925,938.9,910,916.4,532158
MHRIL,20190211,196,198,192.4,195.65,21013
MIC,20190211,0.75,0.8,0.75,0.75,482232
MIDHANI,20190211,119.05,123,117,117.65,128212
MINDACORP,20190211,134.5,135.55,131,131.5,33335
MINDAIND,20190211,289.8,289.8,260.7,264.4,152462
MINDTECK,20190211,37.4,37.4,34.5,35.5,1248
MINDTREE,20190211,891.1,922,891.1,918.05,2245228
MIRCELECTR,20190211,22.4,22.85,20.85,21.9,124390
MIRZAINT,20190211,64.45,64.5,56.95,60.85,410599
MMFL,20190211,475.35,479.8,469.5,476.35,3355
MMTC,20190211,24.6,24.8,23.85,24.2,493628
MOHITIND,20190211,8.1,9.2,8.1,9.15,8004
MOHOTAIND,20190211,41.75,41.75,38.05,41.75,80455
MOIL,20190211,159.3,162,155.5,156.5,151118
MOLDTECH,20190211,42.3,43.55,42,42.25,3411
MOLDTKPAC,20190211,240,240,230.95,234.5,13835
MONSANTO,20190211,2647.25,2661,2610,2639.05,1133
MONTECARLO,20190211,385,387.55,375.1,377.35,122743
MORARJEE,20190211,19,20.9,18.7,19.75,7410
MOREPENLAB,20190211,17.45,17.6,16.9,17.15,250360
MOTHERSUMI,20190211,133,140.9,130.5,132.7,17524164
MOTILALOFS,20190211,614,619,588.25,592.65,43512
MOTOGENFIN,20190211,46,46,43.95,44.3,626
MPHASIS,20190211,1019.75,1024,987.35,996.65,240162
MPSLTD,20190211,453.1,460.05,445,445.8,1890
MRF,20190211,56450,56900,54725,55345.6,14323
MRO-TEK,20190211,36,37,36,37,1519
MRPL,20190211,64.8,64.8,63.1,63.8,481107
MSPL,20190211,11,11,10.05,10.2,20757
MTEDUCARE,20190211,49.05,49.1,42.5,44.9,20017
MTNL,20190211,12.2,12.8,12.1,12.2,625175
MUKANDENGG,20190211,16.15,17.35,16,16.3,4710
MUKANDLTD,20190211,49.2,49.2,44.3,45.45,111838
MUKTAARTS,20190211,35.1,35.85,35.05,35.3,6940
MUNJALAU,20190211,54.4,54.8,53.5,53.95,49882
MUNJALSHOW,20190211,163.6,163.65,156.7,159.05,8562
MURUDCERA,20190211,19.4,21.4,18.9,19.45,21499
MUTHOOTCAP,20190211,805.55,805.55,745.1,775.95,46462
MUTHOOTFIN,20190211,518.25,520.75,502.45,505.1,910606
MVL,20190211,0.2,0.25,0.2,0.25,70145
N100,20190211,491,498.88,483,487.99,7457
NACLIND,20190211,33,33,28.55,29.05,170025
NAGAFERT,20190211,6.6,6.65,6.15,6.2,258361
NAGAROIL,20190211,0.5,0.5,0.45,0.45,482035
NAGREEKCAP,20190211,13.65,13.65,12.5,13,2136
NAGREEKEXP,20190211,21.3,22.45,20.8,21.85,949
NAHARCAP,20190211,82.5,84,78.2,79.95,1807
NAHARINDUS,20190211,43.95,43.95,41.5,42.8,33495
NAHARPOLY,20190211,35,38.75,34.5,37.5,7597
NAHARSPING,20190211,84.75,91.2,84.55,88.95,21806
NATCOPHARM,20190211,677.8,683,670,672.85,89306
NATHBIOGEN,20190211,350.15,354.65,328,339.55,14239
NATIONALUM,20190211,57.15,58.2,53.35,54.1,20964801
NATNLSTEEL,20190211,4.5,4.5,4.1,4.35,24483
NAUKRI,20190211,1760,1793,1682.7,1708.65,417511
NAVINFLUOR,20190211,590,605,590,596.35,29226
NAVKARCORP,20190211,42,42.4,40.9,41.2,89237
NAVNETEDUL,20190211,105.35,106,104.95,105.3,38023
NBCC,20190211,54.9,55.1,52.8,53.35,4533423
NBIFIN,20190211,1165.35,1219,1165.35,1198.35,49
NBVENTURES,20190211,107,108.5,103.5,104.2,149502
NCC,20190211,79,79.65,77,78.75,5638912
NCLIND,20190211,114.6,114.6,107.6,109.55,33709
NDGL,20190211,750.35,770,750.35,754,19
NDL,20190211,55.95,55.95,50.25,50.85,58242
NDTV,20190211,36.45,37.8,34.95,35.1,60417
NECCLTD,20190211,7.15,7.3,7.05,7.15,8422
NECLIFE,20190211,17.15,18.2,16.2,16.9,286385
NELCAST,20190211,75.05,76,70.8,72,194685
NELCO,20190211,224,231.15,224,229.95,31487
NESCO,20190211,444.65,450.75,440,442.35,6858
NESTLEIND,20190211,11300,11300,10765.45,10843.5,122841
NETF,20190211,109.12,109.12,109.12,109.12,1
NETWORK18,20190211,34.05,34.5,33.25,33.9,136847
NEULANDLAB,20190211,486.15,496.1,479.95,484.35,3933
NEWGEN,20190211,242.2,302.6,242.2,301.35,62430
NEXTMEDIA,20190211,25.5,25.7,25.15,25.6,37932
NFL,20190211,35,35.1,34.55,34.65,169318
NH,20190211,192.9,196,191,193.75,13856
NHPC,20190211,23,23.95,22.5,23.45,7533194
NIACL,20190211,170.2,172.95,169,169.95,14925
NIBL,20190211,19.6,19.95,18.7,19.3,1486
NIFTYBEES,20190211,1145.1,1145.1,1138.5,1142.15,15949
NIITLTD,20190211,87.5,87.7,84.55,85.05,355267
NIITTECH,20190211,1310,1332.65,1303.25,1324.65,388924
NILAINFRA,20190211,6.9,6.9,6.65,6.85,270116
NILASPACES,20190211,2.8,2.85,2.65,2.8,948440
NILKAMAL,20190211,1321,1328,1290,1298.9,6223
NIPPOBATRY,20190211,652.4,674.85,652.4,655.3,372
NITCO,20190211,35.4,35.4,33.8,34.45,48573
NITESHEST,20190211,5.6,5.6,5.2,5.4,45661
NITINFIRE,20190211,1.2,1.2,1.15,1.2,101294
NITINSPIN,20190211,83,83.35,80.1,80.55,42735
NKIND,20190211,37.8,38,35.6,37,247
NLCINDIA,20190211,62.3,63.4,61.9,62.3,195478
NMDC,20190211,93.7,95.1,92.75,94.15,4578690
NOCIL,20190211,127,128,121.5,123.35,286106
NOIDATOLL,20190211,5.95,6.1,5.55,5.85,46443
NRAIL,20190211,315.05,322,300.05,301.3,14696
NRBBEARING,20190211,185,188.25,181.6,183.85,61503
NSIL,20190211,1068.9,1068.9,1015.25,1017.55,414
NTL,20190211,1.3,1.3,1.3,1.3,500
NTPC,20190211,131.95,133.3,128.6,130.35,10939054
NUCLEUS,20190211,337,343,328.1,339.7,16449
NUTEK,20190211,0.25,0.25,0.2,0.25,86356
OBEROIRLTY,20190211,442,448.7,439.95,441.8,62339
OCCL,20190211,1149.15,1154.7,1050,1066.4,128840
OFSS,20190211,3740,3849,3719.6,3788.4,24154
OIL,20190211,170.8,171.7,168.5,170.35,815309
OILCOUNTUB,20190211,12.2,12.45,11.5,12.2,19675
OISL,20190211,2,2.2,2,2.2,29190
OLECTRA,20190211,197,204,196.6,198.9,28792
OMAXAUTO,20190211,92.45,92.45,84.5,85.7,24701
OMAXE,20190211,212,212.6,211.2,211.6,250296
OMKARCHEM,20190211,16.6,17.4,15.8,15.8,30265
OMMETALS,20190211,30,30.2,27.75,28.8,21220
ONELIFECAP,20190211,11.3,11.3,10.8,10.8,1501
ONGC,20190211,143.25,143.65,137.1,138.2,6424512
ONMOBILE,20190211,32.75,33.4,32.5,32.8,52903
ONWARDTEC,20190211,61.2,62.9,60.2,60.8,1551
OPTIEMUS,20190211,111.1,115.25,111,115.15,47531
OPTOCIRCUI,20190211,8.95,9.1,8.65,8.75,221819
ORBTEXP,20190211,101,102.9,97.35,99.55,11288
ORICONENT,20190211,26.5,26.5,25.15,25.7,20790
ORIENTABRA,20190211,22.35,25,22.35,23.75,39097
ORIENTALTL,20190211,15,15.6,14.5,14.9,385575
ORIENTBANK,20190211,86.4,86.8,83.9,85.45,2089628
ORIENTBELL,20190211,163,163,147.2,155.15,18423
ORIENTCEM,20190211,66.65,67.95,65,66.1,23743
ORIENTELEC,20190211,141,141,132.1,134.15,94854
ORIENTHOT,20190211,40.05,40.85,39.55,40.5,15617
ORIENTLTD,20190211,141,146,140,146,181
ORIENTPPR,20190211,34,34.2,31.8,33,255313
ORIENTREF,20190211,203.25,203.5,196.05,197.85,23266
ORISSAMINE,20190211,718,725.05,708,710.95,2353
ORTEL,20190211,3.6,3.6,3.6,3.6,3
ORTINLABSS,20190211,14.3,14.5,14,14.05,166685
OSWALAGRO,20190211,6.9,7.4,6.5,6.9,9600
PAGEIND,20190211,23425.55,23793.8,23311,23609.65,16211
PAISALO,20190211,305,309.9,305,309.05,470
PALASHSECU,20190211,35.7,35.7,35.7,35.7,1728
PALREDTEC,20190211,34.45,37.9,29.15,30.3,64680
PANACEABIO,20190211,140.05,155,140,151.9,37178
PANAMAPET,20190211,109.4,109.4,100.8,103.7,22260
PAPERPROD,20190211,162.55,162.55,156.5,158.9,18880
PARABDRUGS,20190211,1.85,1.85,1.8,1.8,2800
PARACABLES,20190211,11.2,11.9,11.1,11.15,31835
PARAGMILK,20190211,216.95,216.95,209,209.8,80805
PARSVNATH,20190211,5.9,6.3,5.4,5.6,246436
PATELENG,20190211,24.3,24.95,23.75,24.05,102903
PATINTLOG,20190211,37.5,37.85,36.3,37.05,7343
PATSPINLTD,20190211,11.25,11.5,10.65,11.15,4823
PCJEWELLER,20190211,75.2,75.3,66.35,68.7,33868613
PDMJEPAPER,20190211,18.6,20,17.9,19.4,63683
PDPL,20190211,8.2,8.85,8.2,8.2,5574
PDSMFL,20190211,260,260,258,258.5,3384
PEARLPOLY,20190211,11.15,12.5,10.15,11.95,1907
PEL,20190211,2175.75,2191,2088,2119.25,538568
PENIND,20190211,35.35,35.4,33.75,34.65,127886
PENINLAND,20190211,7.9,7.9,7.1,7.5,292837
PENPEBS,20190211,56,56.95,54.25,55.9,14286
PERSISTENT,20190211,635.9,644.25,631.85,638.05,123510
PETRONENGG,20190211,29.4,31.4,26.7,28.95,878
PETRONET,20190211,223.35,226.7,223,224.8,2320551
PFC,20190211,100.7,102.25,98,99.5,10251370
PFIZER,20190211,3040,3040,2936.9,2962.3,15611
PFOCUS,20190211,52.95,53.35,50.1,52.45,12088
PFS,20190211,14.85,15.1,13.7,14,845282
PGEL,20190211,79.5,80,78,79.1,20812
PGHH,20190211,10005,10200,9975,10118.8,3450
PGIL,20190211,134,137.95,134,135,271
PHILIPCARB,20190211,160,160.8,153.15,155,416049
PHOENIXLTD,20190211,590,599.85,576,598.05,164709
PIDILITIND,20190211,1150,1161.9,1117.25,1125.55,296657
PIIND,20190211,845,847.6,824.3,837.3,14519
PILANIINVS,20190211,1978,1978,1880.05,1900.25,214
PILITA,20190211,6.5,6.5,6.2,6.2,1434
PIONDIST,20190211,132.5,132.75,127.5,132.75,9400
PIONEEREMB,20190211,23.55,24.15,22.5,23.3,7554
PIRPHYTO,20190211,26.2,28.85,26.2,27,604
PITTIENG,20190211,54.3,54.3,49,49.9,35050
PKTEA,20190211,157.5,157.5,150,156.8,533
PLASTIBLEN,20190211,171.65,174.5,171.5,173.2,546
PNB,20190211,71.4,71.45,70.3,70.85,18322730
PNBGILTS,20190211,28.9,29.35,28.5,28.7,51282
PNBHOUSING,20190211,961.2,970.05,911.05,950.4,86999
PNC,20190211,18,19.25,17.2,17.8,1249
PNCINFRA,20190211,143.3,145.8,135.15,144.95,117469
PODDARHOUS,20190211,470,478,460,475.4,263
PODDARMENT,20190211,155,159.4,152.55,154.5,1127
POKARNA,20190211,168.4,168.4,160,161.6,10690
POLYMED,20190211,214.2,217.4,214,215.1,3418
POLYPLEX,20190211,467.55,467.55,447.7,451.75,19491
PONNIERODE,20190211,125.2,132.65,124.2,124.75,1383
POWERGRID,20190211,179.6,183.2,177.85,182.35,4451317
POWERMECH,20190211,880,898,831,836.05,12989
PPAP,20190211,274.95,277.95,254.95,262.65,12955
PRABHAT,20190211,55.8,55.8,53.5,55.8,291480
PRADIP,20190211,1.45,1.45,1.45,1.45,2702
PRAENG,20190211,8.3,8.3,7.95,7.95,30714
PRAJIND,20190211,142.4,143.5,137.15,138.15,1641164
PRAKASH,20190211,88.8,89,85.3,85.85,298812
PRAKASHCON,20190211,3.4,3.5,3.35,3.35,55400
PRAKASHSTL,20190211,0.3,0.3,0.3,0.3,2901
PRAXIS,20190211,156.1,166.45,154.3,159.4,2109
PRECAM,20190211,56.95,56.95,53.25,54,18250
PRECOT,20190211,55.8,59.5,52.05,55.85,6215
PRECWIRE,20190211,202.15,204.7,190,191.8,23182
PREMEXPLN,20190211,212.95,214.35,203.45,208.55,4307
PREMIER,20190211,5.4,5.65,5.25,5.5,11241
PREMIERPOL,20190211,25,27.4,25,26.15,565
PRESSMN,20190211,26.1,26.5,25,25.3,4536
PRESTIGE,20190211,200.15,201.5,196.5,200.35,168815
PRICOLLTD,20190211,38,38,35.9,36.15,66213
PRIMESECU,20190211,40.7,43.25,39.5,42.35,77571
PROSEED,20190211,0.5,0.55,0.45,0.45,129890
PROVOGE,20190211,1.4,1.4,1.4,1.4,1892
PROZONINTU,20190211,27.1,27.65,26.85,27.05,31960
PRSMJOHNSN,20190211,78,78,68.6,70.25,161576
PSB,20190211,26.1,26.1,25.15,25.65,109772
PSL,20190211,0.85,0.9,0.8,0.9,37804
PSPPROJECT,20190211,390,407.2,387,396,18329
PSUBNKBEES,20190211,323,323,315.5,315.92,1025
PTC,20190211,73.4,73.85,70.65,71.05,863260
PTL,20190211,38.35,40,37.75,38,6781
PUNJABCHEM,20190211,675,679.95,661,663.75,1744
PUNJLLOYD,20190211,2,2,2,2,312351
PURVA,20190211,75,76.7,68.5,70.05,271662
PVP,20190211,3.85,3.9,3.5,3.55,167174
PVR,20190211,1510.2,1520.45,1452.6,1494.95,353463
QGOLDHALF,20190211,1462.95,1462.95,1452.5,1458,415
QNIFTY,20190211,1105.5,1106.5,1105.5,1105.5,15
QUESS,20190211,648,652.7,631,636.95,19775
QUICKHEAL,20190211,181.5,185.85,180,183.6,58223
RADAAN,20190211,3,3,2.85,2.85,106
RADICO,20190211,430.5,436.3,415.4,418.25,416774
RADIOCITY,20190211,307.65,307.65,271.35,282.2,6555
RAIN,20190211,109,109.7,99.1,100.2,658342
RAINBOWPAP,20190211,0.8,0.8,0.75,0.75,16497
RAJESHEXPO,20190211,570.5,578.7,568.25,569.5,702527
RAJSREESUG,20190211,20.05,20.75,20,20.05,11058
RAJTV,20190211,42.8,42.8,40.65,42.15,514
RAJVIR,20190211,21,21,21,21,2
RALLIS,20190211,158.6,158.85,153.2,154.1,87014
RAMANEWS,20190211,22.65,23.25,22,22.35,18852
RAMASTEEL,20190211,91.85,92,87,88,16738
RAMCOCEM,20190211,611.3,613,592,600.5,266526
RAMCOIND,20190211,190,190,178.8,181.85,24008
RAMCOSYS,20190211,213.25,213.6,196.25,206.15,15584
RAMKY,20190211,128.45,133.9,127.95,128.9,39804
RANASUG,20190211,2.7,2.7,2.6,2.65,61127
RANEENGINE,20190211,462,463,452.7,461.9,132
RANEHOLDIN,20190211,1002.3,1039,971.65,1013.7,1618
RATNAMANI,20190211,854.05,860,839,856.7,3522
RAYMOND,20190211,689.25,695.9,668.65,687.75,913837
RBL,20190211,535.65,537.95,529.9,533.75,1653
RBLBANK,20190211,573.1,575.95,559.75,564.6,1090830
RCF,20190211,56.2,56.5,54.45,54.7,486292
RCOM,20190211,5.75,5.75,5.2,5.35,62523776
RECLTD,20190211,119.35,120.5,116.55,119.2,5133323
REDINGTON,20190211,69.4,69.65,65.7,66.1,139789
REFEX,20190211,22.15,23.1,20.95,20.95,35937
REGENCERAM,20190211,3.5,3.5,3.5,3.5,200
RELAXO,20190211,754.9,755,742.1,745.9,8580
RELCAPITAL,20190211,134.1,138.6,130,135.05,24051638
RELCNX100,20190211,113.62,113.62,112.45,113.55,122
RELCONS,20190211,50.79,50.79,50.29,50.68,4899
RELDIVOPP,20190211,28.82,28.98,28.62,28.9,650
RELIANCE,20190211,1275.9,1276,1251,1253.25,7523999
RELIGARE,20190211,19.1,19.6,18.5,18.85,154056
RELINFRA,20190211,123,126.7,113.5,115.5,30015871
RELNV20,20190211,563,564,560,563.48,709
REMSONSIND,20190211,101.3,118.9,101.25,104.95,2631
RENUKA,20190211,9.9,10.25,9.9,10.1,249774
REPCOHOME,20190211,381.05,381.05,355.15,363.05,852843
REPRO,20190211,585.05,593.4,556,564.35,8016
RESPONIND,20190211,89,90,85,89.15,96465
RETFMID150,20190211,58.95,58.95,58.95,58.95,5000
REVATHI,20190211,367.6,367.6,352.5,359.35,92
RHFL,20190211,26.55,28.35,25.85,26.3,662139
RICOAUTO,20190211,62.75,62.75,59.65,60.55,115249
RIIL,20190211,278.9,279.45,268.05,271.65,161474
RITES,20190211,228.4,228.75,220.05,220.4,344828
RJL,20190211,296.7,299.8,285.55,286.3,8788
RKDL,20190211,7.9,8.5,7.15,7.75,19959
RKFORGE,20190211,474.65,478.45,460.4,461.85,53014
RMCL,20190211,23.85,27,23.7,24.05,501275
RML,20190211,392.05,392.05,381.55,385.15,803
RNAM,20190211,162,169,152.1,154.5,226479
RNAVAL,20190211,8.75,8.9,8.05,8.5,1711799
ROHITFERRO,20190211,1.4,1.4,1.4,1.4,250
ROHLTD,20190211,103.05,103.05,99.05,100.15,16507
ROLLT,20190211,2.2,2.3,2.2,2.25,8010
ROLTA,20190211,3.8,4.1,3.8,4.1,6717546
ROSSELLIND,20190211,71.35,72.9,67.9,69.45,3413
RPGLIFE,20190211,213,213,201.55,207,9487
RPOWER,20190211,11.8,11.8,10.75,11.05,57877825
RPPINFRA,20190211,98.55,98.55,92.15,92.8,9367
RRSLGETF,20190211,18.21,18.21,18.2,18.2,525
RSSOFTWARE,20190211,27.4,28.1,25.7,26.2,49265
RSWM,20190211,185.1,186.2,176.4,180.8,12672
RSYSTEMS,20190211,50.5,51.3,49.55,50.35,48009
RTNINFRA,20190211,2.85,2.9,2.7,2.85,239294
RTNPOWER,20190211,2.95,2.95,2.8,2.8,1262999
RUBYMILLS,20190211,278.3,278.4,270,271.65,5302
RUCHINFRA,20190211,2.35,2.45,2.35,2.35,16661
RUCHIRA,20190211,106,107.25,100,101.25,53827
RUCHISOYA,20190211,6,6.05,5.85,5.85,658638
RUPA,20190211,324,328.5,313.15,314.45,9222
RUSHIL,20190211,505.25,509.9,495.55,500.85,6984
SABTN,20190211,3.25,3.25,3.1,3.1,9130
SADBHAV,20190211,185.55,186.35,178.1,179.9,56965
SADBHIN,20190211,86,86.6,84.25,85.05,2617
SAGARDEEP,20190211,100.05,100.05,92.7,97.4,79878
SAGCEM,20190211,617.6,617.6,603,606.25,2083
SAIL,20190211,44.8,45.35,44.05,44.8,17945762
SAKHTISUG,20190211,10.1,10.5,8.8,8.85,64137
SAKSOFT,20190211,256.9,258.25,253,254.35,4551
SAKUMA,20190211,39.3,39.45,37.6,37.9,835879
SALASAR,20190211,277,277,240.1,243.5,101605
SALONA,20190211,74,80.2,63,69.95,1349
SALORAINTL,20190211,16.3,18,16.3,18,2646
SALSTEEL,20190211,5.5,5.65,5.15,5.25,24081
SALZERELEC,20190211,115,117.45,112,114.3,8219
SAMBHAAV,20190211,3.25,3.75,3.25,3.6,8166
SANCO,20190211,14.3,15.4,13.8,14.25,91749
SANDESH,20190211,680.15,690,671,674.85,610
SANDHAR,20190211,278,282,270,272.1,4595
SANGAMIND,20190211,60.8,60.8,57.35,57.85,2079
SANGHIIND,20190211,52.05,54,51.7,52.6,83450
SANGHVIFOR,20190211,24,27.4,24,24,4396
SANGHVIMOV,20190211,88.45,90.55,86,87.55,60443
SANOFI,20190211,6533.95,6555.4,6270,6348.2,19274
SANWARIA,20190211,8.95,8.95,8.45,8.6,791218
SARDAEN,20190211,248.2,254.05,242.65,247.7,24587
SAREGAMA,20190211,571,571.15,541.85,553.4,23164
SARLAPOLY,20190211,25.15,26.2,23.75,24.15,7479
SASKEN,20190211,601.05,615.1,581,587.6,9033
SASTASUNDR,20190211,107.3,109.45,101,107.45,11163
SATHAISPAT,20190211,8.1,9,8,8.1,2151
SATIN,20190211,237.75,238.8,215.8,235.6,99736
SBIETFQLTY,20190211,96.5,96.73,96.02,96.68,1364
SBILIFE,20190211,576,579.1,561.05,566.85,339881
SBIN,20190211,285.95,285.95,280,280.5,15420017
SCAPDVR,20190211,0.6,0.65,0.6,0.65,8107
SCHAEFFLER,20190211,5445,5551.05,5360,5403,870
SCHAND,20190211,215.3,218,215.25,215.75,1758
SCHNEIDER,20190211,93,93.8,87.25,88.1,41734
SCI,20190211,39.7,39.7,37.8,37.9,228772
SDBL,20190211,137,139,128.15,131.75,41608
SEAMECLTD,20190211,335,335,317,317.8,17349
SELAN,20190211,165,165,160,160.95,29355
SELMCL,20190211,1.05,1.15,1.05,1.1,33581
SEPOWER,20190211,4,4,3.6,3.65,7500
SEQUENT,20190211,74,76.8,72,75.75,477195
SESHAPAPER,20190211,1000,1020,951,975.3,8062
SETCO,20190211,30,30.45,29.3,30.3,115917
SETF10GILT,20190211,171,171,168,168,2
SETFGOLD,20190211,2963.5,2975,2956,2958.65,1169
SETFNIF50,20190211,111.38,111.42,110.54,111.03,64193
SETFNIFBK,20190211,274.98,275.51,274.5,275.47,878
SETFNN50,20190211,270.3,270.3,266,267.09,3305
SFL,20190211,1293.85,1297.55,1260.65,1264.25,651
SGL,20190211,6.45,6.5,5.7,6.1,8058
SHAHALLOYS,20190211,16.8,18.45,16.5,17,9724
SHAKTIPUMP,20190211,390,396.6,382,393.15,35076
SHALBY,20190211,133.95,134.55,130.9,132.1,7209
SHALPAINTS,20190211,60.55,61.3,56.45,58.2,293464
SHANKARA,20190211,336,350.2,325,350.2,76452
SHANTIGEAR,20190211,118.5,119.7,113.2,114.95,10224
SHARDACROP,20190211,321,329.7,320.1,327.15,38082
SHARDAMOTR,20190211,1181.7,1308.4,1180.05,1202,1098
SHARIABEES,20190211,244.7,244.7,244.7,244.7,3
SHEMAROO,20190211,379,379,351.05,358.2,9553
SHILPAMED,20190211,367.85,367.85,355,355.4,4371
SHIRPUR-G,20190211,46.75,46.75,42.25,46,12345
SHIVAMAUTO,20190211,32.15,32.75,31.45,31.6,32246
SHIVAMILLS,20190211,48,49.65,48,49.35,6824
SHIVATEX,20190211,174.75,174.75,150.2,154.6,4002
SHK,20190211,168.5,168.5,160.25,161.6,7809
SHOPERSTOP,20190211,498.5,503.95,494,494.85,40667
SHREECEM,20190211,16100,16190,15825.1,15963.35,11517
SHREEPUSHK,20190211,128.5,132.85,128,130.15,21068
SHREERAMA,20190211,5.95,6.05,5.4,5.9,17357
SHREYANIND,20190211,142,145.15,133.6,135.25,21344
SHREYAS,20190211,191.45,203.5,191.4,198.6,4016
SHRIPISTON,20190211,950,999,950,991.65,75
SHRIRAMCIT,20190211,1587.3,1587.3,1518.5,1528.4,1585
SHRIRAMEPC,20190211,9.75,9.8,8.7,9.15,63137
SHYAMCENT,20190211,5.2,5.2,5.05,5.2,5172
SICAGEN,20190211,19.2,19.7,18.9,19,4682
SICAL,20190211,132.1,132.1,124,124.55,2608
SIEMENS,20190211,1025.5,1040,991,1029.8,635815
SIGIND,20190211,39.95,40.85,39.65,40,3691
SIL,20190211,13.25,14.25,13.25,14,8918
SILINV,20190211,167.3,171.9,167.25,168.7,2116
SIMBHALS,20190211,8.5,8.95,8.5,8.5,2015
SIMPLEXINF,20190211,139.9,141.95,138.25,140.8,38355
SINTEX,20190211,8.85,8.85,8.05,8.6,2458388
SIS,20190211,774.1,778.8,756.05,759,3209
SITASHREE,20190211,0.6,0.65,0.6,0.6,6365
SITINET,20190211,4.45,4.65,4.4,4.4,249377
SIYSIL,20190211,350.8,350.8,335.1,342.75,2953
SJVN,20190211,25.9,26.5,25.45,25.65,1503188
SKFINDIA,20190211,1914.15,1937.95,1900.05,1930,46964
SKIL,20190211,12.9,13,12.3,12.3,2460
SKIPPER,20190211,60.3,60.7,54.45,56.1,39950
SKMEGGPROD,20190211,56.2,56.95,54.15,54.5,16376
SMARTLINK,20190211,78.75,80.15,77,78.4,10757
SMLISUZU,20190211,560,570,556.75,562.1,14671
SMPL,20190211,0.35,0.4,0.35,0.4,3935
SMSLIFE,20190211,628.95,657.7,628.9,646.6,15297
SMSPHARMA,20190211,67.75,67.9,65.5,65.75,9006
SNOWMAN,20190211,29.65,29.95,29.3,29.5,88500
SOBHA,20190211,480,480,462.35,464.4,46349
SOLARA,20190211,378.1,381.45,373.1,375.1,25457
SOLARINDS,20190211,981.2,986,974,977.25,2026
SOMANYCERA,20190211,350.15,353.5,329,336.15,41187
SOMATEX,20190211,3.8,4,3.75,3.95,3909
SOMICONVEY,20190211,29.15,29.15,27.45,27.6,115
SONATSOFTW,20190211,332.05,333.55,322.4,325.95,125844
SORILINFRA,20190211,242,242,224.75,224.75,83660
SOTL,20190211,960.05,972,950,965.2,1344
SOUTHBANK,20190211,13.45,13.6,13.1,13.5,11998074
SPAL,20190211,238.85,238.85,232,234.85,4043
SPARC,20190211,146,154.8,144,152.1,1180587
SPCENET,20190211,0.8,0.9,0.8,0.85,3320
SPECIALITY,20190211,95.1,95.85,92,93.45,81583
SPENCERS,20190211,152,154.4,136.3,149.05,1764756
SPENTEX,20190211,1.2,1.2,1.2,1.2,847
SPIC,20190211,23.6,24,23.25,23.45,34133
SPICEMOBI,20190211,7.15,8.5,6.55,7.75,159537
SPLIL,20190211,52.55,55.7,51.3,55.7,50709
SPMLINFRA,20190211,32.9,32.9,27.95,29.55,24966
SPTL,20190211,19.1,19.4,17.7,17.95,1464559
SPYL,20190211,0.25,0.3,0.25,0.25,1719483
SQSBFSI,20190211,441.15,441.2,433.1,434.5,1196
SREEL,20190211,201.45,202,195,201,3170
SREINFRA,20190211,23.65,24.2,22.3,23.6,3575525
SRF,20190211,2218.25,2229,2156.7,2209.05,308214
SRHHYPOLTD,20190211,141,144.8,139.2,139.75,4298
SRIPIPES,20190211,182.95,183.95,175.75,182.2,90822
SRTRANSFIN,20190211,1087,1087,1050.1,1056.25,455117
SSWL,20190211,867.8,870,850.55,862,1822
STAMPEDE,20190211,0.85,0.85,0.8,0.85,137440
STAR,20190211,419,419,397.2,402.05,1741696
STARCEMENT,20190211,86.75,89.5,86.75,87.15,75692
STARPAPER,20190211,125.1,126.1,119.8,120.25,65293
STCINDIA,20190211,107.8,108.25,104,105.55,53032
STEELXIND,20190211,13.95,15.3,12.65,14.3,20779
STEL,20190211,94.2,94.25,91.05,91.7,2903
STERTOOLS,20190211,313.1,314.45,280.3,288.35,38370
STINDIA,20190211,9.5,9.5,9.05,9.05,58
STRTECH,20190211,229.45,232.7,219.1,220.3,1161240
SUBCAPCITY,20190211,16.5,16.65,16.45,16.65,115
SUBEX,20190211,5.7,5.9,5.45,5.85,1825310
SUBROS,20190211,251.15,251.8,243.65,246.9,33832
SUDARSCHEM,20190211,300.2,303.5,290.2,301,35011
SUJANAUNI,20190211,0.3,0.3,0.25,0.3,5697
SUMEETINDS,20190211,3.2,3.45,3.2,3.4,78060
SUMMITSEC,20190211,528.25,530.1,501.5,506.75,3896
SUNCLAYLTD,20190211,2655.3,2740,2615.45,2643.75,894
SUNDARAM,20190211,1.7,1.9,1.65,1.85,711715
SUNDARMFIN,20190211,1390.15,1399.95,1370.6,1376.8,33084
SUNDARMHLD,20190211,86.55,88.15,83.05,84.4,28168
SUNDRMBRAK,20190211,332.5,336,320.25,323.25,1258
SUNDRMFAST,20190211,533.6,533.6,517,519.1,59627
SUNFLAG,20190211,42.7,42.9,40.25,41,150039
SUNILHITEC,20190211,1.2,1.25,1.15,1.15,322497
SUNPHARMA,20190211,432.25,433.6,420.85,428.55,4945054
SUNTECK,20190211,345.15,350.5,338.15,347.55,272862
SUNTV,20190211,550,576.7,535.3,574.05,12331734
SUPERHOUSE,20190211,120.35,122.95,116.05,118.6,1663
SUPERSPIN,20190211,6,6.4,5.85,6.05,13026
SUPPETRO,20190211,197.1,209.8,196.9,206.2,8754
SUPRAJIT,20190211,194.95,197.65,186.3,195.2,65805
SUPREMEIND,20190211,997.55,1000,990,998,94922
SUPREMEINF,20190211,17.75,18.8,17.55,17.55,6215
SURANASOL,20190211,7.2,7.4,6.75,6.95,40187
SURANAT&P,20190211,4.5,4.7,4.4,4.65,4228
SURYALAXMI,20190211,36.05,36.05,34.4,35,5613
SURYAROSNI,20190211,207.55,211.9,204.9,206.1,26647
SUTLEJTEX,20190211,37,37,34.1,34.6,22743
SUVEN,20190211,233.75,233.75,224.15,225.6,388896
SUZLON,20190211,3.8,3.8,3.2,3.45,29913592
SWANENERGY,20190211,98.85,98.9,95.1,96.35,219959
SWARAJENG,20190211,1360.05,1370,1350.05,1361.2,1383
SWELECTES,20190211,222.95,223.05,210,210.5,3996
SYMPHONY,20190211,1198.1,1198.1,1178,1184.8,3998
SYNCOM,20190211,1.55,1.55,1.55,1.55,3612
SYNDIBANK,20190211,33.35,33.35,32.2,32.55,2846894
SYNGENE,20190211,619,619,593.1,601.25,207000
TAINWALCHM,20190211,65.05,68.5,62,62.05,1103
TAJGVK,20190211,174.45,178.25,173,176.35,8467
TAKE,20190211,125.2,130,123,129.05,133626
TALBROAUTO,20190211,199.8,199.8,191.15,195.4,1728
TALWALKARS,20190211,39.05,40.9,38.8,40.05,155348
TALWGYM,20190211,110,110,105,107.9,61559
TANLA,20190211,33.2,34.1,33.2,33.55,67335
TANTIACONS,20190211,3.25,3.4,3.1,3.35,3161
TARAJEWELS,20190211,0.7,0.8,0.7,0.7,32067
TARAPUR,20190211,3.25,3.25,3.25,3.25,200
TARMAT,20190211,34.3,35.9,33.2,33.65,6596
TASTYBITE,20190211,8049.95,8049.95,7760,7802.9,607
TATACHEM,20190211,593,597.75,580,585.05,1106212
TATACOFFEE,20190211,84.8,84.8,83.5,83.9,126539
TATACOMM,20190211,487,487.95,475.05,482.3,245695
TATAELXSI,20190211,900,908.4,889.05,903.8,379046
TATAGLOBAL,20190211,185.9,186,177.05,179.75,3460117
TATAINVEST,20190211,840,840,829,834.25,9736
TATAMETALI,20190211,595,603.65,589.2,600.45,25754
TATAMOTORS,20190211,150.15,153.25,145.85,152.65,26161867
TATAMTRDVR,20190211,79.6,81.8,78.65,81.4,3766708
TATAPOWER,20190211,68.45,68.45,65.15,65.55,7041255
TATASPONGE,20190211,749.2,749.9,699,718.85,93461
TATASTEEL,20190211,475,487,460.3,480.7,23262314
TATASTLBSL,20190211,30,30.2,28.3,28.5,323501
TBZ,20190211,60,60,58,58.35,47141
TCI,20190211,283,287.55,280.1,285.05,12061
TCIDEVELOP,20190211,363,363,341.1,344,12
TCIEXP,20190211,610.1,619.05,610.1,617,17245
TCIFINANCE,20190211,14.05,14.05,13.15,13.2,8771
TCNSBRANDS,20190211,724,744,707,739.6,55872
TCPLPACK,20190211,408.5,410,381.2,395.35,3003
TCS,20190211,2060,2096,2048.9,2065.9,1778730
TDPOWERSYS,20190211,129.1,129.1,127,128.6,36781
TEAMLEASE,20190211,2820,2826,2652.8,2800.15,18510
TECHIN,20190211,6.35,6.35,6.35,6.35,200
TECHM,20190211,809,813.9,804,809.4,2541742
TECHNOE,20190211,230,230,223.1,226.25,19510
TECHNOFAB,20190211,122.05,122.05,120,122,246
TEJASNET,20190211,150.05,152.85,146.1,149.4,25433
TERASOFT,20190211,46.85,46.85,41.1,42.35,22682
TEXINFRA,20190211,57.05,57.25,54.05,54.9,26506
TEXMOPIPES,20190211,20.7,20.7,19.05,20.3,70051
TEXRAIL,20190211,58.55,59.45,56.05,56.45,156084
TFCILTD,20190211,130.25,132.3,130,131.75,340890
TFL,20190211,4.4,4.45,4.05,4.45,116
TGBHOTELS,20190211,13.75,13.9,13.3,13.5,5773
THANGAMAYL,20190211,323.1,328.05,313,322.55,6145
THEINVEST,20190211,142,144.4,135.5,142,8076
THEMISMED,20190211,282,288,277,280,1189
THERMAX,20190211,1092,1198,1041.45,1070.15,51097
THIRUSUGAR,20190211,17.5,18,16.7,17.15,9108
THOMASCOOK,20190211,215.9,215.9,208,212.45,95957
THOMASCOTT,20190211,7,7,7,7,2
THYROCARE,20190211,539,540,488,491.65,70716
TI,20190211,15.75,16.4,15.05,15.35,31187
TIDEWATER,20190211,5055,5129.75,4867,4991.05,2948
TIFIN,20190211,438.05,440,429,437.05,7332
TIIL,20190211,548.75,558,533.5,553.05,1711
TIINDIA,20190211,335.1,351.9,328.3,345.25,168770
TIJARIA,20190211,14.45,15.7,14.45,15.3,10961
TIL,20190211,225.6,232.95,207.35,208.9,12653
TIMESGTY,20190211,28.95,30.4,27.2,28.9,217
TIMETECHNO,20190211,82.05,82.1,76.15,76.7,154442
TIMKEN,20190211,588.9,588.9,555,559.7,7014
TINPLATE,20190211,129.4,130,126.3,127.7,143518
TIPSINDLTD,20190211,61.9,61.9,60,60.1,690
TIRUMALCHM,20190211,71.5,72.4,67.55,69,203597
TITAN,20190211,1059,1063.5,1045.2,1056.4,1057548
TMRVL,20190211,28,33.35,25.4,31.75,79835
TNPETRO,20190211,32.25,32.5,31.7,31.85,43187
TNPL,20190211,208,208.55,200.1,201.9,122099
TOKYOPLAST,20190211,47,49.6,45.2,48.85,3756
TORNTPHARM,20190211,1796.65,1814.5,1774.55,1798.9,142796
TORNTPOWER,20190211,242,243.7,235,235.95,1186958
TPLPLASTEH,20190211,117.05,122.35,116.2,118.6,2271
TREEHOUSE,20190211,3.7,3.7,3.45,3.6,26185
TREJHARA,20190211,26.75,28.05,25.6,28.05,8392
TRENT,20190211,348,348.45,340.3,342.65,50289
TRF,20190211,99.05,101.8,98,99.05,7938
TRIDENT,20190211,62.2,62.35,60.6,61.3,446386
TRIGYN,20190211,70.3,71.3,66.8,67.15,55560
TRIL,20190211,11.05,11.2,10.6,10.95,25229
TRITURBINE,20190211,102.45,102.85,97.8,100.2,32681
TRIVENI,20190211,46.1,46.1,44.7,45.05,204041
TTKHLTCARE,20190211,665.05,680,665,671.1,1837
TTKPRESTIG,20190211,7800.05,7848.65,7705.05,7821.35,1698
TTL,20190211,57.15,57.5,57.05,57.1,1192
TTML,20190211,3,3.15,2.95,3.05,541821
TV18BRDCST,20190211,32,32.65,31.6,32.45,2847835
TVSELECT,20190211,168.4,172.95,164.05,165.4,37946
TVSMOTOR,20190211,491.5,491.95,479.6,487.95,700436
TVSSRICHAK,20190211,2310,2399.65,2201,2339.1,3173
TVTODAY,20190211,333.4,333.6,312.1,316.7,167412
TVVISION,20190211,2.4,2.5,2.4,2.4,41208
TWL,20190211,61.8,62,58.15,58.45,425548
UBL,20190211,1377,1397.05,1356.1,1375.2,829992
UCALFUEL,20190211,167.9,167.9,162,163,4281
UCOBANK,20190211,17.1,17.65,17.1,17.5,355504
UFLEX,20190211,248,248,238,238.25,72347
UFO,20190211,227,232,224.4,227.35,5140
UGARSUGAR,20190211,13.6,14.5,12.75,12.95,17252
UJAAS,20190211,5.55,5.8,5.4,5.65,132074
UJJIVAN,20190211,267.5,267.55,253.55,258.55,2994994
ULTRACEMCO,20190211,3565.6,3565.6,3440.1,3449.4,206491
UMANGDAIRY,20190211,51.65,51.65,50.15,50.2,7985
UMESLTD,20190211,1.6,1.6,1.6,1.6,20
UNICHEMLAB,20190211,197.4,197.4,190,193.5,98340
UNIENTER,20190211,96,97,92.05,94.95,9043
UNIONBANK,20190211,72.4,73.05,71.25,72.15,8149862
UNIPLY,20190211,46.35,48.35,46.35,47.2,75211
UNITECH,20190211,1.2,1.25,1.2,1.2,4282217
UNITEDBNK,20190211,10.1,10.35,10,10.2,245861
UNITEDTEA,20190211,305,307,285.6,303.05,849
UNIVCABLES,20190211,262.8,267.8,226.1,232.45,175665
UPL,20190211,812,815,801.45,805.85,1159530
URJA,20190211,3.15,3.4,3.15,3.3,2004692
USHAMART,20190211,29.9,29.9,29.2,29.35,285199
USHERAGRO,20190211,2.15,2.2,2,2,2009
UTINEXT50,20190211,270,274.79,266,267.37,258
UTINIFTETF,20190211,1148,1164,1120,1145.15,107
UTISENSETF,20190211,381.79,383,381.79,382.66,378
UTTAMSTL,20190211,9.9,10.2,9.35,10.2,67972
UTTAMSUGAR,20190211,94.25,94.45,87.25,88.25,34249
UVSL,20190211,0.15,0.15,0.1,0.1,774945
V2RETAIL,20190211,251.05,252,245,247.2,10112
VADILALIND,20190211,465,465,436.1,444.85,9015
VAIBHAVGBL,20190211,635.3,639.3,622,624.1,4119
VAKRANGEE,20190211,44.05,46,42.7,44.9,4708984
VARDHACRLC,20190211,38.55,38.55,37.2,37.75,13927
VARDMNPOLY,20190211,10.3,10.3,9.45,9.6,5873
VARROC,20190211,622.05,622.05,580.35,587.95,119170
VASCONEQ,20190211,13.55,14.05,13.4,13.45,141228
VASWANI,20190211,9.8,9.8,9.5,9.75,1120
VBL,20190211,816.55,817.5,792.1,794.65,45821
VEDL,20190211,153.7,155.2,147.05,152.15,18188741
VENKEYS,20190211,2210,2215.35,2134,2145.85,40191
VENUSREM,20190211,35.5,35.95,34.75,35.15,18654
VESUVIUS,20190211,1119.6,1184,1105,1164.55,2179
VETO,20190211,52.25,56.45,52.25,54.5,23724
VGUARD,20190211,192,195.5,189.55,193.4,553360
VHL,20190211,1926.9,1980.05,1925.25,1929.75,345
VICEROY,20190211,2.35,2.35,2.35,2.35,2722
VIDHIING,20190211,72.55,75,72,74.3,27104
VIJAYABANK,20190211,41.3,41.3,40.25,40.45,5149949
VIJIFIN,20190211,0.75,0.75,0.75,0.75,218226
VIJSHAN,20190211,5.75,5.75,5.75,5.75,422
VIKASECO,20190211,10.65,10.9,10.2,10.8,983328
VIMALOIL,20190211,8.65,8.65,8.65,8.65,1
VIMTALABS,20190211,219,224.25,211.5,213.65,33839
VINATIORGA,20190211,1631,1678.95,1618.8,1635.85,27543
VINDHYATEL,20190211,1650,1668.3,1570,1615.95,29861
VINYLINDIA,20190211,72.9,72.95,69.3,69.9,4044
VIPCLOTHNG,20190211,21.25,21.55,20.5,20.85,39425
VIPIND,20190211,485,487,445.15,456.6,656786
VIPULLTD,20190211,34.75,35.75,34.55,35.15,18199
VISAKAIND,20190211,350,350,330,336.35,46420
VISASTEEL,20190211,6.75,7.1,6.7,6.8,1130
VISESHINFO,20190211,0.1,0.1,0.05,0.1,13347700
VISHNU,20190211,137.15,137.3,128,128.6,9458
VIVIDHA,20190211,0.7,0.7,0.65,0.65,59156
VIVIMEDLAB,20190211,23.9,23.9,21,22.2,352638
VLSFINANCE,20190211,45.95,47,44.8,45.1,23068
VMART,20190211,2605,2656.8,2550,2607.7,36326
VOLTAMP,20190211,1005.7,1033.95,1000,1016.1,3874
VOLTAS,20190211,533.7,533.7,519.25,524.45,602314
VRLLOG,20190211,252,253.9,248.55,249.45,24345
VSSL,20190211,86.3,89.5,82.8,84.65,3362
VSTIND,20190211,3249,3260,3200,3200.65,936
VSTTILLERS,20190211,1505,1528.95,1462.75,1509.15,10095
VTL,20190211,1029.35,1038.5,996.05,1015.1,17947
WABAG,20190211,276,278,260.6,273.1,230367
WABCOINDIA,20190211,6200,6225,6097,6212.6,1354
WALCHANNAG,20190211,79.75,80,77,77.7,81318
WANBURY,20190211,15.55,16.5,15.1,15.1,834
WEBELSOLAR,20190211,24.3,26.45,24.2,25.65,97807
WEIZFOREX,20190211,514.3,516.55,510.1,510.55,2398
WEIZMANIND,20190211,41,41,38.05,39.9,3329
WELCORP,20190211,100,101.9,95.1,95.4,761120
WELENT,20190211,93.5,100,88.05,98.75,414771
WELINV,20190211,136,142,135,135,238
WELSPUNIND,20190211,52,52.35,50.4,51.65,2763331
WENDT,20190211,2935.05,2940.05,2858.2,2865.1,193
WHEELS,20190211,864.2,868.75,818.6,822.75,1301
WHIRLPOOL,20190211,1419.7,1480.65,1399.6,1408.9,107714
WILLAMAGOR,20190211,47,47.9,44.1,46.6,1859
WINDMACHIN,20190211,59.05,60.3,56.95,58.05,124173
WINSOME,20190211,0.9,0.9,0.9,0.9,100
WIPL,20190211,92,100,92,93,159
WIPRO,20190211,370.9,377.4,369.7,373.05,2972778
WOCKPHARMA,20190211,412.6,413.45,399.25,407.2,1012571
WONDERLA,20190211,288.85,289.9,281,283,7719
WSI,20190211,2.6,2.6,2.6,2.6,1
WSTCSTPAPR,20190211,264,264.5,244.1,247.35,124575
XCHANGING,20190211,42.9,43.75,41.25,42.85,4078
XELPMOC,20190211,76.2,76.2,76.2,76.2,5695
XLENERGY,20190211,0.8,0.8,0.8,0.8,20
XPROINDIA,20190211,37,37,34.2,35.1,5809
YESBANK,20190211,175.1,176,170.1,173.25,29509227
ZEEL,20190211,399,404.9,392.8,401.7,4888722
ZEELEARN,20190211,28.25,28.25,26.5,26.85,132967
ZEEMEDIA,20190211,14.4,14.4,13.45,14.3,8495396
ZENITHBIR,20190211,0.65,0.65,0.6,0.65,47129
ZENITHEXPO,20190211,37.25,43,37.25,39.05,203
ZENSARTECH,20190211,221.6,221.6,215.8,217.6,76867
ZENTEC,20190211,72,72.8,71.1,71.75,19802
ZICOM,20190211,4.15,4.35,4.15,4.15,14601
ZODIACLOTH,20190211,145.95,145.95,138.1,139.95,539
ZODJRDMKJ,20190211,37,37.55,33.05,36.05,2818
ZUARI,20190211,201.95,201.95,188.15,189.4,23789
ZUARIGLOB,20190211,104.05,106,102.15,102.85,17268
ZYDUSWELL,20190211,1310.9,1321.7,1275,1285.5,2511
NSENIFTY,20190211,10930.90,10930.90,10857.10,10888.80,285985383,0
NIFTYJUNIOR,20190211,26486.25,26508.05,26134.50,26240.00,166473702,0
NIFTYMIDCAPLIQ15,20190211,3831.10,3835.45,3768.00,3786.85,92777121,0
NSE100,20190211,11080.05,11080.05,10996.30,11030.00,456225793,0
NIFTY200,20190211,5691.80,5691.80,5644.85,5659.15,881993756,0
NSE500,20190211,9026.10,9026.10,8949.85,8967.15,1176179562,0
NSEMIDCAP150,20190211,5961.10,5961.70,5868.25,5875.35,433466732,0
MIDCAP50,20190211,4561.65,4564.55,4481.40,4492.10,320265395,0
NSEMIDCAP,20190211,16575.90,16578.45,16292.15,16319.60,425767963,0
NIFTYSMALLCAP250,20190211,-,-,-,4817.85,-,0
NIFTYSMALLCAP50,20190211,-,-,-,2798.80,-,0
NSESMLCAP100,20190211,5921.05,5925.20,5815.75,5824.95,-,0
NIFTYLARGEMIDCAP250,20190211,-,-,-,5529.81,889692525,0
NIFTYMIDSMALLCAP400,20190211,-,-,-,5502.45,-,0
NIFTYAUTO,20190211,8364.55,8365.90,8257.90,8320.30,81645832,0
BANKNIFTY,20190211,27240.50,27305.90,27151.55,27227.80,117311228,0
NIFTYFINSERVICE,20190211,11524.95,11531.75,11467.75,11488.75,75574587,0
NIFTYFMGC,20190211,29744.50,29842.95,29320.85,29728.50,24711817,0
NSEIT,20190211,16050.20,16159.05,16002.50,16099.05,22644494,0
NIFTYMEDIA,20190211,2228.15,2254.15,2196.85,2243.60,61405024,0
NIFTYMETAL,20190211,2739.60,2756.10,2675.50,2725.20,116314919,0
NIFTYPHARMA,20190211,8924.95,8957.30,8772.60,8838.00,17150131,0
NIFTYPVTBANK,20190211,15468.65,15498.40,15396.00,15449.25,87984508,0
NIFTYPSUBANK,20190211,2895.35,2895.45,2841.35,2845.40,71279319,0
NIFTYREALTY,20190211,226.65,226.95,222.65,224.35,12401226,0
NIFTYCOMMODITIES,20190211,3189.90,3192.95,3137.00,3154.70,209124709,0
NIFTYCONSUMPTION,20190211,4826.20,4826.20,4761.45,4794.25,86993373,0
NIFTYCPSE,20190211,1928.25,1930.45,1893.00,1910.80,63766470,0
NIFTYENERGY,20190211,14975.40,14977.15,14730.20,14762.90,87886838,0
NIFTY100ESG,20190211,-,-,-,2050.00,379078995,0
NIFTY100ENHESG,20190211,-,-,-,2087.10,349817827,0
NIFTYINFRA,20190211,2882.20,2882.70,2823.25,2861.20,254555475,0
NIFTYMNC,20190211,13161.65,13163.60,12997.70,13038.90,48046230,0
NIFTYPSE,20190211,3118.55,3122.75,3072.15,3103.40,133473252,0
NIFTYSMEEMERGE,20190211,-,-,-,1479.08,1413925,0
NIFTYSERVSECTOR,20190211,15159.20,15170.15,15104.15,15133.20,179112345,0
NIFTYSHARIAH25,20190211,-,-,-,4131.37,91560547,0
NIFTY50SHARIAH,20190211,-,-,-,2395.22,74049035,0
NIFTY500SHARIAH,20190211,-,-,-,2836.76,247132995,0
NIFTYABGROUP,20190211,-,-,-,3022.16,33969486,0
NIFTYMAHINDRA,20190211,-,-,-,11254.74,12090449,0
NIFTYTATA,20190211,-,-,-,6535.90,69844291,0
NIFTYTATA25CAP,20190211,-,-,-,4430.83,68913376,0
NIFTYABGROUP,20190211,-,-,-,3022.16,33969486,0
NIFTYLIQ15,20190211,3568.10,3568.10,3496.65,3534.15,164798440,0
NIFTY500VALUE50,20190211,-,-,-,3837.23,412694047,0
NIFTYALPHALOWVOL30,20190211,-,-,-,11416.73,76333357,0
NIFTYQUALLOWVOL30,20190211,-,-,-,8244.75,51769070,0
NIFTYALPHAQUALLOWVOL30,20190211,-,-,-,9432.52,57003962,0
NIFTYALPHAQUALVALLOWVOL30,20190211,-,-,-,7171.90,61067182,0
NIFTY50EQUALWEIGHT,20190211,11781.50,11782.45,11665.45,11726.20,285985383,0
NIFTY100EQUALWEIGHT,20190211,12493.30,12493.55,12356.95,12409.00,456225793,0
NIFTY100LOWVOL30,20190211,8571.70,8587.65,8525.10,8560.55,85543710,0
NSEDEFTY,20190211,-,-,-,5302.06,-,0
NIFTY50DIVPOINT,20190211,124.66,124.66,124.66,124.66,-,0
NIFTYDIVOPPS50,20190211,2562.40,2563.40,2539.05,2554.65,248650719,0
NIFTYALPHA50,20190211,11935.85,11939.90,11725.45,11739.70,60430849,0
NIFTY50ARBITRAGE,20190211,-,-,-,1774.42,-,0
NIFTY50FUTINDEX,20190211,-,-,-,3844.68,-,0
NIFTY50FUTTRINDEX,20190211,-,-,-,10907.79,-,0
NIFTYHIGHBETA50,20190211,-,-,-,1430.91,389552797,0
NIFTYLOWVOL50,20190211,-,-,-,9730.62,117763021,0
NIFTY200QUALITY30,20190211,-,-,-,9632.25,-,0
NIFTY50VALUE20,20190211,5351.30,5353.65,5316.95,5328.50,142731127,0
NIFTYGROWSECT15,20190211,6201.25,6204.35,6134.05,6182.45,38012979,0
NIFTY50TR2XLEV,20190211,5784.30,5784.30,5706.30,5739.65,-,0
NIFTY50PR2XLEV,20190211,4556.40,4556.40,4494.95,4521.20,-,0
NIFTY50TR1XINV,20190211,367.90,370.40,367.90,369.35,-,0
NIFTY50PR1XINV,20190211,414.45,417.20,414.45,416.05,-,0
NIFTY-GS-COMPSITE,20190211,1865.17,1866.14,1863.17,1864.22,-,0
NIFTY-GS-4-8YR,20190211,1950.52,1951.26,1949.23,1950.23,-,0
NIFTY-GS-8-13YR,20190211,1826.03,1827.28,1824.87,1825.71,-,0
NIFTY-GS-10YR,20190211,1693.26,1694.61,1690.55,1690.89,-,0
NIFTY-GS-10YR-CLN,20190211,908.06,908.79,906.60,906.79,-,0
NIFTY-GS-11-15YR,20190211,1909.55,1909.55,1908.35,1907.65,-,0
NIFTY-GS-15YRPLUS,20190211,2056.79,2056.89,2054.93,2055.56,-,0
VIX,20190211,15.57,16.36,13.46,15.84,0,0
