20MICRONS,20190816,34.3,34.3,33.1,33.35,25010
21STCENMGM,20190816,12.8,13,12.75,13,521
3IINFOTECH,20190816,2,2.05,1.95,2,1169315
3MINDIA,20190816,21148,21150,20850,20913.4,661
3PLAND,20190816,7.45,7.75,6.8,7.2,2110
5PAISA,20190816,145,145.65,135.45,138.15,10288
63MOONS,20190816,91.05,92.7,90.5,91.6,71973
8KMILES,20190816,57.9,58.35,54,57.75,123482
A2ZINFRA,20190816,9.8,10.15,9.7,9.95,278933
AARTIDRUGS,20190816,453.3,462.15,450,460.15,54825
AARTIIND,20190816,1749.9,1749.9,1582,1591.65,207806
AARVEEDEN,20190816,14.35,14.55,13.6,14.35,4526
AAVAS,20190816,1581.95,1606.1,1562,1595.5,114523
ABAN,20190816,25.1,25.5,24.8,25.05,68970
ABB,20190816,1348.9,1368.45,1339.55,1358.75,44305
ABBOTINDIA,20190816,9147.5,9198.8,9095,9114.25,6541
ABCAPITAL,20190816,87.5,88.85,86.5,87.85,831696
ABFRL,20190816,196,196,188,189.05,784579
ABSLNN50ET,20190816,263,275,263,272.59,6
ACC,20190816,1590,1595,1571.05,1591.55,479108
ACCELYA,20190816,757.05,770,745,765.75,3012
ACE,20190816,65.95,66.5,63.1,63.95,109362
ADANIENT,20190816,130,133.95,128.15,132.85,4087073
ADANIGAS,20190816,153.6,154.85,151.45,153.15,275742
ADANIGREEN,20190816,45.2,47.65,45.2,46.85,348501
ADANIPORTS,20190816,356.05,358.55,350,357.35,4433448
ADANIPOWER,20190816,58.6,59.6,58.15,59.35,5694242
ADANITRANS,20190816,209.95,214.2,207.6,211.35,39419
ADFFOODS,20190816,252.1,258,250.15,257.5,20250
ADHUNIK,20190816,1.2,1.2,1.15,1.15,21493
ADHUNIKIND,20190816,86.7,89.95,85,89.2,24372
ADLABS,20190816,3.65,3.95,3.65,3.95,147934
ADORWELD,20190816,288,291.7,283.1,287.15,1893
ADROITINFO,20190816,10.85,11.35,10.2,11.25,353
ADSL,20190816,15.55,15.9,13.65,14.4,163645
ADVANIHOTR,20190816,54,54.5,52,53.45,1752
ADVENZYMES,20190816,154.45,154.45,148.9,151.2,19446
AEGISCHEM,20190816,196.5,199.9,192.1,199,65433
AFFLE,20190816,822,835,790,805.9,62147
AGARIND,20190816,120,129.55,119.75,128.7,14632
AGCNET,20190816,80,90,80,90,6604
AGLSL,20190816,45.95,48.5,45,48.3,1210
AGRITECH,20190816,47,50.55,47,48.2,10036
AGROPHOS,20190816,91.5,91.5,86.35,89.4,1331
AHLEAST,20190816,169.05,173.55,165,169.5,1007
AHLUCONT,20190816,270.5,285,264.95,281.9,16576
AHLWEST,20190816,240.2,269.9,240.2,257.55,63
AIAENG,20190816,1675.1,1676.4,1644.05,1649,62711
AIONJSW,20190816,14.75,14.75,13.9,14.6,20102
AIRAN,20190816,20.2,20.2,18.5,19.45,20616
AJANTPHARM,20190816,965.1,1009,961.05,997,165901
AJMERA,20190816,124.4,124.4,117.1,119.5,14083
AKSHARCHEM,20190816,217.05,217.05,208,209.9,3292
AKSHOPTFBR,20190816,8,8.15,7.7,7.8,308039
AKZOINDIA,20190816,1745,1745,1701,1707.25,3744
ALANKIT,20190816,20.25,20.25,19.35,19.6,184765
ALBERTDAVD,20190816,381.05,385.6,370.3,376.05,2330
ALBK,20190816,36.5,36.6,35.75,36.15,1015419
ALEMBICLTD,20190816,47.9,50.55,46.6,50.25,450112
ALICON,20190816,393,409.45,385,402.9,3225
ALKALI,20190816,41.85,41.85,40.75,41.3,3427
ALKEM,20190816,1768.45,1781.35,1754.95,1761.85,71086
ALKYLAMINE,20190816,740,760,731.2,750.45,15692
ALLCARGO,20190816,95,95.95,93.45,95.1,51448
ALLSEC,20190816,279.15,279.15,266.7,269.7,1725
ALMONDZ,20190816,11.05,12.05,11,11.7,1967
ALOKTEXT,20190816,3.1,3.15,2.95,3,3179385
ALPA,20190816,16.35,16.35,15.2,15.65,21493
ALPHAGEO,20190816,203.55,211.8,195.15,203.35,38041
ALPSINDUS,20190816,0.5,0.5,0.5,0.5,36
AMARAJABAT,20190816,625.1,631.55,612,618.1,485295
AMBER,20190816,812,860,800,840.4,57549
AMBIKCO,20190816,875,898.95,826.1,841.2,7193
AMBUJACEM,20190816,213.9,214.95,209.65,213.9,2152191
AMDIND,20190816,19.1,20.6,19,20.6,214407
AMJLAND,20190816,20,20,17.35,18,15804
AMRUTANJAN,20190816,288,294,284.5,291.35,11570
ANANTRAJ,20190816,26,26.5,25.6,26.3,136103
ANDHRABANK,20190816,19.3,19.3,19,19.1,253870
ANDHRACEMT,20190816,1.75,1.85,1.75,1.75,247850
ANDHRSUGAR,20190816,298.95,298.95,289.1,290.5,20331
ANIKINDS,20190816,8.55,9,7.7,8.5,7168
ANKITMETAL,20190816,0.5,0.6,0.5,0.55,5501
ANSALAPI,20190816,3.85,4.05,3.75,3.95,58427
ANSALHSG,20190816,4.35,4.35,4,4.05,28136
ANTGRAPHIC,20190816,0.85,0.9,0.85,0.9,49122
ANUP,20190816,435,435.55,425.5,426.8,5104
APARINDS,20190816,531,547,528.15,541.45,4147
APCL,20190816,159.5,159.5,151,152.15,5838
APCOTEXIND,20190816,213.1,216.1,206.15,210.95,9930
APEX,20190816,219.45,224.75,215.55,217.4,27770
APLAPOLLO,20190816,1265.05,1349.9,1259.3,1324.4,12486
APLLTD,20190816,523.4,526.15,512.3,514.15,26798
APOLLO,20190816,85.5,85.6,80.25,82.25,17241
APOLLOHOSP,20190816,1365,1487,1362.2,1470.6,3588110
APOLLOTYRE,20190816,162,166.45,161.7,164.25,4814865
APOLSINHOT,20190816,896.05,896.05,851.1,859.85,724
APTECHT,20190816,128.7,128.85,125.1,126.45,93016
ARCHIDPLY,20190816,25.2,25.95,24.6,25.15,3729
ARCHIES,20190816,18.6,18.9,17.5,18,18653
ARCOTECH,20190816,2.25,2.35,2.25,2.3,24969
ARIES,20190816,56.2,59.3,53.2,53.95,33668
ARIHANT,20190816,15.2,16.8,14.4,15.4,1424
ARIHANTSUP,20190816,34.85,34.85,33.2,33.55,287
ARMANFIN,20190816,364.5,370,364,366.05,822
AROGRANITE,20190816,37.7,37.7,34.2,36.85,10340
ARROWGREEN,20190816,46.1,50.1,46.1,48.7,3419
ARROWTEX,20190816,10.55,11,10,10.65,10496
ARSHIYA,20190816,20.65,21.5,19.4,20.9,25628
ARSSINFRA,20190816,28.3,28.5,27.2,28.5,10450
ARVIND,20190816,50.9,51.35,49.25,50.9,3197667
ARVINDFASN,20190816,511,511,485.7,492.75,38549
ARVSMART,20190816,88.55,90.7,87.65,89.6,10590
ASAHIINDIA,20190816,188,197.35,186.3,195.7,8003
ASAHISONG,20190816,122,130.7,118.1,123.3,377
ASAL,20190816,33.1,33.2,31.15,31.6,1382
ASHAPURMIN,20190816,28.8,28.8,28.8,28.8,28482
ASHIANA,20190816,108,111.95,106.4,107.85,28646
ASHIMASYN,20190816,7,7.35,6.75,6.9,13038
ASHOKA,20190816,119,119.35,117.05,118.35,94272
ASHOKLEY,20190816,61.8,64.45,61.35,63.65,30292259
ASIANHOTNR,20190816,87.15,88,83.4,85.05,1853
ASIANPAINT,20190816,1571,1600.85,1561,1597.45,1682359
ASIANTILES,20190816,222.05,225,216.15,223.75,37790
ASPINWALL,20190816,140,140,138,139.3,415
ASSAMCO,20190816,1,1.1,1,1.1,232756
ASTEC,20190816,360.65,368,359.3,362.25,1117
ASTERDM,20190816,120.8,124.2,120.6,122.85,58725
ASTRAL,20190816,1235,1235,1201.25,1210.25,51904
ASTRAMICRO,20190816,77,77.85,75.25,75.4,177407
ASTRAZEN,20190816,1685,1743,1679.95,1708.1,15843
ASTRON,20190816,92,93.3,87.45,90.2,441439
ATFL,20190816,482.55,498.45,477.8,482.5,4762
ATLANTA,20190816,7.35,7.5,7.1,7.35,11434
ATLASCYCLE,20190816,39,40.4,38.35,38.9,1419
ATNINTER,20190816,0.15,0.2,0.15,0.15,1032
ATUL,20190816,3606.2,3615.3,3560,3577.25,30073
ATULAUTO,20190816,213,216,204.6,213.75,16877
AUBANK,20190816,690,699,682.5,697.45,90945
AURIONPRO,20190816,93.45,96.8,91.25,94.35,30544
AUROPHARMA,20190816,605,611.9,595.15,602.3,1924983
AUSOMENT,20190816,34.6,34.6,30.3,31,2186
AUTOAXLES,20190816,799.95,823,780,812.65,8084
AUTOIND,20190816,39.8,39.8,35.35,37.85,25621
AUTOLITIND,20190816,23.8,24.65,22.8,24.35,2340
AVADHSUGAR,20190816,219,232,205.55,224.3,104293
AVANTIFEED,20190816,300,305.9,297.15,302.65,146044
AVTNPL,20190816,19.6,20.25,19.05,20,23842
AXISBANK,20190816,664,678,656.85,675.65,7040117
AXISCADES,20190816,61.9,63.9,60.05,62.05,293153
AXISGOLD,20190816,3300,3320,3257,3267.1,302
AXISNIFTY,20190816,1128.7,1139.88,1128.7,1139.88,18
AYMSYNTEX,20190816,32,32,29.55,30.7,33756
BAFNAPHARM,20190816,4.65,4.65,4.45,4.45,1187
BAGFILMS,20190816,3.1,3.1,2.75,3.05,134016
BAJAJ-AUTO,20190816,2712.05,2760,2661.35,2750.95,600082
BAJAJCON,20190816,259.75,261,254.3,255.9,99825
BAJAJELEC,20190816,380.55,385.95,370.25,383.2,114889
BAJAJFINSV,20190816,7391,7575,7283.35,7439.4,459164
BAJAJHIND,20190816,6.1,6.15,5.9,6,1242980
BAJAJHLDNG,20190816,3348.4,3435,3220,3414.55,18356
BAJFINANCE,20190816,3280.6,3358.9,3253.35,3337.2,1758154
BALAJITELE,20190816,52.1,55,48.4,48.95,109148
BALAMINES,20190816,266,272.6,260,269,11633
BALAXI,20190816,79,82.95,78,79.05,706
BALKRISHNA,20190816,18.1,19.75,18.1,19.05,5661
BALKRISIND,20190816,734,743.75,714,719.05,630950
BALLARPUR,20190816,0.75,0.75,0.65,0.75,2512255
BALMLAWRIE,20190816,168,172.4,168,171.4,107279
BALPHARMA,20190816,43.5,43.5,39,39.95,28998
BALRAMCHIN,20190816,116.7,120,113.65,119.25,2897047
BANARBEADS,20190816,43.25,43.25,41.3,41.9,459
BANARISUG,20190816,1231,1324.9,1220,1278,525
BANCOINDIA,20190816,100.15,103.65,96.15,102.45,30388
BANDHANBNK,20190816,499,507,497.8,502.5,381844
BANG,20190816,34,34,32,33.4,5590
BANKBARODA,20190816,100.05,103.25,99.45,102.45,24121786
BANKBEES,20190816,2851.25,2882,2831.86,2878.9,3425
BANKINDIA,20190816,67.25,70,66.45,69.4,7078429
BANSWRAS,20190816,70.5,73,65.05,65.65,23632
BARTRONICS,20190816,2.45,2.7,2.25,2.3,22699
BASF,20190816,1027.95,1027.95,995,1001.95,3644
BASML,20190816,126.35,134.5,126.35,129.65,295
BATAINDIA,20190816,1458,1479.4,1450.25,1473.55,1068862
BAYERCROP,20190816,3060.05,3130.2,3032.5,3092.3,2587
BBL,20190816,899,916.95,885.1,894.25,2891
BBTC,20190816,805,815.5,799.5,803.55,24418
BCG,20190816,3.35,3.4,3.1,3.1,260374
BDL,20190816,292.6,293.95,289,290.65,9001
BEARDSELL,20190816,13.55,13.55,11.55,12.65,743
BEDMUTHA,20190816,13.2,14.3,13.2,13.95,10724
BEL,20190816,95.05,96.5,94.05,96.1,5479495
BEML,20190816,766,777.95,745.2,767.35,734090
BEPL,20190816,57.1,60.75,57,59.3,237606
BERGEPAINT,20190816,363.95,368,360.75,365.85,725682
BFINVEST,20190816,242.75,244,238,242.05,15421
BFUTILITIE,20190816,161.5,162.55,158.7,160.85,195506
BGLOBAL,20190816,1,1.05,1,1,8514
BGRENERGY,20190816,39.65,39.65,37.25,37.85,83965
BHAGERIA,20190816,114.25,114.25,104.95,106.2,7113
BHAGYANGR,20190816,20.6,22.45,20.05,20.95,8395
BHAGYAPROP,20190816,20,21,19.65,20.65,14279
BHANDARI,20190816,1.45,1.45,1.35,1.35,50974
BHARATFORG,20190816,399.7,400.95,389.2,398,1066571
BHARATGEAR,20190816,65,67,62.6,65.8,5750
BHARATRAS,20190816,4794,5000,4610,4902.15,6539
BHARATWIRE,20190816,33.45,37,32.1,34,10668
BHARTIARTL,20190816,360,365,355,361.55,5719722
BHEL,20190816,51,51.8,50.25,51.35,9602287
BIGBLOC,20190816,25.5,27.75,23.1,25.7,1370
BILENERGY,20190816,2.1,2.1,1.9,1.95,729943
BINANIIND,20190816,13.1,14.1,13.1,13.9,6138
BINDALAGRO,20190816,10.95,11.45,10.15,10.7,179184
BIOCON,20190816,225.1,231.45,224,228,4433182
BIOFILCHEM,20190816,5.65,5.65,5.65,5.65,625
BIRLACABLE,20190816,45.65,53.7,45.15,51.1,478104
BIRLACORPN,20190816,565,570,559.7,566.35,18236
BIRLAMONEY,20190816,32.7,33.65,32,32.6,22944
BKMINDST,20190816,1.65,1.65,1.65,1.65,4085
BLBLIMITED,20190816,3.4,3.4,3.3,3.3,16661
BLISSGVS,20190816,99,99.7,96.15,97.55,134049
BLKASHYAP,20190816,9.2,9.6,9.2,9.3,5749
BLS,20190816,80.05,82,79.8,81.35,11904
BLUEDART,20190816,2270.05,2310,2260.55,2300.1,1992
BLUESTARCO,20190816,702.1,721.75,697.5,699.65,45010
BODALCHEM,20190816,76.9,76.9,69,74.2,158900
BOMDYEING,20190816,71.45,74.8,70.15,73.4,952728
BOROSIL,20190816,122.65,131.05,122.65,127.3,43328
BOSCHLTD,20190816,13240,13825,13017.7,13742.65,25058
BPCL,20190816,355.5,355.9,346.35,351.2,2590335
BPL,20190816,17.5,17.75,17,17.1,33316
BRFL,20190816,5.4,5.4,5.15,5.2,9640
BRIGADE,20190816,263.5,274,263.5,270.75,59237
BRITANNIA,20190816,2500,2505,2442,2499.45,734216
BRNL,20190816,82.9,82.9,75.3,76.9,3807
BROOKS,20190816,41.35,41.35,38.45,38.85,8324
BSE,20190816,456.05,458.9,446.2,449.9,155306
BSELINFRA,20190816,1.1,1.1,1,1.05,25651
BSL,20190816,26.5,26.5,23.3,24.5,1744
BSLGOLDETF,20190816,3550,3699.95,3422,3499,449
BSLNIFTY,20190816,119,119.72,118.4,119.02,55
BSOFT,20190816,60.1,61.5,57.8,60.85,1239323
BURNPUR,20190816,1.45,1.45,1.45,1.45,10825
BUTTERFLY,20190816,150,155,150,153.7,5619
BYKE,20190816,17.2,17.2,16.85,16.9,129013
CADILAHC,20190816,218,219,214.75,217.75,1616550
CALSOFT,20190816,17.9,17.9,16.7,17.15,41029
CAMLINFINE,20190816,60.35,60.85,58.05,59.7,76270
CANBK,20190816,224.4,239,222,236,7507178
CANFINHOME,20190816,376,379.1,372.1,375.4,140329
CANTABIL,20190816,224,229.95,207.6,223.8,13820
CAPACITE,20190816,219.9,220,216.95,219.9,24202
CAPLIPOINT,20190816,454.5,455,441,445.4,20206
CAPTRUST,20190816,58.6,64.35,58.6,64.35,1141
CARBORUNIV,20190816,273.8,283,271.3,281.6,13253
CAREERP,20190816,65.1,66.95,65,66.3,11159
CARERATING,20190816,565,581.35,550.2,573,51068
CASTEXTECH,20190816,0.6,0.6,0.55,0.6,100928
CASTROLIND,20190816,116.1,120.25,115.25,119.1,1008549
CCHHL,20190816,3.9,3.9,3.6,3.6,37672
CCL,20190816,240.2,245,239.8,243.3,17675
CDSL,20190816,188.6,191.15,188,190.65,52454
CEATLTD,20190816,871,872.75,847.25,855.6,108950
CEBBCO,20190816,13.5,14.55,13.15,13.75,33786
CELEBRITY,20190816,7.9,7.9,7.2,7.9,33512
CELESTIAL,20190816,3.65,3.65,3.65,3.65,11453
CENTENKA,20190816,182.8,182.8,176.25,177.35,13349
CENTEXT,20190816,2.95,2.95,2.85,2.9,14605
CENTRALBK,20190816,18.75,18.9,18.25,18.8,454967
CENTRUM,20190816,26.8,26.8,25.8,26.35,99997
CENTUM,20190816,436.05,436.05,402,411.8,20856
CENTURYPLY,20190816,132,135.8,131.95,134.75,331022
CENTURYTEX,20190816,894.9,910.5,873,906.2,656244
CERA,20190816,2465,2500.9,2402,2432.5,6333
CEREBRAINT,20190816,23.7,23.75,22.1,23.35,369337
CESC,20190816,758.3,811.95,755.9,788.95,1277371
CESCVENT,20190816,389,399.95,389,398.15,46732
CGCL,20190816,160,162.95,155.25,159.25,415323
CGPOWER,20190816,18,18.2,17.3,18,1676608
CHALET,20190816,348.7,348.7,335.4,345.35,39240
CHAMBLFERT,20190816,144.45,148,143.5,146.65,96259
CHEMFAB,20190816,161,161,160,160.05,268
CHENNPETRO,20190816,195,197.85,192.8,194.2,118363
CHOLAFIN,20190816,266.4,267.5,261.5,265.35,704170
CHOLAHLDNG,20190816,466,472,464.45,470.4,17142
CHROMATIC,20190816,0.55,0.6,0.55,0.55,10093
CIGNITITEC,20190816,267.85,267.85,257.05,257.6,5060
CIMMCO,20190816,19.6,20.9,19.3,19.7,34483
CINELINE,20190816,28.2,30.35,28.15,30.2,15047
CINEVISTA,20190816,6.9,6.9,6.6,6.6,1059
CIPLA,20190816,477,483.4,474.5,476.1,1279325
CKFSL,20190816,1.45,1.45,1.45,1.45,12707
CLEDUCATE,20190816,91.6,91.6,88.95,91,2263
CLNINDIA,20190816,294.35,305.2,291.4,301.6,13261
CMICABLES,20190816,61.15,62.45,58.95,59.95,19291
CNOVAPETRO,20190816,9,9.45,8.75,9.45,3746
COALINDIA,20190816,200,202.85,199.7,201.95,12556891
COCHINSHIP,20190816,346,351,345,348.4,29534
COFFEEDAY,20190816,62.7,62.7,62.7,62.7,283744
COLPAL,20190816,1196.3,1201.55,1182.45,1198.05,325160
COMPINFO,20190816,10,10.55,10,10.4,19239
COMPUSOFT,20190816,8.35,8.6,8.1,8.45,10252
CONCOR,20190816,477.9,477.9,467.5,469.05,545392
CONFIPET,20190816,26.5,26.55,25.7,25.8,148416
CONSOFINVT,20190816,35,39.8,33.5,38.35,5439
CONTROLPR,20190816,229.95,234,227.3,231.9,821
CORALFINAC,20190816,12.15,13,12.1,12.55,27243
CORDSCABLE,20190816,42.95,43.9,40.15,40.95,5461
COROMANDEL,20190816,346,346,336.6,342.95,380355
CORPBANK,20190816,19.5,19.7,19.1,19.3,229623
COSMOFILMS,20190816,219.65,230,219.1,228.6,20179
COUNCODOS,20190816,1.8,1.8,1.75,1.75,20081
COX&KINGS,20190816,7.1,7.1,7.1,7.1,1455445
CPSEETF,20190816,22.66,22.99,22.58,22.87,11173635
CREATIVE,20190816,73.05,76.5,72.05,72.1,1653
CREATIVEYE,20190816,1.5,1.5,1.5,1.5,104
CREDITACC,20190816,506,525,505.1,515.45,79805
CREST,20190816,80.2,85,75,77.5,12462
CRISIL,20190816,1257,1276,1227.5,1260,19406
CRMFGETF,20190816,3550,4200,3500.55,3525,68
CROMPTON,20190816,227.9,227.9,225.1,226.5,1140113
CTE,20190816,27.9,29.3,27,27.9,3481
CUB,20190816,191.3,197,190,195.35,1469867
CUBEXTUB,20190816,10.05,10.9,10.05,10.9,178
CUMMINSIND,20190816,585,597,582.25,594.7,522937
CUPID,20190816,127.95,130.75,126.55,128.15,15000
CYBERTECH,20190816,45,52.5,45,49.1,45731
CYIENT,20190816,440,440.3,419.85,430.65,128005
DAAWAT,20190816,22.45,22.45,21.8,22.05,396250
DABUR,20190816,430.95,431.6,427.1,428.05,1115520
DALBHARAT,20190816,975.5,1006.45,960,998.4,20917
DALMIASUG,20190816,78.95,82.45,77.6,80.7,267833
DAMODARIND,20190816,30.9,30.9,28.3,30,1976
DATAMATICS,20190816,75,77.25,73.55,74.65,17903
DBCORP,20190816,155.45,159,153.3,157.2,10954
DBL,20190816,399.2,401.3,392.4,395.2,423148
DBREALTY,20190816,7.35,7.55,7.15,7.2,273426
DBSTOCKBRO,20190816,9.5,9.5,9.5,9.5,3
DCAL,20190816,187.8,188,174.4,178.2,269069
DCBBANK,20190816,193,207,193,205.7,1241747
DCM,20190816,21.1,22,20.45,21,8625
DCMNVL,20190816,23.3,31.85,23.3,29.8,3900
DCMSHRIRAM,20190816,397.8,427.45,392.05,407.2,307868
DCW,20190816,14.9,15.5,14.9,15.3,76136
DECCANCE,20190816,368,370,363.1,365.3,6904
DEEPAKFERT,20190816,84.25,86,83.55,84.6,97107
DEEPAKNTR,20190816,267.95,274,265.1,271.15,123634
DEEPIND,20190816,104.2,109.2,104.2,106.55,6227
DELTACORP,20190816,165,165,156.1,157.45,532190
DELTAMAGNT,20190816,37.55,40.9,37.55,40.9,144
DEN,20190816,68.1,68.5,65.3,65.6,68497
DENORA,20190816,236.55,236.55,225.1,228.6,1631
DFMFOODS,20190816,257.1,270,257.1,265.15,237596
DGCONTENT,20190816,7.1,8,7.1,7.8,132765
DHAMPURSUG,20190816,146,160,144.15,156.45,903776
DHANBANK,20190816,13.75,13.75,13.25,13.45,325499
DHANUKA,20190816,323.9,330.75,315,325.35,5631
DHARSUGAR,20190816,6.7,6.85,6.35,6.55,3898
DHFL,20190816,45.8,46.95,45,45.95,11417576
DHUNINV,20190816,210.05,219.8,205.7,213.9,1822
DIAMONDYD,20190816,797,797,750.3,763.35,602
DICIND,20190816,306.1,329,303.55,312.7,226
DIGJAMLTD,20190816,1.25,1.25,1.25,1.25,21808
DISHTV,20190816,24.35,24.7,23.5,24.3,20299449
DIVISLAB,20190816,1522.5,1522.5,1490.25,1507.3,913721
DIXON,20190816,2335.5,2409.95,2288.7,2364.9,51028
DLF,20190816,174.9,179.8,172.6,177.65,5364795
DLINKINDIA,20190816,89.45,92.8,88.2,90.5,21711
DMART,20190816,1484,1500,1472,1492.7,445359
DNAMEDIA,20190816,0.45,0.5,0.4,0.5,5610
DOLLAR,20190816,212.45,216.95,209.35,215.85,832
DOLPHINOFF,20190816,19.8,20.8,19.5,20.15,39984
DONEAR,20190816,27.35,27.5,25.25,27.15,30928
DPSCLTD,20190816,12.2,13.25,12.2,13.1,22190
DQE,20190816,3.2,3.2,3.05,3.05,11149
DREDGECORP,20190816,313,342,307.4,333.25,544651
DRREDDY,20190816,2529,2529,2465,2492.55,797845
DSSL,20190816,28,29.3,27.6,27.95,5459
DTIL,20190816,179.35,179.45,163.05,165.8,1941
DUCON,20190816,6.1,6.25,5.65,5.9,106934
DVL,20190816,76.1,76.1,73.25,73.55,16603
DWARKESH,20190816,22.8,24.25,21.85,22.95,1092116
DYNAMATECH,20190816,1249,1280,1201,1224.95,476
DYNPRO,20190816,117,124.85,117,124.05,10459
EASTSILK,20190816,0.85,0.95,0.85,0.85,840
EASUNREYRL,20190816,3.7,4,3.7,3.7,15761
EBANK,20190816,3299.99,3300,3299.99,3300,2
ECLERX,20190816,503,532.95,481.2,491.6,45100
EDELWEISS,20190816,143,143.4,132.65,133.75,1756499
EICHERMOT,20190816,16600,16720,16183.4,16600.45,172899
EIDPARRY,20190816,149,153,148,149.05,41075
EIHAHOTELS,20190816,287.95,293.95,285,289.1,440
EIHOTEL,20190816,159.5,159.95,154,155.45,57938
EIMCOELECO,20190816,305.8,305.8,273.5,285.6,3177
EKC,20190816,20.5,21,19.55,20.05,45777
ELAND,20190816,5.9,5.9,5.4,5.4,10592
ELECON,20190816,30.4,32,30,30.5,45818
ELECTCAST,20190816,14.85,15.45,14.8,14.85,43099
ELECTHERM,20190816,149.3,164.95,143.15,159.3,23409
ELGIEQUIP,20190816,241,246,239.2,244.3,55095
ELGIRUBCO,20190816,20,20,17.1,17.35,2218
EMAMILTD,20190816,298.7,304.4,295.55,301.45,212120
EMAMIPAP,20190816,94.85,95,90.15,92.3,6403
EMAMIREAL,20190816,46.6,47.6,46.25,46.45,7076
EMCO,20190816,1.25,1.25,1.25,1.25,14116
EMKAY,20190816,58.1,58.1,55.1,56.5,4852
EMMBI,20190816,126.1,138,121.85,125.35,12592
ENDURANCE,20190816,834,874,825.05,866.6,56016
ENERGYDEV,20190816,4.85,5,4.85,4.85,9045
ENGINERSIN,20190816,102.8,107.95,102.8,104.3,3092482
ENIL,20190816,372,390,372,378.3,1400
EON,20190816,14.4,14.4,13.7,14.2,3025
EQUITAS,20190816,109.5,113.4,107.9,112.2,1438421
ERIS,20190816,391,399,385,395.6,43034
EROSMEDIA,20190816,10.9,10.9,10.65,10.9,609200
ESABINDIA,20190816,1061,1145,1033.6,1056.1,6127
ESCORTS,20190816,464.9,473.3,455.7,467.8,2129835
ESSARSHPNG,20190816,7.2,7.3,6.65,6.85,11615
ESSELPACK,20190816,102,104.9,89,99.75,402057
ESTER,20190816,32.5,40.35,32.5,39.75,630756
EUROCERA,20190816,0.65,0.7,0.6,0.65,1624
EUROMULTI,20190816,0.35,0.35,0.35,0.35,300
EUROTEXIND,20190816,11.6,11.6,11.15,11.15,1902
EVEREADY,20190816,78.1,82.5,77,77.45,99191
EVERESTIND,20190816,331.8,336.95,325.1,327.5,14801
EXCEL,20190816,0.9,0.9,0.9,0.9,79911
EXCELCROP,20190816,2655.05,2677.35,2611,2618.25,2500
EXCELINDUS,20190816,780,780,740,763.55,4593
EXIDEIND,20190816,180,180.95,177.8,178.75,696471
EXPLEOSOL,20190816,275,275.05,270.8,272.05,5024
FACT,20190816,35.85,36.85,34.9,35.9,53254
FAIRCHEM,20190816,498.9,514,496.05,510.55,5166
FCL,20190816,25.55,26.7,25.55,25.7,49446
FCONSUMER,20190816,33.5,33.65,32.1,33.1,416507
FCSSOFT,20190816,0.3,0.35,0.3,0.3,590925
FDC,20190816,163.05,164.25,158.5,159.35,22832
FEDERALBNK,20190816,84.5,85.6,83.65,85.3,4898875
FEL,20190816,29,29.65,27.4,27.9,306513
FELDVR,20190816,27.55,28.25,27.05,27.95,2774
FIEMIND,20190816,389,390.05,381,384.25,8255
FILATEX,20190816,38.65,41.9,37.6,37.85,63684
FINCABLES,20190816,364.75,368,351,360.6,41195
FINEORG,20190816,1439.9,1439.9,1400.05,1430.5,4550
FINPIPE,20190816,530,530,509,512.7,41497
FLEXITUFF,20190816,12.15,13.4,11.85,12.95,11594
FLFL,20190816,451.4,451.4,444.95,447.35,6418
FMGOETZE,20190816,500,525,490.05,511.65,18348
FMNL,20190816,30.95,30.95,30.95,30.95,4541
FORTIS,20190816,127,127.35,123.75,125.45,284357
FOSECOIND,20190816,1181,1181.95,1170.1,1171.8,291
FRETAIL,20190816,415.1,423,413,418.7,284750
FSC,20190816,505.05,524,505.05,511.3,4714
FSL,20190816,46.6,49.4,46.1,48.55,1987678
GABRIEL,20190816,99.35,99.35,95.35,96.65,23199
GAEL,20190816,125,134,125,131,26000
GAIL,20190816,128.7,131.45,124.25,129.65,15324865
GAL,20190816,3.4,3.65,3.25,3.55,52306
GALAXYSURF,20190816,1210,1273.9,1207.9,1260.45,17325
GALLANTT,20190816,25.65,29.75,25.65,26.45,13497
GALLISPAT,20190816,24.55,25,24.15,24.85,2767
GAMMNINFRA,20190816,0.35,0.4,0.35,0.4,375033
GANDHITUBE,20190816,318.75,318.75,303.4,312.1,2179
GANECOS,20190816,264.7,264.75,245.95,254.6,17727
GANESHHOUC,20190816,34,34.8,32.7,33.3,29091
GANGESSECU,20190816,38.25,38.25,35,36.4,1725
GARDENSILK,20190816,10.5,10.5,9.7,9.85,42556
GARFIBRES,20190816,984.3,1104.95,980,1020.45,8511
GATI,20190816,40.95,42.9,39.9,42.5,591746
GAYAHWS,20190816,0.6,0.7,0.6,0.7,16646
GAYAPROJ,20190816,132.7,138.5,131.8,133,26742
GDL,20190816,105.2,109,101.5,102.8,356065
GEECEE,20190816,85.95,86,77.15,78,5518
GENESYS,20190816,99,99,90.1,91,27082
GENUSPAPER,20190816,4.7,4.85,4.2,4.75,58877
GENUSPOWER,20190816,21,21.5,20.2,21.35,70825
GEOJITFSL,20190816,22.4,23.1,22.35,22.45,386071
GEPIL,20190816,740,770,728.05,751,16210
GESHIP,20190816,235.85,237,231.25,236.2,65164
GET&D,20190816,159,161.45,155,156.15,20138
GFLLIMITED,20190816,70.65,70.65,70.65,70.65,2591
GHCL,20190816,202,204,201.05,201.55,16482
GICHSGFIN,20190816,215,217,193,195.8,205281
GICRE,20190816,186,188,181,183.35,130690
GILLANDERS,20190816,31,31.9,30,31.65,214
GILLETTE,20190816,7150,7150.2,6988.15,7059.3,9912
GINNIFILA,20190816,8.1,8.45,8.05,8.1,16545
GIPCL,20190816,71.25,72.05,71.2,71.85,68419
GKWLIMITED,20190816,700,724.95,670,689.25,181
GLAXO,20190816,1208,1218.75,1196,1213.25,61631
GLENMARK,20190816,379.95,381.9,356.2,361.15,4823411
GLOBALVECT,20190816,57.65,57.65,57.65,57.65,869
GLOBOFFS,20190816,6.3,6.65,6.2,6.45,2678
GLOBUSSPR,20190816,106.6,106.6,100.65,101.85,16937
GMBREW,20190816,380,387.05,380,380.2,14592
GMDCLTD,20190816,66,66.6,64.75,66.2,66170
GMMPFAUDLR,20190816,1324.05,1360,1324.05,1341.3,5996
GMRINFRA,20190816,15,15.4,14.8,15.25,8272210
GNA,20190816,227.85,227.85,220.8,222.15,19371
GNFC,20190816,195,195.65,191.1,194.5,247600
GOACARBON,20190816,253.4,257.85,249,252.4,41568
GOCLCORP,20190816,304.7,314.5,300.25,310.7,4869
GODFRYPHLP,20190816,852.5,1026.3,835.7,994.3,1004587
GODREJAGRO,20190816,449,450.95,445.25,448.2,70494
GODREJCP,20190816,629.8,638,612.4,622.85,1026470
GODREJIND,20190816,450,459.95,437.05,454.7,176169
GODREJPROP,20190816,899.1,921.9,893.4,916.35,143195
GOKEX,20190816,79.05,80.5,74.7,77.1,39614
GOKUL,20190816,12.7,13,12.65,13,11852
GOKULAGRO,20190816,12.7,13.3,12.4,12.9,2993
GOLDBEES,20190816,3295.2,3320.05,3283.3,3290.3,28539
GOLDENTOBC,20190816,30.7,30.7,28.05,29.65,1964
GOLDIAM,20190816,92.85,94.6,91,93.3,20979
GOLDSHARE,20190816,3333,3350,3325,3336.7,672
GOLDTECH,20190816,11.35,11.35,10.85,10.85,18633
GOODLUCK,20190816,56.1,56.3,54,55.05,16635
GPIL,20190816,170.7,176.9,167.4,172.75,43095
GPPL,20190816,81.45,81.45,77.4,77.95,104916
GPTINFRA,20190816,38.9,40.85,38.9,39.9,84
GRANULES,20190816,93.1,95.5,92,93.9,395579
GRAPHITE,20190816,284.75,291.85,284,289.1,832645
GRASIM,20190816,725.1,757.35,719.25,752.25,2543244
GRAVITA,20190816,37,37.95,36.5,36.8,11090
GREAVESCOT,20190816,116.25,118.45,115.1,117.7,250588
GREENLAM,20190816,695.3,710.6,682.45,703,7055
GREENPLY,20190816,140,143.9,137,140.25,300402
GREENPOWER,20190816,2.55,2.55,2.45,2.5,97037
GRINDWELL,20190816,539.85,556.45,539.85,550.25,24564
GROBTEA,20190816,260.5,270.25,260.5,270.1,145
GRPLTD,20190816,875,940.05,875,933.3,196
GRSE,20190816,130.05,130.1,126.55,127.95,114758
GRUH,20190816,258.1,265.6,258.1,263.7,364393
GSCLCEMENT,20190816,17.35,17.75,17.35,17.5,5071
GSFC,20190816,71.15,71.8,69.6,71.3,305036
GSKCONS,20190816,7916.75,7946.75,7830.3,7914.2,3996
GSPL,20190816,222,222,216.1,219.85,726179
GSS,20190816,41.9,41.9,38.5,38.75,87845
GTL,20190816,2.5,2.5,2.2,2.4,69166
GTLINFRA,20190816,0.55,0.6,0.55,0.55,661095
GTNIND,20190816,5.8,6.25,5.7,5.95,3582
GTNTEX,20190816,6.55,7.6,6.35,7.1,27778
GTPL,20190816,76,78,74.1,75.65,17002
GUFICBIO,20190816,55.2,55.5,54,54.65,117716
GUJALKALI,20190816,414,414,407.15,409.15,17220
GUJAPOLLO,20190816,119.3,119.3,115.05,118.45,13
GUJGASLTD,20190816,188.5,188.5,183.05,184.2,243305
GULFOILLUB,20190816,776,813.4,776,805.3,1599
GULFPETRO,20190816,40.3,41,39.05,39.8,4784
GULPOLY,20190816,38.5,38.5,36.5,37.9,13247
GVKPIL,20190816,4.35,4.55,4.3,4.4,1461481
HAL,20190816,660,662.5,646.1,652.5,7621
HARITASEAT,20190816,395.8,415,390.15,402.35,3333
HARRMALAYA,20190816,48.25,49.9,45.9,46.2,27789
HATHWAY,20190816,25.45,25.45,24.3,24.45,249541
HATSUN,20190816,601,640,601,622.5,2004
HAVELLS,20190816,652.9,661.5,648,651.35,932235
HAVISHA,20190816,0.8,0.8,0.8,0.8,765
HBLPOWER,20190816,17.3,17.5,16.5,16.55,157141
HCC,20190816,8,8.15,8,8.05,636745
HCG,20190816,127,132.5,117.4,122.15,20947
HCL-INSYS,20190816,9.1,9.25,8.9,9.05,245914
HCLTECH,20190816,1076.9,1076.9,1050.5,1062.75,1554110
HDFC,20190816,2160,2162,2092.5,2100,7231763
HDFCAMC,20190816,2200.3,2269,2191.1,2261.8,266030
HDFCBANK,20190816,2214,2233,2204.1,2227.7,3811890
HDFCLIFE,20190816,515,543,513.6,540.15,11397991
HDFCMFGETF,20190816,3425,3484,3381,3387.75,12856
HDFCNIFETF,20190816,1151.28,1163.85,1149.69,1161.26,923
HDFCSENETF,20190816,3980,3980,3910,3924.51,18
HDIL,20190816,11.7,11.7,11.1,11.25,1599478
HEG,20190816,945,972.7,926,960.5,675801
HEIDELBERG,20190816,187.7,202,187.7,198.3,275674
HERCULES,20190816,81.3,81.3,78.7,79.75,6991
HERITGFOOD,20190816,343.5,357.85,341.5,343.8,33587
HEROMOTOCO,20190816,2561.55,2680,2547.05,2669,1373556
HESTERBIO,20190816,1723,1723,1662.45,1684.7,895
HEXATRADEX,20190816,10.5,10.95,10.5,10.75,118
HEXAWARE,20190816,380,388.7,378,387.3,1469057
HFCL,20190816,18.75,19.05,18.7,18.8,1320086
HGINFRA,20190816,233.7,233.7,222,224.2,20203
HGS,20190816,565.05,576.7,565,566.3,439
HIGHGROUND,20190816,1.75,1.8,1.7,1.8,12698
HIKAL,20190816,148.8,148.8,145.4,147.55,33986
HIL,20190816,1260,1335,1236,1280.5,10724
HILTON,20190816,10.25,10.25,9.05,9.5,6574
HIMATSEIDE,20190816,135.85,137.7,135,136.5,34199
HINDALCO,20190816,179.1,181.5,173.7,179.8,7169006
HINDCOMPOS,20190816,180,191.95,178,188.55,1237
HINDCOPPER,20190816,31.2,33.25,30.2,32.55,1233067
HINDMOTORS,20190816,5.45,5.9,5.35,5.75,64654
HINDNATGLS,20190816,22.15,24.25,22.1,22.55,283
HINDOILEXP,20190816,103.9,106,100,102.65,213040
HINDPETRO,20190816,245.9,250.4,241.65,245.5,3529116
HINDSYNTEX,20190816,3.35,3.35,3.35,3.35,219
HINDUJAVEN,20190816,318.95,318.95,308.1,312.05,18632
HINDUNILVR,20190816,1838,1847.55,1816.05,1828.65,1468390
HINDZINC,20190816,204.95,208,199.25,206.85,2070527
HIRECT,20190816,130,135,124.4,127.75,3976
HISARMETAL,20190816,42.05,44.4,40.1,43.4,1443
HITECH,20190816,184.15,184.15,175.3,179.4,585
HITECHCORP,20190816,78,84.4,76.4,82,4694
HITECHGEAR,20190816,169.05,174.9,166,174.6,129
HMVL,20190816,73.7,76.4,73.65,75.75,5882
HNGSNGBEES,20190816,3101,3457.99,2970.1,3024.3,358
HONAUT,20190816,23550,23550,23060,23172.1,495
HONDAPOWER,20190816,895,895,870.95,879.65,4967
HOTELEELA,20190816,7.45,7.45,7.15,7.25,71130
HOVS,20190816,80,82.1,77.5,80.15,6196
HPL,20190816,41.85,42.6,39.65,40.85,69477
HSCL,20190816,80.7,84.5,80.7,81.95,213351
HSIL,20190816,226.1,238,221.6,234.85,175466
HTMEDIA,20190816,24.95,24.95,23.8,24.55,90825
HUBTOWN,20190816,16,16.35,15.95,16.1,50505
HUDCO,20190816,33.45,33.45,32.65,33.15,531269
IBMFNIFTY,20190816,112.55,112.55,104.27,105.5,216
IBREALEST,20190816,79.2,81.45,77.05,79.9,4505500
IBULHSGFIN,20190816,521.5,562.5,498,550.75,35839314
IBULISL,20190816,99.65,109.3,99.65,104.4,210088
IBVENTURES,20190816,203,208.4,197.25,204,1214504
ICICI500,20190816,143.78,145.3,143.58,145.28,127445
ICICIB22,20190816,33.01,33.67,33.01,33.53,75695
ICICIBANK,20190816,417.8,420,412.1,418.95,15154141
ICICIBANKN,20190816,278,282.89,277.39,282.65,8159
ICICIBANKP,20190816,155.88,158.8,155.02,158.8,2889
ICICIGI,20190816,1150,1173.6,1132.1,1167.35,426047
ICICIGOLD,20190816,34.55,34.55,33.05,33.7,37896
ICICILIQ,20190816,999.95,1000,999.95,999.99,24439
ICICILOVOL,20190816,86.22,86.77,85.98,86.77,142
ICICIMCAP,20190816,62.9,62.9,58,59.24,26012
ICICINF100,20190816,118.56,119.47,118.56,119.16,164
ICICINIFTY,20190816,126,126,113.8,116.45,142799
ICICINV20,20190816,52.6,54.5,43.1,53.94,12171
ICICINXT50,20190816,27.5,27.5,25.98,26.28,17465
ICICIPRULI,20190816,385,390,376.15,389.2,3361849
ICICISENSX,20190816,400,407,392.66,397.14,2111
ICIL,20190816,45,46,43.65,43.95,227565
ICRA,20190816,2936.95,2937,2800.8,2839.9,353
ICSA,20190816,1.65,1.65,1.65,1.65,11221
IDBI,20190816,24.6,25.5,23.95,24.9,19838462
IDBIGOLD,20190816,3455,3519.65,3421.05,3426.05,445
IDEA,20190816,5.65,6.85,5.4,6.45,253502013
IDFC,20190816,33.4,34.75,32,34.3,3316158
IDFCFIRSTB,20190816,44,46.05,43.5,45.75,20583633
IDFNIFTYET,20190816,114.48,114.48,114.48,114.48,3
IEX,20190816,146.6,149.95,142.55,143.35,981504
IFBAGRO,20190816,322.5,327.95,302.65,310.2,1410
IFBIND,20190816,637,649.5,625.95,642.7,3828
IFCI,20190816,7.8,7.8,7.3,7.35,1003084
IFGLEXPOR,20190816,154,155.5,145.05,154.4,696
IGARASHI,20190816,197.5,206,194,195.2,11657
IGL,20190816,316.45,330.5,316.4,327.1,5900165
IGPL,20190816,175.45,175.45,164.05,166.65,15937
IIFL,20190816,115,116.25,110,112.45,62551
IITL,20190816,55.7,62.5,51.3,55.1,618
IMFA,20190816,153.95,155.15,151.05,153.1,3270
IMPAL,20190816,820,820,802,807.9,301
IMPEXFERRO,20190816,0.3,0.35,0.3,0.35,7196
INDBANK,20190816,7.25,7.45,7.15,7.4,9112
INDHOTEL,20190816,135,135.55,130.25,132.45,1515380
INDIACEM,20190816,79.55,79.75,77.65,78.35,1823348
INDIAGLYCO,20190816,210,210.5,204.4,205.85,34082
INDIAMART,20190816,1130,1170,1114.8,1149.9,21968
INDIANB,20190816,183.55,185.65,178.6,183.9,621418
INDIANCARD,20190816,94,95,85.05,91.9,878
INDIANHUME,20190816,261,265.2,261,262.65,10023
INDIGO,20190816,1572,1615.35,1572,1600.9,1567364
INDLMETER,20190816,22.35,22.35,22.35,22.35,2450
INDNIPPON,20190816,339.85,348,337.15,345.55,4590
INDOCO,20190816,154.05,155.4,150.1,151.95,6777
INDORAMA,20190816,30.05,31.3,29.25,29.9,5488
INDOSTAR,20190816,281,284.45,274,278.25,14673
INDOTECH,20190816,80.1,81.4,79.85,81,680
INDOTHAI,20190816,22.1,22.7,21.45,21.5,2560
INDOWIND,20190816,2.9,3.15,2.9,3.05,20480
INDRAMEDCO,20190816,35.75,36.2,35.7,36.05,25941
INDSWFTLAB,20190816,34.5,36,34.2,35.7,240424
INDSWFTLTD,20190816,4.05,4.1,3.6,3.9,3082
INDTERRAIN,20190816,81.55,87.45,78.25,83.9,2474
INDUSINDBK,20190816,1380,1445,1375,1439.1,3127077
INEOSSTYRO,20190816,391.1,399,375,389.65,2176
INFIBEAM,20190816,43.2,43.25,42.2,43.15,779427
INFOBEAN,20190816,62.25,64,59,63,378
INFRABEES,20190816,309.55,313.58,309.23,311.87,1283
INFRATEL,20190816,249,251,243.5,249.2,2114865
INFY,20190816,780,780.05,762.5,774.55,5128088
INGERRAND,20190816,591.9,594,583.5,592.2,11133
INOXLEISUR,20190816,281.25,297,280.6,291.95,446303
INOXWIND,20190816,44.55,45.9,41.55,42,173796
INSECTICID,20190816,617.4,617.7,604.85,612.95,3454
INSPIRISYS,20190816,44.25,46,44.25,45.95,1000
INTELLECT,20190816,216,222,213.15,219.8,107600
INTENTECH,20190816,24.5,25.75,24.05,24.85,6636
INVENTURE,20190816,11.4,12.15,11.4,12.15,5
IOB,20190816,10.2,10.25,10.05,10.15,616717
IOC,20190816,127,127.4,125.25,126.25,8055593
IOLCP,20190816,192.45,192.45,185.35,186.7,178813
IPAPPM,20190816,436.65,442.95,436.65,441.95,84124
IPCALAB,20190816,937,948,930.1,938.45,318214
IRB,20190816,91.6,91.6,89.1,90.5,421708
IRCON,20190816,351.5,355.05,349.5,353.4,25409
ISEC,20190816,205.05,212.4,205.05,210.35,33790
ISFT,20190816,68.5,70.2,67.5,67.95,165
ISMTLTD,20190816,4.1,4.35,3.8,4.2,25858
ITC,20190816,248.75,253.4,247.4,253,10337358
ITDC,20190816,168.75,188,167.3,183.65,45969
ITDCEM,20190816,71.05,74,70.1,72.4,442318
ITI,20190816,71,76.6,69.5,75.25,1130647
IVC,20190816,3.25,3.45,3.05,3.4,220180
IVP,20190816,69,69,64,68,269
IVRCLINFRA,20190816,0.45,0.5,0.45,0.45,174415
IVZINGOLD,20190816,3450,3450,3366,3384.95,21
IZMO,20190816,28,29.1,26.5,28.8,8647
J&KBANK,20190816,38.85,39.2,37.45,37.75,1048234
JAGRAN,20190816,66.2,67.5,65.1,66.9,199076
JAGSNPHARM,20190816,23.15,23.65,22.7,22.7,3584
JAIBALAJI,20190816,16.7,17.45,16.55,17.1,14286
JAICORPLTD,20190816,75.4,77.3,73.85,75.7,699655
JAMNAAUTO,20190816,33.35,34.9,32.85,33.5,879275
JAYAGROGN,20190816,145,148.75,139.1,145.2,3374
JAYBARMARU,20190816,141,145,140.6,144.45,9978
JAYNECOIND,20190816,4.1,4.1,3.9,4.1,9801
JAYSREETEA,20190816,43,43.45,40.4,42.15,78146
JBCHEPHARM,20190816,375.45,377.9,374,375.9,23045
JBFIND,20190816,8.1,8.1,7.65,7.95,35487
JBMA,20190816,154.9,154.9,147,147.75,6646
JCHAC,20190816,1532.25,1610,1515,1575.8,55821
JETAIRWAYS,20190816,40.3,40.3,40.3,40.3,30139
JHS,20190816,15.5,16,14.85,14.95,31309
JINDALPHOT,20190816,15.3,15.85,15.25,15.8,2600
JINDALPOLY,20190816,252,254,236.25,247.45,48432
JINDALSAW,20190816,68.05,71.4,67.15,70.6,928912
JINDALSTEL,20190816,102.25,106.4,99.9,103.8,31732377
JINDCOT,20190816,3.85,4.05,3.85,4.05,81017
JINDRILL,20190816,72.05,73.5,69.25,69.9,5121
JINDWORLD,20190816,70.4,71.85,68.65,69.8,46838
JISLDVREQS,20190816,15.3,16.05,14.8,16.05,19203
JISLJALEQS,20190816,21,22.25,21,21.75,1649296
JITFINFRA,20190816,7.4,7.4,6.85,7.4,2286
JKCEMENT,20190816,988.9,1019,980,1013.8,33346
JKIL,20190816,136.9,138.8,134.25,136.05,109542
JKLAKSHMI,20190816,326.75,329.75,322.05,326.5,71896
JKPAPER,20190816,107,109.4,106.05,107.65,423355
JKTYRE,20190816,56.75,56.85,55.2,56.1,349536
JMA,20190816,21.8,22.65,21.8,22.65,293
JMCPROJECT,20190816,112.05,117.7,109,116.75,17268
JMFINANCIL,20190816,70.6,73.9,69.1,73.55,311285
JMTAUTOLTD,20190816,1.5,1.5,1.45,1.45,26586
JOCIL,20190816,80.05,81.9,77,80.85,1383
JPASSOCIAT,20190816,2.45,2.45,2.4,2.4,1889564
JPINFRATEC,20190816,1.15,1.25,1.15,1.15,470260
JPOLYINVST,20190816,16.85,17.85,16.6,17.35,296
JPPOWER,20190816,1.7,1.75,1.65,1.65,373435
JSL,20190816,31.1,31.65,30.05,31.05,218389
JSLHISAR,20190816,67.15,68.5,65.7,66.7,74014
JSWENERGY,20190816,66.8,68,66.7,67.9,327106
JSWHL,20190816,2657,2719.9,2657,2689.65,744
JSWSTEEL,20190816,226.35,228.95,221.6,227.15,6083438
JTEKTINDIA,20190816,75,76.15,73.2,74,25785
JUBILANT,20190816,438,455.6,432.85,446.95,252082
JUBLFOOD,20190816,1124,1128.2,1103.55,1113.05,1378887
JUBLINDS,20190816,114,118.25,108.05,111.6,14955
JUNIORBEES,20190816,269.9,270.2,265.61,269.53,73729
JUSTDIAL,20190816,671.8,682.95,666.55,678.2,1663237
JYOTHYLAB,20190816,153.5,154.6,152.65,153.75,28683
KABRAEXTRU,20190816,63.8,63.95,60.8,63,16170
KAJARIACER,20190816,483.75,487,473.35,481.75,340158
KAKATCEM,20190816,170.7,170.7,165.2,165.95,15646
KALPATPOWR,20190816,489.95,495,478.15,490.8,16185
KALYANIFRG,20190816,177.85,177.85,165.2,165.25,125
KAMATHOTEL,20190816,36.25,36.35,34.55,35.15,29939
KAMDHENU,20190816,90,92,82.2,86.6,24503
KANANIIND,20190816,3.8,3.9,3.4,3.55,7747
KANORICHEM,20190816,41.3,42.45,40.5,40.8,6841
KANSAINER,20190816,467,481.7,459,478.1,120346
KARDA,20190816,186.9,187,184,185.55,7758
KARMAENG,20190816,11.15,11.65,10.8,10.9,1377
KARURVYSYA,20190816,57.9,59,56.8,58.55,546826
KAUSHALYA,20190816,0.3,0.3,0.3,0.3,6
KAVVERITEL,20190816,2.45,2.65,2.45,2.65,7841
KAYA,20190816,368,369.55,344.1,353.4,14662
KCP,20190816,73.25,73.25,70.8,72.75,26952
KCPSUGIND,20190816,12.2,12.2,11.65,11.75,131829
KDDL,20190816,310.5,318,310,315.8,5091
KEC,20190816,288.6,292.55,287,289.2,51775
KECL,20190816,9.4,9.4,8.5,8.6,57611
KEI,20190816,463.1,474,450.1,468.2,86109
KELLTONTEC,20190816,18.1,18.15,17.35,18.05,211030
KERNEX,20190816,18.55,20.4,18.55,20.4,3406
KESARENT,20190816,32.2,32.95,32.1,32.1,4995
KESORAMIND,20190816,59.2,59.6,58.8,59.15,81133
KEYFINSERV,20190816,30.4,30.4,30.35,30.35,2
KGL,20190816,0.3,0.35,0.3,0.3,3374458
KHADIM,20190816,191.4,195.4,187.55,191.9,4183
KHAITANELE,20190816,1.45,1.45,1.45,1.45,1
KHAITANLTD,20190816,20.05,21,19.5,19.55,458
KHANDSE,20190816,11.9,11.9,11.9,11.9,3
KICL,20190816,1629.95,1660.05,1610.55,1632.7,240
KILITCH,20190816,108,111,105.35,108.15,60297
KINGFA,20190816,595.4,611,595.35,601.55,1983
KIOCL,20190816,122,126,117.85,123.05,7419
KIRIINDUS,20190816,418.95,418.95,405.05,407.4,48517
KIRLOSBROS,20190816,158.6,159.7,155.3,155.85,7252
KIRLOSENG,20190816,167.15,171,167.15,168.75,4335
KIRLOSIND,20190816,720.05,726.05,709,716.15,434
KITEX,20190816,83.1,85,78.5,80.15,230601
KKCL,20190816,1029.95,1030,989.9,1000,91
KMSUGAR,20190816,7,7.05,6.7,6.75,62058
KNRCON,20190816,237,238.8,228.2,233.4,118398
KOHINOOR,20190816,15.1,15.5,14.6,15.2,26953
KOKUYOCMLN,20190816,68.5,68.85,63.8,65,37846
KOLTEPATIL,20190816,225,227.95,221,222.15,15158
KOPRAN,20190816,29.95,30.2,29.05,29.6,19628
KOTAKBANK,20190816,1489,1506.5,1477.5,1498.95,2169754
KOTAKBKETF,20190816,285.05,288.58,283.1,287.86,14050
KOTAKGOLD,20190816,338.05,341,332.55,333.55,30008
KOTAKNIFTY,20190816,114,114.5,113.01,114.4,28435
KOTAKNV20,20190816,55.65,55.65,55,55.58,14883
KOTAKPSUBK,20190816,250.7,258,250.6,256.86,6325
KOTARISUG,20190816,9.9,10.1,9.6,9.7,16385
KOTHARIPET,20190816,17.55,17.9,16.35,17.25,3153
KOTHARIPRO,20190816,60.05,60.05,57.1,58.25,3214
KPITTECH,20190816,85,91,82,85.25,881242
KPRMILL,20190816,580,584.9,555,572.4,8378
KRBL,20190816,226.05,233.95,221.7,230.05,82956
KREBSBIO,20190816,77.3,81.95,75.35,81.95,209
KRIDHANINF,20190816,10.3,11.15,10.3,10.3,29811
KSB,20190816,591.1,612,575,603.5,5457
KSCL,20190816,476.45,480,453.05,461.5,167030
KSERASERA,20190816,0.1,0.15,0.05,0.1,498323
KSK,20190816,0.65,0.75,0.6,0.65,1046890
KSL,20190816,185.15,187.75,180,185.4,21331
KTIL,20190816,34,36.35,33.45,34.45,2231
KTKBANK,20190816,78.2,79.25,77.4,78.8,647772
KWALITY,20190816,2.35,2.55,2.35,2.35,930721
L&TFH,20190816,103.5,105.85,102.3,105,6031204
LAKSHVILAS,20190816,44.8,46.9,42.5,46.9,3604598
LALPATHLAB,20190816,1113,1201.95,1110,1170.2,322972
LAMBODHARA,20190816,35.5,35.5,32.35,33.2,7956
LAOPALA,20190816,159,161,155,156.45,15689
LASA,20190816,10.8,11.9,10.8,11.65,18762
LAURUSLABS,20190816,345,345,331.5,337.9,12667
LAXMIMACH,20190816,3884.75,3884.75,3780.05,3790.5,1559
LEMONTREE,20190816,53.7,54.4,51.55,53.45,595065
LFIC,20190816,63.2,63.2,58,60.85,36
LGBBROSLTD,20190816,310.1,329,305,324.2,9094
LGBFORGE,20190816,2.85,3.15,2.85,2.85,14600
LIBAS,20190816,48,48,41.5,42.7,855
LIBERTSHOE,20190816,91,93,90.75,91.3,29751
LICHSGFIN,20190816,481,485.95,473.5,480.3,1499189
LICNETFGSC,20190816,20.88,21.4,19.81,20.99,12278
LICNETFN50,20190816,115,116.3,115,116.3,23
LICNETFSEN,20190816,440,440,440,440,3
LICNFNHGP,20190816,115.6,115.6,115.6,115.6,16
LINCOLN,20190816,158,164,157,159.7,19479
LINCPEN,20190816,215.8,215.8,194.65,205.25,720
LINDEINDIA,20190816,510.95,518,496,510.5,12695
LIQUIDBEES,20190816,999.55,1000.01,999.55,1000,871466
LIQUIDETF,20190816,1000,1000.01,999.99,1000,6554
LOKESHMACH,20190816,35.55,37.5,34.3,36.2,8999
LOTUSEYE,20190816,19.6,22,18.6,21.1,7529
LOVABLE,20190816,71.4,71.5,66.2,68,20187
LPDC,20190816,1.95,1.95,1.9,1.9,4208
LSIL,20190816,0.55,0.55,0.5,0.55,164363
LT,20190816,1335,1339.9,1320.5,1335.25,2654524
LTI,20190816,1629.9,1638.9,1578.45,1580.85,119751
LTTS,20190816,1581,1604.75,1565,1571.55,69701
LUMAXIND,20190816,1230.3,1234,1166.45,1185.6,4595
LUMAXTECH,20190816,82.1,83.1,79.5,80.5,14842
LUPIN,20190816,734,734.6,722.25,729.3,1076059
LUXIND,20190816,1004.05,1055.4,994.55,1037.3,64608
LYKALABS,20190816,18.95,19.6,18.1,19.3,2095
LYPSAGEMS,20190816,3.6,3.85,3.6,3.8,17490
M&M,20190816,524.7,531.9,515.55,527.85,3120580
M&MFIN,20190816,310.7,323.1,304.6,319.9,2105224
M100,20190816,16.44,16.6,16.31,16.59,28048
M50,20190816,108.1,110,106.66,108.85,1223
MAANALU,20190816,69.2,70.9,68.5,69.3,29304
MADHAV,20190816,25.4,26.5,24.5,25.75,2726
MADHUCON,20190816,4.9,5,4.9,4.9,24167
MADRASFERT,20190816,20.65,21.5,20.65,20.85,138933
MAGADSUGAR,20190816,95,97,86,92.5,27026
MAGMA,20190816,70.75,71.3,67.2,69.55,45546
MAGNUM,20190816,3.6,3.7,3.4,3.45,6256
MAHABANK,20190816,11.9,12.1,11.8,11.95,350940
MAHAPEXLTD,20190816,69.55,74.45,69.5,73.8,2275
MAHASTEEL,20190816,114,120.95,110.35,119.6,6696
MAHESHWARI,20190816,258.05,263,251.5,260.9,16324
MAHINDCIE,20190816,158.95,161.55,154,159.55,193261
MAHLIFE,20190816,380,385,369.1,377.65,31823
MAHLOG,20190816,371,372.1,360,367.3,17296
MAHSCOOTER,20190816,3799,3892,3690.85,3860.95,4466
MAHSEAMLES,20190816,401.2,404.9,399.8,400.8,13557
MAITHANALL,20190816,480,480,430,432.75,13452
MAJESCO,20190816,431.05,435.95,415,419.05,48346
MALUPAPER,20190816,23.5,23.5,21,22.4,16271
MAN50ETF,20190816,110.7,111.65,110.6,111.65,100074
MANAKALUCO,20190816,4.75,4.85,4.55,4.55,130814
MANAKCOAT,20190816,5.05,5.05,4.5,4.85,3919
MANAKSIA,20190816,30.55,31.7,30.25,31.15,9990
MANAKSTEEL,20190816,12.85,13.65,12.45,12.65,4169
MANALIPETC,20190816,19,19,18.5,18.7,52649
MANAPPURAM,20190816,122.5,122.65,119.5,120.95,7085994
MANGALAM,20190816,34.95,34.95,33.15,34.55,12489
MANGCHEFER,20190816,30,30,27.1,27.55,202075
MANGLMCEM,20190816,253.5,254.5,241.9,252.5,8284
MANGTIMBER,20190816,7.7,8.25,7.65,8,3737
MANINDS,20190816,39.5,41.25,39.05,40.3,30952
MANINFRA,20190816,21.95,22.85,19.7,20.9,200304
MANPASAND,20190816,20.6,20.6,19.7,20.2,297175
MANUGRAPH,20190816,15.3,15.3,13.8,14.5,3235
MARALOVER,20190816,17.5,17.5,16,17.25,2275
MARATHON,20190816,74.15,77.8,72.3,76.6,901
MARICO,20190816,392.4,393.35,388,392.2,1491547
MARKSANS,20190816,15.45,15.7,14.55,15,334467
MARUTI,20190816,5805,5995,5590,5975.05,1207075
MASFIN,20190816,617.55,623.5,601.1,616.55,3906
MASTEK,20190816,352.05,352.05,329.9,335.95,15613
MATRIMONY,20190816,576.9,600,565.4,574.2,3297
MAWANASUG,20190816,30.2,31.75,29.65,30.6,181522
MAXINDIA,20190816,57.55,60,57.55,58,217132
MAXVIL,20190816,46.1,48.85,45.4,47.4,303504
MAYURUNIQ,20190816,228,236,221.1,224.3,6273
MAZDA,20190816,344,356.95,335,347.35,589
MBECL,20190816,4.45,4.45,4.45,4.45,1886
MBLINFRA,20190816,4.9,5,4.65,5,40035
MCDHOLDING,20190816,17.1,17.1,16.1,16.35,7288
MCDOWELL-N,20190816,584,594.9,580,589.55,1241250
MCLEODRUSS,20190816,12.6,12.65,11.95,12,290058
MCX,20190816,852,857.15,838.65,850.35,384117
MEGASOFT,20190816,5.9,6.35,5.75,6.15,23135
MEGH,20190816,46.6,48.75,46.6,48.05,364914
MENONBE,20190816,69.9,69.9,64,64.35,8296
MEP,20190816,30.6,32.15,30.5,31.55,84223
MERCATOR,20190816,1.65,1.65,1.65,1.65,434193
METALFORGE,20190816,6.8,6.8,6.2,6.5,7937
METROPOLIS,20190816,1020.05,1036,1015,1027.6,11158
MFSL,20190816,407,423.75,397.4,419.65,877824
MGL,20190816,805.2,819.95,796.8,806.8,738031
MHRIL,20190816,212.35,218,210.1,215.75,18113
MIC,20190816,0.95,0.95,0.95,0.95,110157
MIDHANI,20190816,115.05,120.65,113.55,115.2,182719
MINDACORP,20190816,89.85,89.85,82.65,85.45,32901
MINDAIND,20190816,318,318,302,308.15,69175
MINDTECK,20190816,33.9,34,30.8,32.95,5308
MINDTREE,20190816,705.3,706.75,685.25,699.8,791075
MIRCELECTR,20190816,12.2,12.8,11.55,12.7,127534
MIRZAINT,20190816,55.95,56.95,55,55.9,110137
MMFL,20190816,361.55,361.55,350.05,357.55,1068
MMTC,20190816,19.35,21.4,19.1,20.8,2033247
MODIRUBBER,20190816,39,39.05,39,39,520
MOHITIND,20190816,5.75,5.8,5.3,5.3,6316
MOHOTAIND,20190816,13.85,13.85,13.05,13.5,2947
MOIL,20190816,128.5,130.05,127.5,128.75,108364
MOLDTECH,20190816,49.55,51,49,49.45,6501
MOLDTKPAC,20190816,272,275.05,265.2,267.7,16297
MONSANTO,20190816,2007.2,2050,1985,2043.65,1292
MONTECARLO,20190816,262,262,252.85,253.5,6647
MORARJEE,20190816,11.75,12.65,11.75,12.05,579
MOREPENLAB,20190816,17.25,17.25,16.8,16.9,396173
MOTHERSUMI,20190816,98,99.95,96.5,98.05,6373720
MOTILALOFS,20190816,535,567.85,523,555.8,78173
MOTOGENFIN,20190816,35.6,35.6,35.6,35.6,1
MPHASIS,20190816,960.2,979.4,958.6,977.25,128244
MPSLTD,20190816,461.05,475.95,453,464.05,2018
MRF,20190816,57300,58300,56501.35,56823.6,5761
MRO-TEK,20190816,23,23.15,21.9,22.05,7300
MRPL,20190816,50.6,50.85,50.05,50.5,202351
MSPL,20190816,6.25,6.95,5.7,5.9,4100
MSTCLTD,20190816,80.75,80.75,76.8,77.85,11251
MTEDUCARE,20190816,30.95,30.95,28.55,30.95,41815
MTNL,20190816,6.1,6.55,6,6.35,813916
MUKANDENGG,20190816,13.05,13.8,12.4,12.5,11866
MUKANDLTD,20190816,34.5,34.9,32.4,34.3,18938
MUKTAARTS,20190816,38.05,38.9,37.2,38.75,3025
MUNJALAU,20190816,31.05,32.5,31.05,32.4,20660
MUNJALSHOW,20190816,128.05,133.95,126.15,131.15,6644
MURUDCERA,20190816,13.45,14,13.1,13.85,11862
MUTHOOTCAP,20190816,549,553,531.05,537,2237
MUTHOOTFIN,20190816,618,638.05,617,635.05,1166807
MVL,20190816,0.15,0.2,0.15,0.2,37864
N100,20190816,539,539.1,524.7,533.99,26408
NACLIND,20190816,25.2,27.75,25.15,27.5,66656
NAGAFERT,20190816,4.3,4.3,4.15,4.2,239965
NAGAROIL,20190816,0.25,0.25,0.2,0.25,1051337
NAGREEKCAP,20190816,6.9,7.05,6,6.5,1194
NAGREEKEXP,20190816,12.5,14.9,11.9,12.8,1793
NAHARCAP,20190816,63.6,65.9,63.6,65.05,631
NAHARINDUS,20190816,23.55,25.55,23.1,24.85,3404
NAHARPOLY,20190816,31.2,35,30.55,33.3,14577
NAHARSPING,20190816,55,55,50.7,51.75,7573
NATCOPHARM,20190816,547.5,549,536.8,544.3,73658
NATHBIOGEN,20190816,360.05,377.4,360.05,375.25,6087
NATIONALUM,20190816,41.05,41.5,40.65,41.25,4468238
NATNLSTEEL,20190816,2.5,2.5,2.3,2.3,18895
NAUKRI,20190816,2170,2200.9,2170,2187.7,242818
NAVINFLUOR,20190816,646.05,655.85,638.05,641.65,64580
NAVKARCORP,20190816,27.55,27.55,25.5,26.5,97039
NAVNETEDUL,20190816,107,107,101.55,102.25,15822
NBCC,20190816,35.1,35.1,33.5,33.9,11025600
NBIFIN,20190816,1294.7,1315,1294.7,1303.1,75
NBVENTURES,20190816,87.6,87.85,86.6,86.95,28776
NCC,20190816,64.85,64.85,62.05,62.4,10275301
NCLIND,20190816,115,115,111.5,111.9,28122
NDGL,20190816,530.6,594.95,530,532.8,97
NDL,20190816,29.9,29.9,28.2,28.95,4339
NDTV,20190816,36,37,34.55,36.1,14122
NECCLTD,20190816,6.5,6.75,5.9,6.15,63370
NECLIFE,20190816,15.7,15.7,14.55,14.65,148081
NELCAST,20190816,40,41.8,39,41.45,32719
NELCO,20190816,218.85,229.8,213.5,226.7,43777
NEOGEN,20190816,333,341.85,326.8,332.65,8367
NESCO,20190816,515.1,537.65,515.1,530.05,10479
NESTLEIND,20190816,12099.9,12107.9,11906.9,12004.4,56885
NETF,20190816,111.11,111.81,110.92,111.4,25
NETWORK18,20190816,22.45,22.65,21.35,21.95,151981
NEULANDLAB,20190816,491,527,483.3,504.3,47361
NEWGEN,20190816,294.7,300.15,290,299.3,24797
NEXTMEDIA,20190816,11.9,12.75,11.9,12.5,9705
NFL,20190816,25.7,26.5,25.3,26.1,361224
NH,20190816,232,246.8,228.95,240.1,686915
NHPC,20190816,22.75,23.4,22.6,23.15,2690505
NIACL,20190816,113,115.2,112.45,114.1,30316
NIBL,20190816,6.65,6.65,6.2,6.35,93339
NIFTYBEES,20190816,1170,1176.8,1157.5,1170.14,38510
NIITLTD,20190816,95.9,96.75,90,93.35,777715
NIITTECH,20190816,1295,1316,1260.75,1289.3,284592
NILAINFRA,20190816,4.5,5.15,4.5,5.05,353990
NILASPACES,20190816,1.5,1.55,1.45,1.45,119509
NILKAMAL,20190816,994.8,1050,985.25,1030.6,30163
NIPPOBATRY,20190816,448.1,450,440.05,445.65,169
NITCO,20190816,21.55,22,21.1,21.55,22176
NITESHEST,20190816,1.7,1.75,1.65,1.7,40853
NITINFIRE,20190816,0.45,0.45,0.4,0.45,533357
NITINSPIN,20190816,52,54.7,51.9,52.25,16197
NKIND,20190816,26.05,26.05,26.05,26.05,25
NLCINDIA,20190816,55.2,55.55,54.65,54.75,196371
NMDC,20190816,104.7,104.7,101.6,102.85,4656428
NOCIL,20190816,85.55,85.55,82.7,82.95,346314
NOIDATOLL,20190816,3.4,3.45,3.2,3.4,23715
NRAIL,20190816,180.05,184,178,181.15,7604
NRBBEARING,20190816,86.95,92.65,86,88.65,136760
NSIL,20190816,967.05,968.85,920.05,920.4,155
NTL,20190816,0.45,0.45,0.45,0.45,1000
NTPC,20190816,117.4,119.3,116.6,117.8,10992249
NUCLEUS,20190816,314.1,320,311,314.75,4072
OAL,20190816,188.15,197,188.1,196.15,1747
OBEROIRLTY,20190816,539.6,544,532,534.9,283099
OCCL,20190816,1038.9,1038.9,998.7,1004,4606
OFSS,20190816,2990,3100,2990,3078.25,33134
OIL,20190816,148.15,154.35,148.15,152.7,849005
OILCOUNTUB,20190816,7.15,7.15,6.3,6.45,4587
OISL,20190816,7.25,7.25,6.8,6.85,55437
OLECTRA,20190816,195,195.55,189.65,191.35,15311
OMAXAUTO,20190816,54.8,56.7,50.6,51.75,299859
OMAXE,20190816,200,206,195.55,196.3,521784
OMKARCHEM,20190816,5.8,5.9,5.55,5.7,10007
OMMETALS,20190816,16.75,17,16,16.5,16437
ONEPOINT,20190816,18.3,21.7,17.5,19.6,7471
ONGC,20190816,127.7,129.1,126.4,127.9,12017531
ONMOBILE,20190816,29,30.1,29,29.75,20503
ONWARDTEC,20190816,61.1,64.85,61.1,64.5,8759
OPTIEMUS,20190816,55.85,55.9,50.95,50.95,26972
OPTOCIRCUI,20190816,4.15,4.45,4.15,4.25,221293
ORBTEXP,20190816,113.85,117.5,107,112.05,75288
ORICONENT,20190816,21,21,19.7,19.85,52392
ORIENTABRA,20190816,18,18.35,17.75,17.95,7275
ORIENTALTL,20190816,13.2,13.4,13.05,13.2,60007
ORIENTBANK,20190816,66.7,67.75,65.6,67.15,1341276
ORIENTBELL,20190816,124.05,124.1,119.2,121.4,2217
ORIENTCEM,20190816,87.05,88.35,85.5,86.45,83374
ORIENTELEC,20190816,158.6,164.8,158.6,162.2,58333
ORIENTHOT,20190816,38.5,39,38,38.85,8721
ORIENTLTD,20190816,114,114,114,114,44
ORIENTPPR,20190816,21.8,22.75,21.55,22.6,376898
ORIENTREF,20190816,175.2,187.75,175.2,185.05,26232
ORISSAMINE,20190816,616.05,645,602.35,611,15851
ORTEL,20190816,1,1,0.95,1,1831
ORTINLABSS,20190816,10.65,10.65,9.65,10.35,31727
OSWALAGRO,20190816,8,8,7.3,7.6,3120
PAGEIND,20190816,18041,18190,17805.25,18150.45,13992
PAISALO,20190816,386,395.95,363.95,395.65,6758
PALREDTEC,20190816,19.85,19.85,18.05,19.85,8191
PANACEABIO,20190816,148,150.9,141.6,143.8,7201
PANAMAPET,20190816,73.05,73.05,71,71.75,8713
PAPERPROD,20190816,223.45,226.2,217.6,225.05,29813
PARABDRUGS,20190816,0.6,0.6,0.6,0.6,121
PARACABLES,20190816,11,11,9.65,10.4,80858
PARAGMILK,20190816,170.05,172.5,166.6,170,152118
PARSVNATH,20190816,3.25,3.45,3.15,3.25,82271
PATELENG,20190816,12,13.25,11.95,12.7,928984
PATINTLOG,20190816,23.25,23.25,22,23.25,19107
PATSPINLTD,20190816,6.8,7.45,5.6,6.35,48109
PCJEWELLER,20190816,34.1,34.15,33.5,33.8,3302942
PDMJEPAPER,20190816,11.35,12,11.2,11.6,35735
PDPL,20190816,3.4,3.4,3.3,3.3,514
PDSMFL,20190816,341.05,342,339,340,944
PEARLPOLY,20190816,10,10.5,10,10.5,800
PEL,20190816,1764.7,1810,1750.05,1782.3,913468
PENIND,20190816,25,26.35,24.8,26.15,80540
PENINLAND,20190816,4.9,5.4,4.7,5.15,178578
PERSISTENT,20190816,513.55,518,503,510.95,67546
PETRONENGG,20190816,7.1,7.8,7.1,7.1,1538
PETRONET,20190816,244,244.55,240.6,241.3,1306766
PFC,20190816,105.4,110.4,104.5,109.7,6662327
PFIZER,20190816,3001.2,3020,2932.1,3002.65,18711
PFOCUS,20190816,38.05,39.95,37,38.45,3007
PFS,20190816,12,12.25,11.9,12.1,215245
PGEL,20190816,48,48,45.3,45.9,38715
PGHH,20190816,10210,10350,10210,10308.1,3397
PGHL,20190816,4486,4574.9,4430,4452.3,19577
PGIL,20190816,139,139,115,137,30954
PHILIPCARB,20190816,121.6,123,119.7,121,316232
PHOENIXLTD,20190816,640.05,651,630.8,636.6,113556
PIDILITIND,20190816,1355,1373,1340,1369.45,457314
PIIND,20190816,1130,1143.55,1104,1128.15,227060
PILANIINVS,20190816,1952.95,2099.95,1910.8,1929.35,2330
PILITA,20190816,8.1,8.1,7.2,7.75,120250
PIONDIST,20190816,113.2,113.2,110.05,112.05,193
PIONEEREMB,20190816,24.95,24.95,22.65,23.95,4401
PIRPHYTO,20190816,23.5,24.65,23,23.5,7886
PITTIENG,20190816,34.55,35.85,34.2,35.3,12675
PKTEA,20190816,112,114.1,105.15,110,103
PLASTIBLEN,20190816,179.95,183.25,174,178.95,4728
PNB,20190816,65.55,68.45,64.95,68.1,25110812
PNBGILTS,20190816,34,34.6,32.8,33.2,255849
PNBHOUSING,20190816,723,742.5,714.85,730.45,197693
PNC,20190816,15.45,15.45,14.9,14.9,2875
PNCINFRA,20190816,203.5,204.9,199.2,203.25,145290
PODDARHOUS,20190816,280,299,274.95,275.55,1528
PODDARMENT,20190816,155,160,151.1,159.3,4247
POKARNA,20190816,131.4,134.55,129,130.65,6843
POLYCAB,20190816,571,574.8,563.2,567.55,14370
POLYMED,20190816,178.8,185,171.2,172.5,5279
POLYPLEX,20190816,485.4,488,479,483.1,29144
PONNIERODE,20190816,101.5,107.9,101.5,102.9,432
POWERGRID,20190816,204.1,214.25,202.3,211.15,6690715
POWERMECH,20190816,815,823.3,783,789,10998
PPAP,20190816,170,178,170,176,5537
PPL,20190816,64,64.5,62,63.85,17833
PRABHAT,20190816,65.1,65.8,63.8,64.35,15957
PRAENG,20190816,6.8,7.25,6.6,7.15,41239
PRAJIND,20190816,106.5,110,104.85,107.25,705844
PRAKASH,20190816,38.5,39.75,38.4,39,162622
PRAKASHSTL,20190816,0.2,0.25,0.2,0.25,6500
PRAXIS,20190816,62.05,66.45,59.5,60.55,5561
PRECAM,20190816,39,40.85,38.7,39,8356
PRECOT,20190816,31,31,27.3,28.3,6303
PRECWIRE,20190816,142,142,135.3,137.3,17559
PREMEXPLN,20190816,161.95,162.9,159.7,160.9,3856
PREMIER,20190816,2.55,2.55,2.35,2.5,5161
PREMIERPOL,20190816,22,22,20.85,21.85,381
PRESSMN,20190816,22.55,23.5,21.1,22.7,11567
PRESTIGE,20190816,281.5,286.9,276.1,282.2,420836
PRICOLLTD,20190816,26.35,26.75,25.2,26.45,44039
PRIMESECU,20190816,36.5,37.75,36.5,37.5,1728
PROSEED,20190816,0.3,0.35,0.3,0.3,7750
PROVOGE,20190816,0.75,0.8,0.75,0.75,83604
PROZONINTU,20190816,19,19.35,18,18.9,6605
PRSMJOHNSN,20190816,80,83.75,80,83.2,82756
PSB,20190816,22.35,23,22.1,22.7,36506
PSL,20190816,0.8,0.8,0.7,0.75,15749
PSPPROJECT,20190816,527,529.9,516.15,520.3,8246
PSUBNKBEES,20190816,282.84,288,278.6,285.88,12081
PTC,20190816,57.8,58.4,56.65,57.7,768495
PTL,20190816,34.5,35.25,34,34.15,4237
PUNJABCHEM,20190816,500,570,500,560.1,18351
PUNJLLOYD,20190816,1.15,1.15,1.05,1.15,359185
PURVA,20190816,59,59,56.1,57.6,52965
PVR,20190816,1433.1,1435.55,1365.2,1383.2,799944
QGOLDHALF,20190816,1648.05,1654.75,1638.05,1640.15,1563
QNIFTY,20190816,1124,1125.5,1124,1125.5,16
QUESS,20190816,456.35,457.85,445.5,450.5,89252
QUICKHEAL,20190816,118,118.8,115.65,118,67908
QUINTEGRA,20190816,0.45,0.45,0.4,0.4,506
RADAAN,20190816,1.45,1.45,1.25,1.35,7394
RADICO,20190816,324.85,339.6,318.15,331,464736
RADIOCITY,20190816,41.05,41.05,39.4,40.05,26418
RAIN,20190816,83,85.9,82.25,83.55,667562
RAJESHEXPO,20190816,678.5,681.15,656.5,658.45,175496
RAJSREESUG,20190816,17.1,18.15,17.1,18,3585
RALLIS,20190816,158.45,160.3,156,159.25,56763
RAMANEWS,20190816,14.35,15.1,14.25,15,23940
RAMASTEEL,20190816,55.65,56.05,53.05,53.5,5307
RAMCOCEM,20190816,738,738,720.25,729.65,184445
RAMCOIND,20190816,176.05,180.95,174.95,176.95,17482
RAMCOSYS,20190816,185.05,188.05,181.8,182.75,7598
RAMKY,20190816,68,70,67.6,67.95,41088
RANASUG,20190816,2.4,2.4,2.3,2.35,184447
RANEENGINE,20190816,273,273,256,265.55,1205
RANEHOLDIN,20190816,890,898.95,859.85,869.7,2734
RATNAMANI,20190816,917.7,917.7,890,893.1,1116
RAYMOND,20190816,623,641,606.4,632.6,1086968
RBL,20190816,513.45,518.95,506.3,514,6618
RBLBANK,20190816,386.95,398.6,380.3,396.9,4475951
RCF,20190816,44,45.3,43.2,44.45,720578
RCOM,20190816,1.2,1.3,1.2,1.2,14097089
RECLTD,20190816,144,148.95,143.2,148.2,6076411
REDINGTON,20190816,99.05,104.4,96.25,102.75,269912
REFEX,20190816,84.5,84.5,84.5,84.5,21488
REGENCERAM,20190816,1.85,1.85,1.85,1.85,206
RELAXO,20190816,420.6,432,420.6,426.9,18810
RELCAPITAL,20190816,50.8,52.5,47.75,48.3,37132637
RELCNX100,20190816,114.3,115.41,113.21,114.41,408
RELCONS,20190816,48.69,49.33,48.69,48.8,2506
RELDIVOPP,20190816,28.33,28.57,28.08,28.44,10111
RELIANCE,20190816,1291.2,1291.8,1273,1278,10047496
RELIGARE,20190816,30.5,30.9,30,30.5,49851
RELINFRA,20190816,48.7,50.3,45.3,46.3,30149698
RELNV20,20190816,555,556,551.45,552,697
REMSONSIND,20190816,81.6,87,81.6,85.35,5153
RENUKA,20190816,7.2,7.4,7.15,7.25,296036
REPCOHOME,20190816,293.25,316,293.25,311.8,110715
REPRO,20190816,503.85,505,485.2,500.35,575
RESPONIND,20190816,91.8,91.9,89.75,91.25,204350
RETFMID150,20190816,57.19,57.85,57.19,57.84,22038
REVATHI,20190816,358,358,336.3,349,571
RGL,20190816,277,283,263.55,275.7,1833
RHFL,20190816,6.5,7.1,6.5,7.05,3121587
RICOAUTO,20190816,38.05,39.7,37.2,38.85,112210
RIIL,20190816,266.9,271.4,259.1,263.8,366422
RITES,20190816,230,230.25,225.65,228.85,115122
RKDL,20190816,6.35,6.85,6.35,6.75,531
RKFORGE,20190816,423,423,402.1,407.3,26131
RMCL,20190816,4.95,5.1,4.95,4.95,75177
RML,20190816,229,232.7,223.15,226.65,2634
RNAM,20190816,243.9,257.9,241,254.85,620546
RNAVAL,20190816,1.7,1.7,1.7,1.7,253942
ROHITFERRO,20190816,0.95,0.95,0.95,0.95,391
ROHLTD,20190816,62.9,66.9,61,65.25,30435
ROLLT,20190816,2.85,2.85,2.75,2.75,4240
ROLTA,20190816,6.75,6.75,6.75,6.75,110243
ROSSELLIND,20190816,52.9,52.9,50.25,52.2,9612
RPGLIFE,20190816,180,185.6,178.2,182.5,6411
RPOWER,20190816,3.6,3.65,3.45,3.55,11620491
RPPINFRA,20190816,72.75,74.5,69.1,71.75,23868
RRSLGETF,20190816,19.93,19.99,19.9,19.99,3167
RSSOFTWARE,20190816,21.85,22.35,18.75,19.15,219512
RSWM,20190816,118.25,118.25,112.4,114.95,18805
RSYSTEMS,20190816,42.05,42.05,40.6,40.65,6279
RTNINFRA,20190816,1.55,1.65,1.55,1.65,64505
RTNPOWER,20190816,1.2,1.25,1.1,1.2,732772
RUBYMILLS,20190816,146,146,140.35,142.55,2189
RUCHINFRA,20190816,2.05,2.1,2.05,2.05,13542
RUCHIRA,20190816,72,75.5,71.75,74.15,27541
RUCHISOYA,20190816,5.3,5.3,5.3,5.3,306893
RUPA,20190816,183,183,175,177.85,22311
RUSHIL,20190816,185.7,186.4,180,186.05,29512
RVNL,20190816,24.35,24.85,24.05,24.6,1303815
SABTN,20190816,1.7,1.7,1.7,1.7,1083
SADBHAV,20190816,134.75,134.75,123.8,124.7,338724
SADBHIN,20190816,52.95,52.95,50.75,51.55,1172
SAGARDEEP,20190816,58,58,58,58,11
SAGCEM,20190816,569,578.2,560.5,566.3,1827
SAIL,20190816,36.8,36.8,35.95,36.2,22915351
SAKAR,20190816,54.5,56.5,54.5,56.45,155
SAKHTISUG,20190816,8,8.4,7.75,7.8,24536
SAKSOFT,20190816,270.15,272,266.45,271.15,1758
SAKUMA,20190816,9,9,9,9,32907
SALASAR,20190816,138.25,138.25,127.25,128.95,13768
SALONA,20190816,84,90.75,77,81.45,204
SALSTEEL,20190816,3,3,2.85,2.9,14396
SALZERELEC,20190816,114.35,115,110.15,112.4,1885
SAMBHAAV,20190816,3.15,3.2,3.05,3.05,9098
SANCO,20190816,16.15,16.7,15.5,15.75,21065
SANDESH,20190816,601,601.9,585.55,595.9,1014
SANDHAR,20190816,236,236.9,231.6,233,1157
SANGAMIND,20190816,40.65,40.8,39.55,40.3,533
SANGHIIND,20190816,56,57,55,56.05,85721
SANGHVIFOR,20190816,24.25,24.3,24.25,24.3,970
SANGHVIMOV,20190816,91.75,99.6,91.75,97.25,40093
SANGINITA,20190816,79.3,79.3,76.9,77.9,50144
SANOFI,20190816,6320,6350,6205,6299.1,9749
SANWARIA,20190816,3.65,3.65,3.6,3.6,3143852
SARDAEN,20190816,169.8,171,165.05,167,12893
SAREGAMA,20190816,374,400.95,347,356.55,463352
SARLAPOLY,20190816,23.4,24.05,23.3,23.7,16788
SASKEN,20190816,530,530,517.35,521.35,3040
SASTASUNDR,20190816,101.95,101.95,100,100,659
SATHAISPAT,20190816,6.7,6.7,6.7,6.7,2550
SATIA,20190816,641.2,643,634.15,636.7,2312
SATIN,20190816,280.05,286,279,279.7,11694
SBIETFQLTY,20190816,92.55,92.75,91.7,92.49,1919
SBILIFE,20190816,801.1,838.9,801.1,835.35,1340618
SBIN,20190816,287.95,292.8,284.3,290.9,20047399
SCAPDVR,20190816,0.6,0.6,0.6,0.6,1176
SCHAEFFLER,20190816,4115,4178,4090,4121.5,1260
SCHAND,20190816,56.55,56.8,54.35,54.7,30455
SCHNEIDER,20190816,74.25,76.75,74,75.05,29778
SCI,20190816,26.85,27.35,25.85,26.95,513260
SDBL,20190816,124.85,127.9,120.5,124.55,7237
SEAMECLTD,20190816,370.15,385,364.15,377.65,2442
SELAN,20190816,152,152,144.1,145.1,9599
SELMCL,20190816,0.85,0.85,0.7,0.7,16477
SEPOWER,20190816,2.75,2.75,2.75,2.75,337
SEQUENT,20190816,69,69.5,67.55,67.8,108759
SESHAPAPER,20190816,880,900,870.65,893.45,2409
SETCO,20190816,14.6,14.8,13.65,14.6,52784
SETF10GILT,20190816,208,221.98,208,221.98,971
SETFGOLD,20190816,3388.7,3430,3358.5,3393.75,10778
SETFNIF50,20190816,114.5,114.5,112.05,113.59,222406
SETFNIFBK,20190816,283,286.33,280,285.84,3941
SETFNN50,20190816,266.4,267.63,261.1,267.42,3882
SETUINFRA,20190816,1.95,1.95,1.8,1.8,226774
SEYAIND,20190816,414,419.95,412,415,10563
SFL,20190816,1150,1160.1,1116,1150.8,2828
SGL,20190816,9.85,10.8,9.85,10.3,13921
SHAHALLOYS,20190816,9.25,9.25,8.1,8.7,2872
SHAKTIPUMP,20190816,280,306.7,277.95,291.45,118855
SHALBY,20190816,84.7,84.7,79.05,80.35,62413
SHALPAINTS,20190816,73.5,77.7,73,76.35,76797
SHANKARA,20190816,260,262.65,247.85,256.75,23720
SHANTIGEAR,20190816,95.5,97.75,87.5,89.85,26682
SHARDACROP,20190816,292,294,290,292.6,1187
SHARDAMOTR,20190816,990,990,923.6,963.05,894
SHARIABEES,20190816,245.36,246.62,245.36,246.62,50
SHEMAROO,20190816,284.75,284.75,275,282.6,2430
SHILPAMED,20190816,285,289,255.6,258.5,64987
SHIRPUR-G,20190816,14.55,15.4,13.6,14.55,42076
SHIVAMAUTO,20190816,19.5,19.5,18.7,19.15,17693
SHIVAMILLS,20190816,35.95,35.95,35.95,35.95,39
SHIVATEX,20190816,112.9,112.9,105.5,107.7,3531
SHK,20190816,119,120.8,117.05,118.65,33258
SHOPERSTOP,20190816,381,385.65,375.1,378.9,1656
SHREECEM,20190816,19839,19839,19210.1,19475.85,24210
SHREEPUSHK,20190816,85.1,93.5,82.45,88.1,18731
SHREERAMA,20190816,4.45,4.65,4.35,4.35,3822
SHRENIK,20190816,52.7,56.4,46.9,51.75,348351
SHREYANIND,20190816,117.55,117.85,113.1,113.95,13043
SHREYAS,20190816,84,89.85,84,87.5,659
SHRIPISTON,20190816,777,777.85,777,777.85,6
SHRIRAMCIT,20190816,1423,1423,1402.95,1414.3,2397
SHRIRAMEPC,20190816,8.55,9.9,8.5,9.6,252061
SHYAMCENT,20190816,2.7,2.7,2.5,2.55,11132
SICAGEN,20190816,21.1,21.7,20.4,21.5,22089
SICAL,20190816,31.3,33.9,30.7,33.9,375242
SIEMENS,20190816,1152.1,1174.8,1140.55,1160.1,348434
SIGIND,20190816,24.2,26,23.55,24.65,3647
SILINV,20190816,145.05,151,144.05,148.8,730
SIMBHALS,20190816,6.65,6.7,6,6.2,32971
SIMPLEXINF,20190816,66.5,67,64,65.35,93213
SINTEX,20190816,2.2,2.2,2.2,2.2,1164590
SIRCA,20190816,192.5,200.05,191.85,197.5,17142
SIS,20190816,793,815.05,793,810.35,825
SITASHREE,20190816,0.3,0.35,0.3,0.35,10037
SITINET,20190816,1.85,1.95,1.85,1.95,342464
SIYSIL,20190816,235.95,239,228,236.3,5569
SJVN,20190816,24.75,24.75,24.1,24.25,1043997
SKFINDIA,20190816,1860,1860,1815.4,1826.45,9559
SKIL,20190816,5.85,6.05,5.85,5.9,4709
SKIPPER,20190816,50.55,51.7,49.55,50.5,27124
SKMEGGPROD,20190816,33.15,33.9,32,33.35,11443
SMARTLINK,20190816,81.45,81.45,81.45,81.45,1666
SMLISUZU,20190816,563.2,664,550.05,644.5,75912
SMPL,20190816,0.25,0.3,0.25,0.25,8603
SMSLIFE,20190816,380.15,385,367.35,372.6,2329
SMSPHARMA,20190816,47,48.2,46.2,47.1,12137
SNOWMAN,20190816,30.85,31.5,30.05,30.6,69134
SOBHA,20190816,488.5,488.5,461.05,473.95,173904
SOLARA,20190816,415,425,411,419.55,17296
SOLARINDS,20190816,1119.95,1119.95,1077.5,1108.1,7006
SOMANYCERA,20190816,303.35,304.4,292.1,297.45,6201
SOMATEX,20190816,2.25,2.45,2.25,2.45,2763
SOMICONVEY,20190816,12.85,14.45,11,12.25,11441
SONATSOFTW,20190816,320,321.95,311,318.5,114647
SORILINFRA,20190816,103,109.05,101.25,106.55,57197
SOTL,20190816,910,910,890,900,573
SOUTHBANK,20190816,11.6,11.65,11.45,11.5,2711793
SOUTHWEST,20190816,14.7,15.35,14.05,15.35,4813
SPAL,20190816,202,205.85,195.05,197.5,25847
SPARC,20190816,157.95,157.95,152.25,153.4,251471
SPCENET,20190816,0.75,0.8,0.7,0.75,9766
SPECIALITY,20190816,68.9,71.4,64.25,70.15,41487
SPENCERS,20190816,70.7,72.3,69.05,71.95,129119
SPENTEX,20190816,0.3,0.4,0.3,0.4,61224
SPIC,20190816,18.8,19.65,18.1,19.2,88494
SPICEMOBI,20190816,7.45,7.8,7.1,7.8,2671
SPLIL,20190816,38,38.6,35.6,37.75,61440
SPMLINFRA,20190816,12.05,13.1,12.05,12.95,100755
SPTL,20190816,3.8,3.85,3.8,3.8,760100
SPYL,20190816,0.3,0.3,0.2,0.25,86456
SREEL,20190816,161,166.45,156.15,160.9,20747
SREINFRA,20190816,11,11.35,10.75,11.2,570014
SRF,20190816,2880,2911.2,2834,2886.3,268044
SRHHYPOLTD,20190816,104.4,104.4,99.55,101.05,6427
SRIPIPES,20190816,167.25,176.55,167.25,172.3,74024
SRTRANSFIN,20190816,1040,1063.2,1019.7,1032.15,1104085
SSWL,20190816,789.15,791.95,776.65,785.1,1309
STAMPEDE,20190816,0.75,0.75,0.7,0.7,13898
STAR,20190816,411.9,416.2,400.4,412.95,1144294
STARCEMENT,20190816,98.5,98.55,95.55,98,22767
STARPAPER,20190816,87.95,88.35,85.1,86.25,80902
STCINDIA,20190816,83.9,97.8,83.2,94.5,509052
STEELCITY,20190816,29.8,31,29,30.35,10986
STEELXIND,20190816,12.5,12.5,12,12.05,10286
STEL,20190816,65.25,71.7,65.25,67.25,9288
STERTOOLS,20190816,160.1,166.95,160.05,163.3,3850
STINDIA,20190816,6.5,6.5,5.9,5.9,5
STRTECH,20190816,139,143,138.1,141.4,666704
SUBCAPCITY,20190816,6.6,6.6,6.6,6.6,15
SUBEX,20190816,5.3,5.5,5.3,5.45,369702
SUBROS,20190816,199.5,203.4,192,200.5,25834
SUDARSCHEM,20190816,329,330.1,322.55,327.85,22810
SUJANAUNI,20190816,0.1,0.2,0.1,0.2,32944
SUMEETINDS,20190816,3.05,3.05,2.95,2.95,65308
SUMIT,20190816,23.55,23.55,23.45,23.45,14
SUMMITSEC,20190816,435.05,435.65,426.1,429.9,1435
SUNCLAYLTD,20190816,1979.9,2037.95,1979.9,2003.75,413
SUNDARAM,20190816,1.3,1.5,1.25,1.5,310869
SUNDARMFIN,20190816,1565.2,1575.1,1533,1542.4,16916
SUNDARMHLD,20190816,74,75.5,74,74.9,4021
SUNDRMBRAK,20190816,265.95,274.5,256.95,271.9,714
SUNDRMFAST,20190816,407.6,424.75,401.2,407.2,36845
SUNFLAG,20190816,27,27.9,26.3,27.35,88334
SUNPHARMA,20190816,419.4,421.4,410,414.7,6536156
SUNTECK,20190816,460,466.85,455.95,460.45,126991
SUNTV,20190816,432.3,446.35,428.4,444.65,1252404
SUPERHOUSE,20190816,64,73.3,64,73.3,25290
SUPERSPIN,20190816,4.3,4.3,4,4.1,20372
SUPPETRO,20190816,191.1,191.1,188,190.05,2360
SUPRAJIT,20190816,150.55,181.75,150.5,178.5,46027
SUPREMEIND,20190816,1110,1111,1089.2,1105.7,15874
SUPREMEINF,20190816,16.8,16.8,16.45,16.6,2638
SURANASOL,20190816,6.55,6.55,5.9,6.05,7566
SURANAT&P,20190816,3.75,3.9,3.7,3.9,4232
SURYALAXMI,20190816,20.9,20.9,19.75,20.3,4836
SURYAROSNI,20190816,164.5,164.5,155,155.7,80216
SUTLEJTEX,20190816,28.55,29.4,25.75,27.5,47210
SUVEN,20190816,232.05,235.3,226.2,233.9,81979
SUZLON,20190816,4.2,4.5,4.2,4.4,17006688
SWANENERGY,20190816,100.65,106,99,102.95,123139
SWARAJENG,20190816,1085.1,1097,1041.05,1052.35,3184
SWELECTES,20190816,175,179.85,172.8,177.6,3771
SYMPHONY,20190816,1247.95,1259,1223,1248.75,5168
SYNCOM,20190816,1,1.1,1,1.05,15849
SYNDIBANK,20190816,32.15,32.15,31.05,31.5,778969
SYNGENE,20190816,304,309.35,300.6,307.3,123370
TAINWALCHM,20190816,53,54,49.1,50.1,4518
TAJGVK,20190816,122.2,126.95,120,124.05,32968
TAKE,20190816,103.05,103.8,99,100,101675
TALBROAUTO,20190816,102.3,102.3,96.35,101.85,4093
TALWALKARS,20190816,10.9,10.9,10.9,10.9,14294
TALWGYM,20190816,20,20,19.95,19.95,1842
TANLA,20190816,48.05,48.55,46.6,46.6,293499
TANTIACONS,20190816,1.95,1.95,1.95,1.95,583
TARAJEWELS,20190816,0.7,0.8,0.7,0.75,8990
TARAPUR,20190816,5.45,5.45,5.05,5.05,1904
TARMAT,20190816,25.75,26.5,24.95,25.45,4579
TASTYBITE,20190816,8400,8729,8400,8605.1,134
TATACHEM,20190816,556,559.95,548.7,555.9,627234
TATACOFFEE,20190816,73.8,74,71.7,73.4,106220
TATACOMM,20190816,441,451,439,441.9,54498
TATAELXSI,20190816,613.6,632.05,601.25,623.45,887759
TATAGLOBAL,20190816,265.85,269.5,263.8,266.85,823258
TATAINVEST,20190816,792.2,815.6,786.25,793.4,16918
TATAMETALI,20190816,514.7,517.9,506.35,514,13840
TATAMOTORS,20190816,119.9,122.45,117.35,121.35,35264621
TATAMTRDVR,20190816,56.9,57.25,55.1,56.5,9903480
TATAPOWER,20190816,55.6,56.35,54.05,56.1,5629413
TATASPONGE,20190816,447.3,448,439.8,442.1,25972
TATASTEEL,20190816,360,366.9,355.45,363.05,11920211
TATASTLBSL,20190816,22.4,22.5,21.9,22.3,275443
TBZ,20190816,34.05,37.6,34.05,37.25,100651
TCI,20190816,260.1,269,259.95,268.7,11695
TCIDEVELOP,20190816,340.15,361.9,340.15,357.85,33
TCIEXP,20190816,622.7,622.7,593,600.3,4234
TCIFINANCE,20190816,10.05,10.45,9.95,10.05,7316
TCNSBRANDS,20190816,686,720.85,686,694.55,2588
TCPLPACK,20190816,274.05,288.15,274.05,287.3,1006
TCS,20190816,2241.4,2241.4,2143.25,2165.1,3755507
TDPOWERSYS,20190816,134,135,129.3,129.85,24078
TEAMLEASE,20190816,2565,2591.1,2490,2508.25,5690
TECHIN,20190816,3,3,3,3,50
TECHM,20190816,656.9,661,646.15,659,3067796
TECHNOE,20190816,248.9,252.65,241.65,250,22545
TECHNOFAB,20190816,14.75,14.8,13.65,14.8,3049
TEJASNET,20190816,90,91,86.9,87.45,74902
TERASOFT,20190816,32.5,33.3,31.1,31.1,29298
TEXINFRA,20190816,35.5,37,34.6,35,4670
TEXMOPIPES,20190816,17.85,18,16.8,17.45,173765
TEXRAIL,20190816,47.7,48.95,47.1,47.75,99295
TFCILTD,20190816,73.95,78.85,72.05,77.25,540386
TFL,20190816,4,4,3.8,3.95,8696
TGBHOTELS,20190816,4.5,4.7,4.4,4.7,13048
THANGAMAYL,20190816,297.3,309.9,297.3,304.2,753
THEINVEST,20190816,134,135,134,135,3118
THEMISMED,20190816,199.8,199.8,184.15,188.35,1038
THERMAX,20190816,1084,1084.1,1048.75,1057.45,21477
THOMASCOOK,20190816,170,170,164,166.35,164049
THYROCARE,20190816,447,455.45,436.3,438.25,11316
TI,20190816,13.05,13.3,12.9,13.05,9496
TIDEWATER,20190816,4649.95,4746.9,4575,4673.8,857
TIIL,20190816,320,324.95,301.25,313.05,27374
TIINDIA,20190816,351.55,358.6,347.2,352.75,23878
TIJARIA,20190816,10.6,11.45,10.3,10.65,51688
TIL,20190816,192.3,200,187,199.6,5399
TIMESGTY,20190816,34.7,34.7,34.7,34.7,2
TIMETECHNO,20190816,65.85,66.4,64,65,70720
TIMKEN,20190816,700.9,714.75,691,700.85,14369
TINPLATE,20190816,106.3,108.95,104.25,104.9,177801
TIPSINDLTD,20190816,58.6,61.8,57.35,60.2,12726
TIRUMALCHM,20190816,61.3,61.3,60.25,61,88542
TITAN,20190816,1075,1084.3,1070.2,1075.8,1366746
TMRVL,20190816,10.35,10.9,10.2,10.6,34210
TNPETRO,20190816,33.9,33.9,32.6,32.95,46752
TNPL,20190816,170.8,182.5,167.65,181.25,317844
TNTELE,20190816,1.5,1.5,1.5,1.5,222
TOKYOPLAST,20190816,51.05,52.35,49.05,51.5,2830
TORNTPHARM,20190816,1694.9,1694.9,1641.1,1647.8,180534
TORNTPOWER,20190816,284,292.4,283.95,288.9,1262756
TPLPLASTEH,20190816,110.7,113.5,108,111.35,3520
TREEHOUSE,20190816,5.1,5.1,4.75,4.85,15558
TREJHARA,20190816,11.15,11.6,10.6,11.6,3342
TRENT,20190816,446.4,476.6,440.3,467.3,632711
TRF,20190816,89.5,90,87.2,88.2,11696
TRIDENT,20190816,56,56.2,55,55.95,220937
TRIGYN,20190816,52,52,49.15,50.8,45142
TRIL,20190816,8.9,9,8.55,8.9,11763
TRITURBINE,20190816,104.15,104.2,100.1,100.6,11885
TRIVENI,20190816,56.15,57,54.1,55.45,571666
TTKHLTCARE,20190816,505,505,470,492.3,1218
TTKPRESTIG,20190816,5900,5990,5700,5789.4,6106
TTL,20190816,36.25,37.3,35.05,36.7,2753
TTML,20190816,2.6,2.8,2.6,2.8,445053
TV18BRDCST,20190816,21.3,21.3,20.6,20.95,1285910
TVSELECT,20190816,125.65,127.5,121.05,124.45,20892
TVSMOTOR,20190816,372.35,379.55,361.55,376.8,2216366
TVSSRICHAK,20190816,1678,1678,1635,1642.1,954
TVTODAY,20190816,291.1,307.7,291.1,298.3,20778
TVVISION,20190816,1.6,1.6,1.6,1.6,2200
TWL,20190816,42.15,43.6,39.6,40.6,1140290
UBL,20190816,1382,1383.95,1333.15,1338.6,235346
UCALFUEL,20190816,127.7,142.2,126,132.65,303010
UCOBANK,20190816,15.4,16.15,15.25,15.85,478646
UFLEX,20190816,226.2,227,221.45,223.1,28815
UFO,20190816,149.2,157.95,149.15,150.35,20836
UGARSUGAR,20190816,12.5,12.65,12,12.15,160566
UJAAS,20190816,4.5,4.5,4.25,4.45,97778
UJJIVAN,20190816,279.9,285.45,275.1,284,1172520
ULTRACEMCO,20190816,4226,4244.35,4198,4208,508138
UMANGDAIRY,20190816,43.05,46,43.05,45,5839
UMESLTD,20190816,1.1,1.1,1.1,1.1,83
UNICHEMLAB,20190816,176,176.3,172.25,172.85,22285
UNIENTER,20190816,66.6,74.8,65.65,69.9,9956
UNIONBANK,20190816,63,65.1,62.25,64.35,8615614
UNIPLY,20190816,47.05,48.9,47.05,48.9,89940
UNITECH,20190816,0.95,1,0.95,1,1427885
UNITEDBNK,20190816,9.9,10,9.7,9.85,200693
UNITEDTEA,20190816,246.2,255,245,255,42
UNIVCABLES,20190816,147.25,153.6,143.95,149.4,15398
UPL,20190816,526.9,553.25,522.05,549.05,8856958
URJA,20190816,2.35,2.45,2.35,2.45,567290
USHAMART,20190816,24.95,25.1,24.3,24.45,313777
UTINEXT50,20190816,260.25,275,260.25,265.35,238
UTINIFTETF,20190816,1158.7,1174.2,1157,1164.3,42030
UTISENSETF,20190816,399.98,399.98,393.25,393.25,17
UTISXN50,20190816,302,302,302,302,1
UTTAMSTL,20190816,7.55,8.15,7.55,7.8,55528
UTTAMSUGAR,20190816,102,107.25,98.25,103.55,300809
UVSL,20190816,0.1,0.1,0.05,0.05,15231452
V2RETAIL,20190816,122.25,124.55,120.35,121.1,10494
VADILALIND,20190816,550,564,530.1,553.3,13584
VAIBHAVGBL,20190816,817,829,802.7,807.95,9107
VAKRANGEE,20190816,35.5,35.8,34.9,35.3,2622462
VARDHACRLC,20190816,37.95,38,36.8,37.6,1069
VARDMNPOLY,20190816,2.95,3.2,2.9,3,5171
VARROC,20190816,439,441.05,431.5,432.3,59324
VASCONEQ,20190816,11.3,12,11.3,11.4,52151
VASWANI,20190816,6.85,7.3,6.8,6.9,2259
VBL,20190816,627.35,654.9,627.35,653.75,80450
VEDL,20190816,144.35,145.7,140.95,144.4,10374454
VENKEYS,20190816,1310,1395,1303,1364.4,97472
VENUSREM,20190816,23.5,25.4,23.5,24.5,23345
VESUVIUS,20190816,901.05,923.5,895.1,915.25,12038
VETO,20190816,52.6,55.85,51,52.55,15407
VGUARD,20190816,226,230.5,222.45,227.8,389295
VHL,20190816,1441.3,1486.8,1430.3,1454.4,369
VICEROY,20190816,1.3,1.3,1.2,1.3,11480
VIDHIING,20190816,56.1,56.1,53.6,54.6,21591
VIJIFIN,20190816,0.5,0.5,0.45,0.5,99964
VIKASECO,20190816,4.25,4.55,4.25,4.35,708408
VIKASMCORP,20190816,2.85,3,2.7,2.9,344448
VIMTALABS,20190816,101.35,106,101.35,103,7072
VINATIORGA,20190816,2129.85,2146.8,2089,2104.65,30567
VINDHYATEL,20190816,814.7,819.8,798.1,807.8,4576
VINYLINDIA,20190816,62.35,63,61.4,62.5,3718
VIPCLOTHNG,20190816,13.8,13.8,12.65,13.1,15496
VIPIND,20190816,387,389,378.6,383.95,111395
VIPULLTD,20190816,33.25,34.75,33.05,33.95,101568
VISAKAIND,20190816,311,319.9,305.2,311.45,26002
VISASTEEL,20190816,5.05,5.1,4.7,4.9,6879
VISESHINFO,20190816,0.05,0.1,0.05,0.1,9247250
VISHNU,20190816,123.65,123.65,114,114.75,481
VIVIDHA,20190816,0.2,0.3,0.2,0.3,253657
VIVIMEDLAB,20190816,15.3,16.3,15.3,16.2,99434
VLSFINANCE,20190816,42.15,43.55,40.65,42.95,8390
VMART,20190816,1757,1757,1707,1718.9,65858
VOLTAMP,20190816,984.1,990.6,957,963.6,5519
VOLTAS,20190816,587.2,609.3,585.65,601.55,1585644
VRLLOG,20190816,263,270,257.65,261.25,31966
VSSL,20190816,78.35,78.35,75,76.05,7726
VSTIND,20190816,3450,3467.05,3410,3444.1,6069
VSTTILLERS,20190816,953.45,960,923.95,950.45,7218
VTL,20190816,907,924.7,903.55,918.75,5140
WABAG,20190816,278,294,276.4,289.8,204508
WABCOINDIA,20190816,6050,6119.85,6030,6101.2,4458
WALCHANNAG,20190816,64.1,65.25,63,64.35,143929
WANBURY,20190816,13.5,13.65,12.55,12.65,3465
WEBELSOLAR,20190816,22.65,22.65,21,21.35,91407
WEIZFOREX,20190816,380,380.05,354,360,740
WEIZMANIND,20190816,29.05,30,27.5,28.9,269
WELCORP,20190816,118.9,118.9,113.4,114.9,307895
WELENT,20190816,98.05,101.95,98.05,98.45,139428
WELSPUNIND,20190816,47,47.55,45.5,47.1,603943
WENDT,20190816,2140.05,2180,2050.05,2169.5,443
WHEELS,20190816,596,607.05,590,601,2277
WHIRLPOOL,20190816,1548.95,1550.05,1532.55,1544.75,42786
WILLAMAGOR,20190816,16.15,17.4,16.05,16.5,14967
WINDMACHIN,20190816,21.65,21.85,20.55,21.65,19407
WIPRO,20190816,250,251,245.05,249.2,4972435
WOCKPHARMA,20190816,283.2,286.95,281,282.25,386837
WONDERLA,20190816,250,250,246.15,248.1,3570
WSI,20190816,0.6,0.6,0.6,0.6,100
WSTCSTPAPR,20190816,238.7,243,231.7,241.15,147458
XCHANGING,20190816,48.5,49.9,47,49.4,23027
XELPMOC,20190816,62.55,64.4,59.75,63.9,449
XLENERGY,20190816,0.65,0.65,0.55,0.55,22246
XPROINDIA,20190816,25,26.8,24.15,26.5,1507
YESBANK,20190816,79,81.45,76.85,79.45,143478784
ZEEL,20190816,343.7,347.8,336.3,346.6,5719534
ZEELEARN,20190816,21.8,21.8,21.3,21.6,130024
ZEEMEDIA,20190816,10.75,10.75,10.45,10.7,345792
ZENITHBIR,20190816,0.3,0.4,0.3,0.4,22643
ZENITHEXPO,20190816,44.75,44.75,39,41.9,2163
ZENSARTECH,20190816,216.6,219,213,215.05,15112
ZENTEC,20190816,57.85,58.4,56.6,56.95,13636
ZICOM,20190816,0.95,1.05,0.95,0.95,17100
ZODIACLOTH,20190816,198.95,203.75,186.2,200.6,16771
ZUARI,20190816,105,107.8,103.55,105.3,11247
ZUARIGLOB,20190816,67.9,67.9,63.1,64.2,18725
ZYDUSWELL,20190816,1512,1512,1480.05,1495,8451
NSENIFTY,20190816,11043.65,11068.65,10924.30,11047.80,470909918,0
NIFTYJUNIOR,20190816,25837.50,26021.85,25693.65,25999.60,414305093,0
NIFTYMIDCAPLIQ15,20190816,3711.00,3790.70,3691.30,3783.95,74037835,0
NSE100,20190816,11141.95,11172.80,11029.10,11154.55,895118491,0
NIFTY200,20190816,5687.40,5705.40,5631.85,5697.50,1263984025,0
NSE500,20190816,8971.65,8999.20,8886.30,8988.80,1409193361,0
NSEMIDCAP150,20190816,5720.40,5762.45,5682.65,5757.20,376072010,0
MIDCAP50,20190816,4253.05,4315.65,4224.45,4309.05,276376326,0
NSEMIDCAP,20190816,15702.00,15833.95,15595.00,15817.45,368865534,0
NIFTYSMALLCAP250,20190816,-,-,-,4502.25,-,0
NIFTYSMALLCAP50,20190816,-,-,-,2627.15,-,0
NSESMLCAP100,20190816,5443.55,5473.70,5391.90,5465.75,-,0
NIFTYLARGEMIDCAP250,20190816,-,-,-,5500.62,1271190501,0
NIFTYMIDSMALLCAP400,20190816,-,-,-,5309.10,-,0
NIFTYAUTO,20190816,6883.70,7013.75,6772.10,6998.45,87715179,0
BANKNIFTY,20190816,27920.30,28251.05,27720.95,28217.00,274020219,0
NIFTYFINSERVICE,20190816,12521.20,12579.70,12389.35,12543.70,128339159,0
NIFTYFMGC,20190816,28822.50,28965.95,28567.35,28889.95,20573084,0
NSEIT,20190816,15547.40,15552.70,15238.55,15365.35,21253923,0
NIFTYMEDIA,20190816,1856.80,1862.95,1826.15,1859.10,31475185,0
NIFTYMETAL,20190816,2391.95,2411.20,2356.50,2402.05,115682747,0
NIFTYPHARMA,20190816,7738.35,7756.60,7636.20,7684.30,24314700,0
NIFTYPVTBANK,20190816,15561.45,15782.70,15451.80,15760.55,205981969,0
NIFTYPSUBANK,20190816,2552.60,2616.95,2524.20,2603.60,97741501,0
NIFTYREALTY,20190816,263.50,267.00,262.00,265.10,11222936,0
NIFTYCOMMODITIES,20190816,3149.10,3166.50,3118.05,3157.45,216557764,0
NIFTYCONSUMPTION,20190816,4551.90,4598.85,4512.45,4594.00,58387437,0
NIFTYCPSE,20190816,1883.90,1904.50,1876.80,1894.90,68879059,0
NIFTYENERGY,20190816,14593.95,14652.85,14441.80,14594.70,105027011,0
NIFTY100ESG,20190816,-,-,-,2058.03,759693610,0
NIFTY100ENHESG,20190816,-,-,-,2088.18,735280388,0
NIFTYINFRA,20190816,2998.75,3027.30,2975.15,3021.05,374850086,0
NIFTYMNC,20190816,12063.70,12172.55,11965.80,12161.05,53402276,0
NIFTYPSE,20190816,3068.95,3100.95,3047.30,3091.00,135863740,0
NIFTYSMEEMERGE,20190816,-,-,-,1369.62,387500,0
NIFTYSERVSECTOR,20190816,15831.35,15851.30,15635.65,15810.05,351057483,0
NIFTYSHARIAH25,20190816,-,-,-,3967.08,64781551,0
NIFTY50SHARIAH,20190816,-,-,-,2394.73,78765470,0
NIFTY500SHARIAH,20190816,-,-,-,2797.26,204288892,0
NIFTYABGROUP,20190816,-,-,-,2882.25,265361620,0
NIFTYMAHINDRA,20190816,-,-,-,9191.02,8557277,0
NIFTYTATA,20190816,-,-,-,6659.93,74408022,0
NIFTYTATA25CAP,20190816,-,-,-,4319.51,63120725,0
NIFTYABGROUP,20190816,-,-,-,2882.25,265361620,0
NIFTYLIQ15,20190816,3441.50,3486.10,3400.40,3480.30,300769037,0
NIFTY500VALUE50,20190816,-,-,-,3576.53,319955857,0
NIFTYALPHALOWVOL30,20190816,-,-,-,11278.13,106455472,0
NIFTYQUALLOWVOL30,20190816,-,-,-,7878.84,70827226,0
NIFTYALPHAQUALLOWVOL30,20190816,-,-,-,8957.79,83294332,0
NIFTYALPHAQUALVALLOWVOL30,20190816,-,-,-,6945.35,104221756,0
NIFTY50EQUALWEIGHT,20190816,11376.35,11462.70,11259.90,11448.50,470909918,0
NIFTY100EQUALWEIGHT,20190816,12115.35,12208.75,12021.75,12197.70,895118491,0
NIFTY100LOWVOL30,20190816,8399.60,8452.45,8333.00,8447.25,99857905,0
NSEDEFTY,20190816,-,-,-,5379.88,-,0
NIFTY50DIVPOINT,20190816,89.00,89.00,89.00,89.00,-,0
NIFTYDIVOPPS50,20190816,2472.85,2481.75,2448.95,2479.15,262558617,0
NIFTYALPHA50,20190816,11769.10,11854.50,11712.35,11843.60,133942521,0
NIFTY50ARBITRAGE,20190816,-,-,-,1844.33,-,0
NIFTY50FUTINDEX,20190816,-,-,-,3787.53,-,0
NIFTY50FUTTRINDEX,20190816,-,-,-,11114.32,-,0
NIFTYHIGHBETA50,20190816,-,-,-,1298.19,557927868,0
NIFTYLOWVOL50,20190816,-,-,-,9714.81,132887511,0
NIFTY200QUALITY30,20190816,-,-,-,9191.95,-,0
NIFTY50VALUE20,20190816,5223.00,5223.75,5151.40,5191.50,272052526,0
NIFTYGROWSECT15,20190816,5599.30,5661.90,5545.55,5654.65,171985414,0
NIFTY50TR2XLEV,20190816,5785.65,5811.75,5661.00,5790.00,-,0
NIFTY50PR2XLEV,20190816,4473.30,4493.45,4376.90,4476.65,-,0
NIFTY50TR1XINV,20190816,368.75,372.70,367.90,368.60,-,0
NIFTY50PR1XINV,20190816,419.35,423.90,418.40,419.20,-,0
NIFTY-GS-COMPSITE,20190816,2018.32,2029.14,2018.32,2028.63,-,0
NIFTY-GS-4-8YR,20190816,2096.33,2103.32,2096.33,2103.40,-,0
NIFTY-GS-8-13YR,20190816,1987.33,1999.42,1987.33,1998.72,-,0
NIFTY-GS-10YR,20190816,1839.09,1851.74,1839.09,1849.69,-,0
NIFTY-GS-10YR-CLN,20190816,952.77,959.37,952.77,958.30,-,0
NIFTY-GS-11-15YR,20190816,2112.34,2126.06,2112.34,2125.61,-,0
NIFTY-GS-15YRPLUS,20190816,2304.68,2304.68,2304.68,2309.66,-,0
VIX,20190816,16.36,17.43,15.99,16.65,0,0
