20MICRONS,20190627,37.6,37.6,36.5,37.05,29459
21STCENMGM,20190627,18,18,17.4,17.4,1316
3IINFOTECH,20190627,3.3,3.35,3.25,3.3,807724
3MINDIA,20190627,23018.35,23500,22700,23018.45,1123
3PLAND,20190627,8.4,8.9,8.4,8.8,363
5PAISA,20190627,206.7,216.65,205.4,214.45,3748
63MOONS,20190627,116.7,119.05,110,112.1,96189
8KMILES,20190627,93.25,93.25,93.25,93.25,94809
A2ZINFRA,20190627,12.8,13.2,12.6,12.7,248848
AARTIDRUGS,20190627,536,543.8,528.15,531.95,6909
AARTIIND,20190627,1788,1801.55,1780.7,1782.3,41969
AARVEEDEN,20190627,21.75,21.75,19.8,20.1,8258
AAVAS,20190627,1491.75,1540,1470.05,1505.25,55965
ABAN,20190627,39.75,39.9,38.3,39.9,123616
ABB,20190627,1600,1640,1588,1602.85,176106
ABBOTINDIA,20190627,8839,8995,8804.05,8914.6,13274
ABCAPITAL,20190627,93,95.15,92.8,93.35,889092
ABFRL,20190627,210.95,214,207.2,212.95,410486
ABMINTLTD,20190627,13.35,13.35,13.35,13.35,5
ABSLNN50ET,20190627,271.6,273.37,271.6,273.37,23
ACC,20190627,1578,1589.9,1568,1581,719122
ACCELYA,20190627,867.15,884.9,867.15,871.35,1149
ACE,20190627,97.1,99.25,96.65,97.05,93936
ADANIENT,20190627,152.3,154.95,151.5,152.85,2858423
ADANIGAS,20190627,162.55,170.9,162.55,167.45,983387
ADANIGREEN,20190627,41.6,43.25,41.4,42.35,520763
ADANIPORTS,20190627,415.25,418.3,404.7,406.5,8841636
ADANIPOWER,20190627,51.5,52.05,51,51.5,7884139
ADANITRANS,20190627,224.65,226,220.25,221.2,63839
ADFFOODS,20190627,273.3,276.75,270.25,272,21141
ADHUNIK,20190627,1.3,1.35,1.25,1.35,30823
ADHUNIKIND,20190627,79.5,83,79.5,79.75,21948
ADLABS,20190627,5.95,6,5.5,5.55,383237
ADORWELD,20190627,338.15,353.85,338.1,347.95,2189
ADROITINFO,20190627,10.75,11.25,10.75,11.25,305
ADSL,20190627,13.7,14.6,13.25,14.2,79775
ADVANIHOTR,20190627,60,61.4,60,60.55,4825
ADVENZYMES,20190627,169.05,173,168.55,170,42895
AEGISCHEM,20190627,202.5,203,198,201.9,111464
AGARIND,20190627,120.7,128,119,126.45,65613
AGCNET,20190627,110.1,116,109,109.05,6737
AGLSL,20190627,53.5,55,53.5,54.1,3301
AGRITECH,20190627,52.05,54,51.65,53,10814
AGROPHOS,20190627,86,86,82.1,85.5,157
AHLEAST,20190627,181.35,195.9,181.35,193.9,257
AHLUCONT,20190627,329.2,332,329.2,330.1,2656
AHLWEST,20190627,339,355,339,349.95,2382
AIAENG,20190627,1769.65,1769.65,1732.5,1749.8,20816
AIONJSW,20190627,17,21,17,21,94746
AIRAN,20190627,26,27.35,26,26.45,4358
AJANTPHARM,20190627,960,969.6,928,956.1,337496
AJMERA,20190627,164.75,172,162.25,168.9,86836
AKSHARCHEM,20190627,277.95,289.4,276.8,283.45,1884
AKSHOPTFBR,20190627,11.35,11.35,10.85,10.95,196514
AKZOINDIA,20190627,1735.2,1808,1725,1797.5,12429
ALANKIT,20190627,30.5,31.8,29.75,31.6,852688
ALBERTDAVD,20190627,399,405,392.4,393.95,2907
ALBK,20190627,48,51,46.7,49.55,15847681
ALCHEM,20190627,1.3,1.3,1.2,1.2,23669
ALEMBICLTD,20190627,41.85,43.15,41.85,43,80758
ALICON,20190627,559.95,560.3,554.1,559.95,925
ALKALI,20190627,42.2,42.85,39.4,41.45,9048
ALKEM,20190627,1687,1707.95,1680,1682.5,37381
ALKYLAMINE,20190627,805.35,822,801,816.1,3334
ALLCARGO,20190627,108.35,109.4,106.75,107.8,58503
ALLSEC,20190627,316.7,316.8,316.7,316.7,12357
ALMONDZ,20190627,17.85,17.85,16.75,16.9,3083
ALOKTEXT,20190627,3.45,3.5,3.3,3.45,4573642
ALPA,20190627,18.1,20.4,18.1,19.4,18351
ALPHAGEO,20190627,433.95,435,421.25,425.95,3278
ALPSINDUS,20190627,0.8,0.8,0.75,0.75,2361
AMARAJABAT,20190627,620.9,628,615.25,620.3,940132
AMBER,20190627,818,832.8,818,821.9,11401
AMBIKCO,20190627,1048.75,1074.9,1033.4,1067.5,1211
AMBUJACEM,20190627,218.5,219.9,216.6,218.45,2614407
AMDIND,20190627,18.7,19.25,18.05,18.5,8804
AMJLAND,20190627,16.15,16.75,16.15,16.35,16080
AMRUTANJAN,20190627,305.75,305.95,300.05,301.65,16794
ANANTRAJ,20190627,29.2,31,29.2,30.65,405414
ANDHRABANK,20190627,23.5,23.85,23.2,23.35,815127
ANDHRACEMT,20190627,4,4.1,3.9,3.95,15338
ANDHRSUGAR,20190627,325,331,320.05,321.6,32962
ANIKINDS,20190627,11.65,12.3,11.65,11.9,255
ANKITMETAL,20190627,0.4,0.5,0.4,0.45,22871
ANSALAPI,20190627,5.75,5.8,5.75,5.8,42126
ANSALHSG,20190627,6.7,6.9,6.45,6.45,85123
ANTGRAPHIC,20190627,0.9,0.9,0.8,0.9,231189
ANUP,20190627,482,492,482,490,4143
APARINDS,20190627,598.15,603.15,587.2,589.2,13324
APCL,20190627,169,169.5,165,167.25,1847
APCOTEXIND,20190627,560,573,558.4,560.1,3205
APEX,20190627,251.7,269.9,248.6,262.95,109181
APLAPOLLO,20190627,1522.65,1532,1503,1510.3,61166
APLLTD,20190627,494.75,499.95,488.15,495.75,13079
APOLLO,20190627,118.95,123.45,118.95,122.3,13964
APOLLOHOSP,20190627,1310.55,1322.95,1292.6,1312.45,688891
APOLLOTYRE,20190627,201,204,200.2,202.9,2785295
APOLSINHOT,20190627,914.95,936.9,900,912.8,653
APTECHT,20190627,143.7,149.4,143.7,146.85,205594
ARCHIDPLY,20190627,32.9,34.3,32.9,33.1,8246
ARCHIES,20190627,21.45,21.45,21.25,21.3,8304
ARCOTECH,20190627,2.75,2.85,2.75,2.85,8001
ARIES,20190627,62.9,63.05,62,62.35,13178
ARIHANT,20190627,22,23.5,21.1,23.3,929
ARIHANTSUP,20190627,53.9,55.75,52.5,53.2,44116
ARMANFIN,20190627,403.75,408.1,403.75,407,1386
AROGRANITE,20190627,45.2,46.5,45,45.7,4815
ARROWGREEN,20190627,50.8,60.35,50.8,60.35,90838
ARROWTEX,20190627,12.75,13,12.3,12.7,13121
ARSHIYA,20190627,19.65,20.95,17.4,17.7,154254
ARSSINFRA,20190627,38,38,37,38,36313
ARVIND,20190627,65.55,68.95,65.45,66.1,4927255
ARVINDFASN,20190627,695,745,692.25,698.9,56381
ARVSMART,20190627,105.9,105.9,101.65,102.85,23710
ASAHIINDIA,20190627,218.55,221.95,217.05,218.5,36302
ASAHISONG,20190627,140.05,143.35,140,141.55,1693
ASAL,20190627,44.25,45.5,44.25,44.6,1295
ASHAPURMIN,20190627,16.8,17.3,16.4,16.85,11402
ASHIANA,20190627,121.6,123.5,120.3,121.95,226384
ASHIMASYN,20190627,10.35,11,10,10.4,42786
ASHOKA,20190627,140.45,142,138.95,140.6,150271
ASHOKLEY,20190627,86.05,88.45,85.8,88,23155847
ASIANHOTNR,20190627,121.2,134,121.2,130.05,589
ASIANPAINT,20190627,1361.1,1369.65,1358.15,1361.4,2113899
ASIANTILES,20190627,253.95,257.55,250.5,255.2,211287
ASPINWALL,20190627,142.1,148,142.1,144.6,2098
ASSAMCO,20190627,1.3,1.3,1.2,1.2,158154
ASTEC,20190627,467.65,472.25,466.2,470.55,1917
ASTERDM,20190627,124.9,131.4,122.5,126.6,6901310
ASTRAL,20190627,1335,1341,1314.05,1320.95,32817
ASTRAMICRO,20190627,86.1,86.95,85.2,85.85,48058
ASTRAZEN,20190627,2060.25,2146,2050,2097.85,18645
ASTRON,20190627,119,120,114.6,116.05,341645
ATFL,20190627,495.05,507.8,495.05,507.3,1990
ATLANTA,20190627,10.45,10.5,9.75,10.45,30386
ATLASCYCLE,20190627,42.85,42.85,38.95,42.85,19399
ATUL,20190627,3984,3984,3931,3938.3,11414
ATULAUTO,20190627,271.05,275,269.3,273.35,8486
AUBANK,20190627,694,700,684.7,691,35842
AURIONPRO,20190627,114.6,114.6,110,111.05,6031
AUROPHARMA,20190627,619,622,610.2,612.25,2677649
AUSOMENT,20190627,36.15,37.7,36,36.2,1458
AUTOAXLES,20190627,1018,1057,1018,1046.55,7702
AUTOIND,20190627,50.95,51.4,49.75,50.55,9033
AVADHSUGAR,20190627,335.2,344.45,324.9,344.45,73416
AVANTIFEED,20190627,352,363.7,350.5,351.75,423043
AVTNPL,20190627,24.3,24.8,24,24.35,25867
AXISBANK,20190627,788.95,806.85,781.6,800.45,18439210
AXISCADES,20190627,64.85,66.9,64.85,65.65,115741
AXISGOLD,20190627,2960,2994,2946.1,2957.5,197
AXISNIFTY,20190627,1218.27,1220.3,1217.64,1217.64,19
AYMSYNTEX,20190627,38.6,42.45,38.6,39.3,6216
BAFNAPHARM,20190627,5.8,5.8,5.55,5.6,1661
BAGFILMS,20190627,3.45,3.7,3.45,3.65,50288
BAJAJ-AUTO,20190627,2867.25,2909.9,2851,2865.85,621516
BAJAJCON,20190627,332.4,337.9,327.35,328.2,70699
BAJAJELEC,20190627,522,528.75,521.05,525.35,124202
BAJAJFINSV,20190627,8405.2,8479,8400.2,8443.9,157072
BAJAJHIND,20190627,7.65,7.85,7.65,7.7,2264722
BAJAJHLDNG,20190627,3623.3,3684.8,3591,3616.4,45054
BAJFINANCE,20190627,3635,3659,3620.1,3642.2,1135142
BALAJITELE,20190627,59.55,61,58.3,59.15,26588
BALAMINES,20190627,370.4,380,370.4,377.1,14406
BALAXI,20190627,81.9,81.9,81.9,81.9,308
BALKRISHNA,20190627,31.95,32,30.1,30.85,2948
BALKRISIND,20190627,752.1,773.5,752.1,764.9,536362
BALLARPUR,20190627,1.95,1.95,1.9,1.95,167307
BALMLAWRIE,20190627,181.75,186,181.75,182.7,43194
BALPHARMA,20190627,54.2,55.35,52.75,53.6,16147
BALRAMCHIN,20190627,135.95,141.95,135.9,140.15,1487544
BANARBEADS,20190627,44.1,44.1,44,44,2672
BANARISUG,20190627,1465,1465,1400,1419,573
BANCOINDIA,20190627,119.85,122.7,118,119.55,25169
BANDHANBNK,20190627,537.1,541.65,532.6,537.8,583362
BANG,20190627,39,40,37.35,38.65,11780
BANKBARODA,20190627,122,123,120.25,121.4,43164548
BANKBEES,20190627,3190,3202.84,3173.65,3196.19,5296
BANKINDIA,20190627,88.55,89.85,87.45,88.4,5244888
BANSWRAS,20190627,65.05,70,65.05,66.65,10875
BARTRONICS,20190627,3.95,4.05,3.8,4.05,23926
BASF,20190627,1312,1330,1304,1323.75,9659
BASML,20190627,155.65,163,148.1,153.35,2581
BATAINDIA,20190627,1430,1451.65,1420.2,1447.3,700796
BAYERCROP,20190627,3280,3470,3161,3402.9,6389
BBL,20190627,1062.95,1086,1051.05,1058.75,5523
BBTC,20190627,919.8,936.85,918,924.75,300988
BCG,20190627,4.8,4.8,4.6,4.6,212795
BDL,20190627,313,316.1,311,314.5,33520
BEARDSELL,20190627,15.4,16,13.65,14,545
BEDMUTHA,20190627,14.5,14.85,14.2,14.3,4032
BEL,20190627,115.5,116.6,114.6,114.95,17016748
BEML,20190627,906.5,951.65,896.6,904.95,7394659
BEPL,20190627,63.5,65.65,63.4,65.05,389810
BERGEPAINT,20190627,318,319.35,313.7,316.3,434902
BFINVEST,20190627,251.5,259.9,251.5,255.95,65594
BFUTILITIE,20190627,183,185.95,182.15,182.9,238756
BGLOBAL,20190627,2,2.1,1.95,2.1,23465
BGRENERGY,20190627,51.3,51.7,50.15,51.15,31182
BHAGERIA,20190627,251.9,256,251.4,252.9,10324
BHAGYANGR,20190627,26.2,26.25,24.5,25.35,17758
BHAGYAPROP,20190627,23.1,25,23.1,24.15,7489
BHANDARI,20190627,1.7,1.7,1.65,1.65,88836
BHARATFIN,20190627,912,926,908.6,916.35,1574949
BHARATFORG,20190627,451.25,457,447.75,455.95,1623682
BHARATGEAR,20190627,98,102.9,97,102.1,5472
BHARATRAS,20190627,4000.9,4029.85,3955,3971.85,1266
BHARATWIRE,20190627,33.25,34.45,33.25,34.25,4200
BHARTIARTL,20190627,347.25,350.85,340.9,348.65,12895120
BHEL,20190627,75.05,75.5,74.35,74.7,10529610
BIGBLOC,20190627,28.5,28.5,27.25,27.3,258
BIL,20190627,301,306,292.2,295.1,1127
BILENERGY,20190627,2.35,2.35,2.35,2.35,39000
BINDALAGRO,20190627,13.15,13.5,13,13.3,20012
BIOCON,20190627,252.95,253,247.35,248.35,2117103
BIOFILCHEM,20190627,6.6,6.6,6.3,6.3,600
BIRLACABLE,20190627,91.05,93.75,90.45,91.65,29872
BIRLACORPN,20190627,586.05,606.7,578.2,590.45,120859
BIRLAMONEY,20190627,45.4,47.5,44.8,46.3,59671
BKMINDST,20190627,3.05,3.15,2.9,3,46381
BLBLIMITED,20190627,4,4.1,4,4.05,4205
BLISSGVS,20190627,157.15,160.05,153.65,156.55,477072
BLKASHYAP,20190627,7.25,7.95,7.25,7.75,676204
BLS,20190627,103.85,104.65,101.35,104.05,72101
BLUECOAST,20190627,3.8,3.8,3.5,3.5,6006
BLUEDART,20190627,2667.3,2700,2650,2655.65,2799
BLUESTARCO,20190627,745,763.55,745,760.7,28474
BODALCHEM,20190627,99.8,100.9,99,99.15,59630
BOMDYEING,20190627,101.35,105.2,100.8,103.45,1648683
BOROSIL,20190627,173.4,174.8,170.4,171.2,34955
BOSCHLTD,20190627,16524.9,16680,16500,16551.3,7685
BPCL,20190627,388,398,386.6,392.2,7031613
BPL,20190627,22.6,22.75,22.15,22.3,37281
BRFL,20190627,6.9,7.4,6.9,7.4,34891
BRIGADE,20190627,250,267,250,261.8,243475
BRITANNIA,20190627,2740,2764.6,2720,2725.9,964520
BRNL,20190627,74.9,77,73.45,76.35,14806
BROOKS,20190627,41.6,48.45,41.55,45.6,89862
BSE,20190627,615,615,600,609.9,305854
BSELINFRA,20190627,1.6,1.6,1.55,1.55,48246
BSL,20190627,37,40.4,36.5,38.45,241016
BSLGOLDETF,20190627,3102.15,3130.05,3102.15,3121.45,27
BSLNIFTY,20190627,129.45,129.45,128.8,128.8,7
BSOFT,20190627,88.6,90.85,88.5,90.25,584524
BURNPUR,20190627,2.05,2.1,1.95,2,83186
BUTTERFLY,20190627,164.15,174,164.05,170.5,14487
BVCL,20190627,14.7,15.3,14.65,14.7,2428
BYKE,20190627,24.8,25.15,23.65,23.8,63331
CADILAHC,20190627,237.2,243.45,236.65,237.85,1639885
CALSOFT,20190627,13.95,13.95,12.85,12.95,35516
CAMLINFINE,20190627,53,56.75,52.1,54.8,373912
CANBK,20190627,280.15,281.5,276.25,278.5,4254667
CANFINHOME,20190627,355,366.2,345.15,347.45,1938934
CANTABIL,20190627,244.25,249,241.45,242.3,20937
CAPACITE,20190627,270.1,272.45,268.15,271.2,18009
CAPLIPOINT,20190627,435,450,435,446.45,60950
CAPTRUST,20190627,138.4,138.7,128.8,136.7,750
CARBORUNIV,20190627,359.55,361.95,354.25,357.35,49726
CAREERP,20190627,67.05,68.05,66.55,67.1,38238
CARERATING,20190627,920,949,920,941.8,7645
CASTEXTECH,20190627,0.75,0.75,0.7,0.75,97322
CASTROLIND,20190627,137.15,137.5,135.25,135.9,875290
CCHHL,20190627,5.7,5.95,5.65,5.95,21909
CCL,20190627,252,257.9,251.5,254.1,101742
CDSL,20190627,219.55,221,218.25,219.75,84177
CEATLTD,20190627,941,957,920.1,932.35,909770
CEBBCO,20190627,17.1,18.4,17,17.85,21919
CELEBRITY,20190627,6.55,7.6,6.3,6.6,11799
CELESTIAL,20190627,3.55,3.7,3.4,3.55,33709
CENTENKA,20190627,220.95,224.5,217.05,223.8,15154
CENTEXT,20190627,4,4.05,3.9,3.9,60925
CENTRALBK,20190627,20.1,20.5,19.9,20.05,1400533
CENTRUM,20190627,25.3,26.1,25.3,25.95,156475
CENTUM,20190627,504,550,504,544.9,5471
CENTURYPLY,20190627,161,167.5,160.15,166.05,116004
CENTURYTEX,20190627,968,975.5,953.55,961,434809
CERA,20190627,3020,3024,2967.1,3008,3002
CEREBRAINT,20190627,23.05,23.7,22.55,23.55,325735
CESC,20190627,785.45,786.6,776.8,782.35,546074
CESCVENT,20190627,446.65,478,446.65,464.7,19083
CGCL,20190627,170.9,174,168.1,171.95,490836
CGPOWER,20190627,30.15,31,29,29.55,8610820
CHALET,20190627,305.2,311.45,303.05,306.5,111299
CHAMBLFERT,20190627,171,176,170.55,173.3,175590
CHEMFAB,20190627,172,172,168,169.15,914
CHENNPETRO,20190627,211.6,213.4,207.4,208,495803
CHOLAFIN,20190627,284.4,294,279.1,285.65,1503740
CHOLAHLDNG,20190627,462,477.6,462,471.45,731927
CHROMATIC,20190627,0.7,0.7,0.6,0.7,66392
CIGNITITEC,20190627,318,321.05,311.95,312.65,46667
CIMMCO,20190627,26.65,27.5,26,26.3,12024
CINELINE,20190627,38.95,39.45,38.1,38.9,10282
CINEVISTA,20190627,5.7,5.7,5.65,5.65,7888
CIPLA,20190627,556.85,563.9,550.3,551.95,1323494
CKFSL,20190627,5.5,5.9,5.5,5.75,181659
CLEDUCATE,20190627,103,104.9,101.45,103.15,1204
CLNINDIA,20190627,295.5,304.8,295.5,299.4,35117
CMICABLES,20190627,113.15,115.85,112.05,112.85,13211
CNOVAPETRO,20190627,12.95,13.1,12.1,13.1,21669
COALINDIA,20190627,259.25,261.7,258,259.4,13174124
COCHINSHIP,20190627,377.95,382,377.2,378.15,28752
COFFEEDAY,20190627,241,242.9,228.3,231.95,1344876
COLPAL,20190627,1130.05,1146,1124,1128.2,386239
COMPINFO,20190627,13.15,13.4,12.8,12.9,13373
COMPUSOFT,20190627,9.25,9.6,9,9.35,38479
CONCOR,20190627,569.9,573.65,562.15,569.85,1110894
CONFIPET,20190627,35.7,36.95,35.55,36.3,119669
CONSOFINVT,20190627,38.65,41.7,38.65,41.7,202
CONTROLPR,20190627,233,244.95,233,237.45,2209
CORALFINAC,20190627,14.25,14.3,14,14.25,605
CORDSCABLE,20190627,56.65,57.45,56.5,56.65,7102
COROMANDEL,20190627,405.8,411.7,405.8,410.6,89432
CORPBANK,20190627,23,23.95,23,23.8,173304
COSMOFILMS,20190627,221.5,227,221.15,225.15,8528
COUNCODOS,20190627,2.35,2.55,2.35,2.55,109510
COX&KINGS,20190627,47.9,47.9,40.85,40.85,1900032
CPSEETF,20190627,28.4,28.78,28.33,28.69,1587243
CREDITACC,20190627,524.9,599,512.25,524.1,108591
CREST,20190627,107.1,110.8,107.05,108,1757
CRISIL,20190627,1470,1497,1468,1487.45,4707
CRMFGETF,20190627,3130,3130,2900.05,3125,31
CROMPTON,20190627,234.9,236.8,227.85,229.7,893608
CTE,20190627,34.75,34.85,32.35,33.9,5360
CUB,20190627,216,220.5,214.25,216.65,388581
CUBEXTUB,20190627,12.5,12.5,11.25,12,2510
CUMMINSIND,20190627,774.4,788,764.75,775.6,562369
CUPID,20190627,123.15,129.9,121,122.1,11845
CYBERTECH,20190627,42,43.8,42,42.1,9233
CYIENT,20190627,550,550,541.55,542.3,27561
DAAWAT,20190627,23,26,22.9,25.25,2325292
DABUR,20190627,396.6,402.9,395.05,401.1,1810323
DALBHARAT,20190627,1059.95,1088.9,1055.45,1069.75,74091
DALMIASUG,20190627,108,109.4,105.05,105.75,313864
DAMODARIND,20190627,33.5,35.45,33.5,35.3,833
DATAMATICS,20190627,94.45,97.85,94.45,96.15,22227
DBCORP,20190627,188,193.85,188,192.5,10355
DBL,20190627,446.85,484.5,442,478.55,1564135
DBREALTY,20190627,13.25,13.85,13.05,13.35,397335
DBSTOCKBRO,20190627,9.8,9.8,9.8,9.8,10
DCAL,20190627,229,229,223.55,226.7,29532
DCBBANK,20190627,240,242.9,235.4,239.4,1604121
DCM,20190627,33.9,33.9,31.3,32,4553
DCMSHRIRAM,20190627,542,560,537.95,549.95,210431
DCW,20190627,15.55,17.3,14.85,17.05,485164
DECCANCE,20190627,405,409.8,391.35,400.15,3572
DEEPAKFERT,20190627,120.9,123,119.25,119.95,217372
DEEPAKNTR,20190627,287,288,283.65,287.2,90797
DEEPIND,20190627,143,150.9,143,145.7,14699
DELTACORP,20190627,176.05,177.5,173,174.2,453375
DELTAMAGNT,20190627,44.3,48.75,44.3,47.95,364
DEN,20190627,55.55,56.5,54.6,55.95,26332
DENORA,20190627,238.5,238.5,230.05,234.6,3526
DFMFOODS,20190627,240,249,236.55,247.3,11103
DGCONTENT,20190627,13.55,14,13,13.25,9230
DHAMPURSUG,20190627,189.8,193.35,188.95,189.7,551830
DHANBANK,20190627,16.9,17.1,16.5,16.65,151186
DHANUKA,20190627,418.15,440,413.95,436.3,105930
DHARSUGAR,20190627,9.15,9.3,8.9,9.2,13532
DHFL,20190627,80.6,83.45,79.1,81.55,30541388
DHUNINV,20190627,222.95,230.7,220,221.85,515
DIAMONDYD,20190627,820,830,815.3,819,1994
DICIND,20190627,322.45,329,318.7,320,664
DIGJAMLTD,20190627,2.1,2.1,2.05,2.1,50095
DISHTV,20190627,27.45,28.9,27.2,28.4,27731140
DIVISLAB,20190627,1595,1608,1578,1601.8,511835
DIXON,20190627,2220.15,2285,2220,2268.5,2620
DLF,20190627,184,187,182.8,185.6,16068076
DLINKINDIA,20190627,93.7,98.45,93.7,96.85,235919
DMART,20190627,1393.15,1420,1365,1390.55,628821
DNAMEDIA,20190627,0.6,0.6,0.55,0.6,15941
DOLLAR,20190627,243.8,245,241,242,3027
DOLPHINOFF,20190627,31.6,33,31.35,32.3,38033
DONEAR,20190627,32.4,33.4,32.1,32.3,21599
DPSCLTD,20190627,9.9,9.9,9.7,9.75,4797
DQE,20190627,3.8,3.95,3.75,3.95,8782
DREDGECORP,20190627,403,417,403,408.8,269222
DRREDDY,20190627,2578.9,2578.9,2543.9,2565.6,465861
DSSL,20190627,30,30.45,29.35,29.65,1137
DTIL,20190627,185,192,185,189.95,1098
DUCON,20190627,8.7,8.95,7.7,7.7,2214913
DVL,20190627,86.45,87.15,86.3,86.45,4065
DWARKESH,20190627,26.5,26.85,26.05,26.15,410107
DYNAMATECH,20190627,1365.05,1397.8,1365.05,1389.6,2564
DYNPRO,20190627,117.1,121.9,117.1,119.15,6836
EASTSILK,20190627,1.3,1.3,1.3,1.3,355
EASUNREYRL,20190627,5.05,5.05,4.65,4.75,9992
EBANK,20190627,3685,3685.92,3685,3685.92,3
ECLERX,20190627,770.65,783.4,770,771.9,7701
EDELWEISS,20190627,173.9,175.35,170.1,173.4,1155846
EICHERMOT,20190627,19151.85,19669,19151.85,19479.3,118394
EIDPARRY,20190627,167.8,171.6,167.55,170,101525
EIHAHOTELS,20190627,365.95,365.95,355.25,362.65,694
EIHOTEL,20190627,174,182.95,174,179.9,132696
EIMCOELECO,20190627,376.85,382,372.2,381.85,414
EKC,20190627,24.85,25.2,24.55,24.6,29747
ELAND,20190627,6.05,6.3,6.05,6.05,2565
ELECON,20190627,44.8,47.15,44.8,45.95,52901
ELECTCAST,20190627,16.4,17,16.4,16.85,25421
ELECTHERM,20190627,254.9,260,245,248.2,35850
ELGIEQUIP,20190627,259.3,264.85,257.05,257.95,5607
ELGIRUBCO,20190627,18.5,20,18.5,19.75,1986
EMAMILTD,20190627,320,322,300.5,302.6,2836596
EMAMIPAP,20190627,116.95,117.5,108.8,110.6,29740
EMAMIREAL,20190627,63.85,67.85,63.75,67.85,92662
EMCO,20190627,1.9,1.9,1.9,1.9,2284
EMKAY,20190627,78.6,78.6,71.35,72.85,7473
EMMBI,20190627,148.55,150.65,142.3,143.8,13103
ENDURANCE,20190627,1130,1130,1108,1114.2,44271
ENERGYDEV,20190627,6.1,6.15,5.9,6,43809
ENGINERSIN,20190627,122.35,123.5,120.95,122.25,1129021
ENIL,20190627,427.25,434,427.25,430.8,218973
EON,20190627,24.1,25.5,23.6,24.65,8380
EQUITAS,20190627,120.2,123.65,118.8,120.4,3695312
ERIS,20190627,518.5,518.5,505.55,509.85,22079
EROSMEDIA,20190627,19.05,19.05,19.05,19.05,232819
ESABINDIA,20190627,1170,1195.75,1142.85,1153.1,3357
ESCORTS,20190627,555.1,563.55,542.8,548.15,2263982
ESSARSHPNG,20190627,8.7,8.7,8.25,8.4,8305
ESSELPACK,20190627,129.4,129.7,129.1,129.55,69729
ESTER,20190627,30.15,31.4,30.05,30.5,27754
EUROMULTI,20190627,0.5,0.6,0.5,0.6,1796
EUROTEXIND,20190627,13.3,13.3,13.3,13.3,100
EVEREADY,20190627,83.15,83.15,79,83.15,363907
EVERESTIND,20190627,395.65,405,395.65,400.6,27337
EXCEL,20190627,1.3,1.35,1.25,1.3,511108
EXCELCROP,20190627,3037.9,3187.95,3037.9,3075.9,8739
EXCELINDUS,20190627,954.9,962,936,938.95,3930
EXIDEIND,20190627,203.4,207.2,203.1,204.85,1590775
EXPLEOSOL,20190627,406.15,407.15,388,390.1,27362
FACT,20190627,39.85,40.6,39.2,39.85,75865
FAIRCHEM,20190627,529.2,529.2,524,525,17702
FCL,20190627,35.45,36,34.8,35.15,67740
FCONSUMER,20190627,40.75,41.25,40.2,40.55,794097
FCSSOFT,20190627,0.15,0.2,0.15,0.2,376773
FDC,20190627,177.9,179,174.25,178.5,22711
FEDERALBNK,20190627,104.45,109.8,104.35,108.55,18193472
FEL,20190627,34.65,35.15,34.6,35,165409
FELDVR,20190627,32.5,33.5,32.5,33.25,4668
FIEMIND,20190627,445.4,453,439.05,449.65,8681
FILATEX,20190627,37.75,38.1,37.5,37.7,66233
FINCABLES,20190627,444.3,446.15,438.45,442.85,51360
FINEORG,20190627,1439.9,1455,1372,1407.3,106799
FINPIPE,20190627,511.95,511.95,500.05,501.25,16967
FLEXITUFF,20190627,33.3,34,30.15,31.6,3628
FLFL,20190627,464,465,456,464,7344
FMGOETZE,20190627,526.65,544,520.35,526.9,10515
FMNL,20190627,39.5,39.5,38.4,38.7,4539
FORTIS,20190627,129.2,130.5,128.75,129.75,480088
FOSECOIND,20190627,1267.05,1282.05,1267,1273.7,305
FRETAIL,20190627,484.65,486.95,476,479.4,70327
FSC,20190627,582.5,589.3,575.6,578,1266
FSL,20190627,50.2,50.7,49.75,49.95,1175611
GABRIEL,20190627,109,114.65,107.4,111.9,71064
GAEL,20190627,170,170,167.1,168.7,8543
GAIL,20190627,310,310.8,306,306.65,8374313
GAL,20190627,4.2,4.55,3.35,4.1,439502
GALAXYSURF,20190627,1247.95,1255.65,1238,1243.6,8280
GALLANTT,20190627,37.9,39.8,37.2,38.1,8583
GALLISPAT,20190627,36.5,37,35.1,36.3,9620
GAMMNINFRA,20190627,0.4,0.45,0.35,0.4,1043511
GANDHITUBE,20190627,395.25,403.95,395.25,402.5,1237
GANECOS,20190627,295.9,297.75,292.85,293.85,4789
GANESHHOUC,20190627,46.5,49.7,46.25,48.3,14296
GANGESSECU,20190627,50.2,51.95,44.3,46,345
GARDENSILK,20190627,14.2,15,14.2,14.35,13802
GARFIBRES,20190627,1230,1247.95,1210,1210.5,4228
GATI,20190627,71,74.8,71,73.4,1700830
GAYAHWS,20190627,0.65,0.75,0.65,0.75,36026
GAYAPROJ,20190627,160,165.45,158,163.45,7543
GDL,20190627,127.25,129.55,127.25,128.5,79439
GEECEE,20190627,111.95,112.9,108.35,110,3876
GENESYS,20190627,78.85,79,74,75.5,20628
GENUSPAPER,20190627,5.95,5.95,5.75,5.75,33717
GENUSPOWER,20190627,23,26,22.7,23.9,2085366
GEOJITFSL,20190627,33.55,34.05,33.1,33.35,55822
GEPIL,20190627,883.65,891.95,860.5,865.2,5659
GESHIP,20190627,263,266,263,264.6,22998
GET&D,20190627,231.25,239,231.25,236.55,7212
GHCL,20190627,244,244.5,241,241.6,29188
GICHSGFIN,20190627,243.15,251.9,243.1,247.35,32094
GICRE,20190627,211.95,211.95,206.5,207,395805
GILLANDERS,20190627,40.7,41.5,40.35,41.5,369
GILLETTE,20190627,7350,7421.35,7284.65,7396.2,2785
GINNIFILA,20190627,10.05,10.35,9.65,9.9,43218
GIPCL,20190627,73.15,74.9,73.15,73.65,82420
GKWLIMITED,20190627,649.3,649.3,574,610,35
GLAXO,20190627,1225,1225,1215.65,1219.2,14915
GLENMARK,20190627,456.3,456.95,446.75,448.2,2011422
GLOBALVECT,20190627,64.5,65.9,62.75,63.35,4320
GLOBOFFS,20190627,9.15,9.7,9.15,9.4,3064
GLOBUSSPR,20190627,144,144.3,138,138.4,253986
GMBREW,20190627,509.9,527.5,505,520.65,68800
GMDCLTD,20190627,74.05,76.5,74.05,75.2,91506
GMMPFAUDLR,20190627,1321.65,1339.9,1312.05,1332.15,3805
GMRINFRA,20190627,15.4,15.6,15.2,15.3,13790465
GNA,20190627,274.5,277,273.65,274.75,11606
GNFC,20190627,241,243.85,238,238.8,215541
GOACARBON,20190627,348.85,372.7,345,363.55,187531
GOCLCORP,20190627,267.05,277.4,263.05,268.45,11514
GODFRYPHLP,20190627,870,881.1,829.5,841.15,372153
GODREJAGRO,20190627,505,508.95,500.1,506.25,34747
GODREJCP,20190627,666,673.55,665.95,668.25,919680
GODREJIND,20190627,480.7,495,474.05,490.3,675091
GODREJPROP,20190627,954,1007,950.5,1000,1113691
GOKEX,20190627,95.3,96.15,93.2,94.5,55012
GOKUL,20190627,13.2,13.8,13.15,13.15,1778
GOKULAGRO,20190627,13.6,13.6,13,13,1325
GOLDBEES,20190627,2969.95,3004.8,2969.95,2978.35,23205
GOLDENTOBC,20190627,32.6,35,32.55,34,619
GOLDIAM,20190627,124.8,125.45,119.15,121.15,113161
GOLDSHARE,20190627,3000.15,3016.45,2991.2,2996.5,1536
GOLDTECH,20190627,9.3,9.65,9,9.45,19071
GOODLUCK,20190627,65,66.85,64,65.4,27324
GPIL,20190627,227.45,232.85,215.1,220.65,80909
GPPL,20190627,88.25,89.6,86.6,88.8,76796
GPTINFRA,20190627,50.35,50.35,46.2,48.85,355
GRANULES,20190627,97.5,98.5,95.6,95.95,340983
GRAPHITE,20190627,339.15,357.5,337.9,341.7,3540147
GRASIM,20190627,924.95,937.8,916.05,921.8,2075769
GRAVITA,20190627,57.6,60.9,57.6,59.4,17591
GREAVESCOT,20190627,143.8,146.95,143.25,146.2,367669
GREENLAM,20190627,726,754,726,737.35,1766
GREENPLY,20190627,162.55,164.2,161.55,163.4,46292
GREENPOWER,20190627,5,5.1,4.85,5.05,164463
GRINDWELL,20190627,572.8,590.45,570.25,576.75,10270
GROBTEA,20190627,374,374,336,343,574
GRPLTD,20190627,976.5,1000,976.5,999.95,66
GRSE,20190627,117.3,119.4,117.3,118.85,55130
GRUH,20190627,277.35,283.45,266.05,275.15,3423995
GSCLCEMENT,20190627,19.65,19.65,18.9,19.15,12692
GSFC,20190627,92,93.2,89.1,89.85,3115533
GSKCONS,20190627,7480,7620,7460.05,7586.6,17604
GSPL,20190627,195,198,191.45,197.2,94639
GSS,20190627,70,78,65.35,65.35,559288
GTL,20190627,2.65,2.7,2.65,2.7,12981
GTLINFRA,20190627,0.75,0.75,0.75,0.75,369201
GTNIND,20190627,7.55,8.5,7.55,8.35,1532
GTNTEX,20190627,8,9.4,8,8.25,2350
GTPL,20190627,61,61,56.6,57.05,20575
GUFICBIO,20190627,71.3,76.25,71.3,74.9,116858
GUJALKALI,20190627,522.7,534.7,522.7,528.25,19941
GUJAPOLLO,20190627,136.75,139.9,130.2,136,1424
GUJFLUORO,20190627,966.05,976.85,925,937.5,50534
GUJGASLTD,20190627,172.6,174.95,170.05,173.75,304392
GUJRAFFIA,20190627,14.25,14.25,14.25,14.25,2070
GULFOILLUB,20190627,853.9,861.8,837.05,844.05,1774
GULFPETRO,20190627,52,53.8,51,52.15,9646
GULPOLY,20190627,47.1,48.75,46.85,47.15,8003
GVKPIL,20190627,6,6.25,5.9,6,2372543
HAL,20190627,712,719.7,706.25,715.6,7750
HARITASEAT,20190627,419.95,434.95,415.1,423.2,5892
HARRMALAYA,20190627,72.1,75.25,71.1,73.7,44464
HATHWAY,20190627,24.1,24.9,23.2,23.3,89458
HATSUN,20190627,714.45,714.8,705,708.85,3310
HAVELLS,20190627,792,797,784.05,794.4,1279424
HBLPOWER,20190627,22.8,23.25,22.7,22.85,89322
HBSL,20190627,7.2,7.3,6.9,7,7375
HCC,20190627,12.4,12.55,12.05,12.2,864121
HCG,20190627,165,165,156,159.6,8750
HCL-INSYS,20190627,13.1,13.4,12.95,13.3,243116
HCLTECH,20190627,1074.3,1084.05,1059.95,1062.75,1388025
HDFC,20190627,2166.5,2202.55,2166.05,2195.45,3972522
HDFCAMC,20190627,1986,2051.2,1983,2036.65,556133
HDFCBANK,20190627,2468.75,2494.5,2456.15,2462.3,4969809
HDFCLIFE,20190627,443.9,456.85,439.05,455.15,2356422
HDFCMFGETF,20190627,3086.7,3131,3055,3056.25,2727
HDFCNIFETF,20190627,1239.99,1244.77,1238,1240,261
HDFCSENETF,20190627,4169,4175.74,4142.58,4155.01,63
HDIL,20190627,17.25,17.9,16.6,16.95,2248849
HEG,20190627,1460,1551.7,1456.7,1534.1,653127
HEIDELBERG,20190627,196.35,199.45,195.4,197.3,105916
HERCULES,20190627,102.4,103.95,100.1,101.4,12618
HERITGFOOD,20190627,411.6,415.5,408.5,410.25,18958
HEROMOTOCO,20190627,2585,2617.8,2571.05,2598.4,1174382
HESTERBIO,20190627,1796.95,1840,1756.85,1817.45,2003
HEXATRADEX,20190627,13.5,14.15,12.9,14.15,4787
HEXAWARE,20190627,396,396.5,377.45,382.65,1178826
HFCL,20190627,19.9,20.05,19.65,19.65,671104
HGINFRA,20190627,272.05,282.1,266.35,279.95,25957
HGS,20190627,630.35,643.85,630.35,638.1,3128
HIGHGROUND,20190627,3,3.25,3,3.1,32728
HIKAL,20190627,167.55,169,165.9,166.3,47996
HIL,20190627,1565,1637,1565,1628.5,6023
HILTON,20190627,12.5,12.5,12.15,12.25,665
HIMATSEIDE,20190627,155.25,161.25,154.3,158.2,111583
HINDALCO,20190627,209.65,210.4,205.35,206.1,8700344
HINDCOMPOS,20190627,192.25,194.95,190,193,795
HINDCOPPER,20190627,40.65,41,40.05,40.2,667806
HINDMOTORS,20190627,6.3,6.5,6.3,6.45,18804
HINDNATGLS,20190627,29.9,29.9,28.45,28.45,11517
HINDOILEXP,20190627,119.4,124,118.4,122.75,369310
HINDPETRO,20190627,289,292.5,287.4,289.3,5199790
HINDSYNTEX,20190627,3.7,3.7,3.7,3.7,12
HINDUJAVEN,20190627,344.05,351,344,344.6,1065
HINDUNILVR,20190627,1768,1787.55,1760.25,1774.4,1235049
HINDZINC,20190627,243,246.3,239.35,244.6,2362554
HIRECT,20190627,128,133.8,126.55,128.1,1468
HISARMETAL,20190627,54.45,56.6,53.45,55.8,3621
HITECH,20190627,290,290,283.25,288.7,17967
HITECHCORP,20190627,80.1,82.85,80.1,82.7,1717
HITECHGEAR,20190627,239.95,240,230,232.65,654
HMVL,20190627,93.7,95,93,93.45,6854
HNGSNGBEES,20190627,2951,3015.01,2951,3015,36
HONAUT,20190627,24553.2,24553.2,24200,24300.75,2836
HONDAPOWER,20190627,914,929,910,914.85,1007
HOTELEELA,20190627,9.4,9.5,8.95,9,161644
HOTELRUGBY,20190627,0.95,0.95,0.95,0.95,1000
HOVS,20190627,83.95,83.95,80.05,80.75,4588
HPL,20190627,59.15,64.55,59.15,62.9,63323
HSCL,20190627,105.35,106.8,104.4,105.1,173335
HSIL,20190627,247.9,256.95,245.5,255.5,78529
HTMEDIA,20190627,30.15,30.4,28.35,29.3,33158
HUBTOWN,20190627,19.1,19.9,18.7,19.15,98257
HUDCO,20190627,40.1,40.65,39.8,40.35,701393
IBMFNIFTY,20190627,116.91,120,116.91,117.33,5435
IBREALEST,20190627,116.1,124,115,115.55,14797451
IBULHSGFIN,20190627,615,642.9,615,627.45,17002179
IBULISL,20190627,180,187.1,178.2,187.1,99845
IBVENTURES,20190627,269,281.8,268.2,277.85,1264921
ICICI500,20190627,158,159.54,151.08,155.81,102081
ICICIB22,20190627,39.15,39.38,38.95,39.18,348048
ICICIBANK,20190627,438,443.9,437.6,440.95,18787957
ICICIGI,20190627,1121,1124.9,1108.5,1120.7,395663
ICICIGOLD,20190627,30.25,30.85,30.25,30.35,9936
ICICILIQ,20190627,999.99,1000,999.99,1000,16938
ICICILOVOL,20190627,90.32,90.47,90,90,541
ICICIMCAP,20190627,66.28,66.43,65.93,66.17,1814
ICICINF100,20190627,127.45,127.8,127,127,968
ICICINIFTY,20190627,123.9,125,123,123.94,32842
ICICINV20,20190627,58,58,56.78,56.96,2979
ICICINXT50,20190627,27.45,27.59,27.31,27.53,13169
ICICIPRULI,20190627,377,378.4,370.2,373.45,2334918
ICICISENSX,20190627,421.98,421.98,419.87,420,21
ICIL,20190627,33.7,34.1,32.9,33.05,52906
ICRA,20190627,3154.95,3220,3138,3203.9,988
ICSA,20190627,0.25,0.35,0.25,0.35,6145
IDBI,20190627,35.8,36.65,35.3,35.85,9571772
IDBIGOLD,20190627,3169.95,3169.95,3113.4,3115.6,427
IDEA,20190627,12.3,12.65,12.15,12.35,156191134
IDFC,20190627,35.8,36.4,34.2,34.6,17342172
IDFCFIRSTB,20190627,42.85,43.15,42.55,42.9,12509150
IEX,20190627,144.45,146,142.5,144.15,18679
IFBAGRO,20190627,369.9,373.95,360,366.7,2142
IFBIND,20190627,773.95,780,762.35,769.5,2119
IFCI,20190627,10.35,10.7,9.5,9.8,30849791
IFGLEXPOR,20190627,190,194.95,189.95,190.05,338
IGARASHI,20190627,262.5,275.9,257.3,263.85,659370
IGL,20190627,313,317.5,309.35,312.55,3085916
IGPL,20190627,259.9,264.8,255,261.35,9520
IIFL,20190627,145,147.95,142.4,144.25,41413
IITL,20190627,78.95,79,76.05,76.05,540
IMFA,20190627,185.2,199,185.2,194.35,30294
IMPAL,20190627,843,859.4,841.2,843.1,847
IMPEXFERRO,20190627,0.45,0.5,0.45,0.45,3408
INDBANK,20190627,7.95,8.35,7.7,8.1,34162
INDHOTEL,20190627,158.5,161.6,157,158.35,1647739
INDIACEM,20190627,107.8,109.7,104.65,106.1,7570073
INDIAGLYCO,20190627,231.5,239.9,231.5,235.3,67133
INDIANB,20190627,267.3,269,260.4,262.45,1763656
INDIANCARD,20190627,92.25,99.25,92.25,93.9,260
INDIANHUME,20190627,270.3,274,270,270.7,47947
INDIGO,20190627,1575,1592.5,1568.2,1583.35,991358
INDLMETER,20190627,33,33,30.35,30.5,435
INDNIPPON,20190627,404.05,419.75,404.05,417.3,4143
INDOCO,20190627,160.1,164.35,157.15,158.15,9868
INDORAMA,20190627,26.05,26.9,25.65,25.85,4695
INDOSOLAR,20190627,1.05,1.1,1.05,1.1,95024
INDOSTAR,20190627,361,368,361,365.15,16603
INDOTECH,20190627,92,97.4,92,94.5,1183
INDOTHAI,20190627,26.9,26.9,26.4,26.5,665
INDOWIND,20190627,4.45,4.5,3.9,4,48248
INDRAMEDCO,20190627,37.5,38.85,37.5,38.2,10623
INDSWFTLAB,20190627,32.4,33.9,31.6,32.75,15486
INDSWFTLTD,20190627,4.15,4.45,4.15,4.4,1165
INDTERRAIN,20190627,107.05,109.95,104.4,106,4966
INDUSINDBK,20190627,1439,1464.3,1435.2,1450.2,4007859
INEOSSTYRO,20190627,440.55,451.75,440.55,445,1321
INFIBEAM,20190627,45.95,46.4,43.85,44.2,10376928
INFRABEES,20190627,347.74,350.06,346.74,349,72
INFRATEL,20190627,272.5,278.45,271.55,274.8,4700008
INFY,20190627,742,744.7,728.15,730.55,11122346
INGERRAND,20190627,644,644,621,634.65,13059
INOXLEISUR,20190627,328.55,334.4,322.2,325,210635
INOXWIND,20190627,70,70.85,69,69.95,42936
INSECTICID,20190627,632.7,658.85,632.7,641.5,7643
INSPIRISYS,20190627,43.3,46.95,43.3,46.95,65
INTEGRA,20190627,0.65,0.65,0.65,0.65,202
INTELLECT,20190627,261.2,271.4,261.2,264.95,145590
INTENTECH,20190627,27.3,29.25,26.5,26.75,52333
INVENTURE,20190627,13.25,14.1,13.25,13.7,148
IOB,20190627,11.4,11.8,11.4,11.7,898956
IOC,20190627,154.75,157.35,154.5,156.6,17955015
IOLCP,20190627,191,195.6,191,194.5,211394
IPAPPM,20190627,425,425.75,424.2,425.3,76839
IPCALAB,20190627,934.9,944,916,924.8,121143
IRB,20190627,101,103.4,96,97,5941627
IRCON,20190627,388,393,386.65,388.8,11703
ISEC,20190627,218.4,219.9,214,218.15,114119
ISFT,20190627,117.1,118.85,113,114.5,6206
ISMTLTD,20190627,6.15,6.15,5.85,5.85,7769
ITC,20190627,277.95,278.2,272.8,273.5,23308215
ITDC,20190627,265.95,266.3,261,261.7,10348
ITDCEM,20190627,104.8,105.45,103.55,105.1,36687
ITI,20190627,92.5,94.25,91.75,92.1,478888
IVC,20190627,3.95,3.95,3.9,3.95,82808
IVP,20190627,83.9,87.8,80.1,86.9,268
IVRCLINFRA,20190627,0.65,0.75,0.65,0.75,956974
IVZINGOLD,20190627,3070,3139,3070,3070,11
IVZINNIFTY,20190627,1256,1272.1,1254.35,1254.35,11
IZMO,20190627,44.5,45.4,44.3,44.4,5201
J&KBANK,20190627,43.4,43.95,42.45,42.75,451260
JAGRAN,20190627,106,109.5,104.1,108,347579
JAGSNPHARM,20190627,25.25,27.15,25.25,26.6,10152
JAIBALAJI,20190627,26.95,26.95,25.55,25.95,275
JAICORPLTD,20190627,105.3,108,104.55,105.95,814195
JAMNAAUTO,20190627,53.5,54.25,53.35,53.6,159608
JAYAGROGN,20190627,187.7,188.05,181.2,182.3,2299
JAYBARMARU,20190627,215.6,217.1,209.15,211.7,24274
JAYNECOIND,20190627,4.6,4.6,4.2,4.55,47778
JAYSREETEA,20190627,53.2,54.25,52.8,53,60439
JBCHEPHARM,20190627,358.55,369.9,358.55,366.4,29001
JBFIND,20190627,15.85,15.85,14.85,14.95,38398
JBMA,20190627,231.75,231.95,226.95,229.7,8131
JCHAC,20190627,1679,1750,1655.5,1728.95,5430
JETAIRWAYS,20190627,73.7,78.4,63.6,71.4,30774857
JHS,20190627,21.5,24.75,21,22.45,131133
JIKIND,20190627,0.5,0.5,0.5,0.5,16209
JINDALPHOT,20190627,32.8,33.45,30.7,33.45,147750
JINDALPOLY,20190627,241.9,246.1,238.6,244.9,17416
JINDALSAW,20190627,84.1,85.9,83.3,84.75,381561
JINDALSTEL,20190627,151.3,153.15,146.85,148.3,17755494
JINDCOT,20190627,2,2,2,2,1131
JINDRILL,20190627,101.5,102.75,100.05,102.3,6602
JINDWORLD,20190627,66,66.8,54.1,59.65,249372
JISLDVREQS,20190627,22.85,22.85,20.8,21.35,132606
JISLJALEQS,20190627,29.4,29.95,26.4,27.7,39203199
JITFINFRA,20190627,8.9,9.45,8.9,8.95,958
JKCEMENT,20190627,1016.05,1028.9,1006.8,1010.65,20374
JKIL,20190627,163,163.85,158.15,160.15,54968
JKLAKSHMI,20190627,342.5,346.4,340.9,342.15,16229
JKPAPER,20190627,122.35,124.8,122.1,123.55,539950
JKTYRE,20190627,79.9,80.9,79.35,80.05,372306
JMA,20190627,29.25,29.85,28.5,28.9,3805
JMCPROJECT,20190627,136.55,142.45,136.05,136.95,99039
JMFINANCIL,20190627,81.65,83.4,79.3,79.75,308166
JMTAUTOLTD,20190627,1.6,1.65,1.6,1.65,119436
JOCIL,20190627,85.7,93,85.7,92.25,2227
JPASSOCIAT,20190627,3.1,3.2,3.05,3.15,4505683
JPINFRATEC,20190627,1.55,1.55,1.55,1.55,807466
JPOLYINVST,20190627,23.95,25.45,23.95,25.45,3243
JPPOWER,20190627,2.1,2.15,2.05,2.1,1478373
JSL,20190627,34.75,36,34,35.35,319898
JSLHISAR,20190627,78,81.35,78,80.65,87817
JSWENERGY,20190627,70,71.3,68.8,69.25,407155
JSWHL,20190627,2857.7,2976.95,2807.05,2900.5,752
JSWSTEEL,20190627,276.95,280.8,275.55,277.35,7806500
JTEKTINDIA,20190627,94.05,97.95,94.05,95.55,44374
JUBILANT,20190627,479.05,498.25,479.05,494.05,697919
JUBLFOOD,20190627,1251.2,1269.7,1251.2,1256.05,727901
JUBLINDS,20190627,92.6,95.4,91,94.4,5371
JUNIORBEES,20190627,281.28,283.27,280.53,282.8,51642
JUSTDIAL,20190627,754,784.4,748.25,777.95,3933337
JYOTHYLAB,20190627,155.1,159.5,155.1,156.9,72566
KABRAEXTRU,20190627,78.65,80,76.85,77,7329
KAJARIACER,20190627,585.3,591,577.15,583.85,224750
KAKATCEM,20190627,188,198.5,186,194.2,76679
KALPATPOWR,20190627,524.7,529,510,518.25,21115
KALYANIFRG,20190627,249.2,249.2,249.2,249.2,5
KAMATHOTEL,20190627,42.05,43.1,41.55,42.3,19216
KAMDHENU,20190627,168.45,168.45,160.5,162.95,12233
KANANIIND,20190627,3.8,3.9,3.8,3.9,982
KANORICHEM,20190627,56.2,58.75,56.15,57.85,30914
KANSAINER,20190627,438.25,443.85,431,440.3,94605
KARDA,20190627,202,207.9,202,205.85,30917
KARMAENG,20190627,13.4,14,13.05,13.1,7285
KARURVYSYA,20190627,71,71.65,70.4,71.1,251054
KAUSHALYA,20190627,0.4,0.4,0.4,0.4,19000
KAVVERITEL,20190627,4.05,4.05,3.6,3.75,1226
KAYA,20190627,552.1,574.4,550.05,567,6953
KCP,20190627,84.8,86,84.55,84.75,23603
KCPSUGIND,20190627,15.1,15.6,15,15.3,190339
KDDL,20190627,419.95,425,406,420.05,4832
KEC,20190627,316.85,317,313,316.3,592560
KECL,20190627,13.1,13.35,12.65,13.05,34991
KEI,20190627,476.4,488.3,476,479.8,69204
KELLTONTEC,20190627,28.9,29.5,27.25,28.6,435107
KERNEX,20190627,28.15,28.15,26.7,27.15,1905
KESARENT,20190627,44,44.95,41.55,43.9,7142
KESORAMIND,20190627,67.6,68.65,65,65.75,276438
KEYFINSERV,20190627,38.7,38.7,38.7,38.7,1
KGL,20190627,0.95,0.95,0.85,0.85,1178469
KHADIM,20190627,301.95,305.9,301.9,303.35,1470
KHAITANELE,20190627,1.5,1.5,1.5,1.5,4131
KHAITANLTD,20190627,24.95,24.95,22.5,22.75,4714
KICL,20190627,1724,1830,1718.1,1751.4,9298
KILITCH,20190627,154.45,155.8,148.5,153.45,11654
KINGFA,20190627,604,605.2,585.5,597.8,7228
KIOCL,20190627,121.55,138.45,120.25,129.05,45993
KIRIINDUS,20190627,510.3,530,505,520.05,117059
KIRLOSBROS,20190627,190,190,183.5,186.85,18388
KIRLOSENG,20190627,191.25,191.7,189.95,190.15,7135
KIRLOSIND,20190627,779.95,781.45,770.05,772.95,544
KITEX,20190627,102.7,103.9,101.1,102.2,22650
KKCL,20190627,1179.95,1180,1166,1169.75,185
KMSUGAR,20190627,7.6,7.9,7.55,7.8,89252
KNRCON,20190627,274.5,280,274.5,279.3,19200
KOHINOOR,20190627,16.4,17.95,16.25,17,132600
KOKUYOCMLN,20190627,80.05,81.5,79.65,80.5,34084
KOLTEPATIL,20190627,208.2,227.75,208.2,221.5,190305
KOPRAN,20190627,35.2,37.3,35.2,37,35926
KOTAKBANK,20190627,1500,1506.7,1477.5,1481.6,3860539
KOTAKBKETF,20190627,312.7,322.43,310,321.05,7081
KOTAKGOLD,20190627,295.65,297,293.4,294.1,15972
KOTAKNIFTY,20190627,122.2,123,122.14,122.64,45771
KOTAKNV20,20190627,58.5,58.5,57.25,58.1,14609
KOTAKPSUBK,20190627,319.7,320,314,319.08,2772
KOTARISUG,20190627,10,10.4,10,10,12444
KOTHARIPET,20190627,17.3,17.9,17,17.15,12185
KOTHARIPRO,20190627,77.45,77.5,73.55,74.15,5628
KPITTECH,20190627,95.85,97.05,94.1,95.75,155954
KPRMILL,20190627,608,618.85,608,616.85,4831
KRBL,20190627,300.95,321,300.8,311.9,227332
KREBSBIO,20190627,78.95,79,75.5,79,1261
KRIDHANINF,20190627,11.35,11.35,10.35,10.35,599806
KSB,20190627,702,719,702,712.05,4085
KSCL,20190627,466.55,473.9,462.15,467.75,442681
KSERASERA,20190627,0.1,0.15,0.1,0.15,1287388
KSK,20190627,0.75,0.8,0.7,0.75,642137
KSL,20190627,218.9,218.9,211.2,212.8,23437
KTIL,20190627,39.65,44.4,37.55,44.4,56185
KTKBANK,20190627,103.75,107.35,101.55,103.55,7421064
KWALITY,20190627,3.75,3.75,3.75,3.75,119334
L&TFH,20190627,116,117.2,114.3,116.1,11341975
LAKSHVILAS,20190627,66.25,69.1,66.25,67.15,1937205
LALPATHLAB,20190627,1124,1128.55,1092,1098.65,44509
LAMBODHARA,20190627,38.05,38.6,37.2,37.95,5088
LAOPALA,20190627,183.7,189.8,180.3,188.25,18435
LASA,20190627,14.85,14.85,13.55,13.65,26825
LAURUSLABS,20190627,330,344,329,340.75,22647
LAXMIMACH,20190627,5272.4,5288,5189.8,5211,1640
LEEL,20190627,8.95,8.95,8.85,8.95,15150
LEMONTREE,20190627,64.5,66.15,64.2,65,424020
LFIC,20190627,55.85,59.75,55.85,59.75,1634
LGBBROSLTD,20190627,347.1,348,338,341.75,7271
LGBFORGE,20190627,4.05,4.05,4.05,4.05,1626
LIBERTSHOE,20190627,118.1,120.5,115.8,117.2,60460
LICHSGFIN,20190627,559.35,568.85,556.5,564.95,1925871
LICNETFGSC,20190627,19.41,22.5,18.55,19.14,20119
LICNETFN50,20190627,124.1,124.1,122.5,122.5,6
LICNETFSEN,20190627,488.97,488.97,433.8,438.7,21
LICNFNHGP,20190627,122.3,124.23,122.3,122.3,1301
LINCOLN,20190627,160.5,168,160.5,163.4,5946
LINCPEN,20190627,204.9,204.9,200,200,1302
LINDEINDIA,20190627,507.25,511.45,499.95,506.05,6002
LIQUIDBEES,20190627,1000,1000,999.56,999.99,1256064
LIQUIDETF,20190627,999.99,1000.01,999.99,1000,16272
LOKESHMACH,20190627,47,47.5,46.05,46.6,25918
LOTUSEYE,20190627,20.3,20.95,19.35,20.35,10090
LOVABLE,20190627,74,78.45,74,76.75,18993
LPDC,20190627,2.8,2.8,2.6,2.6,20177
LSIL,20190627,0.55,0.55,0.5,0.5,269984
LT,20190627,1560,1568.95,1540.65,1550.9,3763146
LTI,20190627,1791,1850,1774.15,1818.25,275899
LTTS,20190627,1733.75,1779,1732.65,1774.6,199800
LUMAXIND,20190627,1289,1289,1244.95,1261.9,1833
LUMAXTECH,20190627,109.3,112,107.95,108.75,14803
LUPIN,20190627,767.25,774.75,754.15,765.7,2342429
LUXIND,20190627,1208.95,1229.95,1200,1209.5,47998
LYKALABS,20190627,22.35,23.7,22,23.7,13823
LYPSAGEMS,20190627,5.4,5.4,5,5.1,1957
M&M,20190627,645,660.8,645,657.9,3744033
M&MFIN,20190627,396.8,401.6,394.3,400.05,1140135
M100,20190627,18.44,18.5,18.21,18.4,12955
M50,20190627,116,116.98,113.4,114.52,344
MAANALU,20190627,81.45,85.9,81.4,83.55,3119
MADHAV,20190627,36.7,36.7,35,35.2,4035
MADHUCON,20190627,6.2,6.65,6.1,6.1,35270
MADRASFERT,20190627,23.35,23.8,23,23.1,90925
MAGADSUGAR,20190627,130,130.55,128.15,130.55,62687
MAGMA,20190627,129.5,132,128.85,130.95,806898
MAGNUM,20190627,5.55,5.55,5.3,5.4,3999
MAHABANK,20190627,15.6,15.75,15.5,15.6,319369
MAHAPEXLTD,20190627,80,83.2,79.1,81.85,2581
MAHASTEEL,20190627,173.35,174.95,165.5,167.9,6996
MAHESHWARI,20190627,261.4,268.45,259,260.3,9258
MAHINDCIE,20190627,229.65,233.9,227,231.15,46824
MAHLIFE,20190627,396.1,404.9,391.9,395.1,15877
MAHLOG,20190627,484.5,489.95,479,480.3,58395
MAHSCOOTER,20190627,4650,4690,4625.25,4647.5,3801
MAHSEAMLES,20190627,441.55,446.95,435.55,438.1,3572
MAITHANALL,20190627,588,590.9,571.35,579.55,13240
MAJESCO,20190627,551,554.25,534.4,537.15,22710
MALUPAPER,20190627,22.15,23.4,21.5,21.65,3585
MAN50ETF,20190627,119.6,119.6,119.6,119.6,102
MANAKALUCO,20190627,6.5,6.5,5.65,6.05,9691
MANAKCOAT,20190627,4.2,4.4,4,4.25,20275
MANAKSIA,20190627,34.2,36.55,34.2,36,17357
MANAKSTEEL,20190627,17.8,17.8,16.9,16.95,14233
MANALIPETC,20190627,22.85,23.2,22.75,22.85,117806
MANAPPURAM,20190627,141,144.95,139.25,139.85,6368426
MANGALAM,20190627,30.3,30.9,28.95,29.25,26445
MANGCHEFER,20190627,36.5,40.8,36.5,39.5,181542
MANGLMCEM,20190627,249,251.9,245.5,246.75,2955
MANGTIMBER,20190627,10.05,10.15,9.8,10.15,6634
MANINDS,20190627,55.35,55.7,54.5,54.95,27443
MANINFRA,20190627,30.6,31.65,30.6,30.75,49140
MANPASAND,20190627,33.8,33.8,33.8,33.8,58730
MANUGRAPH,20190627,19.1,20.5,19.1,19.15,830
MARALOVER,20190627,21.5,22.8,21.5,22.25,5248
MARATHON,20190627,94.45,96,93,95.4,14805
MARICO,20190627,372.4,374,369.85,370.85,708904
MARKSANS,20190627,21.1,21.5,20.9,21,321993
MARUTI,20190627,6496.2,6575,6475,6486.7,1022011
MASFIN,20190627,590,605,590,596.8,5564
MASTEK,20190627,475.4,475.7,466.1,470.35,30187
MATRIMONY,20190627,636.9,657.7,611.3,618.15,1437
MAWANASUG,20190627,47,47.9,45.55,45.9,361558
MAXINDIA,20190627,67.7,70,67,68.95,123027
MAXVIL,20190627,42.2,43.5,42.2,42.6,10793
MAYURUNIQ,20190627,269.95,272.05,266.5,270.05,14922
MAZDA,20190627,406.5,408.95,401.5,407.4,872
MBECL,20190627,3.35,3.35,3.05,3.3,129608
MBLINFRA,20190627,6.2,6.2,5.7,5.7,124591
MCDHOLDING,20190627,20.25,21,19.9,20,4322
MCDOWELL-N,20190627,568.9,578.1,567,576.15,2277777
MCLEODRUSS,20190627,15.45,15.85,15.25,15.85,491118
MCX,20190627,829,840.5,821.3,833.15,337447
MEGASOFT,20190627,6.6,7.15,6.6,7.15,11997
MEGH,20190627,63.9,66.45,63.75,64.65,666248
MELSTAR,20190627,1.55,1.55,1.55,1.55,10
MENONBE,20190627,72.5,74.05,70.65,71.6,6293
MEP,20190627,32.65,33.65,32.65,33,108592
MERCATOR,20190627,1.35,1.45,1.35,1.45,1375952
METALFORGE,20190627,5.8,5.8,5.8,5.8,5615
METKORE,20190627,0.45,0.45,0.45,0.45,512
METROPOLIS,20190627,965,972.7,953,954.9,16993
MFSL,20190627,430.4,430.4,417.45,420.65,741022
MGL,20190627,848,865.5,844.15,861.25,378867
MHRIL,20190627,239.75,240.95,232.9,233.8,33442
MIC,20190627,0.7,0.8,0.7,0.8,128537
MIDHANI,20190627,126.1,127.6,125.1,125.4,35056
MIL,20190627,6.65,6.65,6.65,6.65,318
MINDACORP,20190627,105.6,107.5,105.05,106.6,45952
MINDAIND,20190627,319.5,324,313,315.7,43110
MINDTECK,20190627,38.75,39.75,38.75,38.85,5336
MINDTREE,20190627,924.1,953.3,912.4,945.5,1178194
MIRCELECTR,20190627,17.2,17.2,16.7,16.85,98880
MIRZAINT,20190627,67.55,68.5,65.7,68,321237
MMFL,20190627,484.95,489.7,484.1,485.6,3201
MMTC,20190627,24.5,25.35,24.45,24.7,450033
MODIRUBBER,20190627,42.2,46,42.2,46,7
MOHITIND,20190627,6.4,6.4,5.55,5.95,22756
MOHOTAIND,20190627,32,32,29.2,29.35,11396
MOIL,20190627,153,155.2,151.8,154.5,99738
MOLDTECH,20190627,53.3,54.8,53,54.15,8492
MOLDTKPAC,20190627,255.3,267.95,255.3,265.8,66988
MONSANTO,20190627,2205.9,2223,2121.55,2203.85,2514
MONTECARLO,20190627,300.55,302.65,296,297.7,9506
MORARJEE,20190627,14.35,14.35,13.5,14,1055
MOREPENLAB,20190627,16.85,19.75,16.65,19,1826700
MOTHERSUMI,20190627,119.35,121.85,118.2,121.45,20500879
MOTILALOFS,20190627,675,704.9,669.4,692.1,23494
MOTOGENFIN,20190627,39,40,39,40,152
MPHASIS,20190627,964,998.8,958.95,990.85,226987
MPSLTD,20190627,581.55,588.95,574.5,579.65,5032
MRF,20190627,56092,56900,56092,56501.95,7335
MRO-TEK,20190627,25.6,27.05,25.6,26.25,3415
MRPL,20190627,63.3,63.3,60.55,60.85,1480020
MSPL,20190627,6.6,7.3,6.2,6.65,48953
MSTCLTD,20190627,85.8,89.95,85.15,86.6,20771
MTEDUCARE,20190627,62,63.65,61.1,62.15,161195
MTNL,20190627,8.5,9.1,8.5,8.95,2481171
MUKANDENGG,20190627,14.3,14.8,14.25,14.7,12485
MUKANDLTD,20190627,49.5,51.2,49.1,49.3,18582
MUKTAARTS,20190627,37.55,38.25,37.2,38,4532
MUNJALAU,20190627,41,41.9,40.7,40.95,41323
MUNJALSHOW,20190627,144.2,148.55,144.2,145.6,8551
MURUDCERA,20190627,19.45,19.75,19.05,19.25,105406
MUTHOOTCAP,20190627,711.1,719.75,702.05,708.65,1651
MUTHOOTFIN,20190627,639,645.75,634.85,640.05,891901
MVL,20190627,0.15,0.2,0.15,0.2,73724
N100,20190627,525,531,521.1,525.95,17595
NACLIND,20190627,31.4,31.4,29.6,30.1,11858
NAGAFERT,20190627,5.1,5.2,4.95,5,140453
NAGAROIL,20190627,0.3,0.3,0.25,0.25,467349
NAGREEKCAP,20190627,11,11.35,9.8,10.05,3283
NAGREEKEXP,20190627,18.4,18.4,18.4,18.4,1400
NAHARCAP,20190627,80.8,83,80.8,81.35,1229
NAHARINDUS,20190627,34.6,34.95,34,34.6,1144
NAHARPOLY,20190627,35,37,35,35.9,3660
NAHARSPING,20190627,72,73.15,71.95,72.1,3319
NATCOPHARM,20190627,534,540.15,529,532.15,38281
NATHBIOGEN,20190627,425.55,427.6,417.95,419.6,4681
NATIONALUM,20190627,50,50.65,49.8,50.3,10315072
NATNLSTEEL,20190627,3.15,3.4,3.1,3.25,41395
NAUKRI,20190627,2223.5,2235,2180,2206.1,93159
NAVINFLUOR,20190627,710,719.7,705,707.65,12751
NAVKARCORP,20190627,29,29.9,28.45,29.1,248696
NAVNETEDUL,20190627,105.6,106.8,104.95,106.2,26430
NBCC,20190627,62.2,63,60.6,60.8,15791922
NBIFIN,20190627,1332,1342.8,1332,1342.8,56
NBVENTURES,20190627,94.45,96.2,94.15,94.7,43371
NCC,20190627,100.6,102.95,100.4,101.85,7557072
NCLIND,20190627,135.35,138.8,132.5,133.2,11324
NDGL,20190627,725,725,672,683.65,212
NDL,20190627,40,41.45,39.4,39.6,29133
NDTV,20190627,35.2,35.5,33.2,34.65,28996
NECCLTD,20190627,6.95,7,6.85,6.9,18419
NECLIFE,20190627,15,15.5,14.65,14.9,123936
NELCAST,20190627,50.7,52.85,50.2,51.65,58180
NELCO,20190627,310.85,313.8,302.1,304.85,111653
NEOGEN,20190627,354.9,356.95,345.4,348.25,41899
NESCO,20190627,571.1,578,561.95,567.45,11880
NESTLEIND,20190627,11810.3,11866.9,11684.45,11802.85,93927
NETF,20190627,119.39,119.39,119.39,119.39,458
NETWORK18,20190627,27.45,28.2,27.45,27.75,83165
NEULANDLAB,20190627,541.5,541.55,522,527.05,4274
NEWGEN,20190627,311.9,311.9,305.1,307.5,17606
NEXTMEDIA,20190627,13.5,13.5,13.5,13.5,871
NFL,20190627,37.75,38.15,37.2,37.35,386444
NH,20190627,244.8,250.75,242.6,245,24548
NHPC,20190627,25.1,25.3,24.8,24.95,7952356
NIACL,20190627,151,153.65,147.75,148.75,73321
NIBL,20190627,16.3,17,15.8,16.45,1051
NIFTYBEES,20190627,1250,1254.6,1245,1248.17,28691
NIITLTD,20190627,103.65,106.2,103.1,104.35,312064
NIITTECH,20190627,1324.1,1342,1320.2,1335.85,303104
NILAINFRA,20190627,7.15,7.3,7,7.05,111978
NILASPACES,20190627,1.85,1.9,1.85,1.85,64934
NILKAMAL,20190627,1153,1185,1153,1177.65,5707
NIPPOBATRY,20190627,469.05,475,466.95,473,799
NITCO,20190627,35.95,37.45,34.55,34.95,228675
NITESHEST,20190627,1.95,2,1.9,1.9,124236
NITINFIRE,20190627,0.65,0.65,0.6,0.65,174296
NITINSPIN,20190627,70.55,72.6,70.35,71.55,18523
NKIND,20190627,35,37.25,35,35.55,1644
NLCINDIA,20190627,64.45,65.5,63.8,65,7189292
NMDC,20190627,112.4,114.4,112,113.05,3352938
NOCIL,20190627,119.5,122,119,119.4,318109
NOIDATOLL,20190627,3.55,3.55,3.35,3.5,48271
NRAIL,20190627,226.05,233.9,226,227.65,3264
NRBBEARING,20190627,158.05,162.6,158.05,161.9,23187
NSIL,20190627,1025,1055.05,1020.95,1032.85,2237
NTPC,20190627,141.05,142,139.05,140.15,38789825
NUCLEUS,20190627,349.95,359.9,346.35,350.95,13033
OBEROIRLTY,20190627,580,600.65,580,592.25,549578
OCCL,20190627,1151.05,1172.8,1145.25,1155,2559
OFSS,20190627,3181,3245,3163.25,3179.8,23839
OIL,20190627,178.15,180.75,177.65,179.3,2624700
OILCOUNTUB,20190627,7.45,7.45,6.55,6.65,28175
OISL,20190627,6.25,6.85,6.25,6.75,211106
OLECTRA,20190627,184.4,189.5,181.25,187.45,43973
OMAXAUTO,20190627,54.5,54.65,48.3,50.3,18164
OMAXE,20190627,199.8,200.6,199.45,199.65,205105
OMKARCHEM,20190627,7.7,7.75,7.05,7.1,73769
OMMETALS,20190627,24.7,24.75,23.4,23.75,17431
ONELIFECAP,20190627,7.95,8.05,7.9,8,1085
ONEPOINT,20190627,31,31,25.2,27.85,3730
ONGC,20190627,167.55,171.8,167.25,170.6,36738164
ONMOBILE,20190627,35.2,35.2,33.05,33.2,48423
ONWARDTEC,20190627,68.85,68.9,66.25,68.5,11006
OPTIEMUS,20190627,54.75,55.15,53.85,55,50302
OPTOCIRCUI,20190627,5,5.1,4.5,4.75,426849
ORBTEXP,20190627,115.25,119,115.05,117.4,18969
ORICONENT,20190627,20.05,20.8,19.85,20,22768
ORIENTABRA,20190627,17.65,17.95,16.95,17.55,17746
ORIENTALTL,20190627,14.65,14.95,13.55,14.2,67368
ORIENTBANK,20190627,100.35,100.9,94.15,95.65,7469417
ORIENTBELL,20190627,139,141.45,136.55,140,8017
ORIENTCEM,20190627,105.25,106.45,103.5,104.1,83433
ORIENTELEC,20190627,159,162.6,157.8,158.75,42053
ORIENTHOT,20190627,39.5,40.05,38.5,39.1,11540
ORIENTLTD,20190627,153.75,153.75,143.35,146.1,113
ORIENTPPR,20190627,28.3,29.25,28.3,28.95,329891
ORIENTREF,20190627,201.4,208.95,201.4,204.9,520556
ORISSAMINE,20190627,719.8,791.9,713,748.15,33049
ORTEL,20190627,1.8,1.9,1.8,1.85,20625
ORTINLABSS,20190627,13.6,13.95,13.3,13.5,8496
OSWALAGRO,20190627,7.2,7.2,6.6,6.7,9992
PAEL,20190627,2.4,2.4,2.4,2.4,300
PAGEIND,20190627,20540,20820.35,20500.5,20642.3,11959
PAISALO,20190627,366,372.45,366,366.2,223
PALASHSECU,20190627,39,43,39,40.85,444
PALREDTEC,20190627,27.6,28.45,27.4,27.5,3286
PANACEABIO,20190627,159.95,162.9,158.3,159.5,21612
PANAMAPET,20190627,105.8,105.8,100.15,100.8,5112
PAPERPROD,20190627,252.15,259,251.2,256.7,22342
PARABDRUGS,20190627,0.85,0.85,0.8,0.85,3351
PARACABLES,20190627,11.75,11.75,11.05,11.15,88328
PARAGMILK,20190627,256.65,259.85,250.05,254.3,182526
PARSVNATH,20190627,3.45,3.7,3.4,3.55,43712
PATELENG,20190627,20,20.3,19.25,19.6,123588
PATINTLOG,20190627,38.6,40.45,38.6,38.85,11241
PATSPINLTD,20190627,8.7,8.7,7.85,8.1,16783
PCJEWELLER,20190627,47.5,49.4,44.1,44.9,41817150
PDMJEPAPER,20190627,13.3,13.9,13,13.15,24608
PDPL,20190627,5.5,5.5,4.65,5.15,2978
PDSMFL,20190627,320,325,320,320.15,2020
PEARLPOLY,20190627,13.1,13.5,13.1,13.5,2923
PEL,20190627,1880.8,1954.75,1872.55,1941.3,2629851
PENIND,20190627,32.6,33.85,32.6,33.15,42806
PENINLAND,20190627,5.9,6.2,5.9,6,70806
PERSISTENT,20190627,618.9,620.5,611.2,615.2,130115
PETRONENGG,20190627,7.5,7.85,7.15,7.15,4663
PETRONET,20190627,246.45,249.75,244.45,249.15,4436494
PFC,20190627,136.65,138.15,134.8,135.85,10109810
PFIZER,20190627,3240.25,3297,3230,3282.65,14816
PFOCUS,20190627,54.05,55.95,53.9,55.45,8190
PFS,20190627,15.15,15.4,15.15,15.3,260336
PGEL,20190627,51.3,58,50,53.5,71422
PGHH,20190627,10780,10975.2,10752.3,10866.4,4332
PGHL,20190627,3937,3995,3921.7,3974.35,7688
PGIL,20190627,163,172,163,165.45,1219
PHILIPCARB,20190627,117.2,121.8,115.95,118.05,1213754
PHOENIXLTD,20190627,642.55,647.95,640,641.3,11585
PIDILITIND,20190627,1224.25,1232,1216.8,1223.15,583606
PIIND,20190627,1145.05,1194,1140,1167.65,148686
PILANIINVS,20190627,2224.95,2247,2192,2199.35,2671
PILITA,20190627,9.4,9.8,9.15,9.65,937123
PIONDIST,20190627,128,136.55,127.05,130.8,23455
PIONEEREMB,20190627,22.85,23.7,22.2,22.45,1851
PIRPHYTO,20190627,24.7,25.65,24.7,25,2353
PITTIENG,20190627,45.8,48.25,45.8,47.55,34306
PKTEA,20190627,127,132.25,125.25,127,68
PLASTIBLEN,20190627,193.05,200.55,193,195.05,3557
PNB,20190627,79,79.85,77.7,78,23598349
PNBGILTS,20190627,33.3,33.5,33.05,33.15,81618
PNBHOUSING,20190627,775,795.65,771.95,779.8,209160
PNC,20190627,16.9,16.9,15.7,16.25,2388
PNCINFRA,20190627,204.15,206,200.45,202.35,95119
PODDARHOUS,20190627,540,550,535,535,106
PODDARMENT,20190627,170,176.35,167.1,169.9,1626
POKARNA,20190627,130,130,121,123.1,148962
POLYCAB,20190627,611.85,614.4,606,613.45,31569
POLYMED,20190627,179.95,190.05,175,187.15,18872
POLYPLEX,20190627,528.05,536.6,521.6,526.2,16108
PONNIERODE,20190627,118,121.5,115,115.95,2433
POWERGRID,20190627,209.1,209.9,206.25,207.7,7729631
POWERMECH,20190627,1000.3,1020,991.2,999,14376
PPAP,20190627,230,239.35,228,228.05,10550
PPL,20190627,87.5,88.5,87,87.35,16064
PRABHAT,20190627,59.55,60.05,58.6,59.4,32147
PRADIP,20190627,0.9,0.9,0.9,0.9,3126
PRAENG,20190627,7.5,7.75,7.25,7.6,16572
PRAJIND,20190627,139,142.7,137.35,139.25,1546357
PRAKASH,20190627,64.4,65.9,64.15,65.4,274858
PRAKASHCON,20190627,3.05,3.1,3,3.05,98969
PRAKASHSTL,20190627,0.25,0.25,0.25,0.25,7999
PRAXIS,20190627,102.15,124.9,101.75,124.9,55881
PRECAM,20190627,61.25,63.55,61.25,63.1,6822
PRECOT,20190627,32,33,31.35,31.85,1362
PRECWIRE,20190627,191.45,196.9,191.1,192.15,6501
PREMEXPLN,20190627,199.95,204.9,194.55,195.9,2250
PREMIER,20190627,3.8,4,3.8,3.8,2655
PREMIERPOL,20190627,22.6,23.85,22.55,23.2,112
PRESSMN,20190627,25.9,26.25,25.8,26.1,3270
PRESTIGE,20190627,265,283.5,264.5,278.45,686861
PRICOLLTD,20190627,32.75,33.5,32.2,32.85,62337
PRIMESECU,20190627,38.8,38.9,36.65,37.1,31348
PROSEED,20190627,0.35,0.35,0.3,0.3,72876
PROVOGE,20190627,1.1,1.1,0.95,1,69719
PROZONINTU,20190627,21.1,21.85,21.05,21.6,20854
PRSMJOHNSN,20190627,91,92,90.8,91.15,259801
PSB,20190627,26,27,26,26.25,48814
PSL,20190627,0.85,0.85,0.8,0.8,74802
PSPPROJECT,20190627,521.2,525,520,521.85,11000
PSUBNKBEES,20190627,353,353,348.89,349.44,3808
PTC,20190627,67.45,68.4,67,67.9,377231
PTL,20190627,40.35,41.25,40.3,40.95,5470
PUNJABCHEM,20190627,635.95,645,624.85,631.05,2033
PUNJLLOYD,20190627,1.5,1.5,1.5,1.5,52844
PURVA,20190627,73.95,75.7,73.45,73.8,52387
PVR,20190627,1628.3,1645.1,1624.25,1636.7,207063
QGOLDHALF,20190627,1491,1491,1482,1484.9,199
QNIFTY,20190627,1214,1214,1210.5,1210.5,20
QUESS,20190627,565.05,579.5,565.05,569.25,59312
QUICKHEAL,20190627,166.3,173,166.3,171.5,77884
QUINTEGRA,20190627,1.05,1.05,1.05,1.05,1457
RADAAN,20190627,1.45,1.5,1.45,1.5,2742
RADICO,20190627,314.8,327.9,314.05,325.7,767206
RADIOCITY,20190627,57.45,58,56.95,57.6,67865
RAIN,20190627,99.7,105.45,99.1,101.8,2335106
RAJESHEXPO,20190627,718,725.95,714.5,717.15,249582
RAJSREESUG,20190627,22.7,25.5,22.05,25.5,148584
RALLIS,20190627,142.5,144.6,141.35,143.85,59369
RAMANEWS,20190627,18.15,18.6,17.7,18.3,40016
RAMASTEEL,20190627,93.05,93.5,91,91.95,31293
RAMCOCEM,20190627,807.9,811.95,793.5,797.75,464001
RAMCOIND,20190627,201.2,205.05,195.4,197.65,13311
RAMCOSYS,20190627,211.65,214.5,210.6,212.25,8320
RAMGOPOLY,20190627,1.8,1.8,1.8,1.8,383
RAMKY,20190627,98.5,99.85,92.5,94.05,113193
RANASUG,20190627,2.8,2.9,2.75,2.8,276697
RANEENGINE,20190627,453.05,460,451.2,454.55,616
RANEHOLDIN,20190627,1057.05,1085.9,1035.3,1041.7,1267
RATNAMANI,20190627,974.5,975,960,964,158950
RAYMOND,20190627,748.15,755.6,730.4,736,527798
RBL,20190627,648,648,634.9,638.8,4974
RBLBANK,20190627,634,641.4,628.2,637.5,2632416
RCF,20190627,60.2,61.7,60,60.7,697530
RCOM,20190627,1.35,1.35,1.35,1.35,6874570
RECLTD,20190627,164.4,166.5,162.05,163,10997517
REDINGTON,20190627,109.15,111,108.65,110.2,149990
REFEX,20190627,70,74.55,70,74.55,43039
RELAXO,20190627,446.7,446.7,431.1,434.75,50602
RELCAPITAL,20190627,70.5,74.8,66.75,70.8,60386967
RELCNX100,20190627,122.39,122.49,122.39,122.49,200
RELCONS,20190627,52.49,52.49,50.13,50.58,295
RELDIVOPP,20190627,30.91,30.95,30.49,30.57,1199
RELIANCE,20190627,1293.15,1296.9,1271,1274.15,11385972
RELIGARE,20190627,23.25,23.9,22.55,23.6,117543
RELINFRA,20190627,62,66,55.5,59.5,98556151
RELNV20,20190627,586.99,587.29,582.82,585.55,515
REMSONSIND,20190627,96.15,97.9,96,96.05,5838
RENUKA,20190627,9.15,9.4,9.1,9.15,608196
REPCOHOME,20190627,369,377.5,362.3,366,204173
REPRO,20190627,562.95,564.8,532.65,543.5,6877
RESPONIND,20190627,91.7,91.7,90,90.25,97027
RETFMID150,20190627,63.32,64,63.15,63.8,395399
REVATHI,20190627,420,432,415,416.4,1078
RGL,20190627,269.15,275.05,265.4,274.85,1350
RHFL,20190627,12,12.85,11.5,12.85,1501609
RICOAUTO,20190627,61.25,62.7,60.85,61.35,117809
RIIL,20190627,295.05,307.5,295.05,300.45,231899
RITES,20190627,279.85,293.7,279,290.9,665034
RKDL,20190627,8.45,8.85,8.15,8.65,18317
RKFORGE,20190627,431.7,449,421.5,446.45,7550
RMCL,20190627,7.1,7.1,6.8,6.8,77147
RML,20190627,315,320,312,316.15,2450
RNAM,20190627,219.55,221.9,219.55,221.35,1627319
RNAVAL,20190627,4.15,4.3,3.95,4,1999347
ROHITFERRO,20190627,0.95,0.95,0.95,0.95,1109
ROHLTD,20190627,106.6,109.45,106,106.5,6105
ROLLT,20190627,1.85,1.85,1.75,1.85,21694
ROLTA,20190627,6,6,6,6,77755
ROSSELLIND,20190627,42.05,46.85,42.05,45.95,2695
RPGLIFE,20190627,253.35,256.5,244,247.75,5495
RPOWER,20190627,4.5,4.75,4.3,4.35,94367635
RPPINFRA,20190627,118,124.9,100,106.15,285479
RRSLGETF,20190627,19.34,19.37,19.32,19.35,24474
RSSOFTWARE,20190627,23.05,23.1,22.5,22.55,10127
RSWM,20190627,148.55,152.9,146.85,148.25,9007
RSYSTEMS,20190627,42.1,42.9,40.55,42.5,1461
RTNINFRA,20190627,1.9,1.95,1.8,1.85,120385
RTNPOWER,20190627,1.7,1.75,1.65,1.7,1084129
RUBYMILLS,20190627,218.1,228.95,215.95,220.45,10420
RUCHINFRA,20190627,2.15,2.35,2.15,2.35,12853
RUCHIRA,20190627,91.7,95.5,91.7,94.5,21637
RUCHISOYA,20190627,5.45,5.65,5.15,5.25,4123751
RUPA,20190627,237.95,240,236.05,238,8096
RUSHIL,20190627,345,350.9,311.8,312,123697
RVNL,20190627,26.65,27.9,26.6,27.65,10775034
SABTN,20190627,3,3.25,3,3.25,16011
SADBHAV,20190627,252.55,257.85,249.1,253.3,180149
SADBHIN,20190627,69.65,72.5,69.5,70.9,12320
SAGARDEEP,20190627,59.7,59.7,56,57.95,1203
SAGCEM,20190627,631.2,661,629,655.25,5809
SAIL,20190627,52.5,52.8,51.5,52.2,20428392
SAKAR,20190627,57.45,60,57.45,59.7,4625
SAKHTISUG,20190627,9,9.45,9,9.45,28810
SAKSOFT,20190627,338.95,338.95,324.95,325.85,5452
SAKUMA,20190627,18.85,19.8,17.3,17.4,1015930
SALASAR,20190627,142,172.65,142,172.65,48394
SALONA,20190627,83.7,91.85,79.5,91.3,461
SALSTEEL,20190627,3.2,3.2,2.9,3,26271
SALZERELEC,20190627,123,133.8,123,127.55,24532
SAMBHAAV,20190627,3.75,3.8,3.55,3.65,29655
SANCO,20190627,18.55,19,18.05,18.75,21029
SANDESH,20190627,682.95,683,658,672.35,118
SANDHAR,20190627,276,282.4,276,280.7,96815
SANGAMIND,20190627,50.45,53.15,50.05,51.75,8206
SANGHIIND,20190627,62.95,63.4,62.05,62.35,25056
SANGHVIFOR,20190627,18.25,20,18.25,18.7,1402
SANGHVIMOV,20190627,114.95,117.65,111.2,115.8,9369
SANOFI,20190627,5488.3,5615,5469.15,5608.6,7030
SANWARIA,20190627,6,6.05,5.6,5.75,831965
SARDAEN,20190627,233.1,239.5,230.8,234,16337
SAREGAMA,20190627,541.3,564.9,541.3,552.4,8007
SARLAPOLY,20190627,24.75,27.8,24.75,27.3,25131
SASKEN,20190627,719.5,727.45,719.5,726.4,6812
SASTASUNDR,20190627,111,111.2,109.05,111,1264
SATHAISPAT,20190627,6.4,6.4,6.15,6.15,1475
SATIN,20190627,295,296.7,286.05,291.45,35569
SBIETFQLTY,20190627,96.2,96.5,95.78,96,1803
SBILIFE,20190627,706,738,706,726.95,4196283
SBIN,20190627,358.1,363,357.25,362.15,29658120
SCAPDVR,20190627,0.65,0.7,0.6,0.65,17793
SCHAEFFLER,20190627,4880.1,4900.6,4866.4,4887.1,16748
SCHAND,20190627,89.95,89.95,86.3,87.1,14898
SCHNEIDER,20190627,89.95,91.7,89.55,90,26300
SCI,20190627,31.5,32.15,31.1,31.3,461512
SEAMECLTD,20190627,486.15,498.85,483.05,491.6,9286
SELAN,20190627,175.3,179.5,175.3,177.3,8207
SELMCL,20190627,0.8,0.95,0.8,0.85,139761
SEPOWER,20190627,3.5,3.5,3.5,3.5,1000
SEQUENT,20190627,67.8,68.35,67.1,67.45,48002
SESHAPAPER,20190627,924.85,929.35,913,922.25,1507
SETCO,20190627,19.55,20.25,18.95,19,892451
SETF10GILT,20190627,179.55,179.55,179.55,179.55,1
SETFGOLD,20190627,3025.05,3037,3011.6,3020.05,2267
SETFNIF50,20190627,121.34,121.98,121.2,121.65,274534
SETFNIFBK,20190627,315,318.3,315,315.53,109295
SETFNN50,20190627,279,280,278.3,280,1445
SFL,20190627,1323.95,1349.95,1281.05,1316.15,7239
SGL,20190627,11.25,11.25,10.45,10.75,5586
SHAHALLOYS,20190627,12.75,13.75,12.75,13,926
SHAKTIPUMP,20190627,408.05,413.95,400.1,404.25,22329
SHALBY,20190627,111.65,114.6,110.5,111.35,171887
SHALPAINTS,20190627,78.6,80.75,77.55,80.25,44405
SHANKARA,20190627,435,458,435,440.45,84176
SHANTIGEAR,20190627,114.05,116.15,114.05,114.65,1247
SHARDACROP,20190627,310.25,317,307.1,315.15,4348
SHARDAMOTR,20190627,1319.1,1339,1310.8,1318,251
SHARIABEES,20190627,255.77,255.77,253.01,253.01,24
SHEMAROO,20190627,343.1,357.65,339,355,14846
SHILPAMED,20190627,338.95,342.95,337,341.15,160226
SHIRPUR-G,20190627,15,15.65,14.75,15.65,29745
SHIVAMAUTO,20190627,30.25,30.45,28.8,29.65,28553
SHIVAMILLS,20190627,45.95,49,45.75,47.75,1173
SHIVATEX,20190627,135,140.95,128.1,132.25,2519
SHK,20190627,128.65,135.7,128.3,131.85,42766
SHOPERSTOP,20190627,482,484.35,476,479.25,18919
SHREECEM,20190627,21810.05,22100.35,21651.1,21887.9,63640
SHREEPUSHK,20190627,121,124.9,120.3,124.1,6375
SHREERAMA,20190627,5.55,5.55,5.15,5.3,17993
SHREYANIND,20190627,148,149.65,143.55,147,11814
SHREYAS,20190627,144.05,146.95,141,142.8,3288
SHRIPISTON,20190627,945,969.95,891.05,920,68
SHRIRAMCIT,20190627,1335,1618.8,1308,1582.8,288168
SHRIRAMEPC,20190627,8.4,9.15,8.3,8.75,143072
SHYAMCENT,20190627,5.05,5.1,4.8,4.8,12380
SICAGEN,20190627,21.55,22.85,21.5,22.45,25150
SICAL,20190627,107.75,109.9,104.8,109.5,44132
SIEMENS,20190627,1256,1300,1254.1,1294.2,669219
SIGIND,20190627,31.3,35.9,31.25,35.75,221491
SIL,20190627,12.8,12.8,12.8,12.8,1820
SILINV,20190627,172.3,180.95,172.3,179,1196
SIMBHALS,20190627,7.95,8.3,7.5,8.3,18859
SIMPLEXINF,20190627,121.5,125.25,121.5,122.5,178251
SINTEX,20190627,2.6,2.6,2.6,2.6,1158491
SIS,20190627,924.7,937.05,902.5,914.8,3361
SITASHREE,20190627,0.4,0.45,0.4,0.45,7815
SITINET,20190627,2.6,2.7,2.55,2.7,91440
SIYSIL,20190627,306.6,315,302,304.7,8339
SJVN,20190627,25.1,25.55,24.3,24.6,4200629
SKFINDIA,20190627,1996.1,2025,1988,1996.6,5082
SKIL,20190627,7.9,8.15,7.55,8.15,38325
SKIPPER,20190627,57.45,63.3,56.1,59.95,489592
SKMEGGPROD,20190627,39.35,41.05,37.35,40.5,25691
SMARTLINK,20190627,105.55,107,105.55,105.95,9094
SMLISUZU,20190627,784,784,754,758.3,7104
SMPL,20190627,0.35,0.35,0.35,0.35,164845
SMSLIFE,20190627,424,468.85,420,450.5,5006
SMSPHARMA,20190627,54,55.5,53.2,54.45,15223
SNOWMAN,20190627,33.3,34.65,33.1,33.75,199608
SOBHA,20190627,532,547.9,531,545.2,393878
SOLARA,20190627,448.5,454,441,446.45,12979
SOLARINDS,20190627,1174.95,1186,1160,1171.65,53774
SOMANYCERA,20190627,425,449,425,440,45917
SOMATEX,20190627,2.7,2.85,2.65,2.85,14138
SOMICONVEY,20190627,17.05,18.95,17.05,17.8,3926
SONATSOFTW,20190627,349.4,351.7,345.3,349.85,60064
SORILINFRA,20190627,177.6,190.05,177.6,190.05,106927
SOTL,20190627,1019,1060,1019,1027.75,857
SOUTHBANK,20190627,13.25,13.4,12.85,12.95,39590239
SOUTHWEST,20190627,24.8,24.8,22.75,24.6,3853
SPAL,20190627,283.95,287.7,276,280.45,2780
SPARC,20190627,119,121.2,116.75,117.5,756824
SPCENET,20190627,0.85,0.9,0.85,0.9,3912
SPECIALITY,20190627,79.15,80,76.1,76.65,35030
SPENCERS,20190627,104.45,112.3,101.05,106.35,407786
SPENTEX,20190627,0.8,0.9,0.8,0.8,84473
SPIC,20190627,23.15,23.5,22.8,22.8,376929
SPICEMOBI,20190627,8.15,8.7,8.15,8.7,3001
SPLIL,20190627,43.4,44.75,41.65,42.05,70254
SPMLINFRA,20190627,17.9,18,17.1,17.5,16019
SPTL,20190627,6.15,6.75,6.15,6.75,8390216
SPYL,20190627,0.25,0.25,0.15,0.25,245391
SREEL,20190627,179.9,182,179,179.6,23141
SREINFRA,20190627,18.15,19.55,18.15,19.25,1311553
SRF,20190627,2972.1,3077,2963.4,3023.55,520148
SRHHYPOLTD,20190627,130.5,135.5,126.75,128.1,4020
SRIPIPES,20190627,172.5,173,169.15,171.8,26600
SRTRANSFIN,20190627,1106.5,1106.5,1086.1,1098.65,1198405
SSWL,20190627,782.45,790,778.4,787.1,12818
STAMPEDE,20190627,0.95,0.95,0.85,0.9,171124
STAR,20190627,417.5,417.5,404.5,410.35,691182
STARCEMENT,20190627,120.2,123.3,120.1,121.75,102572
STARPAPER,20190627,105,109.95,104.9,107.8,39380
STCINDIA,20190627,116.25,118.9,115.3,116.75,98165
STEELCITY,20190627,68.75,68.75,60.5,61.1,112062
STEELXIND,20190627,12.25,12.75,12,12.1,37019
STEL,20190627,83.65,86.2,82.85,83.75,2369
STERTOOLS,20190627,214,214.95,205.4,207.8,1312
STRTECH,20190627,181.7,184,179.5,180.4,647638
SUBCAPCITY,20190627,10.9,10.9,10.9,10.9,54
SUBEX,20190627,6.2,6.35,5.95,6.05,760132
SUBROS,20190627,239,239.4,233,237.5,7485
SUDARSCHEM,20190627,317.95,319.7,316,317.3,4794
SUJANAUNI,20190627,0.2,0.25,0.2,0.25,40342
SUMEETINDS,20190627,2.85,2.9,2.8,2.8,35423
SUMMITSEC,20190627,480.15,505,480.15,483,572
SUNCLAYLTD,20190627,2393.95,2399.8,2291,2297.7,2545
SUNDARAM,20190627,1.75,1.8,1.7,1.75,183699
SUNDARMFIN,20190627,1627.05,1670,1616.05,1653.4,11543
SUNDARMHLD,20190627,87.5,89.05,87.5,88,4726
SUNDRMBRAK,20190627,321,323.9,310,316.3,1731
SUNDRMFAST,20190627,511.7,519.95,504.9,508.65,45687
SUNFLAG,20190627,36.7,37.85,36.7,37.4,55896
SUNILHITEC,20190627,0.5,0.5,0.45,0.5,566837
SUNPHARMA,20190627,399.05,405.4,394.75,402.8,7651785
SUNTECK,20190627,426.5,439.9,426.5,433.9,307823
SUNTV,20190627,522.05,525.5,502.1,508.1,3890619
SUPERHOUSE,20190627,96,98.3,95.5,96.2,3079
SUPERSPIN,20190627,5.85,5.85,5.15,5.2,31197
SUPPETRO,20190627,200.5,205.9,200,203.5,1671
SUPRAJIT,20190627,200,216,200,211.25,62843
SUPREMEIND,20190627,1085.1,1139.85,1084.95,1123.6,67469
SUPREMEINF,20190627,19.4,20.15,18.7,19.3,12316
SURANASOL,20190627,7.2,8.6,7.2,8.3,110760
SURANAT&P,20190627,3.6,4.1,3.6,4.1,18145
SURYALAXMI,20190627,22.6,25.2,22.6,24.15,6424
SURYAROSNI,20190627,234,234.05,229.1,229.85,63155
SUTLEJTEX,20190627,29.95,30.5,29.55,30.2,41049
SUVEN,20190627,273.85,273.85,269.15,270.7,93239
SUZLON,20190627,5.9,6.25,5.2,5.7,139219662
SWANENERGY,20190627,104.4,105,104,104.35,63047
SWARAJENG,20190627,1395,1405,1381,1387.4,1725
SWELECTES,20190627,202.5,220,202.5,215.25,2084
SYMPHONY,20190627,1222.3,1248,1215.05,1225.5,14365
SYNCOM,20190627,1.5,1.6,1.5,1.5,13442
SYNDIBANK,20190627,41.55,42.6,39.5,41.2,11944013
SYNGENE,20190627,324.1,330,324.1,327.35,90813
TAINWALCHM,20190627,58,60.8,58,58.1,634
TAJGVK,20190627,191.05,191.6,183.55,189.45,18236
TAKE,20190627,122.9,124.95,119.05,120.05,94799
TALBROAUTO,20190627,156.7,163.95,156.7,159.75,3772
TALWALKARS,20190627,57.9,58.1,56.1,56.5,57906
TALWGYM,20190627,103.15,105,103.05,103.5,13688
TANLA,20190627,73.4,73.4,71,73.4,818813
TANTIACONS,20190627,2.35,2.35,2.15,2.35,1000
TARAJEWELS,20190627,0.85,0.95,0.85,0.95,11961
TARAPUR,20190627,5.95,6.2,5.95,6.2,233
TARMAT,20190627,31.45,31.6,31,31.25,7309
TASTYBITE,20190627,9475,9500,9401,9476.7,105
TATACHEM,20190627,631.5,645,627.05,641.3,608492
TATACOFFEE,20190627,83.15,84.8,81.75,82.9,228222
TATACOMM,20190627,479.1,487.5,477.2,481.4,999443
TATAELXSI,20190627,867,878.2,866,875.9,283884
TATAGLOBAL,20190627,274,277.4,269.3,273.8,3685617
TATAINVEST,20190627,872,933,872,898.05,70487
TATAMETALI,20190627,602.95,608.5,602.95,604.4,8644
TATAMOTORS,20190627,161.85,168,161.1,165.85,26612983
TATAMTRDVR,20190627,79.05,82.7,78.6,81.75,8122413
TATAPOWER,20190627,68.55,69.3,68.35,68.65,3985838
TATASPONGE,20190627,548,558,546.05,550.65,110482
TATASTEEL,20190627,511.5,516.45,506.65,510.7,11946714
TATASTLBSL,20190627,30.8,31,29.9,30.2,1400431
TBZ,20190627,45.6,45.65,44.1,44.55,64345
TCI,20190627,297.1,304.95,297.05,298.9,5216
TCIEXP,20190627,620.6,670,620.3,648.4,20511
TCIFINANCE,20190627,13.95,15.8,13.1,14.3,125839
TCNSBRANDS,20190627,793.5,801.1,775,781.4,1595
TCPLPACK,20190627,332,347.85,329,336.15,1124
TCS,20190627,2255,2264,2241.3,2252.55,2813464
TDPOWERSYS,20190627,146.8,153.9,146.8,150.4,6911
TEAMLEASE,20190627,2940,2980,2920,2939.65,5590
TECHIN,20190627,3.6,3.6,3.3,3.5,437
TECHM,20190627,715.5,719,691.65,701.95,8567309
TECHNOE,20190627,252.55,261.85,252,260,356545
TECHNOFAB,20190627,25.65,25.65,25.65,25.65,2136
TEJASNET,20190627,147.1,147.1,144.1,145.15,33312
TERASOFT,20190627,36,37.7,35.75,36.2,9700
TEXINFRA,20190627,51.25,52.4,48.6,51.45,30707
TEXMOPIPES,20190627,18.25,18.5,18.1,18.15,29550
TEXRAIL,20190627,69.2,71.9,69.2,70.7,126170
TFCILTD,20190627,110.15,113.2,110.15,110.65,49698
TFL,20190627,7.05,7.05,6.6,7.05,14144
TGBHOTELS,20190627,4.4,4.75,4.4,4.6,204172
THANGAMAYL,20190627,327.05,344,318,337.55,4988
THEINVEST,20190627,126.1,133.9,117.9,127.15,23346
THEMISMED,20190627,233.8,234,215.45,221.35,985
THERMAX,20190627,1067.2,1074,1054,1058.8,24734
THOMASCOOK,20190627,216.7,216.7,207.9,211.6,121043
THYROCARE,20190627,478.65,478.65,471.1,472.9,55203
TI,20190627,14.85,15,13.4,13.75,52137
TIDEWATER,20190627,4866.3,4883.95,4835.05,4865.9,415
TIIL,20190627,412.35,435.3,412.35,430.15,4496
TIINDIA,20190627,399.95,400,391.5,392.6,18762
TIJARIA,20190627,14.5,14.95,14,14.4,5830
TIL,20190627,259,259,245,253.4,2787
TIMESGTY,20190627,32.9,35.7,32.9,35.7,1833
TIMETECHNO,20190627,95.55,96.8,93.95,94.35,79721
TIMKEN,20190627,710.35,718,709.9,717.1,34827
TINPLATE,20190627,129.9,132.5,129.05,130.65,248807
TIPSINDLTD,20190627,58,58,57.1,57.2,2150
TIRUMALCHM,20190627,77.85,79.25,77.45,78.4,212064
TITAN,20190627,1309.1,1332.7,1306.75,1329.2,1841074
TMRVL,20190627,17.1,17.1,16.4,16.7,7079
TNPETRO,20190627,35.85,35.85,34.65,34.85,23980
TNPL,20190627,172.65,184.15,171.8,181.4,121823
TOKYOPLAST,20190627,50.2,52.9,50.15,52.1,3451
TORNTPHARM,20190627,1541.05,1553.6,1518,1529.35,209916
TORNTPOWER,20190627,280.25,289.7,278.8,286.25,2819901
TPLPLASTEH,20190627,138,139.95,135,138.9,1101
TREEHOUSE,20190627,4.6,4.7,4.5,4.5,14351
TREJHARA,20190627,19.75,22.55,19.75,20.95,4739
TRENT,20190627,440,447.65,434,445.4,303537
TRF,20190627,113.8,118.15,113.75,116.2,18382
TRIDENT,20190627,63.1,64.2,63,63.2,327615
TRIGYN,20190627,57.15,60.9,57.15,59.5,55837
TRIL,20190627,10.5,10.9,10.5,10.8,27306
TRITURBINE,20190627,103.2,104.3,103.1,103.5,8136
TRIVENI,20190627,68.7,69.65,67.55,68.05,974845
TTKHLTCARE,20190627,602.05,613,598,604.5,245
TTKPRESTIG,20190627,6750,6750,6640.15,6695.15,2097
TTL,20190627,46.9,47,45,45.45,5217
TTML,20190627,3.6,3.7,3.5,3.7,834845
TV18BRDCST,20190627,24.95,26,23.65,24.35,20285232
TVSELECT,20190627,164.55,174.5,164.55,169.5,127590
TVSMOTOR,20190627,435,439,426.6,429.3,2666027
TVSSRICHAK,20190627,1867.05,1900,1861.3,1880.75,2858
TVTODAY,20190627,263.4,272.9,262.05,268.2,46857
TVVISION,20190627,2.5,2.5,2.4,2.5,11446
TWL,20190627,63.55,65.2,63.3,64.05,188289
UBL,20190627,1340,1352.95,1311.15,1321.65,262955
UCALFUEL,20190627,139.9,142,139.65,140.35,5748
UCOBANK,20190627,17.45,17.95,17.25,17.75,768521
UFLEX,20190627,242.9,247.9,240.2,244.85,38516
UFO,20190627,186.75,194.95,186.75,189.9,13730
UGARSUGAR,20190627,14.7,15.1,14.2,14.4,315460
UJAAS,20190627,6.15,6.2,5.95,6,69881
UJJIVAN,20190627,298.7,305.05,296.35,302,2740379
ULTRACEMCO,20190627,4605,4656.9,4575,4599.15,725123
UMANGDAIRY,20190627,48.85,49.7,48.7,49.55,3691
UMESLTD,20190627,1.7,1.7,1.7,1.7,125
UNICHEMLAB,20190627,170.5,173.45,170,170.45,16869
UNIENTER,20190627,85.7,85.75,82.6,83.9,2443
UNIONBANK,20190627,77.95,78.35,76.55,77.6,5449727
UNIPLY,20190627,61.9,62,58.35,61.4,97400
UNITECH,20190627,1.15,1.15,1.15,1.15,1334518
UNITEDBNK,20190627,9.8,10.15,9.8,10.05,410328
UNITEDTEA,20190627,298.1,300.05,296.6,297.55,718
UNIVCABLES,20190627,204.1,212,202.5,205.55,10536
UPL,20190627,952.15,961.8,937.15,943.5,5241680
URJA,20190627,2.2,2.3,2.2,2.25,1798470
USHAMART,20190627,26.85,27.3,26.85,27.1,162637
UTINEXT50,20190627,276.8,280.49,276.8,280,43
UTINIFTETF,20190627,1252.55,1253.65,1245,1245,84
UTISENSETF,20190627,419.99,437.05,408.1,419,1900
UTISXN50,20190627,310,330,305.06,330,25
UTTAMSTL,20190627,8.15,8.15,7.85,7.9,29508
UTTAMSUGAR,20190627,119.7,120.8,116,116.95,185261
UVSL,20190627,0.1,0.1,0.05,0.05,1041525
V2RETAIL,20190627,174.65,175.5,167,172.65,56146
VADILALIND,20190627,518,529.95,512,513.85,7060
VAIBHAVGBL,20190627,820,833.05,811,824.95,12779
VAKRANGEE,20190627,35.8,36.05,34.55,34.8,2485249
VARDHACRLC,20190627,41.05,42.65,41.05,42.1,1864
VARDMNPOLY,20190627,4.3,4.3,4,4.2,5487
VARROC,20190627,477.65,478.05,470.5,473.05,11310
VASCONEQ,20190627,16.1,16.65,14.8,14.95,491395
VASWANI,20190627,8.3,9.3,8,8.9,21307
VBL,20190627,936.95,950,926.5,939.65,69312
VEDL,20190627,179,180,176.25,176.85,12296851
VENKEYS,20190627,1690,1725,1680.05,1689.6,95233
VENUSREM,20190627,24.4,25.5,23.35,24.65,16506
VESUVIUS,20190627,1109.8,1110,1098.15,1101.35,1575
VETO,20190627,65,65,62.15,62.9,21994
VGUARD,20190627,243,249.8,240.05,243.95,1441792
VHL,20190627,1950,1985.05,1930,1954.95,117
VICEROY,20190627,1.65,1.65,1.6,1.6,13632
VIDHIING,20190627,69.2,70.65,67.75,69.15,28961
VIJIFIN,20190627,0.45,0.5,0.45,0.5,28779
VIKASECO,20190627,7.5,7.6,6.7,7.35,3672940
VIKASMCORP,20190627,2.6,2.65,2.25,2.5,840386
VIMTALABS,20190627,168.2,183.2,168.2,176.85,23887
VINATIORGA,20190627,2106.3,2139.1,2103.6,2104.15,15979
VINDHYATEL,20190627,1328,1347.95,1326,1332.35,3819
VINYLINDIA,20190627,67.65,69,67.65,68.45,12188
VIPCLOTHNG,20190627,18,19.1,17.7,18,524077
VIPIND,20190627,441,446,440.1,444.1,178067
VIPULLTD,20190627,45.8,45.9,43.4,45.15,1085445
VISAKAIND,20190627,367.2,384.2,367,379.5,14042
VISASTEEL,20190627,6.65,6.9,6.5,6.5,7365
VISESHINFO,20190627,0.1,0.1,0.05,0.05,2514435
VISHNU,20190627,132.15,143.1,132.15,135.3,4574
VIVIDHA,20190627,0.35,0.4,0.3,0.35,1636872
VIVIMEDLAB,20190627,16.7,17.05,13.7,16.5,1064261
VLSFINANCE,20190627,53.55,54.4,53.05,53.95,15155
VMART,20190627,2232.9,2288.8,2218.3,2243.45,2115
VOLTAMP,20190627,1151.5,1184,1151,1159.7,5779
VOLTAS,20190627,656,658.4,649,652.75,1017178
VRLLOG,20190627,267.5,273,265.5,267.6,34431
VSSL,20190627,82.55,82.65,76.55,79.25,48413
VSTIND,20190627,3425.1,3449.85,3420,3429.4,404
VSTTILLERS,20190627,1295.25,1305,1279.6,1297.5,2064
VTL,20190627,1047.3,1063.95,1046.15,1059.75,7549
WABAG,20190627,306,308.7,301.4,302.9,24404
WABCOINDIA,20190627,6122.45,6158.95,6110,6135.45,3737
WALCHANNAG,20190627,89.1,89.6,87.2,88,351162
WANBURY,20190627,15.4,15.4,14.75,14.75,101
WEBELSOLAR,20190627,27.6,28.25,27.1,27.25,39630
WEIZFOREX,20190627,430,445,415,433.5,1783
WEIZMANIND,20190627,32.05,33.5,32.05,33.45,1190
WELCORP,20190627,140.6,140.95,139.1,140,165344
WELENT,20190627,129.1,136.2,128.1,133.05,175936
WELINV,20190627,153.55,162.7,153.05,154.1,1397
WELSPUNIND,20190627,57.05,58.15,57.05,57.8,944630
WENDT,20190627,2563.95,2575,2551.05,2575,71
WHEELS,20190627,802.05,805.45,783.1,788.75,821
WHIRLPOOL,20190627,1570,1587,1551.05,1582.25,23513
WILLAMAGOR,20190627,24.8,24.8,24.8,24.8,683
WINDMACHIN,20190627,22.6,22.6,20.5,20.5,1233652
WINSOME,20190627,0.7,0.7,0.6,0.7,1551
WIPL,20190627,75,75,72.25,72.25,2308
WIPRO,20190627,287.35,287.8,280.7,282.1,5089200
WOCKPHARMA,20190627,396.75,396.75,372,376.05,3604571
WONDERLA,20190627,278,281.85,276.3,278.55,8537
WSI,20190627,0.8,0.8,0.8,0.8,1064
WSTCSTPAPR,20190627,246.75,253.8,246.4,249.85,45231
XCHANGING,20190627,52.5,54,52.2,53.85,36403
XELPMOC,20190627,60.4,65.2,60.4,64.85,5636
XLENERGY,20190627,0.6,0.7,0.6,0.6,19829
XPROINDIA,20190627,31.4,32.5,31.4,32,228
YESBANK,20190627,113.05,114.5,111.8,112.4,51280994
ZEEL,20190627,342,347.2,337.45,343.5,5548839
ZEELEARN,20190627,23.7,24,23.1,23.25,65383
ZEEMEDIA,20190627,12.65,12.8,10.8,12.35,647742
ZENITHBIR,20190627,0.45,0.45,0.4,0.45,12728
ZENITHEXPO,20190627,48.45,48.45,44.05,45,2608
ZENSARTECH,20190627,258.6,260.95,255,255.15,39567
ZENTEC,20190627,71.9,72.8,69.9,70.25,53238
ZICOM,20190627,1.65,1.7,1.6,1.65,14272
ZODIACLOTH,20190627,244.85,247.5,237.15,246.95,6839
ZODJRDMKJ,20190627,33.15,35.1,31.75,32.1,201
ZUARI,20190627,149.8,160,147.1,147.8,112554
ZUARIGLOB,20190627,88.35,93,87,89.95,13905
ZYDUSWELL,20190627,1332.7,1383,1332.7,1354.45,3863
NSENIFTY,20190627,11860.85,11911.15,11821.05,11841.55,480169350,0
NIFTYJUNIOR,20190627,27269.50,27417.30,27252.00,27381.35,363996336,0
NIFTYMIDCAPLIQ15,20190627,4241.95,4269.65,4227.85,4264.35,101374270,0
NSE100,20190627,11941.90,11992.60,11912.10,11931.35,852288099,0
NIFTY200,20190627,6127.30,6152.30,6114.00,6124.40,1435468795,0
NSE500,20190627,9694.55,9733.95,9675.50,9692.35,2023509131,0
NSEMIDCAP150,20190627,6333.15,6363.60,6329.65,6355.30,605495372,0
MIDCAP50,20190627,4896.30,4919.75,4877.20,4905.25,361823550,0
NSEMIDCAP,20190627,17667.00,17748.90,17634.30,17717.55,583180696,0
NIFTYSMALLCAP250,20190627,-,-,-,5141.35,-,0
NIFTYSMALLCAP50,20190627,-,-,-,2997.70,-,0
NSESMLCAP100,20190627,6224.25,6262.50,6194.00,6212.80,-,0
NIFTYLARGEMIDCAP250,20190627,-,-,-,5977.27,1457783471,0
NIFTYMIDSMALLCAP400,20190627,-,-,-,5924.20,-,0
NIFTYAUTO,20190627,7903.35,8021.25,7901.05,7971.45,86570976,0
BANKNIFTY,20190627,31192.10,31490.60,31158.80,31269.50,231102423,0
NIFTYFINSERVICE,20190627,13541.65,13660.80,13533.15,13595.25,130484981,0
NIFTYFMGC,20190627,29591.25,29668.80,29429.95,29486.80,39820803,0
NSEIT,20190627,16096.20,16129.40,15946.65,15991.80,41146293,0
NIFTYMEDIA,20190627,2051.60,2071.15,2038.70,2049.65,59384265,0
NIFTYMETAL,20190627,3027.50,3044.50,3004.65,3014.20,109220854,0
NIFTYPHARMA,20190627,8080.15,8140.95,8018.25,8088.00,23371314,0
NIFTYPVTBANK,20190627,17272.45,17441.40,17252.85,17314.35,136285527,0
NIFTYPSUBANK,20190627,3189.40,3213.60,3153.20,3184.30,150246859,0
NIFTYREALTY,20190627,277.90,284.35,277.65,283.45,34188295,0
NIFTYCOMMODITIES,20190627,3670.90,3689.80,3656.90,3666.80,351602933,0
NIFTYCONSUMPTION,20190627,4743.20,4770.85,4741.45,4753.95,77330215,0
NIFTYCPSE,20190627,2376.65,2392.40,2374.25,2384.20,174587746,0
NIFTYENERGY,20190627,16192.95,16260.60,16106.30,16142.00,235746312,0
NIFTY100ESG,20190627,-,-,-,2194.33,680373062,0
NIFTY100ENHESG,20190627,-,-,-,2230.34,646060387,0
NIFTYINFRA,20190627,3388.05,3404.05,3361.70,3376.40,654364264,0
NIFTYMNC,20190627,13013.00,13098.10,13010.55,13047.40,49228767,0
NIFTYPSE,20190627,3668.35,3686.80,3659.10,3671.05,229899638,0
NIFTYSMEEMERGE,20190627,-,-,-,1458.84,705975,0
NIFTYSERVSECTOR,20190627,16901.85,16976.90,16859.30,16906.40,341079049,0
NIFTYSHARIAH25,20190627,-,-,-,4219.95,102206763,0
NIFTY50SHARIAH,20190627,-,-,-,2486.03,117137225,0
NIFTY500SHARIAH,20190627,-,-,-,2950.35,367912715,0
NIFTYABGROUP,20190627,-,-,-,3417.04,169051619,0
NIFTYMAHINDRA,20190627,-,-,-,10839.82,13607740,0
NIFTYTATA,20190627,-,-,-,7262.30,63756050,0
NIFTYTATA25CAP,20190627,-,-,-,5083.08,54462636,0
NIFTYABGROUP,20190627,-,-,-,3417.04,169051619,0
NIFTYLIQ15,20190627,3980.50,4011.10,3966.80,3998.50,228115753,0
NIFTY500VALUE50,20190627,-,-,-,4370.95,720337264,0
NIFTYALPHALOWVOL30,20190627,-,-,-,11794.94,146576424,0
NIFTYQUALLOWVOL30,20190627,-,-,-,8132.40,96209616,0
NIFTYALPHAQUALLOWVOL30,20190627,-,-,-,9250.85,108700083,0
NIFTYALPHAQUALVALLOWVOL30,20190627,-,-,-,7193.92,144493451,0
NIFTY50EQUALWEIGHT,20190627,12689.45,12746.90,12661.30,12690.10,480169350,0
NIFTY100EQUALWEIGHT,20190627,13286.25,13345.60,13274.10,13310.70,852288099,0
NIFTY100LOWVOL30,20190627,8803.00,8832.35,8764.70,8776.65,164586037,0
NSEDEFTY,20190627,-,-,-,5940.28,-,0
NIFTY50DIVPOINT,20190627,42.32,42.32,42.32,42.32,-,0
NIFTYDIVOPPS50,20190627,2687.35,2694.55,2675.25,2681.20,510584894,0
NIFTYALPHA50,20190627,12338.25,12382.95,12308.40,12366.25,109017845,0
NIFTY50ARBITRAGE,20190627,-,-,-,1824.68,-,0
NIFTY50FUTINDEX,20190627,-,-,-,4092.09,-,0
NIFTY50FUTTRINDEX,20190627,-,-,-,11907.10,-,0
NIFTYHIGHBETA50,20190627,-,-,-,1536.00,650898453,0
NIFTYLOWVOL50,20190627,-,-,-,10306.23,219969109,0
NIFTY200QUALITY30,20190627,-,-,-,9534.60,-,0
NIFTY50VALUE20,20190627,5521.50,5530.80,5481.25,5490.40,256521007,0
NIFTYGROWSECT15,20190627,5988.65,6022.55,5967.60,5980.95,80766845,0
NIFTY50TR2XLEV,20190627,6687.15,6743.45,6644.80,6665.45,-,0
NIFTY50PR2XLEV,20190627,5213.35,5257.25,5180.35,5196.40,-,0
NIFTY50TR1XINV,20190627,342.95,344.05,341.50,343.50,-,0
NIFTY50PR1XINV,20190627,388.40,389.60,386.75,389.00,-,0
NIFTY-GS-COMPSITE,20190627,1970.78,1975.73,1969.74,1973.42,-,0
NIFTY-GS-4-8YR,20190627,2046.34,2050.82,2046.34,2049.15,-,0
NIFTY-GS-8-13YR,20190627,1940.06,1945.39,1938.61,1944.22,-,0
NIFTY-GS-10YR,20190627,1786.74,1793.17,1783.69,1791.02,-,0
NIFTY-GS-10YR-CLN,20190627,933.44,936.91,931.80,935.75,-,0
NIFTY-GS-11-15YR,20190627,2069.75,2077.03,2069.03,2071.16,-,0
NIFTY-GS-15YRPLUS,20190627,2249.19,2251.33,2248.33,2254.48,-,0
VIX,20190627,14.75,14.89,13.65,14.65,0,0
