20MICRONS,20190522,35.6,36.6,34.75,36.3,20884
21STCENMGM,20190522,17.85,18.55,17.85,17.95,67
3IINFOTECH,20190522,3.6,3.6,3.55,3.55,678020
3MINDIA,20190522,22900.5,23200,22621,22826.75,1592
3PLAND,20190522,10.65,10.65,10.65,10.65,408
5PAISA,20190522,328.7,339.4,326,328.65,11675
63MOONS,20190522,137.25,144.8,137.25,140.65,168781
8KMILES,20190522,101.8,102.8,97.35,100.65,155276
A2ZINFRA,20190522,16.8,17.7,16.1,17.45,374710
AARTIDRUGS,20190522,565.5,567.5,554,564.75,8144
AARTIIND,20190522,1680,1710,1645.35,1696.6,141274
AARVEEDEN,20190522,22.65,23.3,22.45,22.7,3522
AAVAS,20190522,1474.75,1484.9,1443.5,1470.45,17934
ABAN,20190522,47.35,48.85,47.35,48.3,26029
ABB,20190522,1425,1461.5,1401.2,1457.15,43526
ABBOTINDIA,20190522,7773.7,7829,7640.7,7783.65,2474
ABCAPITAL,20190522,95,95.8,94.45,95.05,993583
ABFRL,20190522,204,206.95,199.75,202.75,239411
ABSLNN50ET,20190522,308,308,266.52,268.63,5454
ACC,20190522,1620.8,1634.5,1607.05,1615,580879
ACCELYA,20190522,898,906.1,892,899.9,18357
ACE,20190522,97.6,97.7,94.05,95.85,223004
ADANIENT,20190522,155.05,158.8,152.8,157.95,13565092
ADANIGAS,20190522,131.95,134,130,133.7,766826
ADANIGREEN,20190522,44.2,44.25,42.45,43.95,1366431
ADANIPORTS,20190522,389,393.45,378.4,385.95,4543570
ADANIPOWER,20190522,46.8,47,44.9,46.7,19258903
ADANITRANS,20190522,231,231,225.95,228.7,112786
ADFFOODS,20190522,263,263,252.4,257.9,45707
ADHUNIK,20190522,2.25,2.35,2.15,2.2,61980
ADHUNIKIND,20190522,75.8,75.9,74,74.4,14099
ADLABS,20190522,7.45,7.7,7.15,7.65,100596
ADORWELD,20190522,336,341.4,331.15,337.45,8468
ADROITINFO,20190522,14.4,14.4,14.25,14.25,118
ADSL,20190522,14,14.65,13.9,14.55,24553
ADVANIHOTR,20190522,60.45,61.65,60,60.35,2227
ADVENZYMES,20190522,177.1,189.7,177.1,188.3,274109
AEGISCHEM,20190522,210,210,203,205.1,74718
AGARIND,20190522,159,162.85,157.05,159.05,100
AGCNET,20190522,101.75,101.95,99.95,101.45,1112
AGLSL,20190522,54.3,55.6,53.25,53.6,2040
AGRITECH,20190522,57.6,61.05,57.6,60.7,3413
AGROPHOS,20190522,67.1,73.9,67.1,73.9,510
AHLEAST,20190522,212.4,221,210.25,212.85,45943
AHLUCONT,20190522,324.2,340,319.5,329.55,11271
AHLWEST,20190522,338.8,350,325,343.9,22065
AIAENG,20190522,1687.85,1724.35,1670.05,1718.95,8514
AIFL,20190522,8.2,8.2,7.6,7.9,36852
AIONJSW,20190522,20.9,22.4,20.65,21.85,21889
AIRAN,20190522,31,34.7,30,31.15,156080
AJANTPHARM,20190522,1012.1,1029.9,1004.55,1025.65,195035
AJMERA,20190522,168.35,169.9,165.05,167.15,67105
AKSHARCHEM,20190522,259.95,263,254.25,261.5,5283
AKSHOPTFBR,20190522,17.05,18.1,16.85,17.6,1550386
AKZOINDIA,20190522,1693.3,1699,1662,1688.95,2235
ALANKIT,20190522,31.65,35.4,31.65,34,1019419
ALBERTDAVD,20190522,392.5,393.8,386.7,389.35,688
ALBK,20190522,45.15,48.65,44.55,47.9,6830088
ALCHEM,20190522,1.85,1.85,1.8,1.85,931
ALEMBICLTD,20190522,40.9,40.9,40.3,40.5,69250
ALICON,20190522,596.05,603.8,572,598.7,1125
ALKALI,20190522,45.4,52.1,44.8,51.4,280501
ALKEM,20190522,1694.9,1708.25,1685.1,1691.35,6641
ALKYLAMINE,20190522,795,801,770,800.2,8413
ALLCARGO,20190522,106.3,106.45,104.1,105.7,56702
ALLSEC,20190522,310.5,312.75,310.5,312.5,6002
ALMONDZ,20190522,18.8,19.9,18.8,19.85,362
ALOKTEXT,20190522,3.85,3.95,3.75,3.8,1874588
ALPA,20190522,23.8,24,23.3,23.85,19564
ALPHAGEO,20190522,438,458.8,426.2,445.15,16172
ALPSINDUS,20190522,1.15,1.15,1.05,1.15,150
AMARAJABAT,20190522,628.95,628.95,603,616.1,996389
AMBER,20190522,749,749,725,734.5,4747
AMBIKCO,20190522,1110.95,1117.45,1093.1,1105.45,1918
AMBUJACEM,20190522,220.5,223.1,218.7,220.55,1891609
AMDIND,20190522,19.05,19.2,18.6,18.7,14008
AMJLAND,20190522,19.45,19.7,18.6,19.25,7789
AMRUTANJAN,20190522,292,295.7,286.5,288.4,10757
ANANTRAJ,20190522,28.8,29.45,28.3,29.15,200932
ANDHRABANK,20190522,24.95,24.95,24.1,24.65,834013
ANDHRACEMT,20190522,4.05,4.45,4.05,4.45,49777
ANDHRSUGAR,20190522,364.8,371.4,362.25,364.55,65056
ANIKINDS,20190522,13.25,13.6,12.9,13.15,3899
ANKITMETAL,20190522,0.45,0.55,0.45,0.45,29545
ANSALAPI,20190522,8.7,9.15,8.35,8.45,716766
ANSALHSG,20190522,11.5,11.7,10.25,10.35,1132457
ANTGRAPHIC,20190522,0.8,0.8,0.75,0.8,22352
ANUP,20190522,466,487.8,457.85,477.8,30729
APARINDS,20190522,619.2,634.7,619.2,630.95,1428
APCL,20190522,143.4,147.4,143,143.45,1161
APCOTEXIND,20190522,514.5,528,506,523.7,7840
APEX,20190522,272.65,279,271.8,273.15,43994
APLAPOLLO,20190522,1594,1610,1548.05,1601.05,10632
APLLTD,20190522,527.9,531,523.3,525.1,56799
APOLLO,20190522,130,130.75,127.05,128.65,13733
APOLLOHOSP,20190522,1177.7,1179,1154,1162.95,221323
APOLLOTYRE,20190522,182.9,184.4,179.35,183.2,1077368
APOLSINHOT,20190522,872.05,904.95,872,896.75,514
APTECHT,20190522,137,137,132.85,134.8,107489
ARCHIDPLY,20190522,35.55,36.5,35.5,36.4,2547
ARCHIES,20190522,21.7,22.4,21.6,22.1,22256
ARCOTECH,20190522,4.15,4.25,4.05,4.15,14301
ARIES,20190522,70.15,71.85,67.55,71.2,38971
ARIHANT,20190522,26.55,28.95,25.6,25.9,989
ARIHANTSUP,20190522,58.9,58.95,56.3,57.85,17804
ARMANFIN,20190522,375,382.4,368,373.7,6012
AROGRANITE,20190522,51.45,51.45,48.75,49.65,12503
ARROWGREEN,20190522,64.9,67.7,62.3,63.05,7411
ARROWTEX,20190522,17.7,18,17.2,17.8,7690
ARSHIYA,20190522,28.45,28.55,27.65,28.3,14979
ARSSINFRA,20190522,43.8,43.8,41.1,43,2979
ARVIND,20190522,78,78.4,76,77.7,1364051
ARVINDFASN,20190522,855,862,805,822.7,114220
ARVSMART,20190522,117.7,119.45,115,116.2,3827
ASAHIINDIA,20190522,210.3,212,210,210.05,60947
ASAHISONG,20190522,141.95,155.1,136.05,148.2,12023
ASAL,20190522,47.05,48.6,47,47.55,5260
ASHAPURMIN,20190522,21.05,21.9,20.3,21.7,17574
ASHIANA,20190522,115.4,115.95,112.3,113.05,195895
ASHIMASYN,20190522,10.75,11.1,10.2,10.4,77572
ASHOKA,20190522,121.8,121.8,119.1,119.7,146848
ASHOKLEY,20190522,88.85,89,85.9,87.85,18235187
ASIANHOTNR,20190522,131,131,127.6,129.05,583
ASIANPAINT,20190522,1360.5,1373.75,1348.05,1368.45,840075
ASIANTILES,20190522,225.05,237.05,225.05,235,160426
ASPINWALL,20190522,146.4,149.95,144,144.1,1539
ASSAMCO,20190522,2,2,1.9,1.9,75835
ASTEC,20190522,450.05,457.55,450,454.05,3650
ASTERDM,20190522,129.15,133.8,129,132.1,18364
ASTRAL,20190522,1181,1209.35,1157.1,1193.55,100551
ASTRAMICRO,20190522,83.7,84.25,82.8,83.3,63257
ASTRAZEN,20190522,2229.75,2238.95,2180,2207.85,11305
ASTRON,20190522,106.65,106.65,104.2,105.2,134871
ATFL,20190522,538,545,526.1,528.9,1845
ATLANTA,20190522,14.45,14.45,14.45,14.45,10276
ATLASCYCLE,20190522,49.35,52,49.25,51.85,4706
ATUL,20190522,3850,3869.75,3802.05,3819.15,5869
ATULAUTO,20190522,310.95,311.15,304,307.85,7925
AUBANK,20190522,702,702,673,687.3,203362
AURIONPRO,20190522,125.75,128.45,124,126.5,2330
AUROPHARMA,20190522,670,674.8,663,664.55,1519832
AUSOMENT,20190522,35.5,38.7,35.1,36.9,1136
AUTOAXLES,20190522,1100,1111,1072,1088.4,6053
AUTOIND,20190522,47,49,46.5,48.25,8206
AUTOLITIND,20190522,31.15,32.65,31,31.25,3092
AVADHSUGAR,20190522,508.15,519.5,506.45,511.5,35359
AVANTIFEED,20190522,335,337.15,327.1,329.6,334736
AVTNPL,20190522,23.2,24.3,23.2,23.9,30475
AXISBANK,20190522,774.8,784,770.2,779.15,5928186
AXISCADES,20190522,54,54.4,52.5,53.2,77190
AXISGOLD,20190522,2780,2781.05,2765,2766.8,171
AXISNIFTY,20190522,1395,1395,1158.7,1301.14,460
AYMSYNTEX,20190522,35.1,35.5,33.6,34.7,7896
BAFNAPHARM,20190522,7.9,8.15,7.65,8.1,14184
BAGFILMS,20190522,4.35,4.4,4.25,4.3,56820
BAJAJ-AUTO,20190522,2980.05,3054,2973.15,3047.2,493470
BAJAJCON,20190522,341.95,341.95,333.5,337.3,23686
BAJAJELEC,20190522,563.7,574,545,550.7,604401
BAJAJFINSV,20190522,8194,8273,8102,8221.55,215233
BAJAJHIND,20190522,8.05,8.25,8.05,8.2,1171441
BAJAJHLDNG,20190522,3327.85,3329,3260,3289.7,26297
BAJFINANCE,20190522,3442,3459.55,3398.05,3448.9,1566812
BALAJITELE,20190522,69.35,73.5,69.35,71.3,28980
BALAMINES,20190522,415.95,421.2,410.05,413.95,38890
BALAXI,20190522,116.7,116.7,105.8,105.8,5796
BALKRISHNA,20190522,33.05,35,32.65,33.4,156820
BALKRISIND,20190522,774.4,804.45,760.05,776.15,1588600
BALLARPUR,20190522,2.3,2.3,2.2,2.3,510353
BALMLAWRIE,20190522,168.5,171.5,166.5,167.65,51302
BALPHARMA,20190522,61.05,61.5,60.55,61.05,2383
BALRAMCHIN,20190522,147.5,152.5,147.5,148.55,1164692
BANARBEADS,20190522,51.05,54.45,50.45,52.45,7696
BANARISUG,20190522,1276.95,1289,1271.5,1284.75,101
BANCOINDIA,20190522,142.8,143,140.1,142.7,8468
BANDHANBNK,20190522,589.6,608,588.5,599.55,1473089
BANG,20190522,45.95,45.95,42.4,45.65,13137
BANKBARODA,20190522,126.7,128,124.95,126.15,24188827
BANKBEES,20190522,3099,3125.5,3072.4,3117.19,27174
BANKINDIA,20190522,88.2,90.4,86.9,89.65,9187082
BANSWRAS,20190522,69,77.75,65.1,74.35,42537
BARTRONICS,20190522,5.75,6.1,5.75,5.85,28883
BASF,20190522,1260,1323,1260,1312.7,4478
BASML,20190522,172,180.55,160.25,174,1718
BATAINDIA,20190522,1384.4,1395.8,1373.5,1384.85,558589
BAYERCROP,20190522,4050.15,4096.65,4050,4077.15,5521
BBL,20190522,979.4,1008.75,965,972.25,3937
BBTC,20190522,1144.95,1144.95,1115,1119.25,45396
BCG,20190522,5.3,5.3,5.3,5.3,190549
BDL,20190522,294.8,299,291.5,296.2,24104
BEARDSELL,20190522,15.1,17,13.4,15.3,26346
BEDMUTHA,20190522,15.55,15.95,14.7,15.25,10614
BEL,20190522,98,102.25,96.8,101.1,15229942
BEML,20190522,899.8,934.65,888.55,922.35,1839123
BEPL,20190522,75.15,79.05,74.1,75.4,593852
BERGEPAINT,20190522,314.8,314.8,305.55,310.5,599060
BFINVEST,20190522,225,228.7,222.4,224.7,29551
BFUTILITIE,20190522,179,183.25,176.35,181.85,527662
BGLOBAL,20190522,2.3,2.3,2.3,2.3,500
BGRENERGY,20190522,54.5,55.9,54.5,55.3,56756
BHAGERIA,20190522,244,278,242,268.7,88146
BHAGYANGR,20190522,28.8,29,28.05,28.5,2131
BHAGYAPROP,20190522,26.25,26.25,24.55,25.25,2869
BHANDARI,20190522,1.85,1.85,1.8,1.85,29121
BHARATFIN,20190522,899,964.3,865,950.25,2456871
BHARATFORG,20190522,470,473.6,462,465.4,935438
BHARATGEAR,20190522,128.95,128.95,119.1,122.15,13667
BHARATRAS,20190522,4200,4200,4130.55,4169.15,426
BHARATWIRE,20190522,44.45,44.45,42.85,43.05,8842
BHARTIARTL,20190522,331,337.95,328.65,335.15,6666818
BHEL,20190522,63.6,65.6,62.15,65.25,12714321
BIGBLOC,20190522,27.2,29.05,27.2,28.05,248
BIL,20190522,227,240,226,233.8,3130
BILENERGY,20190522,4.1,4.1,3.8,4.1,1211212
BINANIIND,20190522,27.45,28.2,27.45,28.2,2258
BINDALAGRO,20190522,13.75,14.35,13.55,14,5012
BIOCON,20190522,520.85,523.95,516,518.35,1096396
BIOFILCHEM,20190522,6.5,6.5,6.5,6.5,26
BIRLACABLE,20190522,99.05,100.6,92.8,94.45,134861
BIRLACORPN,20190522,590,596.4,580.55,583.95,39858
BIRLAMONEY,20190522,45.75,47.2,45.05,47.05,38964
BKMINDST,20190522,4.25,4.25,3.95,4.2,90844
BLBLIMITED,20190522,5.5,6.3,5.5,6.3,575325
BLISSGVS,20190522,170.4,171.05,166.95,167.9,1227597
BLKASHYAP,20190522,16.05,16.8,16,16.35,79537
BLS,20190522,127.15,127.15,122.1,124.15,24669
BLUEBLENDS,20190522,2.5,2.5,2.4,2.4,1250
BLUECOAST,20190522,11.95,11.95,10.95,10.95,3899
BLUEDART,20190522,2700.45,2733.45,2691.55,2702.75,2829
BLUESTARCO,20190522,750.1,761.9,743.3,747.25,42110
BODALCHEM,20190522,114,114.7,111.1,113.55,77288
BOMDYEING,20190522,115.5,116.95,113.75,114.95,724495
BOROSIL,20190522,197.8,199.65,195.35,198.6,13071
BOSCHLTD,20190522,17300.1,17373.9,16750,16809.3,31915
BPCL,20190522,378,388.9,376,384.25,7762830
BPL,20190522,23.6,24.7,22.75,23,451922
BRFL,20190522,9.05,9.05,9.05,9.05,60819
BRIGADE,20190522,243,246.55,233.45,238.7,41273
BRITANNIA,20190522,2861,2878,2817.5,2852.65,393507
BRNL,20190522,95.1,97.8,93,96.9,30931
BROOKS,20190522,49.05,51.55,49.05,50.15,17848
BSE,20190522,604.95,605,600,604.3,56944
BSELINFRA,20190522,1.75,1.85,1.75,1.8,30992
BSL,20190522,39.9,39.9,38,38.45,9374
BSLGOLDETF,20190522,2920.05,2920.05,2920,2920,52
BSLNIFTY,20190522,128.27,128.27,125.96,127.04,625
BSOFT,20190522,86.4,87.6,83.05,86.6,1344809
BURNPUR,20190522,2.35,2.35,2.15,2.3,59273
BUTTERFLY,20190522,179.9,180.05,172.8,175.6,21659
BVCL,20190522,17.45,17.45,16.55,17,1407
BYKE,20190522,29,29.4,27.8,28.85,27887
CADILAHC,20190522,244.4,251.65,242.1,250.35,3185013
CALSOFT,20190522,20.25,20.4,19.15,19.9,8504
CAMLINFINE,20190522,42.4,42.5,41.15,41.45,97849
CANBK,20190522,259.45,262.95,255.1,257.35,5951889
CANFINHOME,20190522,344.25,347.95,335.5,343.05,1008127
CANTABIL,20190522,209.25,218.6,209.15,212,20851
CAPACITE,20190522,230.65,247,230.65,238.55,188401
CAPLIPOINT,20190522,367.45,419.9,358.65,397.65,404312
CAPTRUST,20190522,185,188,185,185,1477
CARBORUNIV,20190522,356.2,359.95,351.2,353.95,24435
CAREERP,20190522,76,76,70.15,70.9,51811
CARERATING,20190522,957.35,988.45,957.35,974.65,29534
CASTEXTECH,20190522,0.85,0.85,0.8,0.85,113552
CASTROLIND,20190522,145.85,146.85,144,144.7,684707
CCHHL,20190522,6.25,6.5,5.95,6,24072
CCL,20190522,265,270,260.35,264.55,21186
CDSL,20190522,224.5,225.3,221,222.5,155587
CEATLTD,20190522,989,1000.9,972.1,993.55,431741
CEBBCO,20190522,16.75,17.6,16.75,17.05,8037
CELEBRITY,20190522,8.2,8.3,8,8.2,7553
CELESTIAL,20190522,5.4,5.7,5.4,5.55,19138
CENTENKA,20190522,223,227.85,220,226.05,39820
CENTEXT,20190522,5.25,5.55,5.1,5.4,59998
CENTRALBK,20190522,26.85,27.2,26.1,26.35,1209788
CENTRUM,20190522,30.55,30.65,29.55,30.1,65120
CENTUM,20190522,453.7,474,448.65,470.85,4037
CENTURYPLY,20190522,169,170.55,164.25,165.9,64908
CENTURYTEX,20190522,972.5,979.65,961.65,976.8,354653
CERA,20190522,2948.95,2948.95,2850,2918.7,8037
CEREBRAINT,20190522,26.4,27.1,25.25,26.95,266083
CESC,20190522,718,725.85,711.05,720.25,181732
CESCVENT,20190522,477,496,470.25,481.95,47812
CGCL,20190522,180.7,192.1,180.7,189.1,659640
CGPOWER,20190522,38.3,39.4,37.1,38.9,7432002
CHALET,20190522,341.8,341.8,333,337.2,13907
CHAMBLFERT,20190522,161.8,165.8,158.5,165.2,231647
CHEMFAB,20190522,165.95,166.9,165,165.2,2341
CHENNPETRO,20190522,206.5,212.75,206.5,210.15,365263
CHOLAFIN,20190522,1412.4,1427.15,1353.25,1418,550257
CHOLAHLDNG,20190522,511.85,517.7,507.35,515,15581
CHROMATIC,20190522,0.9,0.9,0.9,0.9,9272
CIGNITITEC,20190522,316.25,322.75,310,311.55,15005
CIMMCO,20190522,33.35,34,33.3,33.95,11654
CINELINE,20190522,42.85,44,41.6,43.35,7379
CINEVISTA,20190522,5.65,5.9,5.45,5.9,2098
CIPLA,20190522,562,574,550.05,553,7762734
CKFSL,20190522,16.05,17.65,16.05,16.05,3356554
CLEDUCATE,20190522,116.05,117.2,114.25,115.75,2071
CLNINDIA,20190522,298.65,300.95,297,298.8,20117
CMICABLES,20190522,117.95,119.8,116.1,118.65,13774
CNOVAPETRO,20190522,14.95,15.4,14.95,14.95,201
COALINDIA,20190522,237.65,242,237.1,241.25,3916767
COCHINSHIP,20190522,364,368,359,365.1,140389
COFFEEDAY,20190522,247.75,253.9,245.3,250.7,39577
COLPAL,20190522,1161,1169.25,1146,1151.4,138384
COMPINFO,20190522,14.15,14.15,12.75,12.9,192632
COMPUSOFT,20190522,8.9,9.25,8.8,9.2,32039
CONCOR,20190522,483.1,487.35,471,484.75,792441
CONSOFINVT,20190522,40.8,42.3,40.25,40.45,1170
CONTROLPR,20190522,255.25,260,251.05,252.3,1937
CORALFINAC,20190522,16,16.2,16,16,1651
CORDSCABLE,20190522,59.6,60,58.25,59.1,4566
COROMANDEL,20190522,406.95,414,403,406.8,202248
CORPBANK,20190522,24.05,24.4,23.6,24.2,205290
COSMOFILMS,20190522,209,213.5,206.7,207.6,39715
COUNCODOS,20190522,2.45,2.9,2.45,2.85,166309
COX&KINGS,20190522,93.9,94.5,92.6,94.2,111600
CPSEETF,20190522,26.97,27.37,26.9,27.31,3088086
CREATIVEYE,20190522,1.85,1.85,1.85,1.85,200
CREDITACC,20190522,508.7,518.95,505.25,511.65,48483
CREST,20190522,115,121.9,112.6,120.3,3425
CRISIL,20190522,1439.95,1439.95,1417.6,1428.1,3848
CRMFGETF,20190522,2950,2955,2920,2920,1012
CROMPTON,20190522,227.95,229.95,214.4,219,1752614
CTE,20190522,37.6,39.9,37.15,39,2041
CUB,20190522,209,210,205.5,208.95,1021515
CUBEXTUB,20190522,13.25,13.25,12.15,12.25,189
CUMMINSIND,20190522,745.95,745.95,723.6,729.15,290108
CUPID,20190522,122.25,123,117.9,119.85,18210
CURATECH,20190522,1.25,1.25,1.25,1.25,120
CYBERMEDIA,20190522,3.45,3.45,3.45,3.45,220
CYBERTECH,20190522,43.5,45.4,42.8,43.3,8498
CYIENT,20190522,543.65,552.65,536.25,549.65,138599
DAAWAT,20190522,28.7,29.2,28.25,28.9,819447
DABUR,20190522,383,386.95,378.85,385.65,1811235
DALBHARAT,20190522,1089.1,1096.45,1064.95,1086.4,184866
DALMIASUG,20190522,116.1,116.5,113,113.55,100467
DAMODARIND,20190522,37.7,39.05,37.45,38.35,2533
DATAMATICS,20190522,95.7,98,95.7,97.3,34005
DBCORP,20190522,196,198,194,196.7,222823
DBL,20190522,564,570.7,549,568.45,479932
DBREALTY,20190522,14.3,14.35,13.45,13.7,606857
DBSTOCKBRO,20190522,8.2,8.9,8.2,8.9,1833
DCAL,20190522,219.6,229,218.15,226,192665
DCBBANK,20190522,229,231.45,227.35,230.25,1668963
DCM,20190522,57.9,68.4,57.9,68.4,298260
DCMSHRIRAM,20190522,582,619,582,610.9,559887
DCW,20190522,17.8,17.8,17.35,17.6,49331
DECCANCE,20190522,400.2,405,400.2,403.6,1437
DEEPAKFERT,20190522,132.8,136.9,132,135.25,89051
DEEPAKNTR,20190522,286.05,287,281.3,283.75,149233
DEEPIND,20190522,136.05,137.35,135.05,136.05,4228
DELTACORP,20190522,182.8,184.75,175,176.85,1669573
DELTAMAGNT,20190522,64,65.95,64,65.95,26
DEN,20190522,62.15,62.55,60.65,60.9,32550
DENORA,20190522,244,253,240.8,243.15,1989
DFMFOODS,20190522,255.45,273.1,252.8,257.15,14339
DHAMPURSUG,20190522,216.7,216.7,208.7,209.75,431784
DHANBANK,20190522,18.5,18.75,18.3,18.55,255593
DHANUKA,20190522,374,375.5,351.25,358.8,49985
DHARSUGAR,20190522,10.1,10.25,9.95,10.2,4067
DHFL,20190522,117,121.75,106.85,117.55,59919874
DHUNINV,20190522,270,272,261.1,265.6,1116
DIAMONDYD,20190522,894,945.1,891,908.35,48934
DICIND,20190522,336.2,337.65,325.1,329.1,2541
DIGJAMLTD,20190522,3.2,3.2,3.05,3.15,10184
DISHTV,20190522,28.9,29.65,28,29,14278289
DIVISLAB,20190522,1704.9,1706.2,1670,1680.2,342013
DIXON,20190522,2295,2323.65,2260.5,2310.4,1871
DLF,20190522,175.9,181.2,172,173.9,24314232
DLINKINDIA,20190522,84.5,88,84.5,85.75,61308
DMART,20190522,1280,1303.8,1266.5,1299.15,368673
DNAMEDIA,20190522,0.75,0.75,0.65,0.7,76745
DOLLAR,20190522,230.35,235.95,225.15,230.6,103538
DOLPHINOFF,20190522,43.25,43.4,42,42.4,25129
DONEAR,20190522,37.65,38.4,37.45,37.8,9235
DPSCLTD,20190522,10.85,10.85,10.35,10.5,18060
DQE,20190522,5.45,5.45,5.2,5.45,5179
DREDGECORP,20190522,361.15,373,356,370.15,159312
DRREDDY,20190522,2664.9,2679.9,2621.85,2657.75,765196
DSSL,20190522,27.5,27.5,26.3,26.7,938
DTIL,20190522,212,213,210,211.2,1366
DUCON,20190522,15.3,15.5,14.25,15.05,543891
DVL,20190522,88.45,88.55,86,87.9,3739
DWARKESH,20190522,28.1,28.25,27.8,27.9,388565
DYNAMATECH,20190522,1462.4,1490,1426,1471.05,1035
DYNPRO,20190522,101,107.25,100.15,104.45,9614
EASTSILK,20190522,1.7,1.7,1.7,1.7,668
EASUNREYRL,20190522,6.1,6.1,6.05,6.05,29798
EBANK,20190522,3585,3585,3550,3550,2
ECLERX,20190522,936.1,941.05,926,929.15,5119
EDELWEISS,20190522,182.5,184.65,177.45,182.15,2926923
EICHERMOT,20190522,20950,21300,20746.5,21224.65,74468
EIDPARRY,20190522,181.2,181.85,179,180.15,47584
EIHAHOTELS,20190522,368.95,374,363,363.2,928
EIHOTEL,20190522,178.8,180.6,175.55,176.2,104567
EIMCOELECO,20190522,379,390,379,386.05,4750
EKC,20190522,26.25,26.3,25.7,25.8,41365
ELAND,20190522,6.4,6.55,6.35,6.5,5527
ELECON,20190522,50.85,50.85,49.3,49.95,26789
ELECTCAST,20190522,18,19,17.6,17.85,98559
ELECTHERM,20190522,287,303,284.5,296.5,45959
ELGIEQUIP,20190522,264.9,264.9,260.25,262.15,1801
ELGIRUBCO,20190522,21,21,20.25,20.5,705
EMAMILTD,20190522,367,368,355.25,356.95,809819
EMAMIREAL,20190522,96.1,103.35,95,97.35,94171
EMCO,20190522,2.25,2.25,2.25,2.25,2900
EMKAY,20190522,84.5,88,82.3,85.6,5735
EMMBI,20190522,132.55,135.9,130.45,134.6,12536
ENDURANCE,20190522,1146,1160,1140.35,1150.6,66503
ENERGYDEV,20190522,6.75,7.15,6.45,6.9,108116
ENGINERSIN,20190522,113.1,113.8,110.9,113.25,1135007
ENIL,20190522,472.05,474.2,455.25,465.4,3163
EON,20190522,32.6,33,32.25,32.8,2089
EQ30,20190522,318,336,315.05,320.61,1074
EQUITAS,20190522,132.85,134.2,130.4,133.2,1059032
ERIS,20190522,591.5,594.95,563,567.35,191053
EROSMEDIA,20190522,65.95,70,64.1,69.05,746584
ESABINDIA,20190522,1070,1079.1,1012,1028.2,12926
ESCORTS,20190522,599.75,602.55,587.1,594.35,1364058
ESSARSHPNG,20190522,11.4,11.4,10.5,10.55,6829
ESSDEE,20190522,10.95,11.25,10.5,10.7,28985
ESSELPACK,20190522,134.55,134.55,132.1,132.55,1319568
ESTER,20190522,34.6,35,33.95,34.1,35907
EUROCERA,20190522,1.8,1.8,1.8,1.8,3700
EUROTEXIND,20190522,13,13,13,13,4
EVEREADY,20190522,77.05,81.75,77.05,81.7,579081
EVERESTIND,20190522,425,427.9,415,422.1,7580
EXCEL,20190522,1,1,0.9,0.95,188519
EXCELCROP,20190522,3012,3099,3012,3072.05,1829
EXCELINDUS,20190522,1133,1133,1111.1,1115.9,5871
EXIDEIND,20190522,209.8,210.4,206.55,208.95,734274
EXPLEOSOL,20190522,410.95,448,410.95,428,3347
FACT,20190522,34.65,34.65,33.6,34.1,23331
FAIRCHEM,20190522,546,546,525,537.6,19735
FCL,20190522,36.5,37.25,36.1,36.45,120633
FCONSUMER,20190522,40.5,43,39.9,42,1575169
FCSSOFT,20190522,0.2,0.25,0.2,0.2,357456
FDC,20190522,186,187.9,173.9,184.3,236248
FEDERALBNK,20190522,101.5,103,100.4,101.4,14228932
FEL,20190522,30.5,31.1,30,30.7,248619
FELDVR,20190522,30.25,30.25,29.05,29.7,5582
FIEMIND,20190522,437.35,439.9,431.65,434.55,9168
FILATEX,20190522,40.45,42.3,40.4,41.9,154001
FINCABLES,20190522,431.7,434.95,424.1,433.65,27893
FINEORG,20190522,1418.8,1435.1,1395,1421.9,29175
FINPIPE,20190522,454,468,454,465.45,20109
FLEXITUFF,20190522,41.7,41.7,35.6,37.2,5115
FLFL,20190522,463.95,472.95,462,470.25,18357
FMGOETZE,20190522,557.7,564.9,556.25,561.45,7287
FMNL,20190522,39.65,40,38,39.35,4557
FORTIS,20190522,125.9,126.5,124.7,125.95,771592
FOSECOIND,20190522,1300.25,1320,1295.2,1314.6,756
FRETAIL,20190522,438.7,446.25,435,435.55,137434
FSC,20190522,586.5,605,585,602.4,1723
FSL,20190522,51.3,51.6,50.55,50.8,1104075
GABRIEL,20190522,136.6,137.8,133,133.35,45168
GAEL,20190522,199.35,200.35,196,198.4,21633
GAIL,20190522,338.7,341.75,334.2,336.9,2579784
GAL,20190522,3.8,4.05,3.8,4,22904
GALAXYSURF,20190522,1040.1,1063.75,1040,1058.35,3434
GALLANTT,20190522,42.05,42.45,41.2,41.8,4137
GALLISPAT,20190522,40.7,41.5,39,41.2,66753
GAMMNINFRA,20190522,0.5,0.5,0.45,0.5,448196
GANDHITUBE,20190522,378.5,394,378.5,388.7,14451
GANECOS,20190522,297,306.05,292.1,294.9,7426
GANESHHOUC,20190522,57.7,59,55.6,58.05,19691
GANGESSECU,20190522,41.05,46,41.05,42,404
GARDENSILK,20190522,16.55,17.4,16.55,17.1,8710
GARFIBRES,20190522,1045.2,1081.2,1045.2,1068.5,9123
GATI,20190522,77.6,77.65,75.8,76.35,318362
GAYAHWS,20190522,0.75,0.8,0.75,0.75,30680
GAYAPROJ,20190522,164.9,169.2,162.1,167.9,18274
GDL,20190522,139.05,139.8,134.05,135.35,48309
GEECEE,20190522,123.75,123.9,122.1,122.8,1768
GENESYS,20190522,84.45,87.75,84.4,86.45,14967
GENUSPAPER,20190522,7.1,7.25,7.05,7.1,47968
GENUSPOWER,20190522,27.75,27.75,26.65,26.75,101429
GEOJITFSL,20190522,38.05,38.4,37.45,38.1,84906
GEPIL,20190522,899,900.05,888.8,897.5,10448
GESHIP,20190522,249.75,255.15,248,251.05,104573
GET&D,20190522,267,269.85,261.25,263.7,36691
GHCL,20190522,241.7,247,240.35,246.2,61479
GICHSGFIN,20190522,258.25,261.85,254.4,258.75,44410
GICRE,20190522,227.05,230,225.2,226.65,44344
GILLANDERS,20190522,47.25,48.5,47.25,47.3,1550
GILLETTE,20190522,6947.8,7133.95,6871,7058,4748
GINNIFILA,20190522,12.55,13.25,12.55,12.9,46476
GIPCL,20190522,74.55,74.8,73.7,74.15,65035
GKWLIMITED,20190522,716.5,716.5,666.1,686.1,89
GLAXO,20190522,1277,1280,1271,1278.9,24664
GLENMARK,20190522,577.85,577.85,567,570.05,467037
GLOBALVECT,20190522,65.8,65.8,61.1,62.75,6983
GLOBOFFS,20190522,10.55,10.55,10,10.2,16723
GLOBUSSPR,20190522,141.1,143.6,138.8,140,43815
GMBREW,20190522,515.1,518,494.9,501.6,44764
GMDCLTD,20190522,73.25,74.3,73,73.75,68794
GMMPFAUDLR,20190522,1150,1226,1150,1219.1,5588
GMRINFRA,20190522,15.45,15.55,15.2,15.4,10620518
GNA,20190522,282.05,287.8,280.45,286.15,10834
GNFC,20190522,296.4,301,291.1,294.65,172222
GOACARBON,20190522,365.4,374.75,363,370.2,49252
GOCLCORP,20190522,278.05,290.85,275,279.75,3332
GODFRYPHLP,20190522,1033,1036.35,1005.3,1013.85,85449
GODREJAGRO,20190522,479.9,485.95,479.9,484.1,32562
GODREJCP,20190522,663.5,669.15,654.5,658.7,481955
GODREJIND,20190522,474.3,482.15,466.9,474.85,254506
GODREJPROP,20190522,851.8,866,835,841.3,166098
GOKEX,20190522,80,95.8,80,93.75,780956
GOKUL,20190522,10.3,10.65,10.05,10.55,143087
GOKULAGRO,20190522,9.4,10.65,9.4,10.65,184408
GOLDBEES,20190522,2796.5,2796.5,2784.5,2789.5,5959
GOLDENTOBC,20190522,34.7,37.95,34.7,35.35,906
GOLDIAM,20190522,97.85,101.7,96.6,100,62851
GOLDSHARE,20190522,2802.05,2817.8,2796.6,2809.8,1494
GOLDTECH,20190522,13,13,12.55,12.7,4745
GOODLUCK,20190522,60.3,60.9,59.75,60.1,3875
GPIL,20190522,219.9,220.15,214,215.9,22013
GPPL,20190522,89.6,90.85,88,88.65,186269
GPTINFRA,20190522,44,44,42,43.05,7023
GRANULES,20190522,108.25,109,105.7,106.65,431872
GRAPHITE,20190522,359,363,353.5,361.3,1127241
GRASIM,20190522,868.6,868.6,849,857.35,1361942
GRAVITA,20190522,67.05,69.2,66.2,66.75,31475
GREAVESCOT,20190522,138.95,143.8,138.3,141.3,278642
GREENLAM,20190522,841.9,873.5,831.5,858.05,5851
GREENPLY,20190522,148.1,152.5,146.1,149.6,63235
GREENPOWER,20190522,3.5,3.6,3.5,3.5,19216
GRINDWELL,20190522,601,603,592.25,601.25,13570
GROBTEA,20190522,386.25,388,369,373.3,307
GRPLTD,20190522,1013,1050,1010,1041.25,62
GRSE,20190522,115.5,120.55,115.25,117,86072
GRUH,20190522,312.75,321,309.5,319.35,999729
GSCLCEMENT,20190522,21.55,22,21.45,21.75,10808
GSFC,20190522,97.1,99.3,96.4,98,1458032
GSKCONS,20190522,7505.65,7505.65,7350.8,7415,8394
GSPL,20190522,188,189.8,185,188.25,479546
GSS,20190522,111.35,117.75,110.8,114.85,202109
GTL,20190522,4.15,4.25,4.05,4.2,65980
GTLINFRA,20190522,0.85,0.85,0.75,0.8,2526834
GTNIND,20190522,9.3,10.5,9.25,9.8,1004
GTNTEX,20190522,9.75,9.75,9.45,9.45,1102
GTPL,20190522,63.05,71,61,69.45,31224
GUFICBIO,20190522,81.7,84.9,80,81.85,61182
GUJALKALI,20190522,570,577,553.85,561.95,50355
GUJAPOLLO,20190522,137.05,142,134.95,141.2,602
GUJFLUORO,20190522,991,1024.35,989.5,1013.85,19562
GUJGASLTD,20190522,162.8,166.85,161.45,162.9,170035
GUJRAFFIA,20190522,15.35,15.35,15.35,15.35,43
GULFOILLUB,20190522,871.65,884,864.95,870.9,24287
GULFPETRO,20190522,60.55,62.7,60.25,61.5,8628
GULPOLY,20190522,49.55,49.55,47.25,47.95,33062
GVKPIL,20190522,6.75,7.1,6.6,7,1360372
HAL,20190522,646.55,675,646.15,659.9,63110
HARITASEAT,20190522,452.2,454,436.1,442.1,5199
HARRMALAYA,20190522,66.9,66.9,64,64.95,6858
HATHWAY,20190522,27.5,27.5,26.6,26.8,25642
HATSUN,20190522,717.35,728,714,717.1,3640
HAVELLS,20190522,758.25,765.5,748.1,755.55,1314488
HAVISHA,20190522,0.95,0.95,0.95,0.95,4528
HBLPOWER,20190522,23.95,24.1,23.6,24,48821
HBSL,20190522,7.15,7.75,7.15,7.55,466
HCC,20190522,12.3,12.85,12.3,12.7,2801621
HCG,20190522,196,199,192.75,197.4,4991
HCL-INSYS,20190522,14.2,14.6,14,14.45,296708
HCLTECH,20190522,1057,1075,1053.7,1061,1712432
HDFC,20190522,2124,2155.2,2119,2138.8,3076404
HDFCAMC,20190522,1660,1709,1660,1703.6,258875
HDFCBANK,20190522,2411.85,2426,2394.25,2405.75,2846665
HDFCLIFE,20190522,404,406,396.3,398.1,1088291
HDFCMFGETF,20190522,2875,2875,2855.6,2860.05,638
HDFCNIFETF,20190522,1219.8,1226.19,1214.62,1224.58,545
HDFCSENETF,20190522,4089.73,4100,4085,4091,160
HDIL,20190522,22.15,22.35,21.6,22,1707222
HEG,20190522,1641.7,1674,1626.05,1660.45,196180
HEIDELBERG,20190522,199,207,198.5,203.65,378167
HERCULES,20190522,105.35,107.5,100.25,106.6,5660
HERITGFOOD,20190522,457.6,489.9,449.5,475.55,86606
HEROMOTOCO,20190522,2657.4,2714.7,2638,2699.65,463923
HESTERBIO,20190522,1568.05,1618.8,1537.3,1598.1,2023
HEXATRADEX,20190522,16.2,16.5,15.55,15.6,275
HEXAWARE,20190522,356.6,362,355.1,356.7,358715
HFCL,20190522,20.65,21.05,20.35,20.55,1447807
HGINFRA,20190522,262.7,275,257.65,262.95,29631
HGS,20190522,615.25,630.55,615.25,625,2900
HIGHGROUND,20190522,5.8,6.65,5.3,5.85,272448
HIKAL,20190522,169.5,169.9,167.55,169.15,109917
HIL,20190522,1841.9,1868.8,1825.25,1838.15,5599
HILTON,20190522,16.1,16.1,15.5,15.5,800
HIMATSEIDE,20190522,189.65,193.7,184.1,189.45,45302
HINDALCO,20190522,196,199.35,195,198,5592495
HINDCOMPOS,20190522,203.9,204.95,196.25,202.8,4099
HINDCOPPER,20190522,40.7,41.1,40.2,40.55,675993
HINDMOTORS,20190522,6.8,7.15,6.8,7,45495
HINDNATGLS,20190522,71.95,79,68.6,73.65,998
HINDOILEXP,20190522,124.85,125.9,124.1,124.6,138261
HINDPETRO,20190522,286.45,295.9,286.1,288.75,6068404
HINDSYNTEX,20190522,3.65,3.95,3.65,3.95,1332
HINDUJAVEN,20190522,406.4,406.4,399,400.7,2274
HINDUNILVR,20190522,1785,1785,1747.35,1768.3,1162653
HINDZINC,20190522,254.4,254.95,249.5,250.45,1343725
HIRECT,20190522,123,125.55,122.35,125.4,8825
HISARMETAL,20190522,52.1,55,52.1,52.75,6416
HITECH,20190522,294,298.75,288,294.65,2726
HITECHCORP,20190522,89.1,90.85,89,89,228
HITECHGEAR,20190522,238,244,235.15,240,2747
HMVL,20190522,109.9,109.9,105.35,108.5,3243
HNGSNGBEES,20190522,2900,3040,2900,2916,9
HONAUT,20190522,23950,24450,23819.95,24142.85,905
HONDAPOWER,20190522,1024.45,1032.95,1000,1008.8,2746
HOTELEELA,20190522,8.7,9.05,8.7,8.95,82004
HOTELRUGBY,20190522,1.4,1.4,1.4,1.4,600
HOVS,20190522,128,130.15,125.45,126.05,3468
HPL,20190522,65.65,65.65,62.2,63.35,140479
HSCL,20190522,100,100.95,99.3,100.25,335443
HSIL,20190522,267.9,268.4,261.3,263.1,40216
HTMEDIA,20190522,35.5,35.5,34.4,34.9,18777
HUBTOWN,20190522,28.05,29.1,27.7,27.9,20600
HUDCO,20190522,40.8,41.3,40.1,40.95,585752
IBMFNIFTY,20190522,111,117.5,109.59,116.86,14972
IBREALEST,20190522,117.2,120.8,115,116.65,4463606
IBULHSGFIN,20190522,802,808.15,774.8,784.55,12791195
IBULISL,20190522,293,303.5,282.15,298.3,159227
IBVENTURES,20190522,325.9,331,317.5,320.2,733292
ICICI500,20190522,157,158.75,153.01,154.03,104488
ICICIB22,20190522,37.97,38.29,37.82,38.16,765464
ICICIBANK,20190522,403,408.4,401.55,405.35,15370847
ICICIGI,20190522,1149,1155,1130,1135.55,623349
ICICIGOLD,20190522,29,29,28.45,28.5,5003
ICICILIQ,20190522,1010,1010,999.97,999.99,379729
ICICILOVOL,20190522,89.25,89.8,89.15,89.47,545
ICICIMCAP,20190522,69,69,64.7,65.16,154559
ICICINF100,20190522,125.4,125.55,125.01,125.01,428
ICICINIFTY,20190522,121.57,122.99,121.57,122.57,144012
ICICINV20,20190522,58,58,55.72,56.03,204479
ICICINXT50,20190522,27.44,28.5,26.7,26.82,103554
ICICIPRULI,20190522,347.1,352.35,343.7,347,1982318
ICICISENSX,20190522,416,417,411.71,413.66,463
ICIL,20190522,39.4,41,38.2,40.3,100832
ICRA,20190522,2900,2909.05,2852.55,2871.75,383
ICSA,20190522,0.8,0.8,0.8,0.8,637
IDBI,20190522,35.55,36.9,34.65,36.55,12574403
IDBIGOLD,20190522,2940,2945.05,2917.95,2930,146
IDEA,20190522,11.85,12.3,11.5,12.15,133499642
IDFC,20190522,36.3,36.45,34.9,36.15,6768420
IDFCFIRSTB,20190522,42.05,42.9,41.55,42.65,17962791
IDFNIFTYET,20190522,118.99,119.9,115.01,115.04,245
IEX,20190522,149.1,149.1,141.2,144.2,93060
IFBAGRO,20190522,425.55,425.55,405.6,418.8,1576
IFBIND,20190522,784.65,806,782.6,794.1,8177
IFCI,20190522,10,10.9,8.75,10.4,23112162
IFGLEXPOR,20190522,210,219.4,207.3,212.35,1191
IGARASHI,20190522,257.25,261.75,252.1,259.55,28299
IGL,20190522,307,310.2,301.1,305.6,752968
IGPL,20190522,265.05,269.95,257,257.6,10449
IIFL,20190522,431.25,432,421.25,424.45,86204
IITL,20190522,76,79.2,72.15,76.05,2784
IMFA,20190522,210,212.85,209,211.45,11372
IMPAL,20190522,845,853,840,842.15,372
IMPEXFERRO,20190522,0.35,0.35,0.35,0.35,6900
INDBANK,20190522,8.95,9.1,8.65,8.75,14798
INDHOTEL,20190522,147.4,149,147,148.35,280359
INDIACEM,20190522,100,101.7,98.45,100.75,4300261
INDIAGLYCO,20190522,251,251,236.9,243.6,147232
INDIANB,20190522,249.4,249.85,242.8,247.75,1089167
INDIANCARD,20190522,123.8,123.8,118.5,123.75,3067
INDIANHUME,20190522,271,277,266.35,271.7,6302
INDIGO,20190522,1500,1516.8,1468.6,1509.1,2243116
INDLMETER,20190522,32.55,34.45,32.55,32.85,2844
INDNIPPON,20190522,400.95,410.6,392.25,405.85,1984
INDOCO,20190522,182.85,188,182,184.95,11994
INDORAMA,20190522,35.95,35.95,35.7,35.7,74888
INDOSOLAR,20190522,1.7,1.7,1.65,1.65,149994
INDOSTAR,20190522,363.2,365,348,349.7,55698
INDOTECH,20190522,102.15,112,101,104.85,20935
INDOTHAI,20190522,29.8,30,29.05,29.25,4465
INDOWIND,20190522,5.15,5.35,4.65,4.95,49655
INDRAMEDCO,20190522,37.35,38,37.3,37.9,13033
INDSWFTLAB,20190522,34.1,34.75,33.6,33.85,18472
INDSWFTLTD,20190522,4.8,5.25,4.8,5.2,1059
INDTERRAIN,20190522,106,110.45,104.2,108.15,14581
INDUSINDBK,20190522,1446.95,1536.85,1382.3,1518.9,18578611
INEOSSTYRO,20190522,471,477.4,465.2,468.65,4598
INFIBEAM,20190522,45,46.5,44.25,45.85,4620732
INFRABEES,20190522,323.77,327,323.43,325.84,1270
INFRATEL,20190522,275.85,280.9,268.95,269.35,3235336
INFY,20190522,710,718.25,707,709.75,5795713
INGERRAND,20190522,587.75,588.5,576,579.45,5390
INOXLEISUR,20190522,329.8,336,325.15,330.05,507620
INOXWIND,20190522,61.8,62.4,59.55,61.2,53640
INSECTICID,20190522,650.05,676.7,650,668.05,14993
INSPIRISYS,20190522,49.85,49.9,47.6,49.65,1153
INTEGRA,20190522,0.9,0.9,0.9,0.9,10
INTELLECT,20190522,228.6,231.9,228.05,230.05,263713
INTENTECH,20190522,40.9,40.9,36.55,37.2,24461
INVENTURE,20190522,12.5,13.95,12.5,13.1,8059
IOB,20190522,11.85,12.15,11.45,11.9,1314010
IOC,20190522,155,156.75,152.25,155.45,8699597
IOLCP,20190522,182.95,182.95,178.05,179.9,121067
IPAPPM,20190522,402,402.75,392.95,394.65,52571
IPCALAB,20190522,924.95,932,911.55,924.45,300508
IRB,20190522,127,127,121.4,125.75,2652465
IRCON,20190522,389.85,393,381.05,391.35,50853
ISEC,20190522,202,202,198,199.95,90165
ISFT,20190522,100.1,107.85,100.05,100.4,1435
ISMTLTD,20190522,6.85,7.2,6.85,6.85,6129
ITC,20190522,302.15,302.8,296.8,299.75,13737694
ITDC,20190522,238.5,248,236.2,244.7,19324
ITDCEM,20190522,125,127.9,121,122.8,153548
ITI,20190522,89.6,95.35,89.1,93.75,1424613
IVC,20190522,4.2,4.35,4.15,4.3,103829
IVP,20190522,101.95,101.95,101.95,101.95,228
IVRCLINFRA,20190522,0.45,0.5,0.45,0.5,1284824
IVZINGOLD,20190522,2855.05,2855.05,2852,2852,11
IVZINNIFTY,20190522,1224.9,1224.9,1224.9,1224.9,5
IZMO,20190522,51.05,51.05,50,50.1,18080
J&KBANK,20190522,58.5,61.4,58.05,60.55,1427030
JAGRAN,20190522,110.6,112.5,108.3,111.55,29798
JAGSNPHARM,20190522,25.2,25.2,24.2,24.25,8847
JAIBALAJI,20190522,28,28,27.3,28,2950
JAICORPLTD,20190522,114.3,115.9,112.5,113.45,844171
JAIHINDPRO,20190522,0.85,0.85,0.8,0.8,694
JAMNAAUTO,20190522,54,57.75,52.5,57,1157273
JAYAGROGN,20190522,198,202.7,194.35,200.1,11869
JAYBARMARU,20190522,235.5,238.75,226.35,235.35,16565
JAYNECOIND,20190522,5,5.15,4.85,4.9,52023
JAYSREETEA,20190522,58.05,58.95,58,58.75,17314
JBCHEPHARM,20190522,359.85,378,350,364.9,786949
JBFIND,20190522,19.2,19.45,18.5,18.75,35024
JBMA,20190522,236.6,239.35,232.05,236.5,6507
JCHAC,20190522,1850.05,1869,1800,1805.7,1347
JETAIRWAYS,20190522,152,165,144.25,157.5,36855572
JHS,20190522,23,23,22.05,22.45,27213
JIKIND,20190522,0.35,0.4,0.35,0.4,12010
JINDALPHOT,20190522,19,20.65,19,19.9,1686
JINDALPOLY,20190522,234.5,239,233.1,234.8,7238
JINDALSAW,20190522,80.25,82.7,79.15,82.2,359010
JINDALSTEL,20190522,154,158,143.6,152.4,33587510
JINDCOT,20190522,3.35,3.35,3.25,3.3,4887
JINDRILL,20190522,89.3,91,89.05,90.6,104549
JINDWORLD,20190522,72,72.35,70.25,71.1,139127
JISLDVREQS,20190522,40,40.9,38.4,39.05,376465
JISLJALEQS,20190522,53.35,53.65,51.8,52.65,4838351
JITFINFRA,20190522,12,12.3,11.5,11.95,9582
JKCEMENT,20190522,948,989.9,935,964.45,70824
JKIL,20190522,137,148.8,135.95,145.1,494374
JKLAKSHMI,20190522,369,381.55,368,370.45,96341
JKPAPER,20190522,131.95,133.7,130.85,131.9,421891
JKTYRE,20190522,79.65,79.65,78.4,79.05,481838
JMA,20190522,33.05,33.85,31.6,33,3027
JMCPROJECT,20190522,115.95,116.95,114.95,115.95,19564
JMFINANCIL,20190522,85.95,85.95,84.1,84.8,188342
JMTAUTOLTD,20190522,2.05,2.1,1.95,2.05,55563
JOCIL,20190522,104.85,105,102,103.1,656
JPASSOCIAT,20190522,4.8,4.95,4.7,4.85,5280384
JPINFRATEC,20190522,1.75,1.85,1.75,1.8,3563750
JPOLYINVST,20190522,30.55,32.9,30.55,32.9,330
JPPOWER,20190522,2.85,2.95,2.75,2.75,2064942
JSL,20190522,37,37.3,36.4,36.6,175298
JSLHISAR,20190522,77.4,77.7,76.4,77.05,83646
JSWENERGY,20190522,66.3,67.25,65.65,66.95,641101
JSWHL,20190522,2790,2790,2648.1,2700.6,1214
JSWSTEEL,20190522,280.4,281.25,272.3,276.95,5052534
JTEKTINDIA,20190522,101.7,104.4,99.9,103.2,91013
JUBILANT,20190522,541.2,542.25,515.25,520.25,886044
JUBLFOOD,20190522,1309.8,1318.4,1275.35,1284.4,1180657
JUBLINDS,20190522,111.5,111.5,105.5,107.75,9489
JUNIORBEES,20190522,278,280.9,274.34,276.75,111324
JUSTDIAL,20190522,703,750,703,742.75,10717999
JYOTHYLAB,20190522,166.5,167.25,162,162.95,730130
KABRAEXTRU,20190522,70.65,71.95,70.3,70.75,6963
KAJARIACER,20190522,620,621.7,604,609.65,616905
KAKATCEM,20190522,175.4,175.5,172.3,174.5,3670
KALPATPOWR,20190522,491.9,500,479.6,490.85,101824
KALYANIFRG,20190522,262.1,263.1,262,262,591
KAMATHOTEL,20190522,43.6,45,43.1,43.9,16102
KAMDHENU,20190522,170.95,172.7,166.55,168.9,13798
KANANIIND,20190522,4.9,4.9,4.7,4.75,1370
KANORICHEM,20190522,60.9,62.2,59.9,61.3,12173
KANSAINER,20190522,405.4,420.8,404,417.75,109378
KARDA,20190522,181.05,183.95,179.6,183,88673
KARMAENG,20190522,16.5,17,15.5,15.5,357
KARURVYSYA,20190522,78.45,82,78.15,80.1,3001400
KAVVERITEL,20190522,3.9,3.9,3.9,3.9,1675
KAYA,20190522,600.2,605.1,593.2,598.4,4039
KCP,20190522,86,86,84.75,85.6,22702
KCPSUGIND,20190522,14.8,14.95,14.65,14.8,32134
KDDL,20190522,446,446,412.6,421.25,3193
KEC,20190522,295.9,295.9,283.05,285.7,1679893
KECL,20190522,14.6,15.15,14.6,15,13212
KEI,20190522,423,452.95,423,445.75,810846
KELLTONTEC,20190522,34.75,35.85,34.5,34.95,611825
KERNEX,20190522,22.35,23.8,22.35,22.8,1312
KESARENT,20190522,30.4,30.5,29.35,30.4,2145
KESORAMIND,20190522,65.5,65.5,64.5,64.85,74947
KGL,20190522,1.2,1.2,1.1,1.1,1471685
KHADIM,20190522,352,362.4,350,352.8,4422
KHAITANELE,20190522,3.05,3.3,3.05,3.2,13785
KHAITANLTD,20190522,30.45,31.2,26.4,29.8,8916
KHANDSE,20190522,13,13.65,13,13.25,5332
KICL,20190522,1725,1748.05,1703,1723.85,187
KILITCH,20190522,180.85,187.3,180.85,183,13485
KINGFA,20190522,652.6,679.85,652.2,675.1,1641
KIOCL,20190522,132,132.4,127.15,130.2,12602
KIRIINDUS,20190522,513.15,530.3,510,518.5,69217
KIRLOSBROS,20190522,159.75,161.7,158,158.8,15911
KIRLOSENG,20190522,168.5,172,166.65,170.25,38921
KIRLOSIND,20190522,820.95,824.8,786.35,795.6,141
KITEX,20190522,109.9,114.55,108.05,109.3,202572
KKCL,20190522,1271,1285,1270,1281.6,80
KMSUGAR,20190522,8.7,8.7,8.25,8.35,87444
KNRCON,20190522,240,249.25,238.05,247.3,297918
KOHINOOR,20190522,26,26.6,25.95,26.05,35004
KOKUYOCMLN,20190522,79.7,82.7,79.35,81.65,19750
KOLTEPATIL,20190522,229.8,230,225.15,227.8,64176
KOPRAN,20190522,38,38.9,38,38.45,27813
KOTAKBANK,20190522,1493,1517.7,1488.7,1495.25,2498663
KOTAKBKETF,20190522,310,312.6,308.83,311.83,99532
KOTAKGOLD,20190522,276.25,277.45,275.5,276.05,8669
KOTAKNIFTY,20190522,121,121.46,119.87,121.11,66053
KOTAKNV20,20190522,58.39,58.39,57.25,57.55,90202
KOTAKPSUBK,20190522,317.89,317.89,308.01,312.14,2187
KOTARISUG,20190522,10,10.8,9.45,10.6,56360
KOTHARIPET,20190522,18.2,19.45,18.2,18.85,6071
KOTHARIPRO,20190522,76.45,79.8,75,77.4,2292
KPITTECH,20190522,98.05,103,97.55,101.15,176780
KPRMILL,20190522,622,628.9,613,623.8,10876
KRBL,20190522,347,349.8,341.15,344.85,64601
KREBSBIO,20190522,90.4,93,90.4,92,865
KRIDHANINF,20190522,34.2,36.4,32.8,33.3,463508
KSB,20190522,690.05,694.75,680,683.3,1170
KSCL,20190522,467.5,480.7,461.15,477.55,198117
KSERASERA,20190522,0.15,0.15,0.1,0.15,716029
KSK,20190522,0.95,1,0.9,1,676040
KSL,20190522,219.1,224,219,222.85,88153
KTIL,20190522,50.8,50.8,48.4,49.3,722
KTKBANK,20190522,113.05,113.4,111.1,111.45,1689374
KWALITY,20190522,5.75,5.8,5.55,5.7,410436
L&TFH,20190522,124.95,125.4,120.3,123.05,6383694
LAKSHVILAS,20190522,76.75,76.75,74.4,75.2,714277
LALPATHLAB,20190522,1073,1073,1041,1047,53200
LAMBODHARA,20190522,42.1,44.5,42,44,5745
LAOPALA,20190522,198.5,200,195.2,199.75,8982
LASA,20190522,20.85,21,20.55,20.6,39754
LAURUSLABS,20190522,370,379.3,367.9,375.75,24552
LAXMIMACH,20190522,5450,5506.25,5392,5403.1,3025
LEEL,20190522,8.05,8.8,8.05,8.15,272544
LEMONTREE,20190522,74.85,74.85,73.4,74.3,372657
LFIC,20190522,70,70,70,70,72
LGBBROSLTD,20190522,367.3,371.75,355,359.05,4059
LGBFORGE,20190522,2.55,2.6,2.55,2.55,1847
LIBERTSHOE,20190522,125.7,125.7,122,122.75,16491
LICHSGFIN,20190522,527.4,534.9,521.3,527.95,1343609
LICNETFGSC,20190522,18,18.15,17.75,18.05,243
LICNETFN50,20190522,122.45,122.45,120.15,120.15,65
LINCOLN,20190522,185.65,192.95,184.05,190,19821
LINCPEN,20190522,206.3,216.6,206.3,214.95,1696
LINDEINDIA,20190522,558,570,553.4,563.7,108831
LIQUIDBEES,20190522,999.99,1000.01,999.99,1000,1033528
LIQUIDETF,20190522,999.99,1000.01,999.99,1000,12331
LOKESHMACH,20190522,42.8,43.7,41.65,42.8,5284
LOTUSEYE,20190522,19,20.2,18.55,19.05,2482
LOVABLE,20190522,90.9,92.35,89,90.3,7148
LPDC,20190522,3.7,3.75,3.45,3.6,64404
LSIL,20190522,0.65,0.65,0.55,0.65,1320395
LT,20190522,1450.1,1473.4,1441.6,1461.1,3304912
LTI,20190522,1771.15,1792,1760,1781.2,290008
LTTS,20190522,1727,1778.95,1716.4,1738.65,142135
LUMAXIND,20190522,1350.15,1370,1339.95,1355.75,4228
LUMAXTECH,20190522,117.45,117.45,111.5,113.7,55719
LUPIN,20190522,748,760.95,741.65,757.2,1557588
LUXIND,20190522,1206.05,1239.7,1192,1206.1,41823
LYKALABS,20190522,25.85,26.5,25.6,26.05,4959
LYPSAGEMS,20190522,5.6,5.9,5.5,5.7,54218
M&M,20190522,643.85,643.85,631.25,640.55,1458607
M&MFIN,20190522,403.9,403.9,385.2,400.95,2702317
M100,20190522,18.3,18.98,17.9,18.52,46932
M50,20190522,115.5,115.5,112.93,114.36,813
MAANALU,20190522,86.3,89.4,83.25,85.6,8420
MADHAV,20190522,39.25,40,39.25,39.95,470
MADHUCON,20190522,8.15,8.4,8,8.4,33735
MADRASFERT,20190522,19.65,20.25,19.55,19.9,25622
MAGADSUGAR,20190522,129,144.5,127.8,144.5,38792
MAGMA,20190522,129.8,131.05,129.2,130.5,473998
MAGNUM,20190522,4.55,4.6,4.5,4.5,7592
MAHABANK,20190522,15.6,16.25,15.5,16.15,736703
MAHAPEXLTD,20190522,90.1,96.95,88.8,88.85,2352
MAHASTEEL,20190522,171.9,181.95,167,179.2,46053
MAHESHWARI,20190522,270.6,274.7,269,269.4,35797
MAHINDCIE,20190522,228,229,221.35,227.2,111535
MAHLIFE,20190522,376.1,380.5,370.35,379.65,29587
MAHLOG,20190522,475.2,493.35,475,491.05,16529
MAHSCOOTER,20190522,4121,4121,4046.2,4078.35,8290
MAHSEAMLES,20190522,460,463,457.6,458.95,109643
MAITHANALL,20190522,552.05,574.7,552,561.2,36763
MAJESCO,20190522,504,508,499,503.55,22944
MALUPAPER,20190522,26.85,26.85,25.55,26.85,31110
MAN50ETF,20190522,117.25,117.25,117.25,117.25,15
MANAKALUCO,20190522,6.6,7.2,6.45,6.95,17364
MANAKCOAT,20190522,4.1,4.45,4.1,4.25,6874
MANAKSIA,20190522,37.5,38.75,37.5,38.35,4684
MANAKSTEEL,20190522,17.4,17.4,16.3,16.7,13588
MANALIPETC,20190522,24.75,25.2,24.4,24.95,137767
MANAPPURAM,20190522,125.7,128.7,125.1,127.5,3646102
MANGALAM,20190522,46.45,46.45,43,43.45,4701
MANGCHEFER,20190522,38,39.25,36.7,38.85,107433
MANGLMCEM,20190522,255.05,260.9,244.8,254.25,17606
MANGTIMBER,20190522,10.4,10.75,10.25,10.65,19325
MANINDS,20190522,61.9,62.8,59.5,61.9,29965
MANINFRA,20190522,33.45,33.55,32.9,33.3,90944
MANPASAND,20190522,104,106.6,102.6,103.45,355154
MANUGRAPH,20190522,19.5,19.75,19.15,19.35,3719
MARALOVER,20190522,24.05,24.95,23.9,24.7,1389
MARATHON,20190522,116,116.7,113.1,113.3,1478
MARICO,20190522,363.5,366.8,361.65,363.85,2238254
MARKSANS,20190522,22.6,22.85,22.25,22.7,356833
MARUTI,20190522,6877.2,6930.55,6841,6899.8,645280
MASFIN,20190522,542.5,544,527,534.3,37084
MASKINVEST,20190522,53.15,53.15,53.15,53.15,1
MASTEK,20190522,470.1,479.25,467,478,52633
MATRIMONY,20190522,613.05,672.35,613,664.25,14406
MAWANASUG,20190522,46.7,47.5,46.25,46.8,29639
MAXINDIA,20190522,66.35,66.35,63.85,64.75,158909
MAXVIL,20190522,42.2,46.85,42.2,45.2,132547
MAYURUNIQ,20190522,301.95,302.5,296.55,300.6,18867
MAZDA,20190522,374.75,378,360,365.9,785
MBECL,20190522,3.8,3.8,3.8,3.8,7352
MBLINFRA,20190522,12.1,12.1,11.85,11.95,13684
MCDHOLDING,20190522,22.3,22.95,22.25,22.35,6142
MCDOWELL-N,20190522,552.7,552.7,538.75,542.8,867201
MCLEODRUSS,20190522,30.05,30.45,29.35,29.95,418118
MCX,20190522,834.7,838.8,822.7,833.65,175185
MEGASOFT,20190522,6.1,6.15,6.1,6.1,11951
MEGH,20190522,62.55,63.5,62.05,63.1,379719
MENONBE,20190522,76.45,77.65,75.85,76.35,5422
MEP,20190522,34.85,35.35,34.15,34.85,280182
MERCATOR,20190522,2.5,2.5,2.5,2.5,155378
MERCK,20190522,4306.95,4466.35,4134,4403.75,108795
METALFORGE,20190522,8.45,8.7,8.1,8.35,22723
METKORE,20190522,0.65,0.75,0.65,0.75,10758
METROPOLIS,20190522,980,980,946.2,955.55,34616
MFSL,20190522,415.5,415.65,400.55,408.4,274223
MGL,20190522,855.9,861.55,838.6,849.25,172014
MHRIL,20190522,210.35,218,206.4,216.1,44818
MIC,20190522,0.95,0.95,0.9,0.9,178477
MIDHANI,20190522,128.4,129.25,126.3,128.4,51836
MINDACORP,20190522,120.15,121.9,119.15,119.65,30294
MINDAIND,20190522,345,354,342.2,351.35,101462
MINDTECK,20190522,34.9,34.95,33.2,34.2,2858
MINDTREE,20190522,981.3,985.4,974,981.9,383461
MIRCELECTR,20190522,18.4,18.5,17.9,18.2,94829
MIRZAINT,20190522,52.95,52.95,50.2,51.35,99246
MMFL,20190522,487.6,487.6,469.1,477.4,8408
MMTC,20190522,25.3,25.35,24.75,25.2,396068
MODIRUBBER,20190522,43.3,43.3,43.3,43.3,2
MOHITIND,20190522,7.95,8,7.6,7.8,1314
MOHOTAIND,20190522,28.4,28.65,26.4,28.6,22390
MOIL,20190522,151,155.85,149.2,154.75,547923
MOLDTECH,20190522,51.45,51.8,49.7,50.8,15527
MOLDTKPAC,20190522,235.05,245,234.55,238.7,14226
MONSANTO,20190522,2465.5,2511,2452.1,2479.05,2065
MONTECARLO,20190522,308.3,314.5,302,312.5,33539
MORARJEE,20190522,19.25,20.65,18.3,19.65,11555
MOREPENLAB,20190522,18.95,19.6,18.9,19.35,344981
MOTHERSUMI,20190522,121.45,121.7,117.3,118.75,7193580
MOTILALOFS,20190522,735.05,748.95,725,741.9,55487
MOTOGENFIN,20190522,32,34.95,31.7,34.25,898
MPHASIS,20190522,947.7,969.9,917.55,963.1,240898
MPSLTD,20190522,512.5,529.95,512.5,525,5788
MRF,20190522,54999,55250,54500.05,55123.85,4630
MRO-TEK,20190522,33.75,34.85,32.8,33.95,7832
MRPL,20190522,61.95,62.75,60.85,62,4062002
MSPL,20190522,9.5,9.5,9.15,9.3,30841
MSTCLTD,20190522,99.9,99.9,97.45,97.6,11666
MTEDUCARE,20190522,70.1,70.35,67.65,68.75,376523
MTNL,20190522,8.55,8.75,8.4,8.6,1984819
MUKANDENGG,20190522,15.65,16.2,15.5,16,1458
MUKANDLTD,20190522,45.75,47.6,45.1,47.1,25764
MUKTAARTS,20190522,45.45,48,44.3,46.9,314202
MUNJALAU,20190522,47.25,49.6,47.25,49.1,30366
MUNJALSHOW,20190522,151.1,161,150,152.75,26668
MURUDCERA,20190522,19.55,21,19.15,19.7,85956
MUTHOOTCAP,20190522,769.2,769.2,745,751.3,11651
MUTHOOTFIN,20190522,623.4,624,615,618.7,719888
MVL,20190522,0.2,0.25,0.2,0.2,64851
N100,20190522,510.3,519.95,510,511.03,8228
NACLIND,20190522,29,29.75,28.7,29.45,5479
NAGAFERT,20190522,5.9,6,5.65,5.7,271604
NAGAROIL,20190522,0.3,0.3,0.25,0.25,492121
NAGREEKCAP,20190522,13.15,13.15,12.5,12.55,879
NAGREEKEXP,20190522,21.05,21.8,20.7,20.9,2920
NAHARCAP,20190522,83.9,85.95,82.6,82.8,253
NAHARINDUS,20190522,38.7,39.5,38.5,39.1,2034
NAHARPOLY,20190522,32,34.65,31.5,33.75,2248
NAHARSPING,20190522,82.8,85.1,81.3,84.8,5057
NATCOPHARM,20190522,522.8,524,518.05,520.5,106038
NATHBIOGEN,20190522,423.05,441.55,423,431.15,5721
NATIONALUM,20190522,49.3,50.2,49.1,49.95,4153440
NATNLSTEEL,20190522,4.2,4.2,4.1,4.2,9516
NAUKRI,20190522,1875.5,1940,1850,1923.8,212768
NAVINFLUOR,20190522,690,691.75,675.9,680.7,13071
NAVKARCORP,20190522,29.5,30.05,28.5,30,285752
NAVNETEDUL,20190522,105.65,109,105.65,107.9,28740
NBCC,20190522,56,57.55,55.3,57.2,4909705
NBIFIN,20190522,1150,1150.05,1125,1125,136
NBVENTURES,20190522,93.4,106.4,93.25,104.7,1373271
NCC,20190522,107.1,111.55,106.2,109.65,11782139
NCLIND,20190522,138,141,137.1,139.25,8161
NDGL,20190522,761,780,753,754.5,318
NDL,20190522,45,45,42.95,43.9,22321
NDTV,20190522,39.4,41,38,39.75,56279
NECCLTD,20190522,7.95,7.95,7.35,7.5,41819
NECLIFE,20190522,16.4,16.5,16,16.2,48636
NELCAST,20190522,63.55,64.3,62.7,62.9,62425
NELCO,20190522,285.65,289.5,281.75,286.15,41028
NEOGEN,20190522,261,291.85,261,283.2,444417
NESCO,20190522,483.5,489,474.05,479.95,11956
NESTLEIND,20190522,10650.05,10784.2,10600,10700.55,31497
NETF,20190522,117.28,117.75,117.28,117.43,2010
NETWORK18,20190522,30,30.8,30,30.6,124751
NEULANDLAB,20190522,624.3,628,586,595.25,28625
NEWGEN,20190522,305.05,313.55,304.65,309.85,29881
NEXTMEDIA,20190522,14.8,15.75,14.7,15,2556
NFL,20190522,35.45,35.45,35.05,35.3,94458
NH,20190522,186.5,194,186.4,190.5,11216
NHPC,20190522,22.95,23.05,22.7,22.95,5232626
NIACL,20190522,163.7,163.8,161.55,162.6,30832
NIBL,20190522,19.15,19.45,18.85,18.95,1576
NIFTYBEES,20190522,1244.9,1244.9,1226.51,1233.13,72889
NIFTYEES,20190522,13650,15165.64,13650,14900,20
NIITLTD,20190522,101.5,102.2,100.25,100.5,300247
NIITTECH,20190522,1290,1295.5,1271.4,1284,348272
NILAINFRA,20190522,7.2,7.2,7,7.1,159137
NILASPACES,20190522,1.6,1.6,1.55,1.6,127691
NILKAMAL,20190522,1152,1170,1123.8,1162.1,19262
NIPPOBATRY,20190522,506.95,510,476.5,487.15,9804
NITCO,20190522,34.45,35.5,34.3,35.2,73407
NITESHEST,20190522,3.7,3.9,3.5,3.55,439270
NITINFIRE,20190522,1.05,1.1,1.05,1.05,47478
NITINSPIN,20190522,76.9,77.95,75.5,76.5,19563
NKIND,20190522,34.8,34.8,32.75,33,204
NLCINDIA,20190522,64.5,65.35,64.15,64.9,167115
NMDC,20190522,93.05,95.5,93.05,94.65,5017315
NOCIL,20190522,128.2,129.85,126.8,128.55,402859
NOIDATOLL,20190522,4.9,5.1,4.65,4.8,149707
NRAIL,20190522,308.8,308.8,278,287.2,41068
NRBBEARING,20190522,172,177.35,170.45,172.5,41679
NSIL,20190522,1050.1,1110,1050.05,1098,2683
NTL,20190522,0.6,0.65,0.6,0.65,446
NTPC,20190522,128.6,130.45,127.4,129.6,9540723
NUCLEUS,20190522,350,352,340.35,347.1,6770
OBEROIRLTY,20190522,553.15,565.45,549,555.65,159185
OCCL,20190522,1155.95,1159.45,1141,1156.9,2388
OFSS,20190522,3408,3433.35,3395,3415,19864
OIL,20190522,182.05,184.3,181.3,182.35,1274799
OILCOUNTUB,20190522,11.4,11.9,11.35,11.5,18360
OISL,20190522,5.05,5.05,5.05,5.05,18604
OLECTRA,20190522,217.3,218.9,208.3,213.35,33838
OMAXAUTO,20190522,69.4,70.7,67.5,68.4,8825
OMAXE,20190522,204.35,208.95,203.25,203.95,264488
OMKARCHEM,20190522,13.3,13.3,13.05,13.3,11478
OMMETALS,20190522,27.85,28.05,27,27.05,18664
ONELIFECAP,20190522,11,11,11,11,2510
ONEPOINT,20190522,36,37,33.1,35.45,37880
ONGC,20190522,174.85,178,174.15,177,10347293
ONMOBILE,20190522,40.05,40.35,39.6,39.95,88538
ONWARDTEC,20190522,55.3,59.7,54.85,57.75,42642
OPTIEMUS,20190522,116.05,116.35,109.7,113.9,264633
OPTOCIRCUI,20190522,7.1,7.25,7,7.15,343244
ORBTEXP,20190522,114.5,115.9,114.5,115.05,6258
ORICONENT,20190522,23.5,24.15,22.65,23.8,110147
ORIENTABRA,20190522,22.55,23.05,22.45,22.9,16045
ORIENTALTL,20190522,12.05,12.6,11.9,12.05,20752
ORIENTBANK,20190522,95.6,97.3,93.65,96.8,3973710
ORIENTBELL,20190522,160.25,161,154.1,154.7,16579
ORIENTCEM,20190522,112.25,115.5,110.55,112.65,404027
ORIENTELEC,20190522,165,166.75,160.3,165.55,94853
ORIENTHOT,20190522,40.1,40.5,40.1,40.25,10297
ORIENTLTD,20190522,144.5,144.55,139.3,139.75,767
ORIENTPPR,20190522,31.95,31.95,31.3,31.5,167403
ORIENTREF,20190522,226,232,225.1,231.05,9754
ORISSAMINE,20190522,814.75,833.2,798.95,803.6,6251
ORTEL,20190522,2.8,3,2.8,3,10902
ORTINLABSS,20190522,11.6,11.6,10.6,11.05,18392
OSWALAGRO,20190522,7.35,7.35,7,7,23236
PAEL,20190522,2.3,2.3,2.3,2.3,200
PAGEIND,20190522,22398.8,22630.3,22000.05,22504.5,25491
PAISALO,20190522,399,409,391.1,404.05,72528
PALASHSECU,20190522,39.05,44,39.05,41,52
PALREDTEC,20190522,28.6,31,28.6,30.4,11928
PANACEABIO,20190522,194,200.9,192.95,198.15,81679
PANAMAPET,20190522,123.95,124,120,123.15,5526
PAPERPROD,20190522,258,262.5,255.8,260.1,16040
PARABDRUGS,20190522,1.35,1.35,1.35,1.35,1000
PARACABLES,20190522,12.5,13.1,12.2,12.95,148160
PARAGMILK,20190522,244,245.8,241.25,244.4,32844
PARSVNATH,20190522,4.5,4.85,4.5,4.7,128077
PATELENG,20190522,23.65,24.8,23.55,24.55,87744
PATINTLOG,20190522,38.9,39.45,38.1,39.05,4959
PATSPINLTD,20190522,10.35,10.55,9.65,10,29427
PCJEWELLER,20190522,105.5,108.25,101.35,106.1,17417490
PDMJEPAPER,20190522,16.5,16.5,16.15,16.4,9760
PDPL,20190522,6.65,7.15,6.3,6.5,24497
PDSMFL,20190522,241.05,249.95,237.05,239.65,640
PEARLPOLY,20190522,10.4,11.35,10.4,11.35,2024
PEL,20190522,2209.05,2218.55,2140,2184.7,943267
PENIND,20190522,33.15,34.4,32.9,34.15,141522
PENINLAND,20190522,6.8,7.1,6.6,7.05,143894
PENPEBS,20190522,56.2,59.9,54,57.95,56556
PERSISTENT,20190522,610,610,600.25,605.5,104451
PETRONENGG,20190522,10.5,10.5,10.5,10.5,992
PETRONET,20190522,238.2,239.3,234.35,237,2450134
PFC,20190522,112,113.75,110,113.4,4480748
PFIZER,20190522,3181,3222.05,3161,3198.65,8648
PFOCUS,20190522,58.8,58.8,55.1,56.6,18061
PFS,20190522,16.1,16.1,15.75,15.95,224190
PGEL,20190522,66,68.25,65.5,67.2,95476
PGHH,20190522,10800.1,10868.1,10640,10759.8,2003
PGIL,20190522,150,152,150,150,341
PHILIPCARB,20190522,134,135.9,132.1,134.55,449132
PHOENIXLTD,20190522,625,640.05,612.2,618.15,62528
PIDILITIND,20190522,1204.9,1215.95,1182.55,1211.6,401367
PIIND,20190522,1124,1140,1111.5,1127.35,321642
PILANIINVS,20190522,2399.9,2399.9,2194.25,2293.6,6079
PILITA,20190522,7.3,7.55,7.2,7.4,171154
PIONDIST,20190522,117.95,122.95,117.1,120.9,5124
PIONEEREMB,20190522,24.6,25.5,24.2,24.2,867
PIRPHYTO,20190522,30,30.5,28.5,30.45,438
PITTIENG,20190522,46.35,49.9,45.8,48.3,43088
PKTEA,20190522,141.05,147.95,141.05,147.95,380
PLASTIBLEN,20190522,184.05,185,181,183.1,6817
PNB,20190522,85.6,85.7,82.65,84.6,31628934
PNBGILTS,20190522,33.5,33.6,32.35,32.85,175254
PNBHOUSING,20190522,795,800,771,795.2,354707
PNC,20190522,14.85,15.5,14.05,15.5,5612
PNCINFRA,20190522,169.4,174.2,167.3,171.6,125913
PODDARHOUS,20190522,476,500,475,475.1,191
PODDARMENT,20190522,162.1,162.1,157.4,160,1334
POKARNA,20190522,160.5,164,159.05,161.1,10255
POLYCAB,20190522,605.05,623.6,601.1,609.75,282577
POLYMED,20190522,195.25,195.85,193.5,194.25,3847
POLYPLEX,20190522,585,608,583.95,597.25,147125
PONNIERODE,20190522,112.5,115,112,112.05,69
POWERGRID,20190522,183.9,185.3,181.8,182.1,3922111
POWERMECH,20190522,955,980,950,965.85,15311
PPAP,20190522,274,282.4,261.95,266.75,11243
PRABHAT,20190522,67,68.25,65.55,67.35,48077
PRAENG,20190522,8.35,8.35,8,8.35,327
PRAJIND,20190522,132,132.75,128.9,130.7,693842
PRAKASH,20190522,71.5,71.95,69.5,69.95,312034
PRAKASHCON,20190522,3.55,3.55,3.4,3.5,83119
PRAKASHSTL,20190522,0.25,0.3,0.25,0.25,232171
PRAXIS,20190522,141.55,143.05,137.65,138.8,2389
PRECAM,20190522,51.55,52.25,51.15,51.45,7040
PRECOT,20190522,39,39,37,37,672
PRECWIRE,20190522,198.05,200.5,193.75,195.65,4829
PREMEXPLN,20190522,206.45,208,201.2,202.25,4175
PREMIER,20190522,4.8,4.8,4.8,4.8,11
PREMIERPOL,20190522,23.15,23.15,23.15,23.15,13
PRESSMN,20190522,25.85,26,25.05,25.35,4817
PRESTIGE,20190522,268.65,269.9,260.05,262.55,153613
PRICOLLTD,20190522,33.65,34.9,33.65,34.6,45146
PRIMESECU,20190522,40.05,40.85,39.3,40.25,14719
PROSEED,20190522,0.4,0.45,0.4,0.45,66798
PROVOGE,20190522,1.1,1.15,1.1,1.1,5428
PROZONINTU,20190522,26.1,26.5,25.4,26.15,25448
PRSMJOHNSN,20190522,90.5,91.35,87.95,88.7,137590
PSB,20190522,27.45,28.1,27.35,27.9,35313
PSL,20190522,0.85,0.9,0.85,0.9,111315
PSPPROJECT,20190522,443.1,456.95,443,453.25,12151
PSUBNKBEES,20190522,350,350,344.2,348.68,4923
PTC,20190522,70,70.2,69.05,69.65,259527
PTL,20190522,40.45,40.6,39.6,40.2,14518
PUNJABCHEM,20190522,661.4,672,656,671.5,1901
PUNJLLOYD,20190522,1.85,1.85,1.75,1.8,891370
PURVA,20190522,73.55,73.95,71.7,73.25,174519
PVR,20190522,1812,1814.8,1750,1756.15,304986
QGOLDHALF,20190522,1388.7,1388.7,1385,1385.65,66
QNIFTY,20190522,1194,1194,1194,1194,10
QUESS,20190522,692,692,663.4,670.1,57612
QUICKHEAL,20190522,174,178.35,173.25,176.95,78799
QUINTEGRA,20190522,0.2,0.2,0.2,0.2,1300
RADAAN,20190522,2.35,2.5,2.35,2.45,5648
RADICO,20190522,349.45,349.45,338.15,340.65,313233
RADIOCITY,20190522,57.6,58.45,56.3,58,58839
RAIN,20190522,105.95,109.55,103.65,108.05,1292103
RAINBOWPAP,20190522,0.85,0.95,0.85,0.85,17052
RAJESHEXPO,20190522,661,661.6,654.2,659.05,307896
RAJRAYON,20190522,0.05,0.1,0.05,0.1,770453
RAJSREESUG,20190522,22.75,23.8,22.55,23,11436
RALLIS,20190522,145.7,151,141.6,148.65,72053
RAMANEWS,20190522,21.25,21.5,20.85,20.9,4591
RAMASTEEL,20190522,101.95,104.9,99,102.65,131301
RAMCOCEM,20190522,771,785,752.3,766.85,641296
RAMCOIND,20190522,202.15,206,200,204.5,35621
RAMCOSYS,20190522,200.45,203.5,197.9,198.6,14558
RAMGOPOLY,20190522,2.15,2.15,2.15,2.15,83
RAMKY,20190522,99.55,104.75,99,103.6,79311
RANASUG,20190522,3.3,3.4,3.1,3.35,265013
RANEENGINE,20190522,500,514,480.45,491.7,19363
RANEHOLDIN,20190522,1194.55,1237.95,1171.85,1187.5,8465
RATNAMANI,20190522,866.95,889.9,857,880.15,38967
RAYMOND,20190522,808.45,811.85,793.3,802.95,313131
RBL,20190522,585,658,570.35,621.15,68260
RBLBANK,20190522,669.95,674.9,662,666.85,520824
RCF,20190522,56.6,57.3,55.9,56.65,480696
RCOM,20190522,2,2.1,1.95,2.1,36419446
RECLTD,20190522,140.35,142.7,138.2,141.8,2564834
REDINGTON,20190522,94,94,92,92.85,33759
REFEX,20190522,50.8,50.8,50.8,50.8,43618
REGENCERAM,20190522,2.4,2.45,2.4,2.45,258
RELAXO,20190522,811,820.8,801.55,816,31008
RELCAPITAL,20190522,125.05,130.25,120.75,128.3,16233209
RELCNX100,20190522,121,121.1,120.56,120.66,1186
RELCONS,20190522,53.8,53.8,49.3,50.89,4709
RELDIVOPP,20190522,30.1,30.37,30.07,30.35,470
RELIANCE,20190522,1345.65,1359.7,1335.1,1340.4,11287400
RELIGARE,20190522,26,26,24.5,25.25,32065
RELINFRA,20190522,120,122.8,115.65,121.35,7461699
RELNV20,20190522,576.3,576.5,571.32,574.27,1577
REMSONSIND,20190522,80.15,84.9,80.15,83.5,3377
RENUKA,20190522,10.35,10.6,10.15,10.3,558935
REPCOHOME,20190522,427,427,412.25,418.35,141637
REPRO,20190522,611,630,611,621,1048
RESPONIND,20190522,88.05,89.9,87.1,88.4,94704
RETFMID150,20190522,61.95,62.24,61.7,62.21,258136
REVATHI,20190522,349.9,349.9,340,340.5,985
RGL,20190522,291.05,296.9,284.2,296.45,3716
RHFL,20190522,19.6,21.45,19.25,20.85,685768
RICOAUTO,20190522,61,66.4,60.45,65.5,1052224
RIIL,20190522,318.8,323.5,316.3,319.35,256425
RITES,20190522,249.6,259.9,246.6,255,397652
RKDL,20190522,7.4,7.5,7.2,7.5,4014
RKFORGE,20190522,460.3,480,460.3,477.6,7757
RMCL,20190522,9,9.35,8.25,8.6,1426221
RML,20190522,366.6,393.45,353.75,370.05,40031
RNAM,20190522,209.1,221.4,209,218.15,2306779
RNAVAL,20190522,8.55,8.75,8.1,8.35,3932255
ROHITFERRO,20190522,1.4,1.4,1.3,1.4,7821
ROHLTD,20190522,110.15,110.15,107.05,107.95,3297
ROLLT,20190522,2.15,2.35,2.15,2.3,2400
ROLTA,20190522,6.9,7.6,6.9,7.55,478949
ROSSELLIND,20190522,57.9,57.9,53,53.5,8658
RPGLIFE,20190522,244.1,244.1,238.2,241.9,1395
RPOWER,20190522,7.05,7.95,6.75,7.75,124920129
RPPINFRA,20190522,124.05,133,124,130.75,110872
RRSLGETF,20190522,18.7,18.71,18.65,18.71,2102
RSSOFTWARE,20190522,26.75,27.3,26.6,26.75,17872
RSWM,20190522,164,164,150.15,158.2,44161
RSYSTEMS,20190522,46.15,46.2,44.8,45.25,14167
RTNINFRA,20190522,2,2.1,1.95,2.05,484652
RTNPOWER,20190522,2.25,2.35,2.15,2.3,1264789
RUBYMILLS,20190522,244.45,245.9,241,244.15,1907
RUCHINFRA,20190522,2.9,2.9,2.8,2.9,2535
RUCHIRA,20190522,93,93.55,91.2,92.05,21834
RUCHISOYA,20190522,6.4,6.9,6.3,6.85,1418546
RUPA,20190522,283.7,284.05,280.05,282.6,25418
RUSHIL,20190522,571.85,591,566,585.05,9295
RVNL,20190522,23.15,24,22.9,23.9,4219518
SABTN,20190522,3.65,3.8,3.5,3.6,21703
SADBHAV,20190522,242.55,245,229,233.2,416678
SADBHIN,20190522,78.1,79.95,77.75,78.7,1345
SAGARDEEP,20190522,41.75,41.95,40.45,41.7,1476
SAGCEM,20190522,624.95,635,609.5,622.55,3810
SAIL,20190522,50.85,51.15,49.2,50.85,15936873
SAKAR,20190522,61.6,63.65,55.05,56.3,2146
SAKHTISUG,20190522,10,10.25,10,10.1,16343
SAKSOFT,20190522,265,265,260,261.6,2516
SAKUMA,20190522,32,33.05,30,31.65,535544
SALASAR,20190522,187.95,192.4,187.15,190.1,29219
SALONA,20190522,97.6,102.95,97.6,101.8,1176
SALSTEEL,20190522,4.4,4.6,4.4,4.5,10626
SALZERELEC,20190522,110.55,114,110.3,111.95,5948
SAMBHAAV,20190522,4,4.1,3.95,4,13427
SANCO,20190522,19.9,19.9,18.4,19.3,60057
SANDESH,20190522,675.85,679,671.05,679,69
SANDHAR,20190522,290.05,293.3,281.5,284.95,1437
SANGAMIND,20190522,55.4,57.45,53.3,56.15,6001
SANGHIIND,20190522,61.65,65,61.65,64.25,67550
SANGHVIFOR,20190522,22,22,21.15,21.85,75
SANGHVIMOV,20190522,119.7,119.7,116.1,117.55,10275
SANOFI,20190522,5524.6,5578.15,5470,5528.25,9358
SANWARIA,20190522,8.3,8.4,8.1,8.3,675917
SARDAEN,20190522,263.05,265.95,261.15,264.75,6587
SAREGAMA,20190522,541.4,558.4,540,542.6,12769
SARLAPOLY,20190522,23.3,23.95,22.5,23.6,14346
SASKEN,20190522,720.9,723,715.9,717.7,2067
SASTASUNDR,20190522,102.1,103.5,100.1,103.5,212
SATHAISPAT,20190522,7,7,6.55,6.65,970
SATIN,20190522,319.95,324.65,315,322.05,12603
SBIETFQLTY,20190522,96.3,96.78,95.85,96.68,910
SBILIFE,20190522,659.7,667.55,652.85,659.65,361789
SBIN,20190522,338.9,342.6,333.55,341.1,32002499
SCAPDVR,20190522,0.55,0.6,0.55,0.6,103
SCHAEFFLER,20190522,4870,4947,4870,4871.7,5853
SCHAND,20190522,132.4,135,130.25,132.7,12574
SCHNEIDER,20190522,102.95,104.9,101.4,102.4,76009
SCI,20190522,31.15,31.5,30.75,31.1,530121
SDBL,20190522,143,144,136.3,140.4,13577
SEAMECLTD,20190522,465.7,466,452.1,463.2,21074
SELAN,20190522,178.3,178.4,169.3,170.3,69299
SELMCL,20190522,1.05,1.05,0.95,0.95,38502
SEPOWER,20190522,3.85,3.85,3.75,3.75,1023
SEQUENT,20190522,68.8,68.8,67.25,68.15,357423
SESHAPAPER,20190522,925.05,938,923,923.55,1784
SETCO,20190522,26.1,26.4,25.95,26.2,51460
SETFGOLD,20190522,2840,2849.85,2832,2836.75,2467
SETFNIF50,20190522,119.73,120.67,119.24,120.2,119522
SETFNIFBK,20190522,310,310,306,308.42,792366
SETFNN50,20190522,273.95,274.73,272,274.4,3987
SFL,20190522,1225,1253.5,1213.1,1236.95,42401
SGL,20190522,6.95,6.95,6.4,6.75,940
SHAHALLOYS,20190522,13.95,14.85,13.75,14.65,6414
SHAKTIPUMP,20190522,415.05,418.95,409.05,410.4,17205
SHALBY,20190522,127.25,129.15,127,127.9,32311
SHALPAINTS,20190522,77.25,79.4,76.55,78,37503
SHANKARA,20190522,525,534.5,520,524.7,36278
SHANTIGEAR,20190522,116,118.15,116,117.45,7490
SHARDACROP,20190522,363,363,346.55,353.2,4625
SHARDAMOTR,20190522,1260.65,1310,1240,1307.3,744
SHARIABEES,20190522,255.2,256.41,254,256.41,64
SHEMAROO,20190522,364,364,356.05,361,1555
SHILPAMED,20190522,377.1,383.6,377.05,381.55,10385
SHIRPUR-G,20190522,13.5,13.9,13,13.3,274000
SHIVAMAUTO,20190522,33.75,34.85,33.65,34.6,47548
SHIVAMILLS,20190522,49.35,51.2,49.05,49.65,1784
SHIVATEX,20190522,149.4,157.8,143.1,152.45,7632
SHK,20190522,153,153,149.5,151.8,34713
SHOPERSTOP,20190522,461.65,472,459.05,470.55,22114
SHREECEM,20190522,20352,20480.65,20022,20207.5,28563
SHREEPUSHK,20190522,130.1,135.3,125.1,133.7,34823
SHREERAMA,20190522,5.2,5.55,5.2,5.3,16200
SHREYANIND,20190522,144.65,156.75,143.5,150.6,76349
SHREYAS,20190522,164,175,164,173.45,4492
SHRIPISTON,20190522,1009,1009,980,1008,27
SHRIRAMCIT,20190522,1460.05,1489,1447.05,1452.4,3070
SHRIRAMEPC,20190522,7.4,7.75,7.1,7.6,83825
SHYAMCENT,20190522,5.25,5.35,5.05,5.1,34367
SICAGEN,20190522,24.15,25.7,24.15,25.5,16454
SICAL,20190522,119,122,116.4,120.65,13063
SIEMENS,20190522,1181.1,1189.9,1156,1169,329795
SIGIND,20190522,36.75,37.4,36.6,36.95,6679
SIL,20190522,14.5,14.6,13.8,14.4,7753
SILINV,20190522,170,173,165.05,169.95,272
SIMBHALS,20190522,10.4,10.4,9.55,9.9,11253
SIMPLEXINF,20190522,154.8,168,154.5,164.9,24005
SINTEX,20190522,7.8,7.8,7.6,7.75,1133700
SIS,20190522,899.95,919.15,882.5,899.9,71530
SITASHREE,20190522,0.55,0.55,0.5,0.5,7248
SITINET,20190522,2.85,3,2.85,2.95,147730
SIYSIL,20190522,345.95,346.35,337.9,341.75,9037
SJVN,20190522,24.25,24.3,23.95,24.1,577259
SKFINDIA,20190522,1849.9,1880.05,1833.55,1838.6,8072
SKIL,20190522,9.6,9.75,8.85,9.75,34212
SKIPPER,20190522,59.45,61.5,59.3,60.95,16836
SKMEGGPROD,20190522,45.05,46.4,43.3,43.85,28228
SMARTLINK,20190522,83,84.75,80.75,84,8617
SMLISUZU,20190522,784.85,784.9,770,777.75,4331
SMPL,20190522,0.4,0.45,0.4,0.4,11692
SMSLIFE,20190522,440.5,441.55,420,421.75,5115
SMSPHARMA,20190522,55.15,56,54.2,54.65,16557
SNOWMAN,20190522,31.1,31.1,30.25,30.5,74384
SOBHA,20190522,509.2,515,490.25,505.4,235323
SOLARA,20190522,425.1,435.1,419.7,426,28135
SOLARINDS,20190522,1135,1199,1126,1132.9,10042
SOMANYCERA,20190522,362,385,360.05,380.25,76966
SOMATEX,20190522,3.55,3.7,3.55,3.7,940
SOMICONVEY,20190522,21.5,21.95,20,20.5,8755
SONATSOFTW,20190522,334.9,339,329.3,335.1,62960
SORILINFRA,20190522,290,301.6,279.9,298.35,112789
SOTL,20190522,1095.05,1105,1062.6,1073.3,551
SOUTHBANK,20190522,13.8,14.05,13.55,13.9,12483185
SOUTHWEST,20190522,29,29,28,28,502
SPAL,20190522,299.95,311,299.95,307.8,8114
SPARC,20190522,146,149,143.55,146.05,303406
SPCENET,20190522,0.95,0.95,0.9,0.95,3520
SPECIALITY,20190522,87.5,88.5,87.1,87.95,18817
SPENCERS,20190522,125,125.95,121.05,122.05,163941
SPENTEX,20190522,1.7,1.7,1.7,1.7,1025
SPIC,20190522,23.75,24.2,22.2,23.2,57788
SPICEMOBI,20190522,8.75,8.95,8.35,8.9,72420
SPLIL,20190522,44,44.1,42.5,42.6,15923
SPMLINFRA,20190522,27.25,27.95,26.3,26.75,16390
SPTL,20190522,17.05,17.05,16.45,16.85,1622374
SPYL,20190522,0.25,0.25,0.2,0.25,109778
SREEL,20190522,204,205,201,204.4,3738
SREINFRA,20190522,23.2,23.45,23,23.35,313302
SRF,20190522,2955,2965.8,2922.5,2931.95,202914
SRHHYPOLTD,20190522,149,151.85,147.75,149.55,7630
SRIPIPES,20190522,179.3,180.35,177.15,179,32801
SRTRANSFIN,20190522,1085,1085,1047.5,1064.8,1245979
SSWL,20190522,794.55,802.15,791,799.4,1085
STAMPEDE,20190522,1.25,1.25,1.15,1.25,58408
STAR,20190522,411,417.95,403.05,414.25,1127302
STARCEMENT,20190522,111.1,114.75,110.5,111.15,70607
STARPAPER,20190522,115.45,117.2,113.5,114.35,22320
STCINDIA,20190522,116,117.45,113.8,116.15,99838
STEELXIND,20190522,13.6,13.6,13.15,13.4,11499
STEL,20190522,94.35,94.45,92.2,93.45,2427
STERTOOLS,20190522,232.1,232.1,216,220.15,10986
STINDIA,20190522,9,9.3,8.95,9.3,556
STRTECH,20190522,165.4,165.7,159.5,161.8,1982466
SUBEX,20190522,7.05,7.05,6.95,7,1928588
SUBROS,20190522,252,265,251,260,34883
SUDARSCHEM,20190522,314,315.9,307,310,30628
SUJANAUNI,20190522,0.3,0.3,0.25,0.3,146406
SUMEETINDS,20190522,4.2,4.4,3.95,4,201026
SUMMITSEC,20190522,519.95,528.5,516.05,522.65,359
SUNCLAYLTD,20190522,2593.7,2610,2555.05,2584,578
SUNDARAM,20190522,2.05,2.15,2,2.1,859100
SUNDARMFIN,20190522,1482.1,1482.1,1445,1455.9,6444
SUNDARMHLD,20190522,84,87,84,85.9,23772
SUNDRMBRAK,20190522,285.05,292,285,289.75,463
SUNDRMFAST,20190522,517.2,525.95,516.75,520.35,86551
SUNFLAG,20190522,40.4,40.8,38.75,39.95,164164
SUNILHITEC,20190522,0.75,0.8,0.7,0.8,261681
SUNPHARMA,20190522,409,423.55,408,421.2,7277731
SUNTECK,20190522,472.65,507.25,466.05,496.3,207150
SUNTV,20190522,548.8,556.9,532.4,554.3,1801505
SUPERHOUSE,20190522,101.05,102,99,100.35,663
SUPERSPIN,20190522,6.45,6.45,5.7,5.9,46277
SUPPETRO,20190522,201.15,202.1,200,201.1,6926
SUPRAJIT,20190522,202.7,202.7,198,198.25,16701
SUPREMEIND,20190522,1026.35,1055,1024.95,1038.4,23853
SUPREMEINF,20190522,19,19.95,18.5,19.85,6832
SURANASOL,20190522,6.8,7.2,6.5,7,18927
SURANAT&P,20190522,4.2,4.2,4.05,4.05,9403
SURYALAXMI,20190522,31.05,31.05,30.05,30.45,1419
SURYAROSNI,20190522,244.65,244.65,235.05,239.75,81883
SUTLEJTEX,20190522,34.8,36,34.55,35.7,10685
SUVEN,20190522,253.4,255.15,249.1,250.65,130361
SUZLON,20190522,5.55,5.7,5.35,5.6,38095157
SWANENERGY,20190522,105.75,107.7,102.6,106.1,164689
SWARAJENG,20190522,1323.4,1352,1323.4,1345.55,1307
SWELECTES,20190522,225.9,228.9,221,227.05,1824
SYMPHONY,20190522,1221.5,1286.95,1151.1,1199.5,398100
SYNCOM,20190522,1.35,1.45,1.35,1.35,11575
SYNDIBANK,20190522,34.1,34.95,33.5,34.7,5363104
SYNGENE,20190522,606,616.8,604.6,614.95,385458
TAINWALCHM,20190522,58.65,58.65,58.2,58.25,36
TAJGVK,20190522,185.15,186.2,178,181.05,18066
TAKE,20190522,139,141.45,137.5,140.1,63957
TALBROAUTO,20190522,177.95,183.45,177.95,180.1,6748
TALWALKARS,20190522,46.5,46.95,45.35,46.35,62377
TALWGYM,20190522,106.1,107.7,105.1,106,5801
TANLA,20190522,46,46,44.6,45.8,183200
TANTIACONS,20190522,3.35,3.35,3.35,3.35,77
TARAJEWELS,20190522,0.9,0.9,0.85,0.85,8051
TARAPUR,20190522,5.9,6.15,5.9,6.15,121
TARMAT,20190522,37.25,39,37.25,37.55,1903
TASTYBITE,20190522,8469,8475,8288.95,8318.1,81
TATACHEM,20190522,616.5,629.95,616.45,622.5,1078562
TATACOFFEE,20190522,89.25,89.65,87.55,89.2,153429
TATACOMM,20190522,543,548.5,532.65,534.35,113855
TATAELXSI,20190522,843.5,853,828,850.45,483465
TATAGLOBAL,20190522,233,236,230.15,234.05,3274093
TATAINVEST,20190522,863.35,878.95,860.2,863.65,5794
TATAMETALI,20190522,604,617.7,600.05,604.05,21582
TATAMOTORS,20190522,177.6,180.4,174.8,179.1,25845734
TATAMTRDVR,20190522,83.5,85.95,82.95,85.4,3005049
TATAPOWER,20190522,64.5,65.05,64.1,64.8,10055230
TATASPONGE,20190522,707.95,716,696.05,702,44102
TATASTEEL,20190522,472,480.55,467.4,473,8364224
TATASTLBSL,20190522,29.5,30.15,29.5,29.8,857351
TBZ,20190522,52.5,53.4,51.4,51.8,78224
TCI,20190522,299,299,286,291.9,16878
TCIDEVELOP,20190522,365,365,345,350.75,161
TCIEXP,20190522,667.7,667.7,634.8,646.5,5196
TCIFINANCE,20190522,13.05,13.4,12.9,13.25,2789
TCNSBRANDS,20190522,797.95,814.1,785,805.15,66419
TCPLPACK,20190522,365.95,365.95,355.05,364.35,2936
TCS,20190522,2110,2121.95,2075,2081.75,2595795
TDPOWERSYS,20190522,123.9,124.65,122,122.45,2946
TEAMLEASE,20190522,2887.45,2919,2747.6,2835.75,22476
TECHIN,20190522,3.9,3.9,3.8,3.85,1212
TECHM,20190522,758,767.35,744.2,749.95,5888740
TECHNOE,20190522,236.95,239.5,226.1,231.2,43866
TECHNOFAB,20190522,50.05,52.4,49.7,52,2205
TEJASNET,20190522,197.45,197.95,190.35,192.3,80256
TERASOFT,20190522,41,43.65,40.95,43.2,5974
TEXINFRA,20190522,54.25,56.3,52.2,52.35,41524
TEXMOPIPES,20190522,20,20.8,19.6,19.85,156897
TEXRAIL,20190522,71,72.5,66.65,68.65,760515
TFCILTD,20190522,112.3,112.5,111.7,111.85,14873
TFL,20190522,8.35,8.35,8.3,8.3,3361
TGBHOTELS,20190522,9.65,9.85,9.25,9.8,5098
THANGAMAYL,20190522,298.7,302,275.2,285.75,36967
THEINVEST,20190522,137,145,135.4,143.65,1589
THEMISMED,20190522,262.6,270.25,262.3,263.05,728
THERMAX,20190522,989,989.15,960,964.25,18880
THIRUSUGAR,20190522,12.7,12.7,11.25,12.35,1960
THOMASCOOK,20190522,236.95,241.75,233.45,238.45,159631
THYROCARE,20190522,450.3,457.8,436,438.4,153603
TI,20190522,15.6,16.15,15.5,15.75,56469
TIDEWATER,20190522,4860,4870.15,4809.8,4847.8,553
TIIL,20190522,479.7,486.8,470,470.4,1792
TIINDIA,20190522,385,385,378.05,379.8,68428
TIJARIA,20190522,15.2,15.75,15.1,15.3,12468
TIL,20190522,212,216.05,209.55,211.3,11335
TIMESGTY,20190522,35.55,35.55,35.55,35.55,1000
TIMETECHNO,20190522,87.7,88.1,84.5,85.55,111125
TIMKEN,20190522,593.85,671.5,593.85,671.5,1338580
TINPLATE,20190522,131.65,134.5,129.25,131.75,258470
TIPSINDLTD,20190522,59.6,60,56.35,58,2618
TIRUMALCHM,20190522,79.1,82.8,77.4,78.85,220959
TITAN,20190522,1245.95,1250.9,1226.35,1241.1,1972398
TMRVL,20190522,19.1,21.45,18.45,18.55,126372
TNPETRO,20190522,38.4,38.75,36.9,37.1,166655
TNPL,20190522,182.75,183.9,180.3,181.4,19482
TNTELE,20190522,1.8,1.8,1.8,1.8,100
TOKYOPLAST,20190522,49.5,52,48.05,49.7,7735
TORNTPHARM,20190522,1601.45,1601.45,1537.15,1559.5,408485
TORNTPOWER,20190522,242,243.2,238.6,240.5,277291
TPLPLASTEH,20190522,136.35,149.3,133.15,139.75,7329
TREEHOUSE,20190522,4.5,4.65,4.5,4.55,1988
TREJHARA,20190522,24.6,27,24.6,27,19500
TRENT,20190522,373,385,370.5,382.45,185657
TRF,20190522,125,129,121,126.35,58884
TRIDENT,20190522,63.7,64.35,63.4,63.65,310849
TRIGYN,20190522,70.25,70.25,68,69.05,49701
TRIL,20190522,10.95,11.35,10.9,11.1,12557
TRITURBINE,20190522,111.3,112.35,108.9,110.3,13038
TRIVENI,20190522,68.25,69.2,65.8,67.8,1536798
TTKHLTCARE,20190522,633.95,650,633.95,639.35,1462
TTKPRESTIG,20190522,7449.95,7499,7301.1,7353.1,2156
TTL,20190522,46.55,47.35,46.1,46.2,2314
TTML,20190522,2.65,2.7,2.6,2.65,350937
TV18BRDCST,20190522,28.65,29.55,28.15,29.25,3056858
TVSELECT,20190522,190.15,193,181.5,187.8,96523
TVSMOTOR,20190522,491.95,491.95,475.15,480.6,1609609
TVSSRICHAK,20190522,2056,2075,2050,2060.65,3531
TVTODAY,20190522,269.4,271,262.8,264.65,35913
TVVISION,20190522,2.9,2.9,2.7,2.75,10120
TWL,20190522,65,65.8,64,65.35,217215
UBL,20190522,1424.2,1432.8,1373.85,1425.1,932782
UCALFUEL,20190522,160,161.15,156.1,157.25,3757
UCOBANK,20190522,17.4,17.4,16.9,17.3,214686
UFLEX,20190522,229.8,235.95,226.25,230.15,81038
UFO,20190522,226.4,253.25,223,247.75,969986
UGARSUGAR,20190522,16,16.9,15.4,16.05,592270
UJAAS,20190522,6.6,6.95,6.25,6.6,101385
UJJIVAN,20190522,332.75,336.3,323.85,330,1039230
ULTRACEMCO,20190522,4662.7,4673.65,4592,4647.35,608316
UMANGDAIRY,20190522,50.05,50.25,48.65,49.55,5962
UNICHEMLAB,20190522,184.1,190,184,185.5,64550
UNIENTER,20190522,101.95,104.25,100.25,102.15,2619
UNIONBANK,20190522,71.65,71.75,70.1,71.2,7989744
UNIPLY,20190522,40.85,40.85,38.1,38.6,715858
UNITECH,20190522,1.4,1.4,1.35,1.35,4082884
UNITEDBNK,20190522,10.8,10.8,10.55,10.7,465280
UNITEDTEA,20190522,306,314.6,305,310,39
UNIVCABLES,20190522,209.9,210.95,204,205.35,19796
UPL,20190522,1000,1018.95,991.35,1014.65,1605787
URJA,20190522,2.8,2.85,2.7,2.85,996956
USHAMART,20190522,31.95,31.95,30.4,30.8,223151
UTINEXT50,20190522,272,289.1,270,275,570
UTINIFTETF,20190522,1234.95,1238.5,1227.85,1236.65,189
UTISENSETF,20190522,408.19,411.45,408,411.29,988
UTTAMSTL,20190522,9.75,10.05,9.6,9.7,48451
UTTAMSUGAR,20190522,126.2,126.7,121.6,123.3,76636
UVSL,20190522,0.1,0.1,0.05,0.1,7409257
V2RETAIL,20190522,209.2,216.5,207.25,208.8,105135
VADILALIND,20190522,553,563,551,557.05,8507
VAIBHAVGBL,20190522,660,660,631.6,638,15587
VAKRANGEE,20190522,49.9,50.4,48.15,48.8,4159256
VARDHACRLC,20190522,43.05,43.6,42.5,42.9,9790
VARDMNPOLY,20190522,6,6.2,5.8,6.2,3699
VARROC,20190522,489.95,496,483,485.35,13903
VASCONEQ,20190522,13,13.75,13,13.65,59256
VASWANI,20190522,9.65,10.2,9.1,9.15,10708
VBL,20190522,915.5,944.9,904.05,932.3,84903
VEDL,20190522,165.45,167.9,164.7,166.3,6597051
VENKEYS,20190522,1646,1646.05,1601.05,1626.85,48015
VENUSREM,20190522,27.6,28.35,27,27.65,12799
VESUVIUS,20190522,1123,1149,1113.6,1131.2,3353
VETO,20190522,66.85,67.05,65.75,66.9,15190
VGUARD,20190522,205.4,208.9,200.95,207.35,407388
VHL,20190522,2149.95,2149.95,2050,2080.15,250
VICEROY,20190522,2.9,2.9,2.7,2.85,13759
VIDHIING,20190522,77.35,78.5,74.9,77.45,154433
VIJIFIN,20190522,0.7,0.75,0.7,0.7,25868
VIKASECO,20190522,12,12.2,11.5,11.75,2429509
VIKASMCORP,20190522,3.85,4.4,3.2,4.4,14226594
VIMALOIL,20190522,7.3,7.3,7.3,7.3,10
VIMTALABS,20190522,202,202.3,194.9,199.7,21411
VINATIORGA,20190522,1863,1908,1850,1892.3,14059
VINDHYATEL,20190522,1374.5,1375.15,1333.25,1337.4,4716
VINYLINDIA,20190522,69.95,70.95,68.35,70.05,8280
VIPCLOTHNG,20190522,16.45,16.75,16,16.65,16435
VIPIND,20190522,451.95,452.7,437.1,448,236561
VIPULLTD,20190522,49.7,50.9,47.75,47.75,761
VISAKAIND,20190522,348,357.2,347.9,355.1,13094
VISASTEEL,20190522,6.75,7.05,6.7,6.85,14019
VISESHINFO,20190522,0.05,0.1,0.05,0.05,2103953
VISHNU,20190522,135,137.9,134.5,135.9,809
VIVIDHA,20190522,0.5,0.5,0.45,0.45,450316
VIVIMEDLAB,20190522,21.95,22.95,21.5,22.3,82064
VLSFINANCE,20190522,56.6,57.4,56.15,56.55,11325
VMART,20190522,2280,2301,2212.05,2285.2,5195
VOLTAMP,20190522,1035,1035.05,1011.6,1021.1,1167
VOLTAS,20190522,582,592.95,579.5,584.3,801508
VRLLOG,20190522,274.5,274.5,263,263.65,23810
VSSL,20190522,91,92.8,91,92.35,3029
VSTIND,20190522,3470.55,3504.05,3460,3465.15,458
VSTTILLERS,20190522,1160.95,1168,1145,1148.35,1210
VTL,20190522,1111.9,1111.9,1080,1086.6,2326
WABAG,20190522,299.3,308.35,282,301.7,431543
WABCOINDIA,20190522,6090.15,6228.7,6051,6205.7,7677
WALCHANNAG,20190522,87.15,87.5,86,86.55,138300
WANBURY,20190522,16.8,18,16.8,17.85,300
WEBELSOLAR,20190522,24.05,25,23.25,24,71023
WEIZFOREX,20190522,518.25,524.9,514.4,520,2494
WEIZMANIND,20190522,35,35.45,34.9,34.95,349
WELCORP,20190522,134.5,139,132.45,136.1,282096
WELENT,20190522,116.35,120,116.35,118.6,118154
WELINV,20190522,156,157.6,151.3,152,298
WELSPUNIND,20190522,52.5,54.75,52.5,54.25,205170
WENDT,20190522,2608,2665,2571.15,2654.5,178
WHEELS,20190522,870,870,845,849.9,1235
WHIRLPOOL,20190522,1430,1468.3,1405,1419.45,66934
WILLAMAGOR,20190522,24,25.7,24,25.1,3310
WINDMACHIN,20190522,66.15,67.3,63.45,64.3,495407
WINSOME,20190522,0.9,0.9,0.85,0.9,1308
WIPL,20190522,92,92,92,92,40
WIPRO,20190522,287,287.5,281,283.1,7650054
WOCKPHARMA,20190522,383.8,398,378.25,394.3,1344188
WONDERLA,20190522,307.9,307.9,299,300.45,8725
WSI,20190522,0.9,0.9,0.9,0.9,201
WSTCSTPAPR,20190522,225.5,229.8,225.5,228.4,46219
XCHANGING,20190522,44.8,46.85,42.6,45.75,4821
XELPMOC,20190522,70.7,71.5,69.25,70.05,4756
XLENERGY,20190522,0.85,0.85,0.85,0.85,1353
XPROINDIA,20190522,32,32,31.5,31.55,283
YESBANK,20190522,141,141.25,135.5,137.55,58669730
ZEEL,20190522,349.95,350.95,339.2,342.2,10800128
ZEELEARN,20190522,24.05,24.55,23.65,23.75,260781
ZEEMEDIA,20190522,13.25,13.55,13,13.4,626668
ZENITHBIR,20190522,0.5,0.5,0.5,0.5,16440
ZENITHEXPO,20190522,106,110,99.8,99.8,8915
ZENSARTECH,20190522,248.9,249,245,245.8,28841
ZENTEC,20190522,72.25,73.45,71,71.35,38827
ZICOM,20190522,3.05,3.05,2.85,3,28394
ZODIACLOTH,20190522,240,247,239,242.5,1362
ZODJRDMKJ,20190522,34.55,34.85,34.35,34.75,315
ZUARI,20190522,162.05,163.45,156.05,157.2,21948
ZUARIGLOB,20190522,95.95,96.05,94.5,95.65,6295
ZYDUSWELL,20190522,1274.45,1292,1274.45,1288.4,2873
NSENIFTY,20190522,11727.95,11784.80,11682.40,11737.90,355870667,0
NIFTYJUNIOR,20190522,26927.15,26937.40,26676.70,26848.05,292906003,0
NIFTYMIDCAPLIQ15,20190522,4086.65,4096.05,4033.15,4080.90,111648542,0
NSE100,20190522,11806.65,11855.10,11760.10,11811.30,651781719,0
NIFTY200,20190522,6054.55,6076.85,6029.60,6055.55,1139254476,0
NSE500,20190522,9595.60,9629.75,9555.80,9598.20,1471502814,0
NSEMIDCAP150,20190522,6219.60,6224.80,6158.05,6212.40,496745002,0
MIDCAP50,20190522,4804.15,4813.85,4740.45,4793.35,304566659,0
NSEMIDCAP,20190522,17378.75,17392.85,17171.75,17348.15,487472757,0
NIFTYSMALLCAP250,20190522,-,-,-,5252.40,-,0
NIFTYSMALLCAP50,20190522,-,-,-,3085.45,-,0
NSESMLCAP100,20190522,6371.45,6400.20,6329.90,6390.90,-,0
NIFTYLARGEMIDCAP250,20190522,-,-,-,5880.91,1148526721,0
NIFTYMIDSMALLCAP400,20190522,-,-,-,5875.35,-,0
NIFTYAUTO,20190522,8230.45,8271.75,8154.00,8246.55,59799872,0
BANKNIFTY,20190522,30410.65,30675.10,30268.60,30526.80,224425509,0
NIFTYFINSERVICE,20190522,13132.30,13224.70,13079.15,13156.00,95221109,0
NIFTYFMGC,20190522,30459.65,30459.65,30064.25,30247.65,27293137,0
NSEIT,20190522,15750.05,15812.25,15640.60,15666.15,29498528,0
NIFTYMEDIA,20190522,2182.15,2185.65,2136.50,2163.60,32622855,0
NIFTYMETAL,20190522,2852.20,2879.15,2826.40,2864.45,91162224,0
NIFTYPHARMA,20190522,8498.05,8584.95,8413.30,8510.85,24916807,0
NIFTYPVTBANK,20190522,16925.10,17110.55,16845.75,17010.05,138274212,0
NIFTYPSUBANK,20190522,3149.80,3168.15,3103.90,3155.60,130841862,0
NIFTYREALTY,20190522,268.30,272.05,265.95,266.95,29832595,0
NIFTYCOMMODITIES,20190522,3589.20,3617.65,3576.25,3601.10,175812498,0
NIFTYCONSUMPTION,20190522,4794.35,4797.70,4755.60,4789.70,64735077,0
NIFTYCPSE,20190522,2245.70,2274.40,2238.45,2269.95,61708782,0
NIFTYENERGY,20190522,16143.15,16261.00,16097.65,16171.95,77725071,0
NIFTY100ESG,20190522,-,-,-,2169.98,578857345,0
NIFTY100ENHESG,20190522,-,-,-,2208.60,549664661,0
NIFTYINFRA,20190522,3156.80,3181.95,3142.75,3169.40,424807388,0
NIFTYMNC,20190522,12973.50,12982.85,12860.15,12924.95,34721104,0
NIFTYPSE,20190522,3472.75,3509.15,3466.15,3497.50,120310024,0
NIFTYSMEEMERGE,20190522,-,-,-,1479.56,618000,0
NIFTYSERVSECTOR,20190522,16396.05,16488.25,16331.55,16412.35,270066689,0
NIFTYSHARIAH25,20190522,-,-,-,4222.74,66010140,0
NIFTY50SHARIAH,20190522,-,-,-,2495.62,67275610,0
NIFTY500SHARIAH,20190522,-,-,-,2932.69,214658944,0
NIFTYABGROUP,20190522,-,-,-,3353.19,142334353,0
NIFTYMAHINDRA,20190522,-,-,-,10961.25,10253440,0
NIFTYTATA,20190522,-,-,-,6767.80,58631039,0
NIFTYTATA25CAP,20190522,-,-,-,4781.28,54453560,0
NIFTYABGROUP,20190522,-,-,-,3353.19,142334353,0
NIFTYLIQ15,20190522,3959.00,3991.55,3933.70,3975.60,186710754,0
NIFTY500VALUE50,20190522,-,-,-,4335.93,444320425,0
NIFTYALPHALOWVOL30,20190522,-,-,-,11657.79,103548291,0
NIFTYQUALLOWVOL30,20190522,-,-,-,8178.01,85436223,0
NIFTYALPHAQUALLOWVOL30,20190522,-,-,-,9339.88,98198854,0
NIFTYALPHAQUALVALLOWVOL30,20190522,-,-,-,7253.53,100323109,0
NIFTY50EQUALWEIGHT,20190522,12648.90,12726.50,12582.85,12664.95,355870667,0
NIFTY100EQUALWEIGHT,20190522,13146.25,13189.75,13055.90,13147.75,651781719,0
NIFTY100LOWVOL30,20190522,8757.30,8789.60,8710.25,8757.00,115092607,0
NSEDEFTY,20190522,-,-,-,5838.00,-,0
NIFTY50DIVPOINT,20190522,14.91,14.91,14.91,14.91,-,0
NIFTYDIVOPPS50,20190522,2657.50,2662.00,2644.25,2654.25,198166665,0
NIFTYALPHA50,20190522,12167.00,12171.80,12067.30,12151.15,97810062,0
NIFTY50ARBITRAGE,20190522,-,-,-,1811.07,-,0
NIFTY50FUTINDEX,20190522,-,-,-,4077.96,-,0
NIFTY50FUTTRINDEX,20190522,-,-,-,11790.91,-,0
NIFTYHIGHBETA50,20190522,-,-,-,1579.37,503636460,0
NIFTYLOWVOL50,20190522,-,-,-,10176.31,140711991,0
NIFTY200QUALITY30,20190522,-,-,-,9609.80,-,0
NIFTY50VALUE20,20190522,5439.35,5449.75,5411.20,5425.50,162502824,0
NIFTYGROWSECT15,20190522,6060.90,6096.30,6008.60,6073.10,100499781,0
NIFTY50TR2XLEV,20190522,6555.80,6618.80,6506.10,6566.85,-,0
NIFTY50PR2XLEV,20190522,5134.40,5183.85,5095.40,5143.10,-,0
NIFTY50TR1XINV,20190522,346.15,347.45,344.45,345.85,-,0
NIFTY50PR1XINV,20190522,391.10,392.60,389.20,390.75,-,0
NIFTY-GS-COMPSITE,20190522,1914.97,1917.03,1914.36,1918.98,-,0
NIFTY-GS-4-8YR,20190522,2002.71,2004.91,2002.42,2006.34,-,0
NIFTY-GS-8-13YR,20190522,1877.00,1878.54,1876.22,1879.67,-,0
NIFTY-GS-10YR,20190522,1731.37,1734.68,1730.95,1736.54,-,0
NIFTY-GS-10YR-CLN,20190522,910.03,911.81,909.80,912.82,-,0
NIFTY-GS-11-15YR,20190522,1977.27,1980.11,1976.57,1983.80,-,0
NIFTY-GS-15YRPLUS,20190522,2127.03,2130.28,2127.03,2131.71,-,0
VIX,20190522,25.65,30.18,19.04,27.63,0,0
