20MICRONS,20190124,41.3,41.3,39.6,39.75,17041
21STCENMGM,20190124,22.1,22.1,21.75,21.75,385
3IINFOTECH,20190124,3.6,3.6,3.5,3.5,1186190
3MINDIA,20190124,20782.95,20790,20500,20585.8,276
3PLAND,20190124,11,11.75,10.95,11,2215
5PAISA,20190124,259.9,259.9,240.6,255.7,4307
63MOONS,20190124,90.5,90.65,86.4,87.35,176588
8KMILES,20190124,138.2,138.2,130.1,131.7,200564
A2ZINFRA,20190124,12.25,12.25,11.1,11.4,355936
AARTIDRUGS,20190124,608.15,608.15,600,601.75,6200
AARTIIND,20190124,1540,1569.8,1531,1557.3,49888
AARVEEDEN,20190124,25.95,25.95,25,25.15,6894
AAVAS,20190124,849.05,859.85,845.9,854.5,3740
ABAN,20190124,70.4,73.1,69.75,71.55,486038
ABB,20190124,1298.35,1298.6,1250,1258.35,144809
ABBOTINDIA,20190124,8205.05,8255,8165.2,8242.6,1897
ABCAPITAL,20190124,88.5,89.9,87.7,89.45,1293180
ABFRL,20190124,203.25,204.5,200.85,202.95,1182826
ABMINTLTD,20190124,16.45,16.45,16.45,16.45,61
ACC,20190124,1432.9,1440,1410.1,1419.7,343178
ACCELYA,20190124,927.7,933.8,905.1,918.85,2437
ACE,20190124,91.7,91.85,88.5,88.9,101033
ADANIENT,20190124,143,144.05,141.1,142.55,1678843
ADANIGAS,20190124,97.25,100,95.95,99.45,715971
ADANIGREEN,20190124,37.7,38.2,37,37.35,119053
ADANIPORTS,20190124,386,386.5,377.6,380.95,3633336
ADANIPOWER,20190124,51.6,52.7,51.4,52.1,9678975
ADANITRANS,20190124,204,211.45,202,202.95,610057
ADFFOODS,20190124,258.25,259.3,254,254.95,10624
ADHUNIK,20190124,2.2,2.3,2.2,2.25,26127
ADHUNIKIND,20190124,46.5,48,43,44.95,27741
ADLABS,20190124,9.4,9.7,9.15,9.7,233587
ADORWELD,20190124,364.95,364.95,355,356.1,7565
ADROITINFO,20190124,19.1,19.1,16.3,17.55,3473
ADSL,20190124,13.65,13.65,12.8,13.2,34392
ADVANIHOTR,20190124,73.4,74.5,72.5,72.75,13083
ADVENZYMES,20190124,161.3,163,157.6,159.9,67241
AEGISCHEM,20190124,197,200,193.5,194.8,102711
AGARIND,20190124,167.05,175.05,166,170.85,678
AGCNET,20190124,114.3,116,113,114.8,9971
AGLSL,20190124,68.05,69.95,67.9,68.05,32536
AGRITECH,20190124,60.9,60.9,58,58.05,4991
AHLEAST,20190124,244.8,253.9,244,244.6,881
AHLUCONT,20190124,293.1,297.9,288.3,290.15,5091
AHLWEST,20190124,303.95,303.95,302.95,302.95,84
AIAENG,20190124,1639.4,1662.4,1620.7,1627.55,76062
AIFL,20190124,21.95,21.95,20.25,20.25,92204
AIONJSW,20190124,37.2,37.75,37.05,37.1,20927
AJANTPHARM,20190124,1171,1176.45,1152.4,1164.65,153019
AJMERA,20190124,178.05,186.95,178.05,185.8,697924
AKSHARCHEM,20190124,430.15,431.35,415.05,417.25,1709
AKSHOPTFBR,20190124,23,23.1,22.6,22.65,335863
AKZOINDIA,20190124,1725.25,1745,1725,1725.2,1365
ALANKIT,20190124,28.2,28.7,27.85,28.05,642883
ALBERTDAVD,20190124,382.1,389.85,382,384.35,1548
ALBK,20190124,41.7,43.3,41.6,43.15,3527376
ALCHEM,20190124,2.7,2.75,2.65,2.75,3216
ALEMBICLTD,20190124,43,43.2,42,42.25,272512
ALICON,20190124,566,589.75,557.85,586.9,5141
ALKALI,20190124,53,53,50.25,50.8,7726
ALKEM,20190124,1866.5,1909.9,1866.5,1900.65,10897
ALKYLAMINE,20190124,834.5,834.5,801,811.3,4640
ALLCARGO,20190124,109.05,109.25,106.3,107.45,56321
ALLSEC,20190124,184.95,184.95,165,167.7,32164
ALMONDZ,20190124,24.25,26.35,24.25,25.6,1767
ALOKTEXT,20190124,3.9,3.95,3.7,3.75,2273444
ALPA,20190124,29.6,29.9,27.5,28.05,30392
ALPHAGEO,20190124,454.85,470.95,449.95,466.85,4536
AMARAJABAT,20190124,782.05,784.1,771.05,776.4,228537
AMBER,20190124,860,866.75,844,845.95,2786
AMBIKCO,20190124,1143.15,1149.65,1135.2,1141.75,1668
AMBUJACEM,20190124,213.8,213.8,208.75,211.2,1682064
AMDIND,20190124,24.65,24.95,24.5,24.95,2893
AMJLAND,20190124,21.95,22.55,21.8,22.15,6329
AMRUTANJAN,20190124,310.05,335,308.05,319.6,180882
ANANTRAJ,20190124,34.15,34.85,34,34.15,184546
ANDHRABANK,20190124,27.3,27.3,26.75,26.95,463132
ANDHRACEMT,20190124,5.15,5.25,4.95,4.95,130225
ANDHRSUGAR,20190124,314.05,314.75,309.05,311.3,16196
ANGIND,20190124,1,1.05,1,1,33294
ANIKINDS,20190124,21.5,21.5,21,21.25,2011
ANKITMETAL,20190124,0.45,0.55,0.45,0.45,76712
ANSALAPI,20190124,12.65,12.9,12.3,12.55,118247
ANSALHSG,20190124,12.35,13.1,12.35,12.7,129775
ANTGRAPHIC,20190124,0.5,0.5,0.45,0.5,79517
APARINDS,20190124,622.4,632,615,615.55,2772
APCL,20190124,120.3,124.8,118,119.1,3515
APCOTEXIND,20190124,515,517.25,489.3,494.25,8917
APEX,20190124,333.2,338.4,320,321,49992
APLAPOLLO,20190124,1130.2,1140.4,1110,1125.35,6601
APLLTD,20190124,594.9,595.7,586,588.55,25002
APOLLO,20190124,126,126.9,121.1,123.25,43076
APOLLOHOSP,20190124,1310,1339.75,1294.2,1314.65,831256
APOLLOTYRE,20190124,218.8,219.05,216,216.8,802132
APOLSINHOT,20190124,972,980,960,963,192
APTECHT,20190124,192,192.4,184,185.95,353438
ARCHIDPLY,20190124,40.05,41,39.2,40,9497
ARCHIES,20190124,30.1,31,29.6,29.8,157303
ARCOTECH,20190124,6.85,6.95,6.55,6.9,57332
ARIES,20190124,92,94.05,92,92.45,18015
ARIHANT,20190124,36,36,33.05,33.9,1948
ARIHANTSUP,20190124,54,55,51.5,52,28822
ARMANFIN,20190124,387,395,368,380.6,1434
AROGRANITE,20190124,52.15,52.95,52.05,52.85,6553
ARROWGREEN,20190124,109.8,110.75,100.8,104.35,11817
ARROWTEX,20190124,20.25,20.5,16.2,16.45,180016
ARSHIYA,20190124,30.85,31.5,30.7,31,68149
ARSSINFRA,20190124,33.8,35,32.45,32.55,6697
ARVIND,20190124,91.3,91.3,89.15,89.55,1018072
ARVSMART,20190124,123.55,123.9,120,120.3,14471
ASAHIINDIA,20190124,256.3,258,255.35,257.4,5837
ASAHISONG,20190124,215.95,224,207.2,207.9,2902
ASAL,20190124,61,63.6,59.75,60.15,14025
ASHAPURMIN,20190124,27.95,28.4,27.55,27.65,26989
ASHIANA,20190124,113.45,115,112.05,113,16726
ASHIMASYN,20190124,15.35,15.6,15,15.05,37750
ASHOKA,20190124,123.5,123.9,120,120.95,60196
ASHOKLEY,20190124,89.15,89.25,84.5,84.8,31366207
ASIANHOTNR,20190124,150.9,150.95,148.05,149.05,1237
ASIANPAINT,20190124,1400,1413.5,1396.5,1401.85,1562800
ASIANTILES,20190124,147,149.6,144,147.5,39882
ASPINWALL,20190124,162.95,163,159.35,163,108
ASSAMCO,20190124,2,2,1.9,1.9,190778
ASTEC,20190124,514.15,522,512.25,518.75,18630
ASTERDM,20190124,162.5,163.65,158.05,159.55,55569
ASTRAL,20190124,1058.25,1068,1050,1055.35,12605
ASTRAMICRO,20190124,81,82,79.5,80.25,71008
ASTRAZEN,20190124,1652.9,1652.9,1601,1612.35,3125
ASTRON,20190124,119.2,119.2,116.05,116.75,93273
ATFL,20190124,600.7,611,600.05,609.8,5580
ATLANTA,20190124,19.8,21,19.8,20.7,110330
ATLASCYCLE,20190124,77.95,77.95,75.5,77,130
ATUL,20190124,3554.95,3555,3510,3526.7,2240
ATULAUTO,20190124,324.05,325,311,314.05,18904
AUBANK,20190124,595,597.85,586.05,588.15,85024
AURIONPRO,20190124,120,128.7,116.3,126,38889
AUROPHARMA,20190124,785,795.7,779.3,788.8,1853657
AUSOMENT,20190124,40.1,41.9,39.2,40.05,3334
AUTOAXLES,20190124,1177.05,1196.65,1151,1161.75,9418
AUTOIND,20190124,63.45,64.6,60.75,61.45,15781
AUTOLITIND,20190124,39.5,39.55,38.2,38.25,2622
AVADHSUGAR,20190124,372,383.7,370.05,373,15841
AVANTIFEED,20190124,364,365.55,355.55,357.65,103051
AVTNPL,20190124,25.7,26.2,25.3,25.5,27053
AXISBANK,20190124,665,665.55,655,663.65,7013582
AXISCADES,20190124,73.8,73.8,68.5,69,47248
AXISGOLD,20190124,2874,2874,2821.3,2829,58
AXISNIFTY,20190124,1099.91,1106.52,1099.9,1105.49,19
AYMSYNTEX,20190124,38.4,39.75,37.5,37.8,4704
BAFNAPHARM,20190124,11,11.2,10.65,10.65,9294
BAGFILMS,20190124,4.95,5,4.85,4.9,35670
BAJAJ-AUTO,20190124,2684,2684,2635,2651.65,183566
BAJAJCON,20190124,358.45,359.9,353.4,355.55,13913
BAJAJELEC,20190124,465.75,467,457,459.05,60074
BAJAJFINSV,20190124,6515,6517.5,6382.05,6407.3,108993
BAJAJHIND,20190124,8.8,8.85,8.65,8.7,1094755
BAJAJHLDNG,20190124,2971.95,2977,2931.65,2939.8,39805
BAJFINANCE,20190124,2639,2653.5,2603.1,2635.65,753856
BALAJITELE,20190124,88.6,94.9,86.55,91.15,152065
BALAMINES,20190124,492.6,497,476,479.85,11498
BALKRISHNA,20190124,44.35,44.95,43,43.6,7316
BALKRISIND,20190124,865.9,867.55,844.1,847.5,843210
BALLARPUR,20190124,4.1,4.15,3.95,3.95,781672
BALMLAWRIE,20190124,189,189.85,184,185.7,59886
BALPHARMA,20190124,79.7,79.7,78.55,78.6,4015
BALRAMCHIN,20190124,105.15,107.2,104.4,106.3,823914
BANARBEADS,20190124,45.5,45.55,45,45.1,1145
BANARISUG,20190124,1445,1500,1411.05,1442.85,568
BANCOINDIA,20190124,175.9,178.1,173.55,176.75,17566
BANDHANBNK,20190124,419,419.2,408.5,413.9,1169284
BANG,20190124,58.55,59.8,57.25,58.3,99604
BANKBARODA,20190124,112,114.8,111.45,113,13283892
BANKBEES,20190124,2780,2784,2762.45,2774.85,42348
BANKINDIA,20190124,97.05,97.95,96.35,97.3,5449282
BANSWRAS,20190124,81.45,81.45,78.35,78.6,596
BARTRONICS,20190124,6.9,6.9,6.5,6.55,21638
BASF,20190124,1465,1465.05,1391.5,1407.9,18573
BASML,20190124,200.05,200.05,191.5,193.65,552
BATAINDIA,20190124,1165.1,1167.75,1144.15,1152.85,334775
BAYERCROP,20190124,4291.45,4322.9,4222.55,4279,3296
BBL,20190124,1095.05,1108,1060,1064.6,9156
BBTC,20190124,1221.8,1239.75,1203.55,1209.35,234998
BCG,20190124,3.05,3.1,2.9,2.95,347154
BDL,20190124,273.6,279.55,268.1,269.85,11430
BEARDSELL,20190124,21,21,19.5,19.65,5289
BEDMUTHA,20190124,21.5,23.3,21.5,22.2,1737
BEL,20190124,83.95,84.3,82.4,82.8,4472876
BEML,20190124,881.9,886.7,866.5,870.75,957971
BEPL,20190124,73,74.7,70,71.15,356134
BERGEPAINT,20190124,320.5,324.5,319.7,322.75,863160
BFINVEST,20190124,234.8,235.4,226.25,228.2,64573
BFUTILITIE,20190124,206.75,209.35,203.2,205,264567
BGLOBAL,20190124,2.7,2.75,2.7,2.75,764
BGRENERGY,20190124,56.2,57.55,55.45,55.85,30266
BHAGERIA,20190124,261.55,264.7,255.3,256.3,15708
BHAGYANGR,20190124,35.4,35.4,34.25,34.95,9858
BHAGYAPROP,20190124,29.2,29.4,28.5,29.15,14561
BHANDARI,20190124,2,2,1.95,2,62791
BHARATFIN,20190124,956,956,940.25,947.75,222857
BHARATFORG,20190124,491,492.95,473.75,475.8,1023064
BHARATGEAR,20190124,174,174,166.65,167.75,12018
BHARATRAS,20190124,4224.35,4224.4,4040,4064.85,3203
BHARATWIRE,20190124,63.5,63.95,60.2,61.75,41433
BHARTIARTL,20190124,306.7,307.8,294.5,301.65,9363696
BHEL,20190124,69.25,70.1,68.65,69.05,6289323
BIGBLOC,20190124,31.3,32.15,29.1,30,6964
BIL,20190124,218.8,227.95,218.5,225.9,1487
BILENERGY,20190124,0.65,0.65,0.65,0.65,84930
BINANIIND,20190124,63.9,63.9,58.55,59.95,43253
BINDALAGRO,20190124,16.85,17,16,16.3,14137
BIOCON,20190124,673.7,673.7,665.25,670.1,1514939
BIOFILCHEM,20190124,6.6,6.8,6.3,6.7,466
BIRLACABLE,20190124,176.05,181,175.25,177.85,56629
BIRLACORPN,20190124,531.7,541.95,515.2,523.3,31382
BIRLAMONEY,20190124,50.7,50.7,48,48.3,27717
BKMINDST,20190124,7.4,7.4,7,7,14625
BLBLIMITED,20190124,5.6,5.6,5.2,5.25,10630
BLISSGVS,20190124,159,160.05,157.1,159.65,880686
BLKASHYAP,20190124,21.2,23,21.2,21.5,184086
BLS,20190124,115.9,118.65,115.9,116.65,43714
BLUEBLENDS,20190124,4.05,4.3,3.95,3.95,5030
BLUEDART,20190124,3050,3126.45,2970,2992.2,1873
BLUESTARCO,20190124,609,615.45,606.6,607.4,7599
BODALCHEM,20190124,109.55,109.9,105,105.65,150235
BOMDYEING,20190124,118.55,119.35,116.3,116.75,438909
BOROSIL,20190124,230.6,231.85,220.3,222.2,21020
BOSCHLTD,20190124,19093,19239.95,18960.1,19155.4,9082
BPCL,20190124,357.15,360.25,352.25,353.95,1647059
BPL,20190124,40.7,40.7,39.2,39.45,74265
BRFL,20190124,8.8,8.85,8.6,8.65,18569
BRIGADE,20190124,211,216.7,209.4,211.65,125043
BRITANNIA,20190124,3217,3225,3190.55,3216.85,148520
BRNL,20190124,88.05,88.95,84.3,84.3,30757
BROOKS,20190124,55.35,55.35,54,54.15,7849
BSE,20190124,592.05,593,589,591.5,31837
BSELINFRA,20190124,2,2.05,1.95,1.95,29031
BSL,20190124,45.2,48.85,45.15,46.55,9459
BSLGOLDETF,20190124,2981.05,3035,2960,2961.35,32
BSLNIFTY,20190124,116.25,116.25,114.05,114.12,166
BURNPUR,20190124,3.75,3.8,3.65,3.7,50751
BUTTERFLY,20190124,258,258.55,245.1,246.3,21842
BVCL,20190124,17.45,17.5,17.45,17.45,63
BYKE,20190124,50.7,52.1,49.5,49.95,59205
CADILAHC,20190124,342.1,347,341.3,346.1,545629
CALSOFT,20190124,19.05,19.85,18.8,19.85,8732
CAMLINFINE,20190124,51.45,52.7,51,51.25,66530
CANBK,20190124,260.5,263.8,257.45,262.3,3700424
CANDC,20190124,25.5,26.45,25.5,25.7,6574
CANFINHOME,20190124,264,266.75,252.2,254.6,1505981
CANTABIL,20190124,135.05,138.95,134.9,136.4,28866
CAPACITE,20190124,227,231,224.6,225.25,16404
CAPLIPOINT,20190124,384.85,390,380.1,381.2,11533
CAPTRUST,20190124,214,214,204,209.95,621
CARBORUNIV,20190124,361.25,365.05,358.1,360.35,23734
CAREERP,20190124,73.15,74.5,71.5,72.85,2671
CARERATING,20190124,999.85,1014.4,978.3,1007.55,504114
CASTEXTECH,20190124,1.15,1.15,1.05,1.05,210494
CASTROLIND,20190124,164.05,164.8,162,162.9,769103
CCCL,20190124,2.05,2.15,2.05,2.05,63671
CCHHL,20190124,7.15,7.3,7.05,7.1,17704
CCL,20190124,276.3,277.2,269.15,273.85,36909
CDSL,20190124,229.4,231.2,229,230.35,119679
CEATLTD,20190124,1219.65,1234.6,1212.05,1219.75,266821
CEBBCO,20190124,23,24.35,23,23.55,21478
CELEBRITY,20190124,9.6,9.65,9.3,9.35,7233
CELESTIAL,20190124,7.45,7.8,7.45,7.55,14802
CENTENKA,20190124,254.95,258.5,244,251.7,179378
CENTEXT,20190124,6.85,6.95,6.6,6.8,35028
CENTRALBK,20190124,33,33,32.25,32.5,128111
CENTRUM,20190124,33.45,34.35,33.45,33.6,34649
CENTUM,20190124,390.05,418,372.4,403.4,24425
CENTURYPLY,20190124,170,171.85,167.05,167.95,81070
CENTURYTEX,20190124,888,888,867.2,871.3,411896
CERA,20190124,2584.95,2599.95,2565.15,2576.65,2993
CEREBRAINT,20190124,29.35,29.45,28.75,29.05,194806
CESC,20190124,682,688.45,675.2,685.45,465373
CGCL,20190124,130.15,131.15,129.95,130.4,326011
CGPOWER,20190124,40.5,40.5,38.35,38.7,6363671
CHAMBLFERT,20190124,165.7,167.8,163.65,166.55,179874
CHEMFAB,20190124,147.9,150,140.65,141.2,10585
CHENNPETRO,20190124,261.05,265.4,257.25,262.9,327647
CHOLAFIN,20190124,1146.65,1167,1139.9,1159.45,252964
CHROMATIC,20190124,1.15,1.15,1.05,1.15,26736
CIGNITITEC,20190124,361.8,368.05,361,363.1,23854
CIMMCO,20190124,34.05,34.8,34,34.4,18523
CINELINE,20190124,45.3,46.6,44.7,44.95,17637
CINEVISTA,20190124,5.85,5.9,5.7,5.75,13425
CIPLA,20190124,510,510.7,496.1,500.7,1620195
CLEDUCATE,20190124,121,127.9,120,125.3,4917
CLNINDIA,20190124,401,402.15,395,396.15,6474
CMICABLES,20190124,135.7,135.7,130.05,131.15,15627
CNOVAPETRO,20190124,20.05,21.4,20.05,21.35,408
COALINDIA,20190124,225.7,226.25,223,223.85,2838220
COCHINSHIP,20190124,361.05,362.7,359.3,360.9,41708
COFFEEDAY,20190124,290.1,292.5,283.5,284.7,282669
COLPAL,20190124,1315.1,1330,1298.1,1321.9,1359904
COMPINFO,20190124,21.1,21.45,20,21.35,14305
COMPUSOFT,20190124,10.7,10.95,10.5,10.75,8810
CONCOR,20190124,664,665.55,658.7,664.05,305335
CONTROLPR,20190124,280.05,285.6,275,276.35,2686
CORALFINAC,20190124,15.1,15.5,14.85,14.85,15503
CORDSCABLE,20190124,62.05,64.85,62.05,63.25,9767
COROMANDEL,20190124,437,449.4,434.7,443.95,218705
CORPBANK,20190124,27.2,27.25,26.8,27,101800
COSMOFILMS,20190124,195,198.85,194.2,196.45,7768
COUNCODOS,20190124,2.2,2.3,2.2,2.2,13408
COX&KINGS,20190124,158,161,157.55,159.7,29871
CPSEETF,20190124,23.6,23.6,23.33,23.39,1382840
CREDITACC,20190124,387.95,396.9,387.95,389.8,22416
CREST,20190124,140,142.4,136.95,139.1,5590
CRISIL,20190124,1660,1660,1643,1647.65,5887
CRMFGETF,20190124,2950,2950,2950,2950,1
CROMPTON,20190124,218.55,223.65,211.2,218.75,662560
CTE,20190124,44,44,43,43.05,1473
CUB,20190124,187.8,190.9,186.25,190.05,902113
CUBEXTUB,20190124,15,15,14.3,14.5,1974
CUMMINSIND,20190124,823.75,832.65,815,824.7,290818
CUPID,20190124,133.1,134.9,130.1,130.5,32273
CURATECH,20190124,1,1,1,1,7998
CYBERMEDIA,20190124,6.55,7,6.55,6.85,2368
CYBERTECH,20190124,41.1,41.1,39.1,40.35,6351
CYIENT,20190124,597,601.4,589,592.05,78413
DAAWAT,20190124,38.8,38.8,38.1,38.2,457332
DABUR,20190124,429.4,433.8,427.4,430.4,1179389
DALBHARAT,20190124,948.15,948.15,948.15,948.15,110
DALMIASUG,20190124,98.5,101,98.5,100.45,85094
DAMODARIND,20190124,45,46.8,44.45,45.95,1575
DATAMATICS,20190124,107.25,108.45,106.5,106.8,20711
DBCORP,20190124,181,184.95,177.05,178.1,86377
DBL,20190124,359,359,344,346.2,257034
DBREALTY,20190124,26.75,28,26.2,27.05,87380
DBSTOCKBRO,20190124,8.35,8.35,8.35,8.35,20
DCAL,20190124,227.9,227.9,220.2,221.5,169435
DCBBANK,20190124,181.5,182.55,179.15,181.85,1008066
DCM,20190124,74.2,74.45,72,72.15,3355
DCMSHRIRAM,20190124,334.5,338,325.05,327.65,35952
DCW,20190124,16.25,16.75,16.25,16.5,63658
DECCANCE,20190124,390.95,404.9,390.15,399.55,482
DEEPAKFERT,20190124,113,113.9,104.25,106.1,1819269
DEEPAKNTR,20190124,227.25,228.75,217,219.35,228792
DEEPIND,20190124,118.7,119,116,116.6,11458
DELTACORP,20190124,239.3,239.3,234.7,236.3,434375
DELTAMAGNT,20190124,74.55,75,74.5,74.5,618
DEN,20190124,71.7,71.7,71.15,71.45,234227
DENABANK,20190124,12.9,12.95,12.8,12.85,674554
DENORA,20190124,264.85,274.5,243,249.95,12528
DFMFOODS,20190124,197.05,203,196.25,201,122282
DHAMPURSUG,20190124,168.5,172.7,167.85,170.3,292205
DHANBANK,20190124,16.8,16.8,16.3,16.5,209800
DHANUKA,20190124,411.35,412.45,394.8,403.55,10571
DHARSUGAR,20190124,11.7,11.9,11.5,11.55,1493
DHFL,20190124,210.8,210.8,202.9,207.65,4803404
DHUNINV,20190124,330.2,344.8,290.2,296.05,45111
DIAMONDYD,20190124,1025.05,1036.05,1021.55,1030.25,1935
DICIND,20190124,357.05,370,356.3,370,7259
DIGJAMLTD,20190124,4.5,4.7,4.5,4.6,49155
DISHTV,20190124,33.85,34.1,33,33.55,11807720
DIVISLAB,20190124,1508.3,1518,1489.6,1493.25,365424
DIXON,20190124,2250,2279,2250,2267.5,6502
DLF,20190124,177.9,183.7,176.65,177.75,5827123
DLINKINDIA,20190124,75.95,78.25,75,77.8,15729
DMART,20190124,1400,1400.9,1375,1391.55,338685
DNAMEDIA,20190124,5.6,6.05,5.6,6.05,17910
DOLLAR,20190124,288.05,290,285.25,287.65,3270
DOLPHINOFF,20190124,48.7,50.2,48.55,49.65,40543
DONEAR,20190124,41.4,43.45,41.15,41.55,82286
DPSCLTD,20190124,12.6,13.45,12.6,12.95,1244
DQE,20190124,7.5,7.6,6.7,7.05,3436
DREDGECORP,20190124,425.45,435.5,417.2,420.25,244641
DRREDDY,20190124,2642.05,2674.7,2642.05,2668.45,611565
DSSL,20190124,33.6,34.9,33.1,33.55,7469
DTIL,20190124,243.25,243.95,238.05,239,209
DUCON,20190124,11.4,11.4,10.65,10.7,73953
DVL,20190124,109,109,105,106.15,20516
DWARKESH,20190124,23.9,24.25,23.2,23.45,183419
DYNAMATECH,20190124,1450,1474.05,1425,1440,468
DYNPRO,20190124,122.7,122.7,118.75,120.1,735
EASTSILK,20190124,2.3,2.3,2.2,2.3,10981
EASUNREYRL,20190124,9.4,10.2,9.4,9.45,94030
ECEIND,20190124,220,220,219.95,220,235
ECLERX,20190124,1080,1080,1059.1,1071.3,6428
EDELWEISS,20190124,160.7,161.95,150,151.75,2478727
EDL,20190124,8.6,8.8,8.6,8.7,1780
EICHERMOT,20190124,20150,20330,20075,20115.6,45723
EIDPARRY,20190124,203.4,207,201.7,202.75,175317
EIHAHOTELS,20190124,375.1,377.25,365.3,366.2,1243
EIHOTEL,20190124,178.5,181.05,178.5,179.9,27685
EIMCOELECO,20190124,372.75,372.75,363,364.5,421
EKC,20190124,30.5,30.75,29.6,29.95,81196
ELAND,20190124,5.7,6.15,5.7,5.75,519
ELECON,20190124,67.5,67.95,66.55,66.7,26331
ELECTCAST,20190124,21.25,21.45,21,21.35,82715
ELECTHERM,20190124,146,147.95,145,146.1,3030
ELGIEQUIP,20190124,249,254.95,249,250.1,50671
ELGIRUBCO,20190124,25.4,25.6,24.6,24.9,4584
EMAMILTD,20190124,421,421.2,413.1,418.8,63993
EMAMIREAL,20190124,140,140,130,132.85,20874
EMCO,20190124,5.95,6.1,5.65,5.7,77236
EMKAY,20190124,98.55,99.4,95,96.2,9477
EMMBI,20190124,120.85,121.5,117.8,117.9,3764
ENDURANCE,20190124,1160.25,1163.5,1141.15,1146.65,11113
ENERGYDEV,20190124,10.5,10.5,10.1,10.15,22450
ENGINERSIN,20190124,117,118.4,116.2,117.2,1269245
ENIL,20190124,581.55,584.05,571.05,579.2,2036
EON,20190124,42.2,43.2,42.1,42.45,5953
EQ30,20190124,293.6,293.6,275,275,77
EQUITAS,20190124,119.4,123.9,118.9,120.75,3666921
ERIS,20190124,679.25,680.5,661.5,669,30252
EROSMEDIA,20190124,82.45,82.45,79.65,80.65,127314
ESABINDIA,20190124,873.9,885.95,855.25,863.15,1918
ESCORTS,20190124,729,729.95,713.65,715.55,1410155
ESSARSHPNG,20190124,12.4,12.45,11.95,12.2,2421
ESSDEE,20190124,16.3,16.35,15.95,16.35,13929
ESSELPACK,20190124,115,117.7,114,116.9,121553
ESTER,20190124,31.85,32.35,31.5,31.55,15649
EUROCERA,20190124,1.5,1.5,1.5,1.5,15037
EUROMULTI,20190124,0.95,0.95,0.9,0.9,838
EUROTEXIND,20190124,18.3,18.3,18.3,18.3,100
EVEREADY,20190124,218.2,224,216.3,217.35,74545
EVERESTIND,20190124,469.95,471.85,437.95,441.1,80083
EXCEL,20190124,2.45,2.45,2.4,2.4,137631
EXCELCROP,20190124,3392.55,3392.55,3199,3209.7,2590
EXCELINDUS,20190124,1075,1075,1018.75,1018.75,22155
EXIDEIND,20190124,241,242.8,232.05,233.2,2153736
FACT,20190124,41.5,41.5,40.15,40.35,47769
FAIRCHEM,20190124,331.45,339.15,331.45,336.7,1753
FCL,20190124,38.9,42.6,38.6,40.9,484045
FCONSUMER,20190124,40.55,40.75,39.85,40.05,745512
FCSSOFT,20190124,0.2,0.25,0.2,0.2,158853
FDC,20190124,164,168.8,164,164.6,39341
FEDERALBNK,20190124,88.55,89.8,88.15,88.9,6256146
FEL,20190124,34.45,34.6,34,34.2,168408
FELDVR,20190124,34.25,34.3,33.75,34.1,1095
FIEMIND,20190124,501.7,501.7,490.7,497,7300
FILATEX,20190124,52.8,55.25,52.75,54.8,185964
FINCABLES,20190124,420,428.9,416.45,423.45,22154
FINEORG,20190124,1168.05,1171.25,1141,1148.2,2977
FINPIPE,20190124,530.35,536,530,530.5,8171
FLEXITUFF,20190124,59.7,59.7,54.5,59.25,12743
FLFL,20190124,413.9,425,412,413.45,13440
FMGOETZE,20190124,510,510,493.2,493.75,2542
FMNL,20190124,53.5,53.5,51,51.85,17575
FORTIS,20190124,135.35,136.85,135.35,136.35,599598
FOSECOIND,20190124,1653.95,1653.95,1552.55,1566.85,3494
FRETAIL,20190124,442.85,444.7,431.65,441.15,714548
FSC,20190124,659.5,660,645,657,1221
FSL,20190124,49.5,49.5,48.45,48.9,1707912
GABRIEL,20190124,146.3,149.9,144.6,146.1,93837
GAEL,20190124,209.3,217,209.3,215.4,23459
GAIL,20190124,333.9,334.8,330.55,333.6,3384646
GAL,20190124,6.25,6.25,5.8,6.1,22432
GALAXYSURF,20190124,1120.05,1133.85,1115,1119.25,1223
GALLANTT,20190124,53,54.9,52.4,52.8,5403
GALLISPAT,20190124,40,40.2,37.05,38.1,99053
GAMMNINFRA,20190124,0.7,0.75,0.65,0.7,693178
GANDHITUBE,20190124,369.9,370,362.6,362.7,3955
GANECOS,20190124,281.85,289.95,278,281.4,4789
GANESHHOUC,20190124,63.5,63.8,61.5,61.75,17404
GANGESSECU,20190124,48.4,48.4,46.1,47.95,2513
GARDENSILK,20190124,23.5,24.1,23.1,23.2,21516
GARFIBRES,20190124,1181,1181,1103.6,1125.35,2633
GATI,20190124,78.45,78.45,75,76.4,276065
GAYAHWS,20190124,0.95,1,0.95,0.95,22698
GAYAPROJ,20190124,170,170.15,165,167.1,68674
GDL,20190124,107,107,99.2,100,160918
GEECEE,20190124,121.1,121.25,119.05,119.2,816
GENESYS,20190124,137.75,143.7,137.5,138.5,11186
GENUSPAPER,20190124,9.25,9.55,9.1,9.25,361437
GENUSPOWER,20190124,32.05,32.2,30.1,31.4,349089
GEOJITFSL,20190124,41.8,41.8,41,41.25,46095
GEPIL,20190124,805.1,818,797.1,812.7,4818
GESHIP,20190124,295.45,295.45,284.25,291.05,51863
GET&D,20190124,307.95,307.95,292.1,295.7,23108
GHCL,20190124,257,260.45,253.2,254.25,45597
GICHSGFIN,20190124,249,249,233.75,235.5,60647
GICRE,20190124,248.45,256,247.7,250,27942
GILLANDERS,20190124,57.2,57.5,57.2,57.5,100
GILLETTE,20190124,6520,6520,6471.55,6499.3,2805
GINNIFILA,20190124,16.9,16.9,16.1,16.2,33124
GIPCL,20190124,77,77,75.75,76,21080
GKWLIMITED,20190124,877.2,890.05,875,887.25,208
GLAXO,20190124,1405,1421,1398,1406.25,7663
GLENMARK,20190124,653.95,658,641.7,649.75,523889
GLOBALVECT,20190124,62,62,59.2,61.25,2429
GLOBOFFS,20190124,13.35,13.7,12.7,13.35,16015
GLOBUSSPR,20190124,149,164,147.6,154.3,161168
GMBREW,20190124,540,544,534.2,536.85,22782
GMDCLTD,20190124,84.15,85,83.95,84.7,28028
GMMPFAUDLR,20190124,1120.8,1129.5,1083,1092.9,4446
GMRINFRA,20190124,16.15,16.25,15.85,15.95,6695516
GNA,20190124,345.05,345.2,335.2,336.5,17325
GNFC,20190124,342.4,345.4,335.25,336.95,312675
GOACARBON,20190124,495.05,498,475,478.1,54218
GOCLCORP,20190124,263,268.8,252.05,257.05,5543
GODFRYPHLP,20190124,950,963,938.55,958.25,142196
GODREJAGRO,20190124,504,505,498.25,499.85,29596
GODREJCP,20190124,792.95,795,776.15,790.6,506573
GODREJIND,20190124,523.5,526.05,515.05,522.45,218111
GODREJPROP,20190124,718.1,748,715.75,742.45,212753
GOKEX,20190124,72.9,72.9,69,70.05,53903
GOKUL,20190124,15.45,17,15.45,16.35,63581
GOKULAGRO,20190124,15.75,16.8,15.5,16.35,60215
GOLDBEES,20190124,2870,2870,2856.3,2858.65,5202
GOLDENTOBC,20190124,49.65,49.65,49.65,49.65,3835
GOLDIAM,20190124,83,83,80,80.85,8724
GOLDSHARE,20190124,2890,2893.7,2874,2887.7,518
GOLDTECH,20190124,14,14.4,13.7,13.75,26087
GOODLUCK,20190124,71.15,74,70,72.3,7728
GPIL,20190124,208.5,210.55,191.45,199.5,194825
GPPL,20190124,88.8,88.95,86.5,87.75,65309
GPTINFRA,20190124,54.2,55.95,52.25,54.4,1927
GRANULES,20190124,94.7,98.1,93.2,96.3,3701722
GRAPHITE,20190124,678.45,678.7,616.35,623.4,2400623
GRASIM,20190124,782,793,778,785.8,1009447
GRAVITA,20190124,67.05,68.4,65,65.75,18767
GREAVESCOT,20190124,119.25,120.8,119,120.35,193404
GREENLAM,20190124,846.95,883.9,835.2,872.9,4569
GREENPLY,20190124,136.4,137.45,129.15,134.25,109189
GREENPOWER,20190124,6,6.1,5.65,5.7,234820
GRINDWELL,20190124,569.05,574.5,562.25,569.95,66552
GROBTEA,20190124,578,596,542.8,586.25,1192
GRPLTD,20190124,1005,1009.9,985,985.85,163
GRSE,20190124,91.8,91.85,89.1,89.3,3578
GRUH,20190124,228,228,221,223.2,654959
GSCLCEMENT,20190124,24,24,23.25,23.35,11002
GSFC,20190124,105.9,106.4,104.2,105.35,898523
GSKCONS,20190124,7285.8,7329,7245,7255.35,9334
GSPL,20190124,181.3,181.3,178,179.7,293814
GSS,20190124,122,128.4,115.6,116.75,628183
GTL,20190124,6.1,6.3,6,6,42965
GTLINFRA,20190124,1.3,1.3,1.3,1.3,178978
GTNIND,20190124,8.9,9.2,8.9,9.2,560
GTNTEX,20190124,10.7,10.7,10.7,10.7,100
GTPL,20190124,82.15,82.3,81,81.15,22440
GUFICBIO,20190124,87,88,84.5,86.95,48013
GUJALKALI,20190124,518,518.3,509,510.85,28891
GUJAPOLLO,20190124,159.85,164,159.8,161.9,1619
GUJFLUORO,20190124,878.6,889.9,878.6,887.05,25192
GUJGASLTD,20190124,129.2,131.5,126,126.5,94909
GULFOILLUB,20190124,887.45,887.45,832.6,855.55,4905
GULFPETRO,20190124,58.65,59.65,57.85,58.2,8419
GULPOLY,20190124,65.3,66.5,64.65,64.85,10212
GVKPIL,20190124,6.9,7,6.85,6.95,811160
HAL,20190124,752.75,758.95,747,747.9,6707
HARITASEAT,20190124,516,517,510,515.15,1963
HARRMALAYA,20190124,80,82,79.05,79.3,50982
HATHWAY,20190124,31.9,31.95,31.75,31.9,3295603
HATSUN,20190124,699,707.95,698.75,706.2,5602
HAVELLS,20190124,696.2,707.5,695.6,702.6,1172488
HAVISHA,20190124,0.6,0.6,0.6,0.6,979
HBLPOWER,20190124,26.6,26.95,26.35,26.55,58099
HBSL,20190124,7.9,8.3,7.75,8.15,621
HCC,20190124,13.35,13.45,13.1,13.25,2606977
HCG,20190124,194.3,196.05,194.3,195.1,2577
HCL-INSYS,20190124,21.95,21.95,19.85,20.95,1251660
HCLTECH,20190124,944.9,953.7,939.25,946.45,1477391
HDFC,20190124,1960,1976,1942.15,1971.1,2194496
HDFCAMC,20190124,1455.05,1467,1446.85,1456,48416
HDFCBANK,20190124,2110,2121.65,2097.9,2102.25,2527893
HDFCLIFE,20190124,371.2,374.4,360.1,361.2,1229942
HDFCMFGETF,20190124,2934.7,2939.95,2928,2933.15,827
HDFCNIFETF,20190124,1120,1125.95,1116.8,1125.26,309
HDFCSENETF,20190124,3781.12,3796.77,3774.77,3792.77,33
HDIL,20190124,27.4,27.7,26.75,27.45,4301829
HEG,20190124,3281,3305,2990,3006.1,534867
HEIDELBERG,20190124,146.55,149.95,146.55,148.7,21392
HERCULES,20190124,112.15,112.55,107.5,108.85,15399
HERITGFOOD,20190124,518.45,521.45,505.25,518.25,45606
HEROMOTOCO,20190124,2795,2828,2780.05,2790.2,240737
HESTERBIO,20190124,1131,1139.9,1121.1,1124.8,749
HEXATRADEX,20190124,21.8,23.45,21.8,21.85,7746
HEXAWARE,20190124,333.5,333.55,325.4,326.35,1147157
HFCL,20190124,22.55,22.7,22.05,22.3,1938246
HGINFRA,20190124,202,206,201,204.15,63135
HGS,20190124,640.05,646.8,639.9,642.3,4035
HIGHGROUND,20190124,8.8,9,8.7,8.8,6743
HIKAL,20190124,152.75,154.6,150,151.15,73318
HIL,20190124,1936,1950,1926.05,1936.05,3666
HILTON,20190124,20.05,20.85,19.35,19.95,8102
HIMATSEIDE,20190124,213.7,213.7,211.5,212.5,13319
HINDALCO,20190124,206,206.2,203.25,205.05,3917176
HINDCOMPOS,20190124,266,271,264.75,265.3,3182
HINDCOPPER,20190124,47.6,47.9,47,47.2,283628
HINDMOTORS,20190124,7.8,7.95,7.75,7.8,39070
HINDNATGLS,20190124,110.95,111,103,103.85,14333
HINDOILEXP,20190124,118.95,120,116.75,117.4,231433
HINDPETRO,20190124,242,245.5,241.25,243.1,4653823
HINDUJAVEN,20190124,395.9,395.9,384,388.7,550
HINDUNILVR,20190124,1766.8,1784.05,1756.7,1759.5,1350870
HINDZINC,20190124,259.5,264.6,257.15,257.95,359501
HIRECT,20190124,112.8,114.95,109.35,110.15,8375
HISARMETAL,20190124,42.5,42.95,41.2,42.1,2705
HITECH,20190124,192.05,210,192.05,205.6,19341
HITECHCORP,20190124,114.05,115.75,113.15,113.65,555
HITECHGEAR,20190124,319.35,323.85,317.05,320.6,758
HMVL,20190124,120.7,125.45,116.35,119.95,14200
HNGSNGBEES,20190124,3115,3159.95,3115,3159.95,7
HONAUT,20190124,22230,22230,21647.9,21797.9,1186
HONDAPOWER,20190124,1110.3,1128,1093.5,1106.1,1222
HOTELEELA,20190124,15,15.05,14.85,14.9,78744
HOVS,20190124,174,174,166.65,167.5,7130
HPL,20190124,58.45,59.25,57.3,57.55,16512
HSCL,20190124,130.05,131.6,130,131,346327
HSIL,20190124,228.8,236.3,228.8,234.55,41372
HTMEDIA,20190124,42.1,43.1,41.5,41.85,91334
HUBTOWN,20190124,39.6,41.7,39.6,40.1,26799
HUDCO,20190124,44.25,44.85,42.85,43.25,741758
IBREALEST,20190124,83.4,85.2,82.35,84.05,2307843
IBULHSGFIN,20190124,782,786.8,765.65,773.5,3186834
IBULISL,20190124,324.7,333,318.1,322.9,50160
IBVENTURES,20190124,362.85,364.95,357.8,361.35,174283
ICICI500,20190124,149.96,149.96,144.09,144.14,478
ICICIB22,20190124,34.54,34.8,34.4,34.45,94554
ICICIBANK,20190124,366.6,368.5,361.75,364.8,17521254
ICICIGI,20190124,835,854.75,828.6,848.4,80295
ICICIGOLD,20190124,29.4,29.5,29.1,29.25,3755
ICICILIQ,20190124,999.99,1000,999.99,999.99,1410
ICICILOVOL,20190124,86,86.37,85.87,85.91,371
ICICIMCAP,20190124,65.89,65.89,65.43,65.6,41132
ICICINF100,20190124,117.31,117.31,117,117,1131
ICICINIFTY,20190124,112.5,113.65,112.39,112.95,25109
ICICINV20,20190124,54,54,53.22,53.37,2669
ICICINXT50,20190124,28.4,28.4,27.28,27.28,6920
ICICIPRULI,20190124,307.5,310.35,301.6,303.8,3408688
ICICISENSX,20190124,390,399,380,381.78,31
ICIL,20190124,50.85,50.9,49.2,49.9,87276
ICRA,20190124,3188.5,3188.5,3055,3092.25,580
IDBI,20190124,57.3,57.9,54.9,56.05,4180297
IDBIGOLD,20190124,3072,3072,3002.6,3004.25,91
IDEA,20190124,34.45,35.2,33.25,34.05,33984041
IDFC,20190124,42.6,42.75,42.2,42.45,1053049
IDFCFIRSTB,20190124,47.25,47.75,46.75,47.1,8296185
IDFNIFTYET,20190124,109.95,109.95,106.72,107.07,206
IEX,20190124,159,161.3,159,160,112155
IFBAGRO,20190124,596.15,602.1,586.05,599.3,2981
IFBIND,20190124,835.05,890.05,829.95,863.25,8272
IFCI,20190124,14.1,14.2,13.85,13.95,2656980
IFGLEXPOR,20190124,234,251.25,234,237.55,1738
IGARASHI,20190124,535.35,535.35,521.15,525.15,5446
IGL,20190124,286.5,288.6,281.6,282.9,950999
IGPL,20190124,380,380,325.05,329.4,190931
IIFL,20190124,427.85,459,427.85,448.6,300722
IITL,20190124,66,67.4,65.55,66.6,4
IL&FSENGG,20190124,13.75,13.75,13,13,16094
IL&FSTRANS,20190124,9.85,10.25,9.35,9.35,950212
IMFA,20190124,231.05,232.45,224.75,225.4,17535
IMPAL,20190124,885,885,860,863.25,317
IMPEXFERRO,20190124,0.35,0.35,0.3,0.3,5133
INDBANK,20190124,9.95,10.35,9.9,10.05,5106
INDHOTEL,20190124,136.85,137.45,135,135.65,708564
INDIACEM,20190124,84,84.45,83.3,83.7,1868534
INDIAGLYCO,20190124,305.7,307.8,290.7,292.05,127741
INDIANB,20190124,249,258,247.7,255.95,1644817
INDIANCARD,20190124,100.1,103.2,100.1,102.1,316
INDIANHUME,20190124,335.3,340.1,320,325.75,23664
INDIGO,20190124,1072.1,1189,1072.1,1178.55,9697495
INDLMETER,20190124,43.5,46.35,43,43.2,9515
INDNIPPON,20190124,410.05,417.85,405,414.9,1766
INDOCO,20190124,207,207,198.4,202.95,56966
INDORAMA,20190124,35,35,33.85,34.1,42689
INDOSOLAR,20190124,2.2,2.2,2.1,2.15,44855
INDOSTAR,20190124,333,333,326.5,328.75,8371
INDOTECH,20190124,117.05,117.25,110.2,111.1,6171
INDOTHAI,20190124,28.55,29.6,27.65,28.65,43028
INDOWIND,20190124,5.6,5.8,5.1,5.2,108271
INDRAMEDCO,20190124,38.75,39,38.4,38.55,17674
INDSWFTLAB,20190124,42.15,47.4,42.15,47.4,19726
INDSWFTLTD,20190124,6.1,6.2,6,6.1,15354
INDTERRAIN,20190124,131.05,137,130,132.25,8652
INDUSINDBK,20190124,1492.2,1500,1478.5,1490.3,1088512
INEOSSTYRO,20190124,671.95,675.55,660.05,661.4,1727
INFIBEAM,20190124,43.25,46.6,42.75,45.35,11707332
INFRABEES,20190124,313,314.6,305.04,307.02,42
INFRATEL,20190124,282,283.15,261.2,263,11122963
INFY,20190124,728.1,736.1,721,732,7429783
INGERRAND,20190124,593.35,598.6,581.3,596.55,11724
INOXLEISUR,20190124,248,251.05,245,248.05,18320
INOXWIND,20190124,73.9,73.9,70.5,71.6,26945
INSECTICID,20190124,634,634.35,607,619.4,22333
INSPIRISYS,20190124,56.95,56.95,56,56,939
INTELLECT,20190124,209.25,216.5,208.6,212.35,172656
INTENTECH,20190124,38,39,37.2,38.05,13366
INVENTURE,20190124,14.5,14.7,14.05,14.05,6934
IOB,20190124,14.15,14.15,13.85,13.9,253356
IOC,20190124,136.25,138.2,136.1,136.8,6161313
IOLCP,20190124,216,221.5,214.1,217.15,535443
IPAPPM,20190124,441.75,445.4,430.6,432.1,40195
IPCALAB,20190124,778.35,790,775.15,784.35,87845
IRB,20190124,147.7,148.55,142.1,143.35,1231285
IRCON,20190124,393.7,393.7,383.7,384.65,46112
ISEC,20190124,213.35,213.35,205,207.3,191812
ISFT,20190124,157,162.9,155,156.15,1563
ISMTLTD,20190124,7.65,7.75,7.25,7.75,11793
ITC,20190124,279.3,283.35,277.85,278.9,28026449
ITDC,20190124,292.55,294.1,288.2,289.4,7520
ITDCEM,20190124,122.4,122.8,119.45,121.9,69153
ITI,20190124,104.95,105.45,102.1,102.85,909507
IVC,20190124,6.65,6.75,6.35,6.35,348415
IVP,20190124,119.05,119.1,115.2,115.45,322
IVRCLINFRA,20190124,0.95,1,0.95,0.95,320074
IVZINGOLD,20190124,2913,2939,2913,2939,3
IVZINNIFTY,20190124,1136.6,1136.6,1136.6,1136.6,1
IZMO,20190124,63.15,65,62.8,63.6,11392
J&KBANK,20190124,39.15,39.2,38.6,39.1,856145
JAGRAN,20190124,110.8,110.8,107.25,107.45,43567
JAGSNPHARM,20190124,30.9,32,30.4,31.5,7992
JAIBALAJI,20190124,17.6,18.5,17.5,17.5,4163
JAICORPLTD,20190124,108.5,109.15,106.2,106.7,529157
JAINSTUDIO,20190124,4.95,5.45,4.95,5,1653
JAMNAAUTO,20190124,59.75,60.15,56.8,57.4,1093878
JAYAGROGN,20190124,211,213,207.5,208.25,8822
JAYBARMARU,20190124,267.65,267.7,260.6,263.5,16341
JAYNECOIND,20190124,5.15,5.25,5.1,5.15,8146
JAYSREETEA,20190124,79.3,80.95,77.9,79.15,163328
JBCHEPHARM,20190124,322,322,316.4,318,8916
JBFIND,20190124,20.2,20.7,19.9,20,48934
JBMA,20190124,281.95,281.95,275.15,276.3,3463
JCHAC,20190124,1773.4,1792.85,1765,1780.05,431
JETAIRWAYS,20190124,266,275.95,263,265.85,12514642
JHS,20190124,28.85,28.85,27.5,27.85,21847
JIKIND,20190124,0.35,0.35,0.35,0.35,301
JINDALPHOT,20190124,30.05,30.55,29.1,29.35,2863
JINDALPOLY,20190124,248,252.9,247.25,249.45,26094
JINDALSAW,20190124,77.9,77.9,75.25,76.4,185047
JINDALSTEL,20190124,140,142.5,136,141.65,10485698
JINDCOT,20190124,5.25,5.25,4.75,5.15,31300
JINDRILL,20190124,108.7,118,108.65,114.25,99353
JINDWORLD,20190124,72.35,74.8,71.65,72.6,268782
JISLDVREQS,20190124,44,45.1,43.3,43.9,70765
JISLJALEQS,20190124,60.1,61.35,60.1,60.6,6885259
JITFINFRA,20190124,18,18.75,17.75,17.75,381
JKCEMENT,20190124,723.95,723.95,705,716.95,11919
JKIL,20190124,119.75,120.05,116,116.95,72108
JKLAKSHMI,20190124,294.1,296,292,293.8,15105
JKPAPER,20190124,147.15,147.5,142,143.3,606997
JKTYRE,20190124,96.8,97.05,94.75,95.5,228938
JMA,20190124,162.2,163.15,162.2,163.1,190
JMCPROJECT,20190124,90.7,92,88.1,88.9,23163
JMFINANCIL,20190124,79.25,85,79.25,83.3,569950
JMTAUTOLTD,20190124,3.15,3.25,3.1,3.1,65116
JOCIL,20190124,118.05,122.6,118,121.25,2806
JPASSOCIAT,20190124,7,7,6.7,6.75,11290161
JPINFRATEC,20190124,3.5,3.5,3.4,3.5,1312835
JPOLYINVST,20190124,35.4,36.9,35.25,36,2566
JPPOWER,20190124,1.95,2,1.9,1.95,1846265
JSL,20190124,28.8,29.4,28.5,29.15,461452
JSLHISAR,20190124,82.25,83.25,80.6,82.15,144102
JSWENERGY,20190124,68.55,69.25,67.15,67.8,285940
JSWHL,20190124,2485.1,2799,2451.05,2648.7,21011
JSWSTEEL,20190124,281.5,284.4,276.5,283.65,3705336
JTEKTINDIA,20190124,103.1,106.5,103.1,105.15,43742
JUBILANT,20190124,755.95,760.9,712.45,723.2,327211
JUBLFOOD,20190124,1177,1187.9,1165.6,1179.65,1660507
JUBLINDS,20190124,113.65,113.65,107.1,110.9,6895
JUNIORBEES,20190124,280,281.68,279.5,280.61,60382
JUSTDIAL,20190124,484.4,490.55,479,482.55,1423274
JYOTHYLAB,20190124,194.5,194.5,178.7,179.9,669512
KABRAEXTRU,20190124,73.25,74.95,69.7,70.45,17728
KAJARIACER,20190124,546,550.9,531,537.15,740561
KAKATCEM,20190124,193.45,194,189,189.4,5815
KALPATPOWR,20190124,378.4,380,374,375.6,8047
KALYANIFRG,20190124,279.25,282,276.25,282,313
KAMATHOTEL,20190124,45.25,45.3,44.65,44.75,23729
KAMDHENU,20190124,172,179,169,171.6,50579
KANANIIND,20190124,4.95,4.95,4.9,4.9,104
KANORICHEM,20190124,71,71.25,68.5,69.35,25283
KANSAINER,20190124,447.1,458,440.1,454.4,57956
KARDA,20190124,195.2,204.3,190.1,194,18311
KARMAENG,20190124,19.25,19.25,18,18.6,615
KARURVYSYA,20190124,92,92.25,91.7,92,607901
KAUSHALYA,20190124,1,1,1,1,300
KAVVERITEL,20190124,7.7,7.7,6.65,7.05,2128
KAYA,20190124,723.8,745.05,709.5,731.8,4832
KCP,20190124,86.85,87.85,85.25,86.75,21087
KCPSUGIND,20190124,17.75,18.2,17.65,17.8,92942
KDDL,20190124,481,488.75,481,484.9,206
KEC,20190124,260,261.4,248.9,253,414167
KECL,20190124,18.6,19,18.6,18.8,14176
KEI,20190124,362.85,365.7,352.05,353.8,131512
KELLTONTEC,20190124,41.5,41.6,40.05,41.6,112110
KERNEX,20190124,26.5,26.5,25.65,25.7,4103
KESARENT,20190124,27.15,28.7,27.05,27.5,1263
KESORAMIND,20190124,81,81.75,77.9,78.5,108254
KEYCORPSER,20190124,52.6,52.6,52.6,52.6,10
KGL,20190124,1.7,1.7,1.7,1.7,143449
KHADIM,20190124,480.4,492,480.4,488.85,1198
KHAITANELE,20190124,10.8,10.8,10.8,10.8,5
KHAITANLTD,20190124,32.3,32.35,32.3,32.3,290
KICL,20190124,1563.05,1564.05,1535.6,1543.25,751
KILITCH,20190124,235.85,237.9,224,225.95,114488
KINGFA,20190124,752.95,752.95,732,742.65,2071
KIOCL,20190124,138.05,146.9,137.05,141.8,10635
KIRIINDUS,20190124,445,445,440,440.25,62954
KIRLOSBROS,20190124,144.9,148,142.3,143.15,19100
KIRLOSENG,20190124,182.65,184.85,179.9,180.4,8948
KIRLOSIND,20190124,851.05,878,851.05,875,959
KITEX,20190124,106.5,107.15,104.4,104.95,20674
KKCL,20190124,1160.7,1229.95,1160,1208.35,1583
KMSUGAR,20190124,8,8.15,7.9,8.05,68004
KNRCON,20190124,211.05,212.35,207,210.15,92315
KOHINOOR,20190124,34.55,34.55,33.8,33.95,56546
KOKUYOCMLN,20190124,106.6,106.9,103,105.45,12665
KOLTEPATIL,20190124,254.9,269.25,254.5,265.25,234454
KOPRAN,20190124,41.5,41.85,40.35,41.25,83754
KOTAKBANK,20190124,1274,1276.5,1263,1267.75,1459776
KOTAKBKETF,20190124,279.58,280.09,277.53,279.06,162916
KOTAKGOLD,20190124,282.95,282.95,281.1,281.45,8702
KOTAKNIFTY,20190124,111,111.29,110.6,111.12,48378
KOTAKNV20,20190124,54.98,54.99,54.25,54.69,2348
KOTAKPSUBK,20190124,298,301,297,298.99,1378
KOTARISUG,20190124,9.75,9.9,9.3,9.65,9773
KOTHARIPET,20190124,21.1,21.4,20.7,20.7,962
KOTHARIPRO,20190124,96.65,98.55,96.05,97.1,931
KPIT,20190124,135,155,123.1,128.95,35704029
KPRMILL,20190124,531.55,533.9,530,531.85,12225
KRBL,20190124,359.95,359.95,350.4,353.15,176473
KREBSBIO,20190124,120.75,120.75,110,112.5,970
KRIDHANINF,20190124,43.05,43.05,41.85,42,38799
KSB,20190124,702.4,707.35,688.7,693.2,4031
KSCL,20190124,564.7,580.55,552.55,576.75,500097
KSERASERA,20190124,0.15,0.15,0.1,0.1,625865
KSK,20190124,1.45,1.45,1.4,1.45,499954
KSL,20190124,214.95,215,208,209.2,29354
KTIL,20190124,64.9,64.9,60.3,60.45,3192
KTKBANK,20190124,118.65,121.25,118.2,120.7,1397681
KWALITY,20190124,7.4,7.45,6.9,7,1859099
L&TFH,20190124,137,138.15,135.65,137.5,3490759
LAKSHVILAS,20190124,70.5,71.65,68.6,69.35,391004
LALPATHLAB,20190124,1074,1085,1011.35,1020.55,52842
LAMBODHARA,20190124,43.05,49,42.65,44.4,70222
LAOPALA,20190124,217,217.3,214.8,215.5,3488
LASA,20190124,27.4,27.4,25.1,25.15,7417
LAURUSLABS,20190124,385,385,375.2,377.7,11600
LAXMIMACH,20190124,5517.05,5555.75,5440,5461.35,1112
LEEL,20190124,40.5,42.3,38.75,39.15,411689
LEMONTREE,20190124,68.75,69.05,66.7,67.7,768847
LFIC,20190124,90.5,90.5,90.5,90.5,4
LGBBROSLTD,20190124,406.05,409.95,406.05,409.1,5526
LIBERTSHOE,20190124,160.8,161.5,158,159.05,37171
LICHSGFIN,20190124,468,471.7,460.8,469.6,922672
LICNETFGSC,20190124,17.95,17.95,17.75,17.86,85
LICNETFN50,20190124,112.99,113,112,112,18
LICNETFSEN,20190124,362.01,362.01,362.01,362.01,6
LICNFNHGP,20190124,115,115,112.4,112.4,105
LINCOLN,20190124,208.3,210.6,199,200.2,62294
LINCPEN,20190124,250.45,254.95,250.2,252,938
LINDEINDIA,20190124,647.1,746,646.1,710.8,1500325
LIQUIDBEES,20190124,999.99,1000.01,999.51,1000,544761
LIQUIDETF,20190124,999.99,1000.01,999.99,1000.01,14709
LOKESHMACH,20190124,44.5,47,43.7,44.2,5009
LOTUSEYE,20190124,26.95,26.95,24.2,25.4,4610
LOVABLE,20190124,106.8,106.8,104.8,105.15,10015
LPDC,20190124,4.75,4.75,4.05,4.1,27598
LSIL,20190124,1.15,1.15,1.1,1.1,242881
LT,20190124,1305,1305.55,1287,1295.35,1654706
LTI,20190124,1763.8,1773.4,1740,1747,65547
LTTS,20190124,1665.95,1686.75,1656,1680.9,48407
LUMAXIND,20190124,1650.05,1667.35,1640,1640.9,818
LUMAXTECH,20190124,175.95,175.95,170.05,171.2,5880
LUPIN,20190124,866,870.95,858.2,868.4,701634
LUXIND,20190124,1243,1279,1220.05,1238.7,41962
LYKALABS,20190124,26.4,27.1,25.6,25.8,15708
LYPSAGEMS,20190124,8.75,8.75,8.35,8.45,29846
M&M,20190124,699,700.05,686.05,697.3,3891245
M&MFIN,20190124,433.55,438.15,419.85,422.25,2516921
M100,20190124,18.23,18.23,17.71,17.92,27936
M50,20190124,104.13,105.65,104,104.15,811
MAANALU,20190124,99,99,92,93.7,3830
MADHAV,20190124,43.5,45,43.5,44.45,691
MADHUCON,20190124,6.4,6.4,6.15,6.3,16495
MADRASFERT,20190124,25,25.3,24.5,24.55,52767
MAGADSUGAR,20190124,86,89,85,87,1106
MAGMA,20190124,106,106,100.55,102.6,59929
MAGNUM,20190124,6.2,6.5,6.15,6.15,3354
MAHABANK,20190124,13.9,14.55,13.65,13.95,1669691
MAHAPEXLTD,20190124,105.6,112.95,105.45,105.45,4330
MAHASTEEL,20190124,79,80,79,79.2,19163
MAHINDCIE,20190124,232.05,233.3,230,231.8,328177
MAHLIFE,20190124,411,426.5,411,414.35,31687
MAHLOG,20190124,504.65,515,501,513.2,10605
MAHSCOOTER,20190124,3164.05,3219.95,3050,3192.2,7296
MAHSEAMLES,20190124,492.05,496.15,484,485,26118
MAITHANALL,20190124,420.85,424.95,396.55,397.85,68751
MAJESCO,20190124,477.1,494.8,472.95,475.95,29526
MALUPAPER,20190124,36.55,36.55,34.55,35.15,18293
MAN50ETF,20190124,108.65,108.85,108.65,108.85,216
MANAKALUCO,20190124,7.1,7.8,7.1,7.25,5305
MANAKCOAT,20190124,6.8,6.8,6.5,6.75,3486
MANAKSIA,20190124,39.8,41.5,38.2,39.4,11110
MANAKSTEEL,20190124,20,20,18.8,19.25,5506
MANALIPETC,20190124,27.35,27.35,25.6,25.7,508411
MANAPPURAM,20190124,98,99.7,97.55,99.05,2850625
MANDHANA,20190124,4.25,4.4,4.1,4.15,21427
MANGALAM,20190124,69.5,70.7,68.55,69.1,9676
MANGCHEFER,20190124,41.05,41.9,40.65,41.5,3167
MANGLMCEM,20190124,228.95,228.95,220.1,222.35,1082
MANGTIMBER,20190124,19.1,19.45,19,19.05,6701
MANINDS,20190124,65,65.1,63.3,63.6,31937
MANINFRA,20190124,37.1,37.1,36.25,36.55,45495
MANPASAND,20190124,81.05,82.8,80.05,80.5,113151
MANUGRAPH,20190124,29.95,30,29.25,29.6,70
MARALOVER,20190124,27.15,28.95,27.15,28.2,36025
MARATHON,20190124,117.05,119.9,113,114.3,2719
MARICO,20190124,376.55,377.55,369.65,373.95,904818
MARKSANS,20190124,27.05,27.25,26.9,27.1,548550
MARUTI,20190124,7059.9,7098,7014.4,7040.6,520703
MASFIN,20190124,556,556,535.25,536.55,2206
MASKINVEST,20190124,62.75,62.75,62.75,62.75,22
MASTEK,20190124,413,449,408,422.5,618320
MATRIMONY,20190124,446.8,450,439.3,442.2,1119
MAWANASUG,20190124,44.05,45.6,43.15,43.45,21016
MAXINDIA,20190124,86,86,84.75,85.55,198456
MAXVIL,20190124,52,52.3,50.95,51.2,13041
MAYURUNIQ,20190124,383.8,384.8,368.25,371,8989
MAZDA,20190124,277.55,279.35,271.15,272.5,1166
MBECL,20190124,9.1,9.3,8.95,9.15,8058
MBLINFRA,20190124,13.75,15.9,13.25,14.85,113794
MCDHOLDING,20190124,28.05,28.05,26.15,26.35,3727
MCDOWELL-N,20190124,590.95,596,565.2,571.75,4920065
MCLEODRUSS,20190124,107.2,110.4,106,106.55,359169
MCX,20190124,733,733,713.55,718.2,200547
MEGASOFT,20190124,6.8,7.15,6.8,7,7596
MEGH,20190124,57,57.6,56.05,56.6,285281
MELSTAR,20190124,1.4,1.4,1.4,1.4,1
MENONBE,20190124,82.5,82.85,81.25,81.55,6833
MEP,20190124,41.5,42,39.7,40.1,204620
MERCATOR,20190124,9.6,9.6,9.5,9.5,286720
MERCK,20190124,3275,3342.7,3275,3306.2,6504
METALFORGE,20190124,9.3,9.9,9.25,9.5,30042
METKORE,20190124,1.35,1.35,1.25,1.25,1352
MFSL,20190124,436.55,447.1,432.3,441,225365
MGL,20190124,911,911,901.05,907.35,91096
MHRIL,20190124,207.5,208,201.7,205.7,40659
MIC,20190124,0.9,0.95,0.9,0.9,553633
MIDHANI,20190124,124.25,126.45,123.25,125.3,68473
MINDACORP,20190124,145,148.7,142.5,147.15,133588
MINDAIND,20190124,297.4,309,293,299.45,363961
MINDTECK,20190124,40.6,40.6,37.7,38.75,737
MINDTREE,20190124,913.8,923.35,906.5,910.4,2027003
MIRCELECTR,20190124,24.95,25,24.2,24.5,121118
MIRZAINT,20190124,76.1,76.8,75.3,75.6,41180
MMFL,20190124,514.95,524.5,506,510.45,5260
MMTC,20190124,28.15,28.25,27.65,27.9,442641
MODIRUBBER,20190124,40.25,44.15,40.25,44.15,26
MOHITIND,20190124,10.25,10.25,10.05,10.05,5888
MOHOTAIND,20190124,64.35,66.05,60.35,60.75,147691
MOIL,20190124,161,162.5,160.25,160.95,53540
MOLDTECH,20190124,52,54.5,50,50.8,80071
MOLDTKPAC,20190124,266.45,266.5,256.2,261.55,16984
MONSANTO,20190124,2560,2560,2532,2542.7,579
MONTECARLO,20190124,376.25,378.9,372.5,374.2,5579
MORARJEE,20190124,23.95,23.95,23.6,23.65,980
MOREPENLAB,20190124,20.3,21.6,20.3,20.8,564522
MOTHERSUMI,20190124,157.05,157.55,152.65,154.05,5785444
MOTILALOFS,20190124,664.15,665.15,640,643.3,202723
MOTOGENFIN,20190124,47.05,49,47.05,49,1030
MPHASIS,20190124,899.95,925,899,921.25,522968
MPSLTD,20190124,479.7,479.7,463.5,467.05,1558
MRF,20190124,66000,66188.4,64500,64902.75,4134
MRO-TEK,20190124,41.65,42,40.75,40.75,1295
MRPL,20190124,69.3,69.85,68.8,69.65,535744
MSPL,20190124,12.95,12.95,12.15,12.25,3830
MTEDUCARE,20190124,64,68,62,65.8,64402
MTNL,20190124,14.9,14.95,14.6,14.7,386209
MUKANDENGG,20190124,20.9,21.85,20.5,20.75,1467
MUKANDLTD,20190124,54.55,56.4,53,53.6,62675
MUKTAARTS,20190124,38.7,40.2,38,39.45,54826
MUNJALAU,20190124,56.4,56.4,55.75,55.9,13953
MUNJALSHOW,20190124,172.95,174,172.4,173.6,6392
MURUDCERA,20190124,23.1,23.9,22.65,22.85,68845
MUTHOOTCAP,20190124,933.15,941.55,921.25,929.55,6248
MUTHOOTFIN,20190124,539,549.4,539,541.1,685146
MVL,20190124,0.25,0.25,0.2,0.2,42864
N100,20190124,464.19,470,464.19,467.21,15646
NACLIND,20190124,27.9,27.9,27.25,27.3,17762
NAGAFERT,20190124,8.55,9.15,8.55,8.8,266567
NAGAROIL,20190124,0.65,0.65,0.6,0.65,165356
NAGREEKCAP,20190124,14.05,14.05,13.45,13.6,13674
NAGREEKEXP,20190124,23.25,23.25,22.6,22.7,4470
NAHARCAP,20190124,92.3,93.7,92.3,93.1,742
NAHARINDUS,20190124,55.35,55.35,53,53.45,13292
NAHARPOLY,20190124,38,39,37.6,37.8,1041
NAHARSPING,20190124,92.55,92.55,90.4,91.5,5859
NATCOPHARM,20190124,693.8,693.8,675.05,680.55,219246
NATHBIOGEN,20190124,416.05,417.7,405,405.75,4455
NATIONALUM,20190124,61.6,62.45,60.8,61.85,2839521
NATNLSTEEL,20190124,6.75,6.75,6.5,6.55,10186
NAUKRI,20190124,1739,1790,1676.9,1715.6,614949
NAVINFLUOR,20190124,651,674,635,665.05,110545
NAVKARCORP,20190124,47.5,51.75,47,48,652473
NAVNETEDUL,20190124,109.8,109.85,108,108.9,33294
NBCC,20190124,57,57.5,55.75,56.15,4945606
NBIFIN,20190124,1211.7,1211.7,1211.7,1211.7,10
NBVENTURES,20190124,112.05,112.65,111,111.9,48336
NCC,20190124,85.5,85.85,83.55,83.85,4326899
NCLIND,20190124,126,129.35,125.1,127,11435
NDGL,20190124,831.05,849.85,820.95,826.6,516
NDL,20190124,60.1,60.85,58.7,59.25,27368
NDTV,20190124,34.2,36.8,34.2,35.15,13684
NECCLTD,20190124,9,9.5,8.7,9.1,20682
NECLIFE,20190124,19.35,19.35,18.65,18.8,94393
NELCAST,20190124,79.45,79.45,77.4,77.6,42670
NELCO,20190124,273,273.55,260.25,265.5,39678
NESCO,20190124,446.9,453.9,446,446.6,8824
NESTLEIND,20190124,11315.9,11460,11306.05,11433.4,104618
NETWORK18,20190124,38,38.1,37,37.25,121292
NEULANDLAB,20190124,505.6,505.6,495,498.25,1575
NEWGEN,20190124,301.2,310,286.25,293.05,42828
NEXTMEDIA,20190124,25.3,25.4,24.9,25.4,114220
NFL,20190124,35.75,35.8,35.1,35.3,241233
NH,20190124,184.25,190.95,184.25,190,8791
NHPC,20190124,25.25,25.4,25.2,25.3,1370740
NIACL,20190124,178.2,180,178.05,179,11247
NIBL,20190124,22.2,22.25,21.05,22.2,977
NIFTYBEES,20190124,1133.15,1136.99,1128.6,1134.71,20227
NIFTYEES,20190124,12750.1,12750.1,12750.1,12750.1,1
NIITLTD,20190124,93.35,93.8,85.9,86.3,2923428
NIITTECH,20190124,1280,1309.5,1268.2,1300.7,1103506
NILAINFRA,20190124,7.4,7.6,7.3,7.35,157413
NILASPACES,20190124,3.55,3.55,3.3,3.3,481086
NILKAMAL,20190124,1320,1324.55,1287.05,1294.85,24784
NIPPOBATRY,20190124,697.55,704.15,690,697.15,565
NITCO,20190124,39.9,39.9,38.95,39.1,48810
NITESHEST,20190124,6.6,7.35,6.55,6.95,1392879
NITINFIRE,20190124,1.6,1.6,1.5,1.55,83309
NITINSPIN,20190124,89.5,89.5,86.5,86.8,46560
NKIND,20190124,48,48,44,44.55,1089
NLCINDIA,20190124,68,68.9,67.5,67.65,93834
NMDC,20190124,90,90.5,89.4,90.1,973709
NOCIL,20190124,157,157.35,149,150.1,546823
NOIDATOLL,20190124,6.9,7.2,6.9,7.1,50990
NRAIL,20190124,351,354.25,326,328.45,20763
NRBBEARING,20190124,204.6,205.9,199.1,200.75,67624
NSIL,20190124,1085.9,1088.55,1075,1075.85,171
NTL,20190124,1.15,1.15,1.15,1.15,5199
NTPC,20190124,140.75,142.1,139.1,140.05,3541981
NUCLEUS,20190124,363.7,371,361.1,365.65,8568
NUTEK,20190124,0.3,0.35,0.3,0.35,52105
OBEROIRLTY,20190124,445.5,478.35,445.5,471.7,1096773
OCCL,20190124,1163.95,1164.8,1146.1,1150.9,5679
OFSS,20190124,3805,3810,3732.2,3796.4,20813
OIL,20190124,170.15,171.3,169.05,170,693618
OILCOUNTUB,20190124,14,14.35,13.8,13.95,5734
OISL,20190124,2.55,2.55,2.55,2.55,960
OLECTRA,20190124,234,240.75,228.05,237.5,51029
OMAXAUTO,20190124,79.3,85,73.2,83.05,98958
OMAXE,20190124,212.35,214.7,212.35,212.95,403794
OMKARCHEM,20190124,27.4,27.4,25.8,25.9,74078
OMMETALS,20190124,36.8,37.15,35.1,35.5,19279
ONELIFECAP,20190124,14.65,14.65,14,14,4257
ONGC,20190124,143.4,143.95,141.05,141.7,3820645
ONMOBILE,20190124,34.95,35.2,34.15,34.35,58792
ONWARDTEC,20190124,61.9,67.35,61.3,62.35,57321
OPTIEMUS,20190124,117.5,117.5,110.3,112.05,16062
OPTOCIRCUI,20190124,9.5,9.5,9.15,9.2,224705
ORBTEXP,20190124,110.35,114,110,110.9,1066
ORICONENT,20190124,30.3,30.4,29.35,29.6,40157
ORIENTABRA,20190124,25.9,26.45,25.9,26.35,5368
ORIENTALTL,20190124,11.7,12.4,11.7,11.95,5273
ORIENTBANK,20190124,91.85,94.2,91.85,93.45,2210599
ORIENTBELL,20190124,180,182.8,175.6,178.05,33789
ORIENTCEM,20190124,75.4,76.2,74.7,75.55,22896
ORIENTELEC,20190124,148,150,145.3,149.4,120454
ORIENTHOT,20190124,45.8,46.5,41.5,42,149675
ORIENTLTD,20190124,157,168,156.05,162.5,295
ORIENTPPR,20190124,39.9,39.9,37.5,37.9,1627696
ORIENTREF,20190124,214.1,216.9,193.1,195.3,56275
ORISSAMINE,20190124,854.95,859,823,832.35,6658
ORTEL,20190124,4.15,4.3,4.1,4.25,24281
ORTINLABSS,20190124,15.5,15.75,15.05,15.55,10660
OSWALAGRO,20190124,8.55,8.95,7.95,8.25,28356
PAEL,20190124,2.3,2.3,2.3,2.3,25
PAGEIND,20190124,22790.05,23325,22729.9,23172.95,32985
PAISALO,20190124,305,305,305,305,16
PALREDTEC,20190124,39.7,41.4,37.05,38.9,10344
PANACEABIO,20190124,160.5,164.9,160.5,161.95,12066
PANAMAPET,20190124,124.85,125.85,120.7,121.45,9966
PAPERPROD,20190124,177.9,179.5,172.5,174.5,8597
PARABDRUGS,20190124,1.95,2,1.9,2,3669
PARACABLES,20190124,11,11.5,10.65,11,226658
PARAGMILK,20190124,232.8,234.25,224.1,225.7,110718
PARSVNATH,20190124,7,7.1,6.75,6.8,51741
PATELENG,20190124,32.6,33.2,32,32.3,104021
PATINTLOG,20190124,45,45.15,43.7,43.95,10955
PATSPINLTD,20190124,11.6,12.5,11.05,11.05,3301
PCJEWELLER,20190124,78.7,78.7,75.65,76.75,7062773
PDMJEPAPER,20190124,21.85,22.2,21.1,21.3,36120
PDPL,20190124,15,15.5,14.05,14.3,46546
PDSMFL,20190124,272,276,271.05,275.75,2610
PEARLPOLY,20190124,13.55,13.95,13.25,13.35,525
PEL,20190124,2356.65,2357,2290.1,2307.75,377837
PENIND,20190124,37.6,38.15,36.9,37.1,143763
PENINLAND,20190124,10.25,10.3,9.95,10.05,328658
PENPEBS,20190124,58.45,60,57.15,58.9,3461
PERSISTENT,20190124,551.95,560,546.25,551.9,334939
PETRONENGG,20190124,34.4,35.75,33,33.25,24554
PETRONET,20190124,227,228.8,224.7,226.3,1907820
PFC,20190124,102,105.4,101.95,104.75,5386754
PFIZER,20190124,2665.15,2695,2662.1,2682.55,12659
PFOCUS,20190124,58,61,58,58.9,2789
PFS,20190124,16.5,16.75,15.8,16.2,433230
PGEL,20190124,100.7,103.85,98.15,99.3,74388
PGHH,20190124,9950,9954.2,9860,9921.3,1063
PGIL,20190124,149,152,145.2,148.75,5452
PHILIPCARB,20190124,180.45,180.45,172.25,175.4,1296210
PHOENIXLTD,20190124,608,620,591,615.2,78419
PIDILITIND,20190124,1110.05,1139.45,1091,1109.35,2220551
PIIND,20190124,871,871,845.7,853.2,37792
PILANIINVS,20190124,2044,2044,1990,1994.95,98
PILITA,20190124,7.5,7.7,7.2,7.3,11972
PIONDIST,20190124,166,167.9,162.15,163.9,6373
PIONEEREMB,20190124,26.65,27.2,26,26.3,3727
PIRPHYTO,20190124,29.6,29.6,29.6,29.6,1212
PITTIENG,20190124,56.9,56.9,54.1,55.55,286200
PKTEA,20190124,166,173.9,166,173.9,6
PLASTIBLEN,20190124,179.05,179.4,175,179,3554
PNB,20190124,77.75,78.55,77.25,78.1,13272022
PNBGILTS,20190124,31.2,31.55,30.75,30.9,101918
PNBHOUSING,20190124,904,939,900,925.25,381131
PNC,20190124,17.65,17.65,16.6,17.3,342
PNCINFRA,20190124,147.25,151.65,147.25,150.9,85113
PODDARHOUS,20190124,509.05,509.05,504.9,504.95,374
PODDARMENT,20190124,184.75,189.55,183,185.9,1674
POKARNA,20190124,172.75,178,168,171.25,81188
POLYMED,20190124,217.45,218.8,215,216.75,5331
POLYPLEX,20190124,489.95,497,481.3,492.3,30553
PONNIERODE,20190124,138,141,138,139.95,1008
POWERGRID,20190124,186.7,189.1,185.55,186.75,3463363
POWERMECH,20190124,903.7,903.7,880.05,887.05,803
PPAP,20190124,346.15,346.15,330,332.6,6460
PRABHAT,20190124,77.8,80.3,73.6,76.25,4157228
PRADIP,20190124,1.55,1.55,1.5,1.5,2729
PRAENG,20190124,8.4,8.6,8,8.45,17940
PRAJIND,20190124,135.7,136.4,131.1,131.75,2627595
PRAKASH,20190124,88.6,88.8,85.55,87.4,556333
PRAKASHCON,20190124,3.95,4.05,3.9,4,126933
PRAKASHSTL,20190124,0.3,0.3,0.25,0.3,18386
PRAXIS,20190124,168,169.45,166.2,166.9,20049
PRECAM,20190124,62.65,63,61.25,62.75,113573
PRECOT,20190124,62,62.05,62,62,466
PRECWIRE,20190124,221.45,226.7,218.25,221.25,2289
PREMEXPLN,20190124,266,272.8,248.6,252.9,116585
PREMIER,20190124,8.8,8.8,7.65,7.9,44845
PREMIERPOL,20190124,26.3,28.3,26,27.35,6921
PRESSMN,20190124,31,31.8,30.7,31.5,4781
PRESTIGE,20190124,213.95,217,211.25,213.95,107340
PRICOLLTD,20190124,46.2,47,46.15,46.9,20152
PRIMESECU,20190124,41.75,44.15,41.6,43.3,33867
PROSEED,20190124,0.5,0.6,0.5,0.6,679312
PROVOGE,20190124,2,2.15,2,2.05,31938
PROZONINTU,20190124,29.9,30.2,29.45,29.5,29530
PRSMJOHNSN,20190124,81.1,81.1,79,79.25,99607
PSB,20190124,29.45,29.65,28.65,28.9,51372
PSL,20190124,1.25,1.3,1.25,1.25,50812
PSPPROJECT,20190124,403.05,405,393.75,396.55,11286
PSUBNKBEES,20190124,332,332.45,329.74,330.52,976
PTC,20190124,84.3,86,83.9,85.45,1066850
PTL,20190124,40.7,41,40.4,40.55,15150
PUNJABCHEM,20190124,734.95,737.7,703.55,717.75,11782
PUNJLLOYD,20190124,3.35,3.35,3.35,3.35,520821
PURVA,20190124,74.25,76.8,74.25,75.15,46743
PVP,20190124,3.75,3.85,3.7,3.75,33732
PVR,20190124,1616,1634.5,1577,1600.4,1643831
QGOLDHALF,20190124,1429,1430,1423,1427.1,115
QUESS,20190124,659.95,659.95,638.2,646.15,79820
QUICKHEAL,20190124,199.5,200.9,194.15,195.6,35890
RADAAN,20190124,3.2,3.2,3.2,3.2,14674
RADICO,20190124,420,431.8,417,427.95,827349
RADIOCITY,20190124,289.95,289.95,277,285,25065
RAIN,20190124,120.05,122.7,119.05,120.25,391171
RAINBOWPAP,20190124,1,1,0.9,0.95,39254
RAJESHEXPO,20190124,582.55,586.25,570.5,574,166006
RAJSREESUG,20190124,22.5,23,22.25,22.5,5553
RAJTV,20190124,45.05,46.75,45,46.15,551
RALLIS,20190124,165.1,167.4,163.4,163.9,387351
RAMANEWS,20190124,24.35,24.55,23.8,23.95,36712
RAMASTEEL,20190124,102,105,100.95,103.65,46971
RAMCOCEM,20190124,601,609.8,592.75,599.7,302930
RAMCOIND,20190124,213.25,225,212.5,216.8,39288
RAMCOSYS,20190124,243.3,247.55,239.15,240,6857
RAMKY,20190124,138.05,140.65,133.65,134.9,34606
RANASUG,20190124,3.2,3.25,3.2,3.2,60666
RANEENGINE,20190124,451,454,450,454,956
RANEHOLDIN,20190124,1087.6,1100.05,1060,1084.2,2829
RATNAMANI,20190124,895.3,928,881.2,890.45,32263
RAYMOND,20190124,826.1,826.1,792,796.15,1010345
RBL,20190124,544.4,546.9,535.55,540.55,3041
RBLBANK,20190124,580,582.85,572.5,578.15,423909
RCF,20190124,62.8,62.95,61.75,62.2,640765
RCOM,20190124,12.75,13.2,12.65,12.85,62852835
RECLTD,20190124,121.1,123.1,121,122.5,3932407
REDINGTON,20190124,78.3,78.35,73.45,73.75,1207248
REFEX,20190124,25.9,25.9,25.2,25.9,116475
REGENCERAM,20190124,4.3,4.4,4.3,4.3,221
RELAXO,20190124,736,737.05,720,723.1,15564
RELCAPITAL,20190124,208.9,213.6,208.6,212.55,6031067
RELCNX100,20190124,112.64,113.64,112.64,113,38
RELCONS,20190124,51.08,51.08,50.75,50.8,156
RELDIVOPP,20190124,28.81,28.85,28.81,28.81,243
RELIANCE,20190124,1225,1253.2,1220.1,1247.45,13155185
RELIGARE,20190124,25.25,25.5,24.7,25.1,77031
RELINFRA,20190124,282.7,285.75,277.6,282.15,3634634
RELNV20,20190124,546.95,548.5,544,547.49,2156
REMSONSIND,20190124,116.95,116.95,108.6,112.75,2757
RENUKA,20190124,10.7,10.8,10.6,10.65,278926
REPCOHOME,20190124,409.45,415.75,404.05,407.95,416058
REPRO,20190124,586.2,598.3,576,579.9,1086
RESPONIND,20190124,89,89,84.1,84.65,148689
REVATHI,20190124,380.4,389.4,378.45,379.35,111
RHFL,20190124,38.05,38.7,37.6,38.05,89900
RICOAUTO,20190124,67.3,67.3,65.25,65.85,74038
RIIL,20190124,330.9,334.5,325.2,327,254156
RITES,20190124,246.45,246.7,237.8,238.95,220820
RJL,20190124,309.9,309.95,304.5,305.15,1055
RKDL,20190124,8.95,8.95,8.5,8.55,7532
RKFORGE,20190124,489.55,492,469.1,488.75,94186
RMCL,20190124,26.1,26.95,25.4,25.65,196645
RML,20190124,410.75,418.65,405.45,407.65,4480
RNAM,20190124,148.55,149.85,145.45,146.6,46757
RNAVAL,20190124,12.6,12.75,12.45,12.55,943310
ROHITFERRO,20190124,1.6,1.6,1.6,1.6,5033
ROHLTD,20190124,118.25,118.95,116.1,116.45,9309
ROLLT,20190124,2.6,2.75,2.6,2.7,659
ROLTA,20190124,6.65,6.65,6.65,6.65,383650
ROSSELLIND,20190124,83,85,81.3,82,3456
RPGLIFE,20190124,225.2,228.15,217.1,220.4,14080
RPOWER,20190124,28.05,29,28.05,28.85,7120092
RPPINFRA,20190124,131.9,132.25,125.1,126.5,8519
RRSLGETF,20190124,18.08,18.09,18.08,18.09,29702
RSSOFTWARE,20190124,31.35,32.6,30.5,30.95,42658
RSWM,20190124,230.4,232,221.4,222.85,29830
RSYSTEMS,20190124,54.9,54.9,47.8,50.55,162819
RTNINFRA,20190124,3.6,3.7,3.45,3.6,1139654
RTNPOWER,20190124,3.6,3.65,3.55,3.6,1149885
RUBYMILLS,20190124,303.6,323.8,303.6,307,81291
RUCHINFRA,20190124,3.55,3.55,3.25,3.25,31870
RUCHIRA,20190124,112.7,113.65,109.4,110.1,33201
RUCHISOYA,20190124,7.3,7.3,6.9,7,472450
RUPA,20190124,352.4,359.4,345,357.4,37788
RUSHIL,20190124,549,549,522.05,526.6,1147
SABTN,20190124,5.5,5.7,5.45,5.65,17118
SADBHAV,20190124,199.6,201.95,198.6,200.05,32341
SADBHIN,20190124,93.6,94,90.55,92.35,6073
SAGCEM,20190124,625.55,631,624,625.3,313
SAIL,20190124,48.65,48.95,48.05,48.25,6284815
SAKHTISUG,20190124,12.55,12.65,12.3,12.5,18608
SAKSOFT,20190124,281.3,281.8,273.55,275.85,5103
SAKUMA,20190124,38.8,40.15,38.1,38.65,934483
SALASAR,20190124,281.95,282.7,280,280,3787
SALONA,20190124,72,73,72,72.75,4355
SALORAINTL,20190124,20.9,20.9,20.9,20.9,60
SALSTEEL,20190124,6.05,6.35,6.05,6.1,10430
SALZERELEC,20190124,127.2,129.2,124.35,124.5,8515
SAMBHAAV,20190124,4.85,4.85,4.65,4.65,2494
SANCO,20190124,15.2,15.75,14.75,14.8,3800
SANDESH,20190124,745.65,747,726,732.9,982
SANDHAR,20190124,249,249.75,241.2,243.85,6958
SANGAMIND,20190124,63.1,64.25,62.5,63,5215
SANGHIIND,20190124,58.5,59.5,57.6,57.85,18754
SANGHVIFOR,20190124,28,28,26.85,26.85,251
SANGHVIMOV,20190124,97.95,101,96,98.85,21110
SANOFI,20190124,6399.5,6449.5,6355.1,6403.45,729
SANWARIA,20190124,10.2,10.35,10.05,10.1,1004372
SARDAEN,20190124,250.05,254.7,246.6,249.15,7711
SAREGAMA,20190124,621.95,624.7,600.05,613.05,25917
SARLAPOLY,20190124,28.55,28.55,27.55,27.55,9205
SASKEN,20190124,644.35,659.6,642.2,650.25,12463
SASTASUNDR,20190124,92,92.4,85,86.3,22204
SATHAISPAT,20190124,9.2,9.25,9.05,9.1,14175
SATIN,20190124,255,264,253.35,257.05,98646
SBIETFQLTY,20190124,95,95,93.2,93.4,618
SBILIFE,20190124,620,629.4,615.1,618.25,129335
SBIN,20190124,286.65,289.9,285.5,288.05,11532528
SCAPDVR,20190124,0.6,0.65,0.55,0.55,43285
SCHAEFFLER,20190124,5433.85,5489.65,5400,5401.95,1789
SCHAND,20190124,236.95,237.25,232,234.2,7424
SCHNEIDER,20190124,91.7,93.3,91,92.35,37279
SCI,20190124,43,43.2,42.55,42.75,104633
SDBL,20190124,149.25,150.35,146.5,147.95,14218
SEAMECLTD,20190124,267,293.4,267,290.65,297604
SELAN,20190124,174,176.05,171.05,172.6,43615
SELMCL,20190124,1.15,1.2,1.15,1.15,37072
SEPOWER,20190124,4.3,4.5,4.3,4.5,2470
SEQUENT,20190124,83,86.4,80.85,84.1,1134545
SESHAPAPER,20190124,1051,1088.95,1044.75,1045.35,4138
SETCO,20190124,33.05,33.1,32.5,32.7,63839
SETFGOLD,20190124,2920,2920,2897.05,2902.2,245
SETFNIF50,20190124,110.5,110.69,109.87,110.62,26196
SETFNIFBK,20190124,275.25,276.21,274.5,275.93,231256
SETFNN50,20190124,278,278.17,276.31,276.31,654
SFL,20190124,1272.05,1275,1254,1267.85,7007
SGL,20190124,7.9,8.4,7.85,8.1,482
SHAHALLOYS,20190124,20.35,20.75,19.6,19.9,7648
SHAKTIPUMP,20190124,402,406,392.65,393.6,26712
SHALBY,20190124,144.85,145.9,143,143.65,14235
SHALPAINTS,20190124,68.8,69.5,66.6,66.8,56759
SHANKARA,20190124,470.8,480,447.35,447.55,538515
SHANTIGEAR,20190124,126.45,128.5,126,128.05,24318
SHARDACROP,20190124,301.35,320,292.55,303.35,161677
SHARDAMOTR,20190124,1458.05,1463.05,1410,1410,518
SHARIABEES,20190124,239.9,239.9,239.9,239.9,1
SHEMAROO,20190124,416.35,428.4,391.05,402.25,20236
SHILPAMED,20190124,404,409,399.9,405.7,13245
SHIRPUR-G,20190124,82,82.95,76.5,81.8,1992
SHIVAMAUTO,20190124,43.5,43.5,41.2,41.45,19502
SHIVAMILLS,20190124,54.3,54.3,52.35,53.25,752
SHIVATEX,20190124,185.65,198.95,185.65,190.15,520
SHK,20190124,171,172.95,168,170.75,214837
SHOPERSTOP,20190124,517.95,521,510.95,519.8,11045
SHREECEM,20190124,16005.45,16250,15611.4,16170.55,27535
SHREEPUSHK,20190124,148.7,150.1,141.25,142,48059
SHREERAMA,20190124,6.2,6.2,5.5,5.7,5290
SHREYANIND,20190124,136.4,136.4,127,128,20380
SHREYAS,20190124,205,205,198,203.45,14756
SHRIPISTON,20190124,1098,1098,1030,1045,519
SHRIRAMCIT,20190124,1779.95,1779.95,1717.75,1723.85,2069
SHRIRAMEPC,20190124,10.45,10.7,10.2,10.25,21553
SHYAMCENT,20190124,6,6,5.5,5.8,47650
SHYAMTEL,20190124,6.75,6.75,6.7,6.7,1017
SICAGEN,20190124,24.15,24.9,23.5,23.85,2875
SICAL,20190124,146.55,146.7,142.1,144,5742
SIEMENS,20190124,1044,1054.15,1017.05,1027.95,361633
SIGIND,20190124,46.5,46.6,44.3,45.45,8767
SIL,20190124,15.4,15.5,14.85,15,2150
SILINV,20190124,204.05,214.45,201.05,203.25,2636
SIMBHALS,20190124,10.2,10.6,10.1,10.15,2474
SIMPLEXINF,20190124,174,179.9,166,168.5,21029
SINTEX,20190124,11.3,11.3,11.05,11.1,858527
SIS,20190124,790.9,790.9,779.95,780.4,3397
SITASHREE,20190124,0.6,0.7,0.6,0.6,23969
SITINET,20190124,9.55,9.6,8.95,9.2,380588
SIYSIL,20190124,329,331.1,318.2,321.2,7001
SJVN,20190124,25.8,25.9,25.8,25.8,150205
SKFINDIA,20190124,1934,1934.05,1917,1924.85,16221
SKIL,20190124,17.55,17.75,16.5,17.7,44926
SKIPPER,20190124,75,75.1,70.5,71.5,107112
SKMEGGPROD,20190124,62,63.7,60.9,61.45,24646
SMARTLINK,20190124,84.9,85.75,83.25,85,3526
SMLISUZU,20190124,617.4,620.75,610,611.15,4919
SMPL,20190124,0.4,0.45,0.4,0.4,19746
SMSLIFE,20190124,680,690.05,630.25,643.4,31755
SMSPHARMA,20190124,72.2,72.95,70.2,70.75,23518
SNOWMAN,20190124,32.6,32.95,32.6,32.7,76346
SOBHA,20190124,501,513,497.35,502.5,147789
SOLARA,20190124,344.95,379.95,342.6,368,132469
SOLARINDS,20190124,1005,1022.4,1001,1004.8,2072
SOMANYCERA,20190124,356,357.65,347.25,350.25,17498
SOMATEX,20190124,4.85,4.85,4.65,4.8,3982
SOMICONVEY,20190124,31.55,32,30.55,30.65,248
SONATSOFTW,20190124,324.9,324.9,316.65,321,69068
SORILINFRA,20190124,339.8,339.8,322,324.1,43574
SOTL,20190124,948.45,976.85,935,944.8,624
SOUTHBANK,20190124,14.1,14.1,13.75,13.8,9411258
SPAL,20190124,225.9,229,222.1,223.6,4726
SPARC,20190124,174.1,177.8,166.3,171.95,1758169
SPCENET,20190124,0.85,0.85,0.8,0.8,25040
SPECIALITY,20190124,98.55,100.65,95.2,95.7,67937
SPENTEX,20190124,1.6,1.6,1.55,1.55,3094
SPIC,20190124,26.25,26.8,25.55,26.1,105659
SPICEMOBI,20190124,10.05,10.85,10.05,10.7,5388
SPLIL,20190124,66.15,66.35,64.1,64.55,22858
SPMLINFRA,20190124,36.15,37,35.6,36.35,8797
SPTL,20190124,22.7,22.75,21.6,22.2,2050938
SPYL,20190124,0.25,0.25,0.2,0.2,32638
SQSBFSI,20190124,441.9,447.8,435,437.95,6027
SREEL,20190124,218.5,218.5,203,205.65,9274
SREINFRA,20190124,32.25,32.3,30.7,31.1,4138513
SRF,20190124,2064,2108.7,2036.3,2094.9,200947
SRHHYPOLTD,20190124,151.5,154,150.25,151,5939
SRIPIPES,20190124,184.85,185.9,180.05,181.2,20810
SRTRANSFIN,20190124,1098.8,1121,1086.1,1114.55,816136
SSWL,20190124,874.8,880.05,871.25,878.4,1434
STAMPEDE,20190124,1.05,1.05,1,1,367437
STAR,20190124,531,544.1,523.5,530.85,1859191
STARCEMENT,20190124,97,97,94.5,95.25,12223
STARPAPER,20190124,142.75,144.4,137.3,139.25,43952
STCINDIA,20190124,123.9,125,121,121.7,53147
STEELXIND,20190124,13,13,12.55,12.6,9410
STEL,20190124,109.85,109.85,106.2,106.7,8405
STERTOOLS,20190124,340.15,344.8,329.25,334.7,27412
STRTECH,20190124,294.35,299.45,288,290.65,2901291
SUBEX,20190124,7.75,8,7.35,7.35,3918239
SUBROS,20190124,238,242.2,233.5,235.75,14212
SUDARSCHEM,20190124,322.5,327,317,318.05,20215
SUJANAUNI,20190124,0.3,0.3,0.2,0.3,28719
SUMEETINDS,20190124,3.8,3.85,3.75,3.8,48735
SUMMITSEC,20190124,585.95,588,567.05,581.25,2086
SUNCLAYLTD,20190124,3096.7,3096.7,3026,3071.15,246
SUNDARAM,20190124,1.95,2,1.9,2,554521
SUNDARMFIN,20190124,1469.85,1479.9,1444,1450.7,13666
SUNDARMHLD,20190124,94.05,94.4,91.75,92.2,10531
SUNDRMBRAK,20190124,367.25,368.75,355,360.4,1456
SUNDRMFAST,20190124,523.95,535,519.25,524.55,53963
SUNFLAG,20190124,50,50.7,47.1,47.6,275353
SUNILHITEC,20190124,1.25,1.3,1.2,1.25,268685
SUNPHARMA,20190124,431,438,417.1,423,18446490
SUNTECK,20190124,338.1,349.8,335.95,342.6,115985
SUNTV,20190124,530.75,539.65,521.5,527,2113026
SUPERHOUSE,20190124,132.05,134.7,130.55,133.2,799
SUPERSPIN,20190124,7.3,7.5,7.3,7.45,2561
SUPPETRO,20190124,185.35,191.9,182.8,187,12179
SUPRAJIT,20190124,208.95,209.95,199.8,203.9,109200
SUPREMEIND,20190124,1066,1078.95,1036.6,1045.85,73472
SUPREMEINF,20190124,18,19.1,17.6,17.65,98310
SURANASOL,20190124,8.6,8.65,8.45,8.6,9434
SURANAT&P,20190124,4.6,4.6,3.8,4.2,256886
SURYALAXMI,20190124,41.35,41.35,40.25,40.6,7640
SURYAROSNI,20190124,233.5,233.9,223,224.7,41345
SUTLEJTEX,20190124,41.85,42,41.1,41.3,11000
SUVEN,20190124,204.7,207.8,200,202.5,217527
SUZLON,20190124,5.15,5.2,5.1,5.15,6256463
SWANENERGY,20190124,99,101.7,98.05,100.5,241421
SWARAJENG,20190124,1490.7,1521.9,1490.65,1517.2,1787
SWELECTES,20190124,259.9,259.9,252,252.35,1703
SYMPHONY,20190124,1234.9,1264.75,1215.6,1230.45,70470
SYNCOM,20190124,2.35,2.35,2.35,2.35,6890
SYNDIBANK,20190124,35.6,36,35.15,35.55,4427381
SYNGENE,20190124,571.6,595,571.6,588.9,849347
TAINWALCHM,20190124,70.45,71.9,67.7,70.8,2269
TAJGVK,20190124,181.65,183.7,178,182.35,28409
TAKE,20190124,157.95,158,145.75,148.45,102032
TALBROAUTO,20190124,220,222.95,217,217.8,5994
TALWALKARS,20190124,43.4,44,42.15,42.7,143545
TALWGYM,20190124,110.2,111.6,108.3,109.25,90494
TANLA,20190124,32.8,32.85,31.4,32.85,528759
TANTIACONS,20190124,3.9,4.3,3.9,4,7384
TARAJEWELS,20190124,1,1.1,1,1,114954
TARAPUR,20190124,3.4,3.4,3.4,3.4,485
TARMAT,20190124,41.7,42.5,40.55,41.3,4284
TASTYBITE,20190124,8022.15,8115.15,7955.2,8050.35,2015
TATACHEM,20190124,680.25,690.15,678.25,689.2,379049
TATACOFFEE,20190124,96,97.5,93.15,93.8,504200
TATACOMM,20190124,518.7,526,514.85,521.6,247811
TATAELXSI,20190124,962.4,966.15,929.15,933.3,1357593
TATAGLOBAL,20190124,212.1,212.65,209.45,210.8,1059068
TATAINVEST,20190124,831.95,839.9,830.2,831.5,7816
TATAMETALI,20190124,602.5,615,595,599.7,30544
TATAMOTORS,20190124,180,180.3,173.7,175.4,13461254
TATAMTRDVR,20190124,95.4,95.65,91.8,92.75,2739738
TATAPOWER,20190124,75.3,75.75,74.3,74.55,3700318
TATASPONGE,20190124,738.15,738.15,708.5,713.05,73210
TATASTEEL,20190124,464.5,464.5,457.2,460.75,4790846
TATASTLBSL,20190124,34,34.05,33.3,33.5,192133
TBZ,20190124,63.05,63.55,63,63,32974
TCI,20190124,291.15,291.15,289.15,290,32249
TCIDEVELOP,20190124,351,351,351,351,61
TCIEXP,20190124,634.95,634.95,615.25,628.35,15693
TCIFINANCE,20190124,14.95,15.5,14.9,14.95,17718
TCNSBRANDS,20190124,729.9,734,709.1,712.75,8125
TCPLPACK,20190124,412.4,419.95,412.4,413.1,475
TCS,20190124,1884.8,1905.25,1875,1901.55,1962927
TDPOWERSYS,20190124,126.55,128.15,126.05,127.7,11899
TEAMLEASE,20190124,2710,2731,2660.15,2683.6,9867
TECHIN,20190124,6.3,6.7,6.25,6.7,317
TECHM,20190124,724,730,716.5,727.75,1849102
TECHNOE,20190124,248,254.3,246,251.95,6860
TECHNOFAB,20190124,134.1,134.5,126.8,130.25,2986
TEJASNET,20190124,216.4,216.4,178.95,183.5,1196975
TERASOFT,20190124,45.6,47,43.75,44.05,15056
TEXINFRA,20190124,59,61.35,59,61.1,23519
TEXMOPIPES,20190124,21.5,21.9,21.3,21.5,31413
TEXRAIL,20190124,57,57.6,56,56.4,195753
TFCILTD,20190124,135.4,136.5,133.5,133.6,113196
TFL,20190124,4.55,4.75,4.3,4.35,5730
TGBHOTELS,20190124,18.3,18.3,16.9,17.05,25298
THANGAMAYL,20190124,353.6,357.9,352,356.75,1714
THEINVEST,20190124,143,147.8,143,143.6,1360
THEMISMED,20190124,285,289.35,283,284.75,1154
THERMAX,20190124,1090,1120.5,1090,1114.95,10515
THIRUSUGAR,20190124,25.7,26.5,25.5,25.8,4447
THOMASCOOK,20190124,223.4,223.4,218.55,221.2,78817
THYROCARE,20190124,547.1,550,540.5,545.05,8275
TI,20190124,16.55,17.85,16.55,17.05,60483
TIDEWATER,20190124,5249,5318.3,5201,5302.45,594
TIFIN,20190124,468.05,471.95,456,466.35,23773
TIIL,20190124,577.7,577.7,570.1,573.15,859
TIINDIA,20190124,335.85,338,330.1,335.45,23942
TIJARIA,20190124,19.5,20.5,18.9,18.9,82409
TIL,20190124,254.1,254.1,240.1,246.4,2549
TIMESGTY,20190124,29.6,29.6,29.55,29.55,300
TIMETECHNO,20190124,103.6,103.6,97.5,99.05,191311
TIMKEN,20190124,551.25,559.9,551,556.4,6356
TINPLATE,20190124,150.1,150.3,145.45,146.25,190607
TIPSINDLTD,20190124,60.5,62.45,60.4,60.5,4596
TIRUMALCHM,20190124,81,86.9,81,81,6018018
TITAN,20190124,960.2,972.3,955.9,969.65,1246903
TMRVL,20190124,32,32.9,31.2,31.4,31694
TNPETRO,20190124,37.75,37.8,37,37.05,30408
TNPL,20190124,229,231.6,228.55,230.1,36708
TOKYOPLAST,20190124,49.55,50.4,48.35,49.95,1925
TORNTPHARM,20190124,1912,1923.85,1879,1889.05,176527
TORNTPOWER,20190124,262.95,264.35,257.1,258.5,902166
TPLPLASTEH,20190124,135,135,129.25,130.05,7735
TREEHOUSE,20190124,4.65,4.65,4.4,4.55,17992
TREJHARA,20190124,36.3,36.3,34.55,34.6,11841
TRENT,20190124,360,360.45,352.05,356.25,97596
TRF,20190124,115.05,117.5,112.45,113.2,13707
TRIDENT,20190124,68.2,68.4,66.25,66.4,523338
TRIGYN,20190124,75.35,76.45,72.1,73.45,44241
TRIL,20190124,13.2,13.25,12.85,12.95,37683
TRITURBINE,20190124,111.9,112.8,108.95,109.15,8170
TRIVENI,20190124,45.55,46.2,45.1,45.25,184582
TTKHLTCARE,20190124,775.5,919.9,775.5,890.5,123726
TTKPRESTIG,20190124,7957.95,8009.85,7810,7848.9,5678
TTL,20190124,64.4,64.45,58.8,60.4,16084
TTML,20190124,3.95,4,3.9,3.9,419973
TV18BRDCST,20190124,34.65,34.65,33.85,34.05,3100470
TVSELECT,20190124,195.4,195.4,190,190.6,21577
TVSMOTOR,20190124,527.8,532.5,516,521.75,1479385
TVSSRICHAK,20190124,2377,2395,2351.5,2390.1,1042
TVTODAY,20190124,362,364.95,358.05,361.55,26038
TVVISION,20190124,4.6,4.6,4.1,4.25,18782
TWL,20190124,71.9,72.5,70.5,71.55,339382
UBL,20190124,1442.3,1466.95,1440.6,1448.3,672662
UCALFUEL,20190124,173.9,173.9,170.55,171.9,7552
UCOBANK,20190124,19.45,19.8,19.45,19.7,225101
UFLEX,20190124,260,262.75,257.5,260.05,37183
UFO,20190124,247.85,264.85,246.05,254.25,9303
UGARSUGAR,20190124,13,13.1,12.8,12.9,21395
UJAAS,20190124,6.8,7,6.75,6.8,103937
UJJIVAN,20190124,289.95,305.95,288.55,294.95,11961606
ULTRACEMCO,20190124,3856,3878.55,3770.05,3790.7,808713
UMANGDAIRY,20190124,58.05,58.85,57.6,57.7,3659
UNICHEMLAB,20190124,206,206.7,203.75,205.15,13817
UNIENTER,20190124,95.5,96.9,95.3,95.35,3951
UNIONBANK,20190124,82.9,83.55,82,82.5,6625042
UNIPLY,20190124,55.8,55.8,54.35,54.9,23715
UNITECH,20190124,1.8,1.8,1.75,1.75,6892214
UNITEDBNK,20190124,11.95,12,11.7,11.8,337528
UNITEDTEA,20190124,312,319.9,310.35,312.35,289
UNIVCABLES,20190124,255,257.95,250.05,251.25,54874
UPL,20190124,765,767.35,742.95,747.35,2109205
URJA,20190124,3.2,3.25,3.1,3.1,727914
USHAMART,20190124,32.85,33.5,32.85,33.35,218688
USHERAGRO,20190124,2.2,2.2,2.2,2.2,7012
UTINEXT50,20190124,278,278.5,275.11,277.48,18
UTINIFTETF,20190124,1140.75,1140.75,1129.6,1129.6,83
UTISENSETF,20190124,375.01,379.9,375.01,379.5,48
UTTAMSTL,20190124,9.7,9.8,9.6,9.75,78858
UTTAMSUGAR,20190124,92,94.35,91,92.2,26654
UVSL,20190124,0.15,0.15,0.1,0.15,1744038
V2RETAIL,20190124,266.25,284.4,264,280.65,33302
VADILALIND,20190124,509.3,509.3,494.4,501.3,5238
VAIBHAVGBL,20190124,709.95,714.8,697.3,701.35,5447
VAKRANGEE,20190124,47.8,48.2,44.7,44.7,8644809
VARDHACRLC,20190124,45.05,45.7,44.3,45.6,11526
VARDMNPOLY,20190124,11.2,11.3,10.9,10.95,6777
VARROC,20190124,701.1,704.85,669,672.05,9667
VASCONEQ,20190124,16.9,17.15,16.4,16.6,247261
VASWANI,20190124,12.5,12.5,11,11.3,15761
VBL,20190124,780,784.65,756.1,765.05,56797
VEDL,20190124,192.9,195.45,191.3,193.5,6195845
VENKEYS,20190124,2247.7,2268,2208.65,2226.15,28505
VENUSREM,20190124,40,41.2,39,40.45,6985
VESUVIUS,20190124,1234.8,1235,1193,1197.5,792
VETO,20190124,63.45,63.95,62.2,62.75,21425
VGUARD,20190124,202.95,203.45,200.05,202.15,379131
VHL,20190124,2371.75,2388,2255,2267.4,264
VICEROY,20190124,3.9,4.15,3.8,3.85,28861
VIDHIING,20190124,76.55,78,75.3,75.8,23191
VIJAYABANK,20190124,44.85,45.65,44.3,45,1618274
VIJIFIN,20190124,1.35,1.35,1.35,1.35,12451
VIJSHAN,20190124,6.8,6.8,6.3,6.7,3674
VIKASECO,20190124,12.6,13.55,12.6,12.95,1862290
VIMALOIL,20190124,9.1,9.1,9.1,9.1,62
VIMTALABS,20190124,278,278,264.55,265.55,28098
VINATIORGA,20190124,1591.05,1602.4,1570,1580.95,12266
VINDHYATEL,20190124,1714.95,1720.05,1686.8,1699.2,23412
VINYLINDIA,20190124,78.55,79.9,72.55,77.25,32535
VIPCLOTHNG,20190124,26.25,26.25,24.8,24.9,33316
VIPIND,20190124,493.4,493.4,478.25,481.05,223196
VIPULLTD,20190124,30.5,31,28.25,29.05,4054
VISAKAIND,20190124,412.45,416.05,391,393.1,33519
VISASTEEL,20190124,8.15,8.5,8.05,8.1,14992
VISESHINFO,20190124,0.05,0.1,0.05,0.05,1078552
VISHNU,20190124,146.95,149.3,145,146.85,1776
VIVIDHA,20190124,0.7,0.75,0.7,0.7,96186
VIVIMEDLAB,20190124,26.9,26.9,24.9,25.3,497590
VLSFINANCE,20190124,53.25,54.1,52.4,52.6,8493
VMART,20190124,2320,2470,2247.55,2432.8,21988
VOLTAMP,20190124,1078.1,1078.1,1038.5,1053.45,9255
VOLTAS,20190124,532.7,541.9,531.65,538.7,677637
VRLLOG,20190124,273,273,260,260.85,44789
VSSL,20190124,88.6,89.7,87.05,88.65,2792
VSTIND,20190124,3184.1,3239,3149.95,3203.8,19597
VSTTILLERS,20190124,1599,1625.95,1580.6,1614.45,1861
VTL,20190124,1080,1086.9,1069,1073.05,5931
WABAG,20190124,294.85,296.5,291,292.1,99034
WABCOINDIA,20190124,6342.6,6509.8,6301.1,6459.75,1617
WALCHANNAG,20190124,98.6,98.6,95.75,96.75,229178
WANBURY,20190124,18.05,18.45,18.05,18.05,669
WEBELSOLAR,20190124,23.75,24.95,22.75,24.2,93439
WEIZFOREX,20190124,514,514.5,513.3,513.3,3965
WEIZMANIND,20190124,45.45,45.45,42.8,43,1613
WELCORP,20190124,115.3,117,110.1,111,736259
WELENT,20190124,103,104.5,101.8,103.1,80203
WELINV,20190124,145,150,143,146,393
WELSPUNIND,20190124,59.35,59.75,58.7,59.15,603585
WENDT,20190124,3100,3157.25,3042,3056.45,1111
WHEELS,20190124,859.85,864.9,845,848.6,683
WHIRLPOOL,20190124,1466.6,1499,1460,1480.5,51870
WILLAMAGOR,20190124,54.9,56.7,53.35,54.05,7467
WINDMACHIN,20190124,64.45,65.45,62.55,63,158463
WINSOME,20190124,1,1,0.95,0.95,10252
WIPL,20190124,100,105,100,100,7578
WIPRO,20190124,350.2,353,346.5,351.75,4230546
WOCKPHARMA,20190124,492.9,496.8,480.2,483.6,794794
WONDERLA,20190124,274.25,276.1,269,272.65,12242
WSI,20190124,3,3,3,3,100
WSTCSTPAPR,20190124,281.1,282.15,265.1,267,109935
XCHANGING,20190124,45.25,46.9,44.6,45.25,6947
XLENERGY,20190124,0.95,0.95,0.95,0.95,310
XPROINDIA,20190124,39,39,39,39,50
YESBANK,20190124,199,235,189,215.4,127603904
ZEEL,20190124,433.95,439,424.35,433.85,6954715
ZEELEARN,20190124,34.8,34.8,33.65,33.8,111618
ZEEMEDIA,20190124,25.4,26.1,24,24.15,463891
ZENITHBIR,20190124,0.65,0.75,0.65,0.75,135414
ZENITHEXPO,20190124,40.5,40.5,40.3,40.3,455
ZENSARTECH,20190124,224.3,227,219.5,220.4,57629
ZENTEC,20190124,86.1,94,84.25,85.3,314118
ZICOM,20190124,6.15,6.2,5.9,6.05,13074
ZODIACLOTH,20190124,140.4,140.4,136.6,138.95,1840
ZODJRDMKJ,20190124,38.35,41.45,38,38.25,829
ZUARI,20190124,220.75,223.7,218.45,222.25,5212
ZUARIGLOB,20190124,115.85,117.55,115.5,115.85,6139
ZYDUSWELL,20190124,1270.4,1325,1270,1305.35,6157
NSENIFTY,20190124,10844.05,10866.60,10798.65,10849.80,361082096,0
NIFTYJUNIOR,20190124,27300.80,27342.10,27118.40,27232.60,157633445,0
NIFTYMIDCAPLIQ15,20190124,4033.75,4041.15,4001.75,4011.25,41395363,0
NSE100,20190124,11047.85,11064.25,11000.50,11049.05,521455279,0
NIFTY200,20190124,5707.60,5712.20,5682.00,5704.70,724253582,0
NSE500,20190124,9080.25,9086.35,9039.45,9072.20,979857742,0
NSEMIDCAP150,20190124,6176.45,6182.45,6137.80,6150.05,207521424,0
MIDCAP50,20190124,4802.65,4813.70,4778.45,4791.10,139022884,0
NSEMIDCAP,20190124,17370.45,17388.30,17241.40,17281.15,202798303,0
NIFTYSMALLCAP250,20190124,-,-,-,5130.50,-,0
NIFTYSMALLCAP50,20190124,-,-,-,3058.65,-,0
NSESMLCAP100,20190124,6287.45,6300.10,6252.85,6257.95,-,0
NIFTYLARGEMIDCAP250,20190124,-,-,-,5661.68,728976703,0
NIFTYMIDSMALLCAP400,20190124,-,-,-,5791.05,-,0
NIFTYAUTO,20190124,8623.20,8632.10,8510.40,8537.25,63934687,0
BANKNIFTY,20190124,27273.50,27342.35,27142.80,27266.40,210279603,0
NIFTYFINSERVICE,20190124,11567.25,11579.05,11504.10,11545.15,66761204,0
NIFTYFMGC,20190124,30118.75,30264.55,29983.40,30036.75,42081326,0
NSEIT,20190124,14897.45,15003.55,14793.25,14971.85,33165996,0
NIFTYMEDIA,20190124,2381.65,2397.75,2342.45,2369.60,30045694,0
NIFTYMETAL,20190124,2899.95,2902.10,2864.15,2893.50,43614797,0
NIFTYPHARMA,20190124,8956.45,9001.05,8845.95,8894.50,26561259,0
NIFTYPVTBANK,20190124,15468.80,15529.20,15368.60,15466.55,181602419,0
NIFTYPSUBANK,20190124,2977.15,3008.35,2964.45,2991.70,68072669,0
NIFTYREALTY,20190124,236.65,242.15,236.35,240.60,16911282,0
NIFTYCOMMODITIES,20190124,3306.70,3310.50,3285.70,3300.65,93690447,0
NIFTYCONSUMPTION,20190124,4812.15,4825.35,4794.95,4805.90,117774649,0
NIFTYCPSE,20190124,1982.70,1988.75,1971.10,1977.10,36037459,0
NIFTYENERGY,20190124,14843.90,15067.55,14812.00,14990.40,47162967,0
NIFTY100ESG,20190124,-,-,-,2044.27,442607888,0
NIFTY100ENHESG,20190124,-,-,-,2079.89,403279855,0
NIFTYINFRA,20190124,3007.65,3012.50,2976.85,2984.25,141591119,0
NIFTYMNC,20190124,13542.90,13547.90,13442.20,13473.55,54213260,0
NIFTYPSE,20190124,3231.30,3242.85,3214.95,3224.50,62099337,0
NIFTYSMEEMERGE,20190124,-,-,-,1506.43,1335425,0
NIFTYSERVSECTOR,20190124,15006.10,15057.05,14938.75,15023.20,281975563,0
NIFTYSHARIAH25,20190124,-,-,-,4134.07,48047405,0
NIFTY50SHARIAH,20190124,-,-,-,2329.79,41453723,0
NIFTY500SHARIAH,20190124,-,-,-,2863.68,138943511,0
NIFTYABGROUP,20190124,-,-,-,3258.82,42223100,0
NIFTYMAHINDRA,20190124,-,-,-,11338.87,8670183,0
NIFTYTATA,20190124,-,-,-,6200.10,33620715,0
NIFTYTATA25CAP,20190124,-,-,-,4428.49,30823900,0
NIFTYABGROUP,20190124,-,-,-,3258.82,42223100,0
NIFTYLIQ15,20190124,3745.30,3778.90,3702.10,3747.50,212525041,0
NIFTY500VALUE50,20190124,-,-,-,4165.98,168064908,0
NIFTYALPHALOWVOL30,20190124,-,-,-,11486.26,89378679,0
NIFTYQUALLOWVOL30,20190124,-,-,-,8221.00,74688881,0
NIFTYALPHAQUALLOWVOL30,20190124,-,-,-,9317.73,86634224,0
NIFTYALPHAQUALVALLOWVOL30,20190124,-,-,-,7081.82,84723237,0
NIFTY50EQUALWEIGHT,20190124,11854.10,11858.70,11761.85,11821.05,361082096,0
NIFTY100EQUALWEIGHT,20190124,12716.15,12723.40,12631.40,12683.45,521455279,0
NIFTY100LOWVOL30,20190124,8480.35,8491.20,8443.75,8472.40,92076630,0
NSEDEFTY,20190124,-,-,-,5282.37,-,0
NIFTY50DIVPOINT,20190124,118.45,118.45,118.45,118.45,-,0
NIFTYDIVOPPS50,20190124,2547.30,2554.90,2540.70,2546.40,158939890,0
NIFTYALPHA50,20190124,12075.55,12086.90,11967.95,11984.70,66780670,0
NIFTY50ARBITRAGE,20190124,-,-,-,1769.46,-,0
NIFTY50FUTINDEX,20190124,-,-,-,3840.96,-,0
NIFTY50FUTTRINDEX,20190124,-,-,-,10859.73,-,0
NIFTYHIGHBETA50,20190124,-,-,-,1631.15,353888899,0
NIFTYLOWVOL50,20190124,-,-,-,9845.30,114686802,0
NIFTY200QUALITY30,20190124,-,-,-,9330.50,-,0
NIFTY50VALUE20,20190124,5196.25,5246.40,5175.25,5227.55,199981752,0
NIFTYGROWSECT15,20190124,6229.00,6244.95,6192.40,6209.45,63712997,0
NIFTY50TR2XLEV,20190124,5708.65,5732.10,5661.20,5714.70,-,0
NIFTY50PR2XLEV,20190124,4501.90,4520.40,4464.45,4506.70,-,0
NIFTY50TR1XINV,20190124,370.20,371.70,369.40,370.00,-,0
NIFTY50PR1XINV,20190124,416.75,418.50,415.90,416.55,-,0
NIFTY-GS-COMPSITE,20190124,1852.05,1853.07,1850.22,1853.46,-,0
NIFTY-GS-4-8YR,20190124,1932.41,1932.90,1930.22,1934.11,-,0
NIFTY-GS-8-13YR,20190124,1814.75,1815.89,1813.17,1816.13,-,0
NIFTY-GS-10YR,20190124,1692.36,1692.36,1692.36,1690.59,-,0
NIFTY-GS-10YR-CLN,20190124,910.71,910.71,910.71,909.76,-,0
NIFTY-GS-11-15YR,20190124,1898.84,1899.83,1896.83,1899.65,-,0
NIFTY-GS-15YRPLUS,20190124,2047.16,2047.16,2046.49,2046.84,-,0
VIX,20190124,18.09,18.38,14.54,17.44,0,0
