20MICRONS,20190725,35.35,36.5,34.75,35.1,5732
21STCENMGM,20190725,15.65,15.65,15.65,15.65,500
3IINFOTECH,20190725,2.55,2.55,2.4,2.45,1490578
3MINDIA,20190725,21620.5,21688,21102,21162.15,1060
3PLAND,20190725,7.5,7.5,7.5,7.5,1001
5PAISA,20190725,209.9,212.85,195.9,196.6,18437
63MOONS,20190725,88.3,93.8,88.3,92.9,163307
8KMILES,20190725,69.8,70.5,69.8,69.8,121043
A2ZINFRA,20190725,10.3,10.6,9.95,10.35,784999
AARTIDRUGS,20190725,476.5,486,476.5,484.25,3072
AARTIIND,20190725,1629.7,1678.8,1626.25,1648.05,43092
AARVEEDEN,20190725,17,17.9,16.4,16.75,1442
AAVAS,20190725,1455.2,1488,1455.15,1469.5,53725
ABAN,20190725,32.6,32.6,31.1,31.5,59354
ABB,20190725,1380,1413.9,1366.1,1402.8,445967
ABBOTINDIA,20190725,8531,8684.8,8531,8599.35,4899
ABCAPITAL,20190725,84.2,86.35,83.65,85.9,1055567
ABFRL,20190725,202.1,206.7,202,204.95,260515
ABSLNN50ET,20190725,280,280,261.93,261.93,54
ACC,20190725,1574,1601.9,1569.85,1585.25,906465
ACCELYA,20190725,822,836.8,817.1,829.45,20293
ACE,20190725,76.05,81.05,75.1,79.15,129753
ADANIENT,20190725,130.5,131.3,127.75,129.4,3977652
ADANIGAS,20190725,162.75,164.5,158.55,160.35,278894
ADANIGREEN,20190725,48.35,49.4,48.35,48.8,677095
ADANIPORTS,20190725,380.8,385.55,377,380.35,2998970
ADANIPOWER,20190725,62.6,64,60,62.1,14890472
ADANITRANS,20190725,209,217,206.2,215.4,73508
ADFFOODS,20190725,253.5,259.95,250.3,254.6,9287
ADHUNIK,20190725,1.2,1.2,1.2,1.2,26929
ADHUNIKIND,20190725,93.5,95.85,93.5,94.15,5785
ADLABS,20190725,4.1,4.1,3.8,4.05,56332
ADORWELD,20190725,302.45,307.95,301.5,302.2,2812
ADROITINFO,20190725,9.55,10.4,9.55,9.95,1542
ADSL,20190725,13.95,14.1,13.55,13.55,6803
ADVANIHOTR,20190725,54.8,56.95,54.05,55.75,913
ADVENZYMES,20190725,156.45,158,155.05,155.65,18777
AEGISCHEM,20190725,201,202.95,197.45,200.4,53132
AGARIND,20190725,116.05,116.05,114,115.75,2107
AGCNET,20190725,91.55,94.7,83,87.25,4029
AGLSL,20190725,47,50.8,47,47.35,3910
AGRITECH,20190725,53.9,54,52,53.45,7035
AGROPHOS,20190725,87.15,93.75,87.15,89.9,5667
AHLEAST,20190725,162.3,177,162.3,168.7,5209
AHLUCONT,20190725,297.4,301.15,297,300,1478
AHLWEST,20190725,285,285,245,265.75,1403
AIAENG,20190725,1744.8,1761,1709.8,1756.55,16165
AIONJSW,20190725,18.95,18.95,16.5,17.3,35004
AIRAN,20190725,21.25,21.85,18.3,20.6,1522
AJANTPHARM,20190725,891.1,908,867,884.05,242767
AJMERA,20190725,135.15,137.3,131.05,132.9,16766
AKSHARCHEM,20190725,236.8,242,235.2,235.5,711
AKSHOPTFBR,20190725,9.4,9.45,9,9.1,194418
AKZOINDIA,20190725,1739.9,1739.9,1712.35,1730.65,2021
ALANKIT,20190725,24.05,25.8,24.05,25.1,337416
ALBERTDAVD,20190725,385,385,366.25,371.55,1063
ALBK,20190725,39.9,40.9,39.2,40.35,2558919
ALCHEM,20190725,1.1,1.2,1.1,1.15,1138
ALEMBICLTD,20190725,42.55,43.2,42.55,42.7,54777
ALICON,20190725,500.5,516.2,490.05,492,776
ALKALI,20190725,35.5,37.8,35.4,37,1012
ALKEM,20190725,1818,1824.8,1781.3,1815.15,20147
ALKYLAMINE,20190725,761.1,776.9,751.65,757.9,1307
ALLCARGO,20190725,100.9,100.9,98.1,100.15,56732
ALLSEC,20190725,300.1,307.95,295.25,296.35,4520
ALMONDZ,20190725,13.55,14.55,13.55,14.3,5306
ALOKTEXT,20190725,3,3,2.9,3,3266757
ALPA,20190725,18.5,19.5,17,17.9,55018
ALPHAGEO,20190725,325.1,333.8,298.1,305.15,21921
ALPSINDUS,20190725,0.6,0.6,0.6,0.6,3745
AMARAJABAT,20190725,629.5,641.5,626.85,635.95,330436
AMBER,20190725,813.6,821.3,801,806.35,4735
AMBIKCO,20190725,934.75,961.95,927.7,934.4,1830
AMBUJACEM,20190725,216.1,220,211,214.05,4148175
AMDIND,20190725,15.95,15.95,14.95,15.5,3791
AMJLAND,20190725,16.65,17.45,16.65,17,2629
AMRUTANJAN,20190725,297.45,307,293.1,294.65,14147
ANANTRAJ,20190725,27.8,28.4,27.5,27.65,118382
ANDHRABANK,20190725,22.15,22.25,21.65,21.8,498770
ANDHRACEMT,20190725,2.95,3,2.9,2.95,106207
ANDHRSUGAR,20190725,285.9,289.55,282,284.35,13648
ANIKINDS,20190725,8.5,8.9,8.3,8.8,6052
ANKITMETAL,20190725,0.6,0.65,0.55,0.65,29102
ANSALAPI,20190725,4.6,4.8,4.55,4.65,35985
ANSALHSG,20190725,4.85,4.9,4.7,4.7,13053
ANTGRAPHIC,20190725,0.85,0.9,0.85,0.9,32871
ANUP,20190725,475,486,472.6,480.75,7628
APARINDS,20190725,521.3,530,521.3,526.3,3253
APCL,20190725,156.25,156.25,150.9,152.2,498
APCOTEXIND,20190725,185.65,189,185.05,187.4,7456
APEX,20190725,238.2,239.9,231.15,232.55,42001
APLAPOLLO,20190725,1529.9,1529.9,1458.75,1466.45,10773
APLLTD,20190725,525.05,542.95,522.7,536.75,20672
APOLLO,20190725,90.8,94.9,86.9,91.7,34612
APOLLOHOSP,20190725,1335.45,1349,1314,1343.6,391683
APOLLOTYRE,20190725,164.55,165.4,160.7,161.35,2589689
APOLSINHOT,20190725,904.95,906,890.1,896.35,166
APTECHT,20190725,128,131.75,125.1,129.85,749765
ARCHIDPLY,20190725,27.85,28.15,27,27.45,10812
ARCHIES,20190725,18.05,19.1,17.35,18.3,15909
ARCOTECH,20190725,2.7,2.7,2.6,2.6,17105
ARIES,20190725,50.8,52.25,50.05,50.35,14759
ARIHANT,20190725,20,20,20,20,20
ARIHANTSUP,20190725,35.7,38.7,35.7,37.75,35042
ARMANFIN,20190725,406.8,414,405,406,2683
AROGRANITE,20190725,37.2,37.8,36.05,36.65,6860
ARROWGREEN,20190725,56.85,56.85,53.05,55.55,3246
ARROWTEX,20190725,11.95,11.95,11.15,11.25,10628
ARSHIYA,20190725,17.6,17.6,17,17.1,19310
ARSSINFRA,20190725,28.3,29.8,28.3,28.3,7163
ARVIND,20190725,58.6,60.25,57.75,58.5,5754687
ARVINDFASN,20190725,654,655,649.95,651.9,16735
ARVSMART,20190725,92.6,94.3,90.05,93.75,7743
ASAHIINDIA,20190725,204.95,204.95,200,200.5,10107
ASAHISONG,20190725,128,134.75,125.1,128.6,2005
ASAL,20190725,39.05,41.7,38.05,39.3,2297
ASHAPURMIN,20190725,22.85,22.85,22.85,22.85,50624
ASHIANA,20190725,115.5,116.7,112.65,113.5,18105
ASHIMASYN,20190725,7.7,8.4,7.7,8.15,21998
ASHOKA,20190725,118.55,121.1,117,120.1,262630
ASHOKLEY,20190725,72.55,73.2,71.55,72.3,17574892
ASIANHOTNR,20190725,115.5,123.05,115,116.3,2246
ASIANPAINT,20190725,1481.3,1503.85,1459.05,1495.85,4194809
ASIANTILES,20190725,219.7,222.5,216.6,221,50327
ASPINWALL,20190725,141.3,144.8,136.05,136.55,1787
ASSAMCO,20190725,1.15,1.2,1.15,1.15,152876
ASTEC,20190725,325.95,344.95,320.7,329.35,10929
ASTERDM,20190725,123.35,124.2,121.6,123,69844
ASTRAL,20190725,1186.3,1240.1,1186.3,1204.8,32389
ASTRAMICRO,20190725,81,81,77.45,80,223351
ASTRAZEN,20190725,1841.1,1880.05,1841,1852.1,11268
ASTRON,20190725,96,97.3,91.3,95.85,280598
ATFL,20190725,492.1,509.9,487.25,502.2,12763
ATLANTA,20190725,8.3,8.5,8.15,8.2,9531
ATLASCYCLE,20190725,39.7,42.65,39.7,40.75,2649
ATNINTER,20190725,0.25,0.25,0.2,0.25,32718
ATUL,20190725,3670.1,3700,3586.05,3678.3,8024
ATULAUTO,20190725,265.3,267.3,243.1,247.05,12264
AUBANK,20190725,636,652,628,634.1,328573
AURIONPRO,20190725,102.3,104.6,101.7,103.45,9223
AUROPHARMA,20190725,550.5,561.85,550.5,553.9,1889831
AUSOMENT,20190725,32.9,34.2,32.9,33.45,180
AUTOAXLES,20190725,846,862.45,800.05,805.55,31176
AUTOIND,20190725,43.5,44.95,42.3,43,5694
AVADHSUGAR,20190725,275,277.05,264.05,265.65,44526
AVANTIFEED,20190725,322.1,326.6,316.75,319.1,208314
AVTNPL,20190725,21.1,22.15,21.1,21.85,9004
AXISBANK,20190725,711.2,726.25,706.35,723.15,9972204
AXISCADES,20190725,71.5,71.85,58.3,64.75,336959
AXISGOLD,20190725,3056,3069,3052.05,3055,14
AXISNIFTY,20190725,1162,1170.51,1153.55,1164.64,83
AYMSYNTEX,20190725,30,31.9,30,31.25,5606
BAFNAPHARM,20190725,5.8,6.15,5.65,5.95,3248
BAGFILMS,20190725,3,3.3,3,3.1,63317
BAJAJ-AUTO,20190725,2526.45,2567.9,2513,2547,549808
BAJAJCON,20190725,283.2,293,278.4,289.3,115786
BAJAJELEC,20190725,405,417.55,401.1,408.95,108842
BAJAJFINSV,20190725,7069.9,7170,6760,6782.3,1095745
BAJAJHIND,20190725,7,7.05,6.75,6.8,857273
BAJAJHLDNG,20190725,3339,3400,3298.6,3372.6,34631
BAJFINANCE,20190725,3198.9,3243.4,2996.2,3046.5,10290577
BALAJITELE,20190725,55.7,57.65,55,55.75,26142
BALAMINES,20190725,267,273.9,232.15,240.6,102266
BALAXI,20190725,65.05,66.35,61.8,66.3,1994
BALKRISHNA,20190725,21,21.85,21,21.6,6381
BALKRISIND,20190725,714.7,733,705.3,725.15,375145
BALLARPUR,20190725,0.95,0.95,0.95,0.95,283678
BALMLAWRIE,20190725,173.5,175,172.3,172.85,39368
BALPHARMA,20190725,46.95,47.05,45.1,45.4,7134
BALRAMCHIN,20190725,155.45,155.45,148.4,151.15,1410656
BANARBEADS,20190725,44.2,44.95,43.3,44.1,419
BANARISUG,20190725,1401.55,1424.95,1400,1400,158
BANCOINDIA,20190725,104.6,107.2,98,99.15,69258
BANDHANBNK,20190725,445.1,464.9,445.1,461.4,1802292
BANG,20190725,35,37.9,34,36.5,1640
BANKBARODA,20190725,110.4,111.1,108.3,109.55,18973739
BANKBEES,20190725,2958.93,2977,2944,2960.84,3397
BANKINDIA,20190725,76.65,77.5,74.4,75.4,7457025
BANSWRAS,20190725,65.25,66.95,65,66.75,2822
BARTRONICS,20190725,3.1,3.35,3.1,3.15,15835
BASF,20190725,1059,1109.9,1058,1076.7,7320
BASML,20190725,128.05,140.1,128.05,132.3,4580
BATAINDIA,20190725,1314.6,1314.6,1292.65,1301.3,571690
BAYERCROP,20190725,3162.25,3222.35,3122.05,3181.65,4844
BBL,20190725,943,952.95,921.6,937.75,2228
BBTC,20190725,885,906.45,878.1,886.85,54701
BCG,20190725,3.25,3.5,3.25,3.3,242324
BDL,20190725,299,303.3,291.6,294.45,14226
BEARDSELL,20190725,13.9,16.95,12.25,14.95,7584
BEDMUTHA,20190725,15.7,15.7,14.75,14.8,2080
BEL,20190725,98.2,100.25,97.2,99.15,13532297
BEML,20190725,900.45,907.95,885.2,888.95,372060
BEPL,20190725,62.85,65.4,62.85,64.3,283830
BERGEPAINT,20190725,324.45,330.7,324,327.05,2237357
BFINVEST,20190725,271.4,271.5,260,262.5,85410
BFUTILITIE,20190725,222,222.65,204.2,205.45,877333
BGLOBAL,20190725,1.3,1.3,1.2,1.25,14101
BGRENERGY,20190725,44.8,45.55,44,45,31672
BHAGERIA,20190725,113.5,115.8,110.3,111.9,20427
BHAGYANGR,20190725,20.95,21.25,20.95,21,2376
BHAGYAPROP,20190725,22.5,22.8,22,22.8,1096
BHANDARI,20190725,1.6,1.6,1.5,1.55,58976
BHARATFORG,20190725,431.8,438,426.8,428.25,954127
BHARATGEAR,20190725,82.05,82.5,78,78.5,3072
BHARATRAS,20190725,4024.2,4198,4000,4151.45,1477
BHARATWIRE,20190725,34.35,34.35,33.7,33.8,7567
BHARTIARTL,20190725,335,343.45,334.55,339,7460110
BHEL,20190725,62.2,62.4,60.6,61.15,8319563
BIGBLOC,20190725,28.3,28.8,27.15,27.3,1203
BIL,20190725,279,284.7,270.85,276,5427
BILENERGY,20190725,2.25,2.35,2.25,2.25,145563
BINDALAGRO,20190725,12.35,12.35,11.25,11.8,25109
BIOCON,20190725,238.2,239.9,233,238.6,3109298
BIOFILCHEM,20190725,6.2,6.2,6.2,6.2,149
BIRLACABLE,20190725,75.4,77.25,73.5,73.8,35166
BIRLACORPN,20190725,584.25,591.1,575,576.75,41285
BIRLAMONEY,20190725,40.9,41.2,39.6,39.8,38016
BKMINDST,20190725,2.4,2.45,2.4,2.45,3464
BLBLIMITED,20190725,3.8,3.8,3.5,3.8,7365
BLISSGVS,20190725,157.6,159.6,155.5,157.25,1904902
BLKASHYAP,20190725,8.8,8.95,8.45,8.95,77424
BLS,20190725,78.05,82.65,78.05,80.6,11653
BLUEBLENDS,20190725,1.8,1.8,1.8,1.8,10
BLUECOAST,20190725,4.7,4.7,4.7,4.7,12
BLUEDART,20190725,2400.05,2450,2399,2427.35,2829
BLUESTARCO,20190725,754,754,738.05,740.1,15968
BODALCHEM,20190725,84,87.35,83.8,84.4,80010
BOMDYEING,20190725,84.65,86.5,84.4,84.8,496648
BOROSIL,20190725,143.9,144,137,139.5,41443
BOSCHLTD,20190725,14615,15073.95,14615,15002.45,17367
BPCL,20190725,351,351.5,339.4,340.3,3515650
BPL,20190725,19.35,20.4,19.05,19.3,55052
BRFL,20190725,5.3,5.5,5.1,5.1,77438
BRIGADE,20190725,280,285,274.55,279.9,162169
BRITANNIA,20190725,2635.65,2685,2631.1,2671.55,771878
BRNL,20190725,71.2,74.9,70.5,71.85,16333
BROOKS,20190725,39.55,40.25,38.1,38.75,6943
BSE,20190725,554,562.35,550.1,559.8,334665
BSELINFRA,20190725,1.2,1.25,1.2,1.2,15952
BSL,20190725,27.5,28.95,26.5,26.5,10137
BSLGOLDETF,20190725,3171,3236.95,3153,3205,177
BSLNIFTY,20190725,126.3,129.9,122.85,122.85,280
BSOFT,20190725,74.15,76.25,74.15,75.15,1051157
BURNPUR,20190725,1.3,1.3,1.25,1.25,5217
BUTTERFLY,20190725,160,162,152.75,154.55,25994
BVCL,20190725,14.95,14.95,14.45,14.45,2299
BYKE,20190725,22.25,23.9,21,22.2,25514
CADILAHC,20190725,227.4,235.2,226.5,230.2,1460683
CALSOFT,20190725,16.35,17.85,16.3,17.85,37355
CAMLINFINE,20190725,54.4,55.15,52.5,53.1,117989
CANBK,20190725,250,250,235.65,239.25,12027668
CANFINHOME,20190725,391.4,395.9,382.5,384.05,452668
CANTABIL,20190725,228,235,228,230.25,1873
CAPACITE,20190725,246.5,252.25,237.7,249.25,35899
CAPLIPOINT,20190725,383.05,436.55,383.05,425.9,196910
CAPTRUST,20190725,67.95,67.95,63.5,63.55,7896
CARBORUNIV,20190725,339.75,343,330.3,334.85,21157
CAREERP,20190725,60.15,60.85,55.2,57.45,19272
CARERATING,20190725,812,828.8,730.6,757.1,50364
CASTEXTECH,20190725,0.6,0.6,0.55,0.55,40377
CASTROLIND,20190725,123.05,126.7,122,124.8,1075232
CCHHL,20190725,4.2,4.45,4.15,4.35,15764
CCL,20190725,243.35,247.5,240.1,244.75,114632
CDSL,20190725,197.85,198.6,195,196,140566
CEATLTD,20190725,868,871.95,850.6,856.9,123154
CEBBCO,20190725,16.45,16.85,16,16.35,21456
CELEBRITY,20190725,8.1,8.75,7,8.75,604823
CELESTIAL,20190725,4.95,4.95,4.3,4.3,28583
CENTENKA,20190725,201,206.85,200.8,203.1,16701
CENTEXT,20190725,3.2,3.3,3,3.05,57708
CENTRALBK,20190725,17.65,20.2,17.2,18.35,1043748
CENTRUM,20190725,24.3,25.95,24.3,25.15,72908
CENTUM,20190725,488,505,488,494.2,2041
CENTURYPLY,20190725,130.5,131.3,126.05,128.25,75512
CENTURYTEX,20190725,894.4,904,880.45,891.9,441739
CERA,20190725,2540.1,2594.85,2525,2548.35,3405
CEREBRAINT,20190725,23.1,23.8,22.6,22.95,148001
CESC,20190725,757.4,763.5,753.05,760.25,161568
CESCVENT,20190725,401.8,408.2,389,394.85,9616
CGCL,20190725,155.5,159.75,155.5,157.45,409524
CGPOWER,20190725,20,20.95,19.55,20.5,1565341
CHALET,20190725,312.8,320,310.05,319.05,718
CHAMBLFERT,20190725,154.1,165.2,151.7,154.35,208380
CHEMFAB,20190725,169,174.7,165.2,165.4,2695
CHENNPETRO,20190725,195.5,195.9,193.55,194.7,71608
CHOLAFIN,20190725,240.15,253.6,239.85,249.05,1550083
CHOLAHLDNG,20190725,480,495.25,476.5,482.45,25586
CHROMATIC,20190725,0.65,0.65,0.6,0.6,2025
CIGNITITEC,20190725,298,299,287,287.6,7177
CIMMCO,20190725,18.75,19.85,18.25,19.3,11608
CINELINE,20190725,30.65,31.2,30,30.1,3885
CINEVISTA,20190725,5.5,5.5,5.25,5.25,1670
CIPLA,20190725,521.35,539.2,519,536.65,3183510
CKFSL,20190725,2.4,2.4,2.4,2.4,5337
CLEDUCATE,20190725,92.3,98.4,92.3,95.25,1369
CLNINDIA,20190725,282.85,295,280.1,291.9,11696
CMICABLES,20190725,72.85,72.85,65.1,65.75,61761
CNOVAPETRO,20190725,10.5,11.6,9.7,10.8,2714
COALINDIA,20190725,217.65,217.65,208.1,209.05,19251346
COCHINSHIP,20190725,357.35,362.95,355.15,358.15,24777
COFFEEDAY,20190725,195.2,197.8,194.25,194.85,95507
COLPAL,20190725,1154,1164.3,1138.95,1143.35,508201
COMPINFO,20190725,12,12.3,11.55,11.8,9047
COMPUSOFT,20190725,7.7,8.4,7.7,8.05,2636
CONCOR,20190725,530.5,535.5,524.9,528,1724285
CONFIPET,20190725,29.95,30.3,29.45,29.9,86109
CONSOFINVT,20190725,34.5,37.5,34.5,37.5,1304
CONTROLPR,20190725,210.05,210.05,202.3,203.15,3377
CORALFINAC,20190725,13.5,13.55,12.45,13,18304
CORDSCABLE,20190725,45.1,47,45.1,45.4,2861
COROMANDEL,20190725,383,389.65,382.2,383.85,71589
CORPBANK,20190725,23.75,24.4,23.7,24.15,119808
COSMOFILMS,20190725,201.2,211.15,200,206.15,11688
COUNCODOS,20190725,2.05,2.15,2,2.05,15302
COX&KINGS,20190725,14.1,14.1,14.1,14.1,31923
CPSEETF,20190725,24.97,25.13,24.79,24.88,258306276
CREATIVEYE,20190725,1.65,1.65,1.65,1.65,420
CREDITACC,20190725,527.25,536,525.55,534.95,104838
CREST,20190725,93.05,94,89.8,90.45,779
CRISIL,20190725,1360.05,1376.05,1354,1361.85,2012
CROMPTON,20190725,231,231.45,223,225.25,783221
CTE,20190725,28.3,30.85,28.3,29.9,1158
CUB,20190725,197.8,200.5,195.65,196.9,345224
CUBEXTUB,20190725,12.25,12.25,12.25,12.25,20
CUMMINSIND,20190725,731,765,731,750.7,812365
CUPID,20190725,135.45,139.7,130.45,133.05,151508
CYBERTECH,20190725,45.55,47.05,44.6,45.3,16055
CYIENT,20190725,481.5,494.9,481.5,486.95,202289
DAAWAT,20190725,19.9,20.05,19.5,19.65,252308
DABUR,20190725,420.8,426.35,419.05,422.85,2074309
DALBHARAT,20190725,948,967.95,942.05,959.9,62165
DALMIASUG,20190725,96.75,97.7,95,95.25,68299
DAMODARIND,20190725,31,32.15,30.5,31.45,298
DATAMATICS,20190725,80.1,81.9,79.65,79.9,19247
DBCORP,20190725,165,168.65,163,164.15,14490
DBL,20190725,423.45,428,414,420,120805
DBREALTY,20190725,9.05,9.3,9,9.05,370339
DBSTOCKBRO,20190725,11.5,11.5,11.5,11.5,5
DCAL,20190725,211,213,205.5,210.5,60079
DCBBANK,20190725,197.5,197.5,190.75,195.05,751271
DCM,20190725,22.1,22.8,21.5,21.55,9641
DCMNVL,20190725,36.6,36.6,36.6,36.6,26251
DCMSHRIRAM,20190725,437.1,463.45,435,439.1,173036
DCW,20190725,15.1,15.3,14.1,14.35,242784
DECCANCE,20190725,340.05,366.9,340.05,365.6,4037
DEEPAKFERT,20190725,88.55,90.7,87.1,87.95,159746
DEEPAKNTR,20190725,274.4,282.1,266.75,278.1,130442
DEEPIND,20190725,112,114,105.3,108.55,14653
DELTACORP,20190725,148.3,150,145.75,146.3,573903
DELTAMAGNT,20190725,42.3,42.3,40.2,40.3,501
DEN,20190725,54.9,60.2,53.7,56.9,292357
DENORA,20190725,211.05,235,211.05,227.1,22922
DFMFOODS,20190725,261.05,273,260,267.95,54144
DGCONTENT,20190725,9.55,11,9.55,10.3,6911
DHAMPURSUG,20190725,180.4,182,173.65,174.75,302119
DHANBANK,20190725,15.25,15.45,14.65,14.85,318517
DHANUKA,20190725,404,410.85,382.55,388.1,62840
DHARSUGAR,20190725,7.1,7.25,6.8,7.05,3254
DHFL,20190725,55.45,57.8,53.45,55.2,37378917
DHUNINV,20190725,207.95,214.95,207.95,210.95,468
DIAMONDYD,20190725,742,769,742,762.05,849
DICIND,20190725,310.75,319.9,305.3,311.2,369
DIGJAMLTD,20190725,1.3,1.3,1.2,1.2,112637
DISHTV,20190725,32.35,32.75,31.8,32.25,16827494
DIVISLAB,20190725,1604,1649.95,1603,1641.75,382130
DIXON,20190725,2200.15,2226.1,2185.5,2195,280346
DLF,20190725,177,179.85,174.8,176.35,7273037
DLINKINDIA,20190725,88.75,89.3,86.9,87,31530
DMART,20190725,1425.5,1448.8,1401,1420.15,331496
DNAMEDIA,20190725,0.5,0.55,0.5,0.55,3469
DOLLAR,20190725,213,219.8,211.5,212,3788
DOLPHINOFF,20190725,24.1,24.75,23.9,24.2,23239
DONEAR,20190725,25.2,25.2,23.05,23.25,15647
DPSCLTD,20190725,9.5,9.5,8.8,9.2,15129
DQE,20190725,3.5,3.75,3.45,3.6,18313
DREDGECORP,20190725,356.8,359.85,348.7,350.5,47185
DRREDDY,20190725,2619.8,2666,2607.25,2654.1,516388
DSSL,20190725,29.5,29.5,27.55,27.65,5082
DTIL,20190725,180.15,182,178,178.5,3287
DUCON,20190725,6.9,6.9,6.65,6.8,70025
DVL,20190725,81.55,83,81.55,82.05,4079
DWARKESH,20190725,23.85,24.2,23.2,23.35,186228
DYNAMATECH,20190725,1279,1297.95,1268,1269.8,444
DYNPRO,20190725,116.5,120.75,116.5,119,8169
EASTSILK,20190725,1.15,1.2,1.15,1.2,1529
EASUNREYRL,20190725,4,4,4,4,2748
ECLERX,20190725,595,621,595,600.6,10802
EDELWEISS,20190725,146,150.85,144.55,149.2,1137388
EICHERMOT,20190725,16200,16719.85,16187.75,16436.85,205968
EIDPARRY,20190725,165,165.3,162,162.25,32113
EIHAHOTELS,20190725,311.3,313.8,306,308.55,408
EIHOTEL,20190725,163,165,161.85,163.5,49669
EIMCOELECO,20190725,350,368.9,318.4,326.95,5203
EKC,20190725,18.85,21.95,18.1,20.4,262627
ELAND,20190725,6.2,6.5,6.2,6.3,5113
ELECON,20190725,38.65,39.7,38.55,38.9,22323
ELECTCAST,20190725,14.55,15.55,14.45,14.95,128577
ELECTHERM,20190725,196,199,190.1,191.65,6258
ELGIEQUIP,20190725,259.8,261.75,255.05,256.95,22750
ELGIRUBCO,20190725,18,19.5,17.65,17.9,11555
EMAMILTD,20190725,319.6,325,316.1,319.25,267344
EMAMIPAP,20190725,69,69.05,69,69.05,2405
EMAMIREAL,20190725,49.05,49.05,46.1,47.85,10393
EMCO,20190725,1.9,1.9,1.85,1.85,120
EMKAY,20190725,62.15,68.5,61,63,9733
EMMBI,20190725,138.05,144.8,137,138.95,10140
ENDURANCE,20190725,936,957.35,907.55,931.15,54150
ENERGYDEV,20190725,5.95,6.2,5.8,5.8,38222
ENGINERSIN,20190725,103.45,105.5,103.35,104.1,1161003
ENIL,20190725,397.1,404.5,391,400,13188
EON,20190725,14.7,15,14,14.4,13849
EQ30,20190725,320,320,320,320,8
EQUITAS,20190725,114,115.1,111.6,112.65,1279842
ERIS,20190725,409.9,409.9,395,397.9,26534
EROSMEDIA,20190725,13.5,13.8,12.9,13,576284
ESABINDIA,20190725,1093.1,1097.6,1060,1073.2,1308
ESCORTS,20190725,483,489.85,468.05,470.2,2347765
ESSARSHPNG,20190725,9,9.2,8.7,9.1,5484
ESSELPACK,20190725,132.4,132.85,132.2,132.55,1507045
ESTER,20190725,26.05,27,26.05,26.25,18781
EUROCERA,20190725,1.15,1.15,1.15,1.15,9600
EUROMULTI,20190725,0.45,0.45,0.4,0.4,3338
EUROTEXIND,20190725,12.35,13.55,12.35,13.55,134
EVEREADY,20190725,70.95,72.55,69.1,72.55,187101
EVERESTIND,20190725,329,344,329,333.1,28378
EXCEL,20190725,1.4,1.4,1.4,1.4,515
EXCELCROP,20190725,2765,2785,2737,2761.85,6002
EXCELINDUS,20190725,868.5,890,852,857.65,6034
EXIDEIND,20190725,182.8,185,181,181.4,1861099
EXPLEOSOL,20190725,341.55,367,341.55,343.6,1197
FACT,20190725,41.2,44.25,41.2,42.55,1835474
FAIRCHEM,20190725,506.45,508.7,490.15,493.1,7133
FCL,20190725,30.5,30.95,30,30.05,58156
FCONSUMER,20190725,33.6,33.6,28.2,29.15,4863577
FCSSOFT,20190725,0.45,0.45,0.4,0.45,4010820
FDC,20190725,159.15,161.45,159.15,160,12210
FEDERALBNK,20190725,93,93.65,91.65,92.45,11364230
FEL,20190725,28.55,28.55,26.2,26.75,572149
FELDVR,20190725,26.25,27.5,25.6,25.95,7443
FIEMIND,20190725,397,397,391.7,393.05,6778
FILATEX,20190725,50.5,51.9,46.5,47.3,710753
FINCABLES,20190725,384.75,386,374.9,382.85,28603
FINEORG,20190725,1413.9,1445,1395,1435.45,3510
FINPIPE,20190725,501.8,509.95,500.55,505.7,26087
FLEXITUFF,20190725,20.1,23.5,19.8,20.15,11355
FLFL,20190725,451.65,464,451.2,461.45,22747
FMGOETZE,20190725,526.1,528,515.05,518.1,3016
FMNL,20190725,26.5,28,25.9,26.6,17691
FORTIS,20190725,126.55,127.55,126.05,127,296647
FOSECOIND,20190725,1204,1229.9,1204,1217.1,569
FRETAIL,20190725,421,427.9,417.1,425.1,160336
FSC,20190725,548,559.9,520.5,541.15,10190
FSL,20190725,48.65,49.85,48.25,49.6,1476683
GABRIEL,20190725,94.1,95.9,92,93.35,50712
GAEL,20190725,139.5,143.9,135.4,140.7,65165
GAIL,20190725,136.65,137.5,134.15,134.75,8082602
GAL,20190725,3.4,3.75,3.4,3.7,2509
GALAXYSURF,20190725,1221.95,1224.3,1203.85,1220.85,5409
GALLANTT,20190725,33,34.7,32.95,33.85,4237
GALLISPAT,20190725,29.85,29.85,28.65,29.05,10298
GAMMNINFRA,20190725,0.4,0.4,0.35,0.4,448085
GANDHITUBE,20190725,327.5,335.35,323.95,330.45,249
GANECOS,20190725,254.05,259,251.75,254.5,4254
GANESHHOUC,20190725,33.5,34.75,33.3,34.1,28196
GANGESSECU,20190725,39.6,42.5,39.1,41.9,1544
GARDENSILK,20190725,12.15,12.65,11.85,12.55,12318
GARFIBRES,20190725,1144.05,1144.1,1100,1109.55,6112
GATI,20190725,58.15,59.3,52.9,54.65,611636
GAYAHWS,20190725,0.65,0.75,0.65,0.7,78194
GAYAPROJ,20190725,139,144.7,136,143.95,29557
GDL,20190725,116.1,117.8,114.45,115.75,18470
GEECEE,20190725,103.2,104.65,101.75,102.25,1719
GENESYS,20190725,96.9,96.9,88.05,89.15,8479
GENUSPAPER,20190725,4.55,5,4.55,4.9,60735
GENUSPOWER,20190725,18.2,19.9,18.2,19.7,245286
GEOJITFSL,20190725,27.85,28.05,27.45,27.65,70950
GEPIL,20190725,832.7,854,782,792.75,18021
GESHIP,20190725,240.5,242,237.85,239.5,22464
GET&D,20190725,203.1,205.85,192.65,197.15,80924
GFLLIMITED,20190725,895,920,895,910.7,9560
GFSTEELS,20190725,1.4,1.4,1.4,1.4,1580
GHCL,20190725,208.3,213.95,204.8,207.15,131770
GICHSGFIN,20190725,241.15,245.45,239.6,241,71755
GICRE,20190725,216.3,218.6,211,212.8,43766
GILLANDERS,20190725,36.3,36.3,35.15,35.25,136
GILLETTE,20190725,6981.2,7145,6940,7108.8,2939
GINNIFILA,20190725,8.6,8.95,8.4,8.9,20516
GIPCL,20190725,69.45,70.5,69.45,69.95,73315
GKWLIMITED,20190725,628.1,660,625.3,640.15,115
GLAXO,20190725,1199,1201.15,1187.1,1198.95,15764
GLENMARK,20190725,418,431,415,425.6,1201471
GLOBALVECT,20190725,54,54,50.1,50.65,1980
GLOBOFFS,20190725,6.65,7,6.25,6.85,27082
GLOBUSSPR,20190725,111.05,112,109.75,111.7,34234
GMBREW,20190725,394,402.9,390,394.3,13690
GMDCLTD,20190725,70.15,71.3,70.05,70.75,41876
GMMPFAUDLR,20190725,1300,1310.95,1270.05,1276.6,2557
GMRINFRA,20190725,14.55,14.9,14.5,14.6,12530295
GNA,20190725,236.5,243.4,225,228.6,48376
GNFC,20190725,210.1,214,209.1,212.65,166317
GOACARBON,20190725,277,286.7,271.3,275.9,97996
GOCLCORP,20190725,229.5,259.85,229.5,253.35,13860
GODFRYPHLP,20190725,722.1,732.5,716.05,719.75,28141
GODREJAGRO,20190725,471,473.85,460.1,461.55,32443
GODREJCP,20190725,619.8,624.6,608.45,616.7,805919
GODREJIND,20190725,468,473.15,450.55,458.25,136210
GODREJPROP,20190725,930,947.9,928.95,944.25,239565
GOKEX,20190725,91.9,92.8,90,90.5,81037
GOKUL,20190725,12.3,13.2,12.3,12.9,1675
GOKULAGRO,20190725,11.35,12.15,11.35,11.9,27892
GOLDBEES,20190725,3084.85,3090.65,3076.7,3083.55,7631
GOLDENTOBC,20190725,29.6,31.6,28.55,28.9,2577
GOLDIAM,20190725,97.1,98,92.1,94.3,28124
GOLDSHARE,20190725,3100,3118,3085.55,3109.55,915
GOLDTECH,20190725,9.8,10.2,9.7,9.75,14177
GOODLUCK,20190725,59,60.95,57.2,58.5,8470
GPIL,20190725,184.05,187.6,182.3,185.35,19051
GPPL,20190725,79.9,80.25,78.3,79.9,199645
GPTINFRA,20190725,45,45,38.3,41.4,801
GRANULES,20190725,86.8,86.8,84.35,84.8,382611
GRAPHITE,20190725,283.3,298.6,282.15,293.35,1500333
GRASIM,20190725,878.5,885.9,863.2,868.65,969227
GRAVITA,20190725,44.5,46.7,43,43.45,43136
GREAVESCOT,20190725,136.7,140.7,136.7,139.95,179915
GREENLAM,20190725,700.05,726.25,700.05,720.45,424
GREENPLY,20190725,127,130.45,127,128.9,82987
GREENPOWER,20190725,3.95,4.1,3.95,3.95,44207
GRINDWELL,20190725,534.05,554.85,534.05,536.3,29334
GROBTEA,20190725,311,311,285.1,296.1,51
GRPLTD,20190725,885,910.05,850,885,220
GRSE,20190725,127.5,132,126.3,130.2,342998
GRUH,20190725,242,253.95,240.8,252,820518
GSCLCEMENT,20190725,18.7,18.7,17,17.35,42165
GSFC,20190725,83.5,84.8,83.05,84.25,341506
GSKCONS,20190725,7465,7491.25,7400,7444.05,11675
GSPL,20190725,205.2,208.3,204.2,205.9,609504
GSS,20190725,44.15,46,42.05,42.05,69935
GTL,20190725,2.7,2.7,2.5,2.5,24868
GTLINFRA,20190725,0.65,0.65,0.6,0.65,1511378
GTNIND,20190725,6.85,6.95,6.3,6.5,5978
GTNTEX,20190725,8.25,8.25,7.2,7.2,8898
GTPL,20190725,82.1,84,79,80,60752
GUFICBIO,20190725,61.55,62.9,58.75,61.7,31911
GUJALKALI,20190725,450.05,456,431,440.15,55254
GUJAPOLLO,20190725,123.15,123.15,112.75,117.15,615
GUJGASLTD,20190725,165.8,165.8,160.9,161.65,186156
GUJRAFFIA,20190725,9.65,9.65,9.65,9.65,89
GULFOILLUB,20190725,810,810,764.05,770.45,8334
GULFPETRO,20190725,44.95,44.95,41.95,43.5,6304
GULPOLY,20190725,34.3,39.3,34,34.6,14776
GVKPIL,20190725,5.15,5.25,5.05,5.1,1154336
HAL,20190725,667,675,667,672.8,4199
HARITASEAT,20190725,379.8,381.65,366.9,369.35,7555
HARRMALAYA,20190725,59.5,60.2,57.1,57.65,8082
HATHWAY,20190725,21.55,23.8,21.5,21.65,148198
HATSUN,20190725,700,708.65,686,690.35,9476
HAVELLS,20190725,695.8,698.7,688.1,691.45,990859
HAVISHA,20190725,0.65,0.65,0.65,0.65,447
HBLPOWER,20190725,20.65,21,19.8,20,176964
HCC,20190725,9.35,9.5,9.25,9.3,1453303
HCG,20190725,123.7,123.7,118,118.9,5414
HCL-INSYS,20190725,11.1,11.4,10.9,11.2,239992
HCLTECH,20190725,1021.1,1027.65,1003,1011.3,3021020
HDFC,20190725,2184.1,2215.2,2161.3,2195.35,3194769
HDFCAMC,20190725,2070,2134,2065.2,2091.15,421226
HDFCBANK,20190725,2285,2315.45,2280.25,2286.05,4865502
HDFCLIFE,20190725,498.85,510.7,498.2,501.2,2630537
HDFCMFGETF,20190725,3185,3200.05,3165,3186.55,2539
HDFCNIFETF,20190725,1183.1,1192.31,1181.41,1185.17,471
HDFCSENETF,20190725,4116,4166,3970,3970,81
HDIL,20190725,13.4,13.4,12.85,13.05,1571947
HEG,20190725,940,974,932.65,958.1,654385
HEIDELBERG,20190725,201.95,201.95,195.5,196.8,73035
HERCULES,20190725,86,86.4,83.1,83.95,11674
HERITGFOOD,20190725,347.5,360.2,346,359.3,17971
HEROMOTOCO,20190725,2416,2448,2380.1,2386.5,812832
HESTERBIO,20190725,1798.9,1840,1702.25,1741.7,3549
HEXATRADEX,20190725,13.55,14.8,13.55,13.65,2476
HEXAWARE,20190725,354.75,369,351.2,361.4,1433960
HFCL,20190725,19.25,19.45,19.1,19.3,694940
HGINFRA,20190725,219.3,237.6,219.3,227.05,14645
HGS,20190725,620,621,608.15,610,4754
HIGHGROUND,20190725,2.05,2.2,2.05,2.05,69978
HIKAL,20190725,151,152.55,148.35,149.15,45609
HIL,20190725,1295.2,1310.05,1255,1282.9,14469
HILTON,20190725,11.15,11.15,10.15,10.15,2909
HIMATSEIDE,20190725,145,146.9,141.55,142.5,61735
HINDALCO,20190725,197.9,200.25,195.45,196.75,5720563
HINDCOMPOS,20190725,180.6,185,177,180,1227
HINDCOPPER,20190725,34.25,34.45,33.3,33.5,338134
HINDMOTORS,20190725,6.1,6.1,5.8,5.9,26434
HINDNATGLS,20190725,28.8,28.8,26.1,26.1,12113
HINDOILEXP,20190725,124.4,126.5,120.35,125.6,202342
HINDPETRO,20190725,278.8,280.4,265.2,266.75,4318233
HINDUJAVEN,20190725,308,313.7,308,308.85,1920
HINDUNILVR,20190725,1730,1749.9,1728,1736.65,1297267
HINDZINC,20190725,219.4,221.85,215.8,217.1,1495203
HIRECT,20190725,121,122.7,117.25,120.65,2234
HISARMETAL,20190725,44,46,43,45.9,474
HITECH,20190725,198,198,180,192.75,40670
HITECHCORP,20190725,73,74.1,73,74.1,320
HITECHGEAR,20190725,205.35,212.9,195.1,198.5,1874
HMVL,20190725,89.95,89.95,86.1,86.5,11888
HNGSNGBEES,20190725,3100,3100,3020,3052,20
HONAUT,20190725,22600,22619.3,22051,22420.55,2158
HONDAPOWER,20190725,864.1,877,855.35,858.35,3437
HOTELEELA,20190725,7.8,7.8,7.5,7.65,178094
HOVS,20190725,69.45,80.1,69.4,80.1,20899
HPL,20190725,46,46.4,45.1,46.15,29151
HSCL,20190725,80.5,86,80.5,82.3,613287
HSIL,20190725,219,222,215.25,220.7,29583
HTMEDIA,20190725,26,26.7,25.65,26.4,23894
HUBTOWN,20190725,17.5,18.6,17.5,18.05,13244
HUDCO,20190725,35.4,35.45,34.6,34.7,453800
IBMFNIFTY,20190725,113,113,111.01,111.54,483
IBREALEST,20190725,105,107.5,103.15,105.95,2828266
IBULHSGFIN,20190725,617,627.3,604,612,9008608
IBULISL,20190725,123.2,128.7,121.85,121.85,198088
IBVENTURES,20190725,270.25,276.9,265.7,268.8,408992
ICICI500,20190725,147.75,149,143.01,147.65,171
ICICIB22,20190725,35.86,36.1,35.76,35.89,130384
ICICIBANK,20190725,409.2,413.85,405.3,409,16852479
ICICIBANKN,20190725,291.44,291.85,290.09,290.28,658
ICICIGI,20190725,1085,1108.9,1065.5,1098.15,703044
ICICIGOLD,20190725,29.1,31.95,29.1,31.55,13555
ICICILIQ,20190725,1000,1000,999.99,1000,23067
ICICILOVOL,20190725,87.36,87.38,86.93,86.99,446
ICICIMCAP,20190725,60.9,61.23,60.9,61.18,32148
ICICINF100,20190725,122.51,122.51,121.03,121.39,837
ICICINIFTY,20190725,119,119.3,117.66,118.2,44789
ICICINV20,20190725,55,55,54.4,54.46,2977
ICICINXT50,20190725,26.32,26.69,26.32,26.53,31507
ICICIPRULI,20190725,393,408.35,387.15,396.1,10741604
ICICISENSX,20190725,408,408,401,401.5,2632
ICIL,20190725,31.45,31.9,30.8,31.3,42189
ICRA,20190725,3235.05,3241,3157.7,3207.25,492
ICSA,20190725,0.95,0.95,0.95,0.95,14668
IDBI,20190725,31.95,31.95,30,30.8,9328187
IDBIGOLD,20190725,3177.2,3219.95,3177.2,3205,107
IDEA,20190725,9.95,10.15,9.65,9.7,75424647
IDFC,20190725,32.75,34.3,32.3,33.75,3472360
IDFCFIRSTB,20190725,37,40.3,36,38.95,57402700
IDFNIFTYET,20190725,118,130,114.86,124.62,125
IEX,20190725,142.5,145.75,142.5,143.85,24008
IFBAGRO,20190725,340,345,330.9,332.95,889
IFBIND,20190725,685,687.6,626.2,634.9,27427
IFCI,20190725,7.75,7.9,7.75,7.75,1118050
IFGLEXPOR,20190725,160,165.75,160,160.3,533
IGARASHI,20190725,216.7,222.7,215.1,217.65,8960
IGL,20190725,307.4,323.25,299.25,314.85,4291639
IGPL,20190725,204,210,202,205.15,8129
IIFL,20190725,129,132,127,131.05,42258
IITL,20190725,68.25,68.25,68.25,68.25,1
IMFA,20190725,160.2,163.65,157.1,157.95,8514
IMPAL,20190725,835,845,835,835,572
IMPEXFERRO,20190725,0.4,0.4,0.4,0.4,5200
INDBANK,20190725,8.8,10.05,8.7,9.6,558393
INDHOTEL,20190725,148,149.85,144.4,145.45,391035
INDIACEM,20190725,94.95,96.35,93.75,94.85,1484718
INDIAGLYCO,20190725,219,221.5,211.5,213.1,32316
INDIAMART,20190725,1220,1261,1211,1249.65,39772
INDIANB,20190725,215.25,220.9,211.1,212.7,515116
INDIANCARD,20190725,90.8,99.4,90.8,93.55,278
INDIANHUME,20190725,281.35,283,272.15,274.25,16966
INDIGO,20190725,1610,1623.95,1577,1584.75,2877671
INDLMETER,20190725,29.4,29.4,29.4,29.4,5858
INDNIPPON,20190725,373.95,373.95,354.1,365.6,7304
INDOCO,20190725,154.55,159.7,147.7,152.6,17378
INDORAMA,20190725,29.55,35,28.5,33.35,76934
INDOSTAR,20190725,325.45,327.45,312.25,320.3,17281
INDOTECH,20190725,90,94.3,90,90.05,743
INDOTHAI,20190725,22.7,24,21.55,23.5,4586
INDOWIND,20190725,3.6,3.8,3.5,3.55,20160
INDRAMEDCO,20190725,35.55,36.65,35.1,35.75,54409
INDSWFTLAB,20190725,32.7,33.2,31.25,31.4,8269
INDSWFTLTD,20190725,4,4,3.7,3.75,33
INDTERRAIN,20190725,89,95.7,87.1,92.75,2407
INDUSINDBK,20190725,1368,1419.35,1367,1391.65,6816446
INEOSSTYRO,20190725,401.1,411,398.2,406,2836
INFIBEAM,20190725,40.75,41,39.9,40.65,1507865
INFOBEAN,20190725,65.5,68,64.05,65.95,227339
INFRABEES,20190725,330,335,321.38,321.38,92
INFRATEL,20190725,269.6,279.85,259.3,261.9,8454229
INFY,20190725,788.25,800.2,787.65,794.5,9773568
INGERRAND,20190725,588.4,597.35,586.1,589.1,5033
INOXLEISUR,20190725,319,321.5,305.25,317.5,249319
INOXWIND,20190725,58.45,63.7,56.7,58.35,121530
INSECTICID,20190725,662,672.6,651.6,657.7,8887
INSPIRISYS,20190725,41.6,43.9,41.6,42.8,788
INTELLECT,20190725,218.55,242.8,211.5,235.5,1973501
INTENTECH,20190725,24.95,28.35,24.95,26.15,9221
INVENTURE,20190725,12,12.95,11.05,11.9,5059
IOB,20190725,11.4,11.55,11.3,11.35,470186
IOC,20190725,148,148,145.35,146.65,49924633
IOLCP,20190725,200,204,196.75,197.25,171368
IPAPPM,20190725,436.9,436.9,434.85,435.15,83829
IPCALAB,20190725,950,952,939.3,944.9,35607
IRB,20190725,91,94.8,90.2,93.1,836678
IRCON,20190725,368.45,371.9,366.8,369,7972
ISEC,20190725,226.8,231,224.25,228.45,131102
ISFT,20190725,85.3,88,84.3,85.8,589
ISMTLTD,20190725,4.8,5.2,4.8,4.9,79084
ITC,20190725,271,272.5,266.9,267.85,17669912
ITDC,20190725,199,207.7,199,204,105702
ITDCEM,20190725,88,91,83.5,85.95,82776
ITI,20190725,83,83.45,81.5,82.7,617896
IVC,20190725,3.7,3.8,3.65,3.75,77640
IVRCLINFRA,20190725,0.65,0.65,0.6,0.6,680894
IVZINGOLD,20190725,3131.05,3198,3130,3198,106
IVZINNIFTY,20190725,1215,1215,1215,1215,2
IZMO,20190725,31.1,32.2,29.2,29.85,20064
J&KBANK,20190725,38.55,39.8,37.6,37.8,398507
JAGRAN,20190725,93.2,97.35,93.05,94.3,550915
JAGSNPHARM,20190725,23.15,23.4,22.2,22.5,7246
JAIBALAJI,20190725,24,24.5,23.6,23.9,29234
JAICORPLTD,20190725,87.9,88.45,83.6,84.3,495315
JAMNAAUTO,20190725,43.95,44.7,42,42.2,245357
JAYAGROGN,20190725,140,150,139.25,140.9,8822
JAYBARMARU,20190725,158.05,163.85,152.15,156.3,21835
JAYNECOIND,20190725,4.55,4.9,4.55,4.65,10359
JAYSREETEA,20190725,46.05,47.9,45.7,46.1,26102
JBCHEPHARM,20190725,367,373,367,371.95,62870
JBFIND,20190725,10,10.35,9.75,9.75,42137
JBMA,20190725,175.05,181.6,174.95,178.2,17142
JCHAC,20190725,1598.45,1624,1570.05,1598.9,1607
JETAIRWAYS,20190725,42.5,43.8,40.3,40.7,122657
JHS,20190725,19.75,19.75,18.7,19.45,26890
JIKIND,20190725,0.5,0.5,0.4,0.4,1439
JINDALPHOT,20190725,15.95,16.65,15.95,15.95,5998
JINDALPOLY,20190725,240.05,244,235.35,242.15,11415
JINDALSAW,20190725,77,77.6,76,76.6,215203
JINDALSTEL,20190725,135.6,136.9,132.8,135.1,12137941
JINDCOT,20190725,2.55,2.55,2.55,2.55,3536
JINDRILL,20190725,88,89.45,87.2,88.2,3785
JINDWORLD,20190725,70,70,66,66.85,31199
JISLDVREQS,20190725,18.15,18.15,17.1,17.2,6420
JISLJALEQS,20190725,23,23.5,22.85,23.2,1652339
JITFINFRA,20190725,7.9,8.05,7.8,7.9,5793
JKCEMENT,20190725,980,1003.45,969.05,976.2,31792
JKIL,20190725,134.05,137.7,133.15,134.5,27416
JKLAKSHMI,20190725,338,344,331,332.65,40077
JKPAPER,20190725,116,118.15,115.05,116,430730
JKTYRE,20190725,74,74,70.6,71.45,381209
JMA,20190725,24.95,25.3,24.9,24.95,2172
JMCPROJECT,20190725,118.25,121.35,117.25,120.55,55738
JMFINANCIL,20190725,70.75,72.35,69.3,71.4,163227
JMTAUTOLTD,20190725,1.75,1.8,1.7,1.8,51004
JOCIL,20190725,85.25,94.85,85.25,89.9,593
JPASSOCIAT,20190725,2.4,2.65,2.35,2.45,8240220
JPINFRATEC,20190725,1.5,1.5,1.4,1.4,4407057
JPOLYINVST,20190725,19,19.4,17.8,18.45,874
JPPOWER,20190725,1.85,1.9,1.85,1.85,787692
JSL,20190725,30,30.25,29.05,29.9,102064
JSLHISAR,20190725,69.35,69.8,67.95,68.65,140479
JSWENERGY,20190725,70.1,70.75,68,68.35,305496
JSWHL,20190725,2769.2,2797,2720,2783.25,858
JSWSTEEL,20190725,254.8,257.9,247.8,248.65,6895024
JTEKTINDIA,20190725,82,83.5,79.55,79.8,43989
JUBILANT,20190725,436,456.85,425,449.3,289898
JUBLFOOD,20190725,1153,1200,1108,1177.25,4831694
JUBLINDS,20190725,78,78,76.5,77.95,8566
JUNIORBEES,20190725,272.6,274.09,270.8,272.57,46416
JUSTDIAL,20190725,708.65,733,707.65,726.35,3875120
JYOTHYLAB,20190725,160,162.3,153.5,155.45,127375
KABRAEXTRU,20190725,73.85,73.85,69.35,70.35,9795
KAJARIACER,20190725,468.3,484,451.25,476.1,1312117
KAKATCEM,20190725,169.15,173.5,168,169.15,6869
KALPATPOWR,20190725,477,492,473.35,484.15,49746
KALYANIFRG,20190725,200.9,210.7,200.9,210.7,315
KAMATHOTEL,20190725,38.6,40.2,38.6,40,34767
KAMDHENU,20190725,130.95,131,122.85,126.45,18997
KANANIIND,20190725,3.65,3.95,3.65,3.8,1374
KANORICHEM,20190725,49.05,50.25,46.3,47.1,25780
KANSAINER,20190725,403.6,411.45,403.6,406.65,288128
KARDA,20190725,187.1,191.95,185.1,190.4,73932
KARMAENG,20190725,13.85,13.85,12.85,13.25,435
KARURVYSYA,20190725,64.7,66.5,64.7,66.1,571492
KAUSHALYA,20190725,0.5,0.5,0.4,0.4,18060
KAVVERITEL,20190725,2.9,2.9,2.6,2.6,701
KAYA,20190725,440,462.7,436.05,452.15,6149
KCP,20190725,76.25,77.9,76.1,76.7,21346
KCPSUGIND,20190725,14.15,14.2,13.8,13.9,37823
KDDL,20190725,365.05,387.95,365.05,379.2,235
KEC,20190725,314.9,320.8,309.9,316.5,223848
KECL,20190725,10.95,11.2,10.2,10.7,67086
KEI,20190725,463.7,463.95,450.35,451.45,28789
KELLTONTEC,20190725,17.45,17.45,17.45,17.45,22990
KERNEX,20190725,23.1,24,22.55,23.95,1550
KESARENT,20190725,37.05,37.05,34.3,35.15,532
KESORAMIND,20190725,59.7,60.5,58,58.4,141746
KEYFINSERV,20190725,38,38,38,38,26
KGL,20190725,0.7,0.7,0.65,0.65,486024
KHADIM,20190725,234.8,235.65,225.05,228.8,1037
KHAITANELE,20190725,1.6,1.6,1.6,1.6,1715
KHAITANLTD,20190725,21.25,22,20.5,20.65,3087
KHANDSE,20190725,13.1,13.2,13.1,13.15,1000
KICL,20190725,1685.15,1769,1685.15,1737.6,215
KILITCH,20190725,111.2,124.9,111.2,118,10233
KINGFA,20190725,595.05,609.9,595.05,606,695
KIOCL,20190725,110.2,116.7,109.95,112.9,7053
KIRIINDUS,20190725,496.7,497,486.1,492.2,33788
KIRLOSBROS,20190725,168.75,179.3,167.8,170.4,17073
KIRLOSENG,20190725,174.7,185,174,182.75,10661
KIRLOSIND,20190725,798,798,762.05,766,912
KITEX,20190725,83.25,86.45,83,85.2,36542
KKCL,20190725,999,1020,999,1011.65,501
KMSUGAR,20190725,7.2,7.2,7,7.1,82555
KNRCON,20190725,272.5,278.9,271,275.05,40637
KOHINOOR,20190725,15.55,15.95,15.2,15.45,15803
KOKUYOCMLN,20190725,72.15,74,70.65,72.65,8556
KOLTEPATIL,20190725,225.5,231.9,225.5,229.15,17796
KOPRAN,20190725,32.25,34.1,32.25,33.8,20486
KOTAKBANK,20190725,1492,1504,1479.95,1485.05,2838923
KOTAKBKETF,20190725,298.21,301,295.71,298.56,100906
KOTAKGOLD,20190725,304,306.8,303.55,304.9,16098
KOTAKNIFTY,20190725,116.35,117.68,116.35,116.74,44798
KOTAKNV20,20190725,56,56.97,55.66,55.8,10573
KOTAKPSUBK,20190725,285,285,280.1,281.92,5359
KOTARISUG,20190725,9.5,9.65,9.35,9.45,8936
KOTHARIPET,20190725,18.05,18.35,17.55,18.25,8428
KOTHARIPRO,20190725,65,65.85,65,65.35,703
KPITTECH,20190725,85,85.4,80,81.55,604317
KPRMILL,20190725,570.25,572.95,560.1,569,4931
KRBL,20190725,236,259.5,231.4,247.5,763938
KREBSBIO,20190725,71,71.15,71,71.15,100
KRIDHANINF,20190725,11.05,11.05,10.5,10.5,29525
KSB,20190725,637,658,629,630.3,6763
KSCL,20190725,442.5,472.15,442.5,464.15,273718
KSERASERA,20190725,0.15,0.15,0.1,0.15,2207835
KSK,20190725,0.6,0.65,0.6,0.65,96320
KSL,20190725,184.65,186.45,181.2,181.95,24897
KTIL,20190725,36.9,36.9,34.65,35.1,2715
KTKBANK,20190725,94.8,95,93.55,94.45,880171
KWALITY,20190725,3.2,3.25,3,3.05,449404
L&TFH,20190725,103.05,104,100.2,102,8515821
LAKSHVILAS,20190725,59,60.35,58.35,59,779364
LALPATHLAB,20190725,1100,1160,1085,1148,58112
LAMBODHARA,20190725,33.85,35,33,33.65,13200
LAOPALA,20190725,178.05,179.7,170.45,176.15,19845
LASA,20190725,9.95,10.65,9.95,10.1,16652
LAURUSLABS,20190725,334.1,343.3,334.1,339.65,20098
LAXMIMACH,20190725,4435.05,4489.85,4420,4434.5,1101
LEMONTREE,20190725,61.2,62.2,59,59.4,289521
LGBBROSLTD,20190725,255.95,259.15,245.3,247.15,4496
LGBFORGE,20190725,2.85,2.9,2.7,2.8,10635
LIBAS,20190725,44.65,49.1,44.65,49.1,494
LIBERTSHOE,20190725,100.2,106.25,100,100.3,88389
LICHSGFIN,20190725,520,527.5,519.2,525.15,1266237
LICNETFGSC,20190725,21.4,21.5,18.9,19.7,25022
LICNETFN50,20190725,120,123,116.35,116.65,86
LINCOLN,20190725,141.55,146.5,141.55,145.05,6302
LINCPEN,20190725,195,199.95,195,198.1,1166
LINDEINDIA,20190725,495.8,504.05,494,499.55,17039
LIQUIDBEES,20190725,999.32,1000.01,999.32,1000,806891
LIQUIDETF,20190725,999.99,1000.01,999.99,999.99,8533
LOKESHMACH,20190725,40,40.85,38.65,39.35,18569
LOTUSEYE,20190725,18.1,18.1,17.35,17.5,2483
LOVABLE,20190725,69,69,65.6,67,4038
LPDC,20190725,2.25,2.25,2.15,2.25,3269
LSIL,20190725,0.5,0.55,0.5,0.55,417094
LT,20190725,1395.1,1402.9,1369,1372.4,4181824
LTI,20190725,1545,1564.5,1476,1526.95,186296
LTTS,20190725,1510,1518.1,1465,1469.6,108951
LUMAXIND,20190725,1019.95,1049.8,1005.85,1028.85,4703
LUMAXTECH,20190725,86,86.85,79.5,80.1,42694
LUPIN,20190725,741.8,777.7,736.55,773.05,2578623
LUXIND,20190725,1085.55,1112,1061.15,1101.15,41089
LYKALABS,20190725,19.85,20.35,19.5,19.55,2400
LYPSAGEMS,20190725,4.2,4.4,4,4.05,9783
M&M,20190725,550,553,541.9,547.55,4763735
M&MFIN,20190725,305.1,310.95,298.1,304.5,6342373
M100,20190725,16.95,16.98,16.65,16.9,25098
M50,20190725,112.67,112.67,109.31,110.5,299
MAANALU,20190725,68.7,70.5,67.8,70.1,1993
MADHAV,20190725,28.2,29.9,26.7,27.85,10630
MADHUCON,20190725,4.4,4.75,4.35,4.7,33229
MADRASFERT,20190725,24.2,25.3,23.5,23.9,1303448
MAGADSUGAR,20190725,106.25,106.25,99.25,100,9081
MAGMA,20190725,80,83,76.2,77.35,185769
MAGNUM,20190725,4.15,4.15,3.95,4.1,5455
MAHABANK,20190725,14.35,14.55,14.2,14.25,218228
MAHASTEEL,20190725,140.65,147.3,135.35,141.05,12478
MAHESHWARI,20190725,246,266.9,246,265.6,103668
MAHINDCIE,20190725,191.95,193.6,185.2,190.85,82948
MAHLIFE,20190725,394.8,397.9,385,390.6,8481
MAHLOG,20190725,420,420.05,414.05,416.7,11995
MAHSCOOTER,20190725,4039.95,4040,3756,3810.75,13588
MAHSEAMLES,20190725,407,429.95,407,417.7,29258
MAITHANALL,20190725,498.8,498.8,475,476.9,11884
MAJESCO,20190725,484.05,504.7,478,482.6,29907
MALUPAPER,20190725,18.15,20,18.15,19.05,2046
MAN50ETF,20190725,114.6,114.6,113.5,113.69,493
MANAKALUCO,20190725,5,5.2,4.55,4.9,3048
MANAKCOAT,20190725,3.75,3.9,3.6,3.65,1414
MANAKSIA,20190725,31.6,32.5,30.1,30.95,9221
MANAKSTEEL,20190725,13.1,13.1,11.6,12.05,10142
MANALIPETC,20190725,20.75,21.55,20.75,21.2,170665
MANAPPURAM,20190725,114.95,119.65,114,115.15,5191603
MANGALAM,20190725,33.35,34.8,32.35,32.35,14290
MANGCHEFER,20190725,30.55,31.3,29.9,30.35,32199
MANGLMCEM,20190725,226.35,237.95,226.35,228.55,6990
MANGTIMBER,20190725,8,8.2,7.6,8.1,4110
MANINDS,20190725,44,45,43.55,44,55493
MANINFRA,20190725,22.75,23.85,22.75,23.3,55121
MANPASAND,20190725,29.7,30.5,28.7,28.7,282491
MANUGRAPH,20190725,16.85,16.9,15.95,16.25,1947
MARALOVER,20190725,18.85,18.85,16.75,16.95,373
MARATHON,20190725,75.65,76.9,74,74.25,2352
MARICO,20190725,361.9,365.75,358.95,361.5,1444408
MARKSANS,20190725,16.85,17.25,16,16.4,681598
MARUTI,20190725,5789.1,5844.95,5701.05,5756.75,990461
MASFIN,20190725,570,603.85,570,593.9,7148
MASKINVEST,20190725,41,43,41,43,25
MASTEK,20190725,386,390,377.95,386.95,88088
MATRIMONY,20190725,586.25,599,582.1,591.75,144
MAWANASUG,20190725,40.8,41.45,38,38.25,125559
MAXINDIA,20190725,61.45,61.45,59.7,60.4,267040
MAXVIL,20190725,37.1,38.8,34,36.3,185974
MAYURUNIQ,20190725,253.05,271.6,247.65,250.05,8731
MAZDA,20190725,372.1,386,372.1,378.35,1616
MBECL,20190725,2.45,2.5,2.3,2.5,59517
MBLINFRA,20190725,6,6.1,5.7,6.1,49877
MCDHOLDING,20190725,17.1,17.5,16.7,16.95,12878
MCDOWELL-N,20190725,580.4,592.45,574,582.75,1005011
MCLEODRUSS,20190725,10.5,10.75,10.05,10.05,302792
MCX,20190725,836.6,841,823.2,835.9,352594
MEGASOFT,20190725,6.15,6.6,6.1,6.45,4679
MEGH,20190725,54.05,55.35,53.8,54.75,294199
MELSTAR,20190725,1.45,1.45,1.45,1.45,141
MENONBE,20190725,72,72.05,70.6,71,3559
MEP,20190725,31.6,32.5,31.4,31.8,243387
MERCATOR,20190725,2.5,2.5,2.5,2.5,30518
METALFORGE,20190725,6.65,6.7,6.65,6.65,6282
METROPOLIS,20190725,1068.75,1068.75,1024,1029.95,7474
MFSL,20190725,406,420.9,406,414.15,428228
MGL,20190725,773.8,790.9,768.1,772.8,359176
MHRIL,20190725,223.65,224.9,211.55,214.95,20713
MIC,20190725,0.6,0.6,0.5,0.6,85343
MIDHANI,20190725,118.4,118.4,114.5,115,34067
MIL,20190725,16.85,16.85,16.85,16.85,3028
MINDACORP,20190725,96,97.95,95.05,95.15,34061
MINDAIND,20190725,292,297.15,282.55,290.15,152168
MINDTECK,20190725,36.8,39.45,35.6,36.35,4476
MINDTREE,20190725,684,698.6,682.2,695.15,1343445
MIRCELECTR,20190725,12.55,12.9,12.25,12.3,96831
MIRZAINT,20190725,60.8,61.1,59.3,59.6,53256
MMFL,20190725,403,403,390,394.55,4101
MMTC,20190725,20.8,20.9,20.45,20.55,372530
MODIRUBBER,20190725,38,38.05,38,38,270
MOHITIND,20190725,5.6,5.85,5.45,5.55,1012
MOHOTAIND,20190725,15.5,15.95,15.35,15.35,5623
MOIL,20190725,142.55,143.9,142,143.3,65240
MOLDTECH,20190725,51.55,53.45,49.5,50.05,38033
MOLDTKPAC,20190725,250.05,263.9,250.05,252.1,32182
MONSANTO,20190725,2048,2048,1998.05,2026.95,7275
MONTECARLO,20190725,260,288.85,257.6,274.6,55276
MORARJEE,20190725,15.75,16.25,14.4,14.75,15267
MOREPENLAB,20190725,15.7,16.7,15.3,15.9,432979
MOTHERSUMI,20190725,111.1,112.75,109.5,111.75,3976952
MOTILALOFS,20190725,551,568,532.1,538.05,132236
MPHASIS,20190725,913.75,940,906,921.65,227303
MPSLTD,20190725,453.9,489.95,450.85,483.6,18166
MRF,20190725,54025,54483.6,53800,54112.9,4636
MRO-TEK,20190725,23.25,24.45,23.25,23.35,157
MRPL,20190725,53.8,55,53,54.55,485734
MSPL,20190725,6.05,6.45,5.9,6.2,106978
MSTCLTD,20190725,88.75,90,88.75,89.15,2352
MTEDUCARE,20190725,33.95,34,31.5,32.4,14402
MTNL,20190725,6.5,6.6,6.4,6.4,974335
MUKANDENGG,20190725,13.7,13.7,13.1,13.45,8941
MUKANDLTD,20190725,34.6,35.65,30.1,31.25,53700
MUKTAARTS,20190725,38.9,39.7,36.55,39.15,37858
MUNJALAU,20190725,35.4,35.5,34,34.4,21539
MUNJALSHOW,20190725,123.6,128.55,121.85,122.45,10726
MURUDCERA,20190725,14.9,15.5,14.25,14.8,26607
MUTHOOTCAP,20190725,578.95,596,551.6,587.4,6445
MUTHOOTFIN,20190725,586.4,605.1,585.6,595.2,868340
MVL,20190725,0.2,0.2,0.15,0.2,200621
N100,20190725,540.83,542.99,538.1,539.89,5359
NACLIND,20190725,28,28.75,27.75,27.8,27363
NAGAFERT,20190725,4.55,4.7,4.4,4.55,134829
NAGAROIL,20190725,0.3,0.3,0.25,0.3,509630
NAGREEKCAP,20190725,7.4,7.4,5.75,6.15,781
NAGREEKEXP,20190725,14.9,15.1,13.8,14.6,809
NAHARCAP,20190725,64.75,69,64.75,68.95,396
NAHARINDUS,20190725,26.3,28.5,25.85,26.8,12478
NAHARPOLY,20190725,28,29.8,27.8,27.85,2000
NAHARSPING,20190725,62,62,57.5,57.95,7627
NATCOPHARM,20190725,505,511.4,505,510.65,120072
NATHBIOGEN,20190725,395.05,395.05,375.95,386.1,6174
NATIONALUM,20190725,45.5,46,44.65,45,8789647
NATNLSTEEL,20190725,2.75,2.9,2.7,2.7,2594
NAUKRI,20190725,2169,2261.95,2154.65,2245.15,280344
NAVINFLUOR,20190725,598,619.5,586.8,591.55,86887
NAVKARCORP,20190725,21.15,21.5,19,19.7,323024
NAVNETEDUL,20190725,99.85,102.6,99.85,102.05,13183
NBCC,20190725,49.25,49.75,47.65,48,14785356
NBIFIN,20190725,1315.6,1319.8,1315.2,1319.8,125
NBVENTURES,20190725,95.1,96,90.2,90.95,69381
NCC,20190725,75.4,76.9,72.75,74.2,10723403
NCLIND,20190725,117.25,122.5,116.45,118.3,13205
NDGL,20190725,560,619.5,525,555.5,80
NDL,20190725,29.6,31,29.6,30.45,12208
NDTV,20190725,33.65,33.65,31.35,32.15,6412
NECCLTD,20190725,7,7.2,6,6.15,108944
NECLIFE,20190725,14.2,14.4,13.8,13.95,56491
NELCAST,20190725,42.65,43.5,40,40.45,22785
NELCO,20190725,260.35,260.4,232.3,238.1,83286
NEOGEN,20190725,337.35,347.15,337.35,345.05,21726
NESCO,20190725,537,544.05,529.55,537.2,7284
NESTLEIND,20190725,11509,11666.85,11440,11495,53885
NETF,20190725,113.87,113.87,113.75,113.75,4
NETWORK18,20190725,22.45,22.9,21.6,22.05,181000
NEULANDLAB,20190725,513.3,538,507,509.5,6620
NEWGEN,20190725,265,286,258,277.5,106525
NEXTMEDIA,20190725,12.35,12.8,11.9,12.1,2274
NFL,20190725,32.9,33.4,32.45,32.6,403527
NH,20190725,222.4,224.85,221,221.1,34926
NHPC,20190725,23.1,23.4,22.1,22.4,2660276
NIACL,20190725,126.15,126.8,124.05,124.85,38904
NIBL,20190725,8.5,9.2,8.4,8.5,8399
NIFTYBEES,20190725,1224.88,1224.88,1188.4,1189.92,33377
NIITLTD,20190725,97.05,98.95,96.5,98.45,127271
NIITTECH,20190725,1311,1346,1281.6,1333.7,736125
NILAINFRA,20190725,5.25,5.3,5.1,5.25,60797
NILASPACES,20190725,1.65,1.65,1.6,1.6,50535
NILKAMAL,20190725,1040.05,1047.95,986,995,22295
NIPPOBATRY,20190725,434,438.6,430,433,440
NITCO,20190725,28.05,28.05,27,27.25,38202
NITESHEST,20190725,1.9,1.9,1.85,1.85,9147
NITINFIRE,20190725,0.45,0.45,0.35,0.4,204869
NITINSPIN,20190725,64,64,59.25,60.05,32687
NLCINDIA,20190725,60.8,61.3,58.25,58.95,1591795
NMDC,20190725,111.6,112.5,107.7,108.45,3908566
NOCIL,20190725,91.7,94.15,91.7,92.55,263181
NOIDATOLL,20190725,3.1,3.2,2.9,3,28433
NRAIL,20190725,202.2,204.4,181,183.6,45961
NRBBEARING,20190725,123.1,129.1,122.75,125.4,9913
NSIL,20190725,990.15,1011.2,990.15,995.75,149
NTL,20190725,0.45,0.5,0.4,0.4,29932
NTPC,20190725,132,132.85,128.4,129.75,29337351
NUCLEUS,20190725,299.9,300.75,289,296.2,42323
OAL,20190725,171.25,195,171.25,194.8,1907
OBEROIRLTY,20190725,524.95,558,515.2,545.55,884386
OCCL,20190725,1085,1094,1079,1092.3,2029
OFSS,20190725,3255,3315.05,3242.9,3297.95,31482
OIL,20190725,155.5,157.35,154.65,155.9,3900524
OILCOUNTUB,20190725,7,7.6,7,7.4,8061
OISL,20190725,8.7,8.95,8.2,8.9,121396
OLECTRA,20190725,193,195,186.35,188.3,48526
OMAXAUTO,20190725,46,46.85,44.05,45.3,4586
OMAXE,20190725,197.7,201.85,194.65,198.1,415857
OMKARCHEM,20190725,5.45,5.85,5.35,5.85,28211
OMMETALS,20190725,16.45,16.65,15.4,15.8,40180
ONELIFECAP,20190725,6.3,6.3,5.75,6.3,1806
ONEPOINT,20190725,23,23,20.35,21.1,342
ONGC,20190725,144.3,144.8,141.4,143.85,28004780
ONMOBILE,20190725,29.9,31.2,29.65,30,831885
ONWARDTEC,20190725,62.5,66.2,62.1,65.05,15702
OPTIEMUS,20190725,58.5,59.7,56,58.35,122270
OPTOCIRCUI,20190725,3.55,3.7,3.25,3.3,751512
ORBTEXP,20190725,110,110.05,109.7,109.85,1916
ORICONENT,20190725,19.65,19.65,18.9,19.05,20542
ORIENTABRA,20190725,18.15,18.75,17.75,17.8,6498
ORIENTALTL,20190725,13.05,13.5,13,13.1,65550
ORIENTBANK,20190725,74.25,75.3,72.65,73.2,1264108
ORIENTBELL,20190725,114.1,117.9,111.3,113.55,11907
ORIENTCEM,20190725,94.9,98.6,94,96.8,120563
ORIENTELEC,20190725,149,157.45,149,156,101976
ORIENTHOT,20190725,34.35,35.1,33.05,33.4,5632
ORIENTLTD,20190725,117.5,123.55,117.3,118.15,191
ORIENTPPR,20190725,26.05,26.5,25.5,26.25,237751
ORIENTREF,20190725,186,190.6,185,186.25,10212
ORISSAMINE,20190725,656.5,666.85,636.05,638.65,3436
ORTEL,20190725,1.2,1.2,1.15,1.15,775
ORTINLABSS,20190725,11.35,11.35,10.9,11.25,7993
OSWALAGRO,20190725,6,6.5,5.8,6.35,36360
PAEL,20190725,2.3,2.4,2.3,2.4,355
PAGEIND,20190725,18850,19570,18763.5,19040.7,64957
PAISALO,20190725,401.4,404.9,393.05,403.35,6386
PALASHSECU,20190725,44.1,46,40.4,40.55,3953
PALREDTEC,20190725,23.65,25.2,23.55,24.2,3380
PANACEABIO,20190725,130.2,133.45,130.2,131.55,13472
PANAMAPET,20190725,85.05,86.85,83.95,84.35,4798
PAPERPROD,20190725,227,244.9,227,232.2,36907
PARABDRUGS,20190725,0.55,0.6,0.55,0.6,20342
PARACABLES,20190725,10.2,10.2,9.6,9.65,19593
PARAGMILK,20190725,256.4,263.1,256.4,261.15,139464
PARSVNATH,20190725,3.85,4,3.85,3.85,39078
PATELENG,20190725,16.85,17.45,16,16.5,66319
PATINTLOG,20190725,27.5,29.5,27,27.3,15413
PATSPINLTD,20190725,7.5,7.5,6.3,6.8,6849
PCJEWELLER,20190725,39.05,39.8,36.6,37.65,9867243
PDMJEPAPER,20190725,10.7,11.25,10.5,10.55,10300
PDPL,20190725,3.7,3.7,3.55,3.55,550
PDSMFL,20190725,358,360,344,345.8,1406
PEARLPOLY,20190725,11.45,11.45,11.45,11.45,31
PEL,20190725,1765,1803.8,1726,1751,1187078
PENIND,20190725,28.6,29.55,28.4,28.5,51287
PENINLAND,20190725,5,5.7,5,5.4,167297
PERSISTENT,20190725,564.05,584.1,560,562,42173
PETRONENGG,20190725,8.7,8.95,8.7,8.95,261
PETRONET,20190725,235.9,236.55,231.65,232.3,3699452
PFC,20190725,112,113.15,110.3,112.2,13949637
PFIZER,20190725,3196.95,3196.95,3147.7,3174.05,11828
PFOCUS,20190725,42.3,47,41.1,44.95,29654
PFS,20190725,13.65,13.9,13.55,13.65,213655
PGEL,20190725,44,51.9,43,49.7,189078
PGHH,20190725,10556,10700,10493.85,10692.05,1084
PGHL,20190725,4662.45,4744.95,4545,4622.2,19216
PGIL,20190725,153.2,158.2,153.2,155.1,753
PHILIPCARB,20190725,113.1,115.7,112.2,115.3,421234
PHOENIXLTD,20190725,681.65,700,680,690.2,69817
PIDILITIND,20190725,1238,1244.25,1220,1234.55,529053
PIIND,20190725,1100,1119.4,1087.15,1094.85,327734
PILANIINVS,20190725,2045,2045,1951,1975.25,2506
PILITA,20190725,9.75,10.05,9.55,9.95,484730
PIONDIST,20190725,118,122.3,116.5,119.6,2868
PIONEEREMB,20190725,22,22.95,21.55,22.55,1358
PIRPHYTO,20190725,26.25,26.25,24.95,25.45,3710
PITTIENG,20190725,43.6,44.35,38.55,39.45,72266
PKTEA,20190725,125.35,134.8,125.35,131.2,167
PLASTIBLEN,20190725,165.05,173.5,165,171.3,1034
PNB,20190725,68.4,69,65.6,66.05,25800387
PNBGILTS,20190725,35.5,36.15,34.8,35.1,189340
PNBHOUSING,20190725,706.5,714,698.05,702.05,92443
PNC,20190725,15.85,15.95,14.55,15.45,1882
PNCINFRA,20190725,189.2,193.25,189.2,191.3,100296
PODDARMENT,20190725,151.4,157.9,150.5,151.75,4636
POKARNA,20190725,133.75,133.75,123.9,127.1,5483
POLYCAB,20190725,587.9,592.75,580.1,587.9,46613
POLYMED,20190725,174.7,182.85,173.85,176.2,4303
POLYPLEX,20190725,463.65,471.85,462.8,465.95,15269
PONNIERODE,20190725,113.05,113.05,103.1,107.4,1161
POWERGRID,20190725,210,214.4,209.85,213.15,15798251
POWERMECH,20190725,932,940,904,914.35,10553
PPAP,20190725,181.15,188,180.05,182.65,5112
PPL,20190725,70.75,76.45,70.75,72.95,38339
PRABHAT,20190725,66.15,69.1,66.15,68.4,47515
PRADIP,20190725,1,1,1,1,50
PRAENG,20190725,6.8,6.9,6.7,6.8,23360
PRAJIND,20190725,123.2,124.4,111.2,114.65,2059177
PRAKASH,20190725,48.55,51.4,48.05,50.3,275861
PRAKASHCON,20190725,2.5,2.65,2.4,2.5,136374
PRAKASHSTL,20190725,0.25,0.25,0.2,0.2,27500
PRAXIS,20190725,77.3,83.05,77.2,78,2637
PRECAM,20190725,45.5,46.2,43.5,44.15,14921
PRECOT,20190725,31.6,34.2,31.6,34.2,5456
PRECWIRE,20190725,177.6,178,175.3,176.1,2013
PREMEXPLN,20190725,182.25,188,180.05,181.95,3443
PREMIER,20190725,3.1,3.15,3.1,3.15,700
PREMIERPOL,20190725,21.45,22.9,21.45,21.6,539
PRESSMN,20190725,22.45,24.8,22.45,22.9,13922
PRESTIGE,20190725,261.85,275,259.3,268.45,296555
PRICOLLTD,20190725,27.2,27.45,25.8,26.55,96389
PRIMESECU,20190725,38.85,38.85,37.45,37.75,10463
PROSEED,20190725,0.25,0.25,0.2,0.2,25311
PROVOGE,20190725,1.3,1.3,1.3,1.3,3191
PROZONINTU,20190725,18.45,18.55,17.5,17.95,25582
PRSMJOHNSN,20190725,91.55,93.1,91.55,92.45,142463
PSB,20190725,24.3,24.4,23.85,24.05,58259
PSL,20190725,0.65,0.75,0.65,0.75,18488
PSPPROJECT,20190725,486.95,502.5,485,488.35,9038
PSUBNKBEES,20190725,318,318,309.07,311.5,3781
PTC,20190725,59.7,60.95,59.5,59.75,331101
PTL,20190725,34.5,36.45,34.5,35.8,4856
PUNJABCHEM,20190725,583,591,582.15,586.45,5136
PUNJLLOYD,20190725,1.4,1.4,1.35,1.4,355133
PURVA,20190725,60.1,62.6,60.1,61.1,31673
PVR,20190725,1779.95,1800.85,1744,1786.5,643600
QGOLDHALF,20190725,1536,1538,1533,1537.8,658
QNIFTY,20190725,1157,1157,1152,1152,24
QUESS,20190725,445,458,441.05,445.8,198181
QUICKHEAL,20190725,130.2,131.95,125.8,127.65,67981
QUINTEGRA,20190725,0.65,0.7,0.65,0.7,1161
RADAAN,20190725,1.4,1.45,1.35,1.45,5226
RADICO,20190725,303,309.8,293.35,303.75,407959
RADIOCITY,20190725,51.15,52,49.75,51.45,20481
RAIN,20190725,90,90.65,88.5,89.55,368945
RAJESHEXPO,20190725,686.6,717.6,684.75,711.35,231198
RAJSREESUG,20190725,20.05,21,20.05,20.35,5170
RALLIS,20190725,158.9,160.5,157.05,157.75,84969
RAMANEWS,20190725,16.25,16.45,16,16.25,4729
RAMASTEEL,20190725,55.5,58,52.05,52.9,64907
RAMCOCEM,20190725,745,759.65,736.6,743.45,209194
RAMCOIND,20190725,168,178.15,167,174.85,15028
RAMCOSYS,20190725,206.9,208.8,202.6,203.45,5877
RAMKY,20190725,77.95,78.05,75,75.4,46994
RANASUG,20190725,2.7,2.7,2.6,2.6,98234
RANEENGINE,20190725,309,311.1,300.05,305.2,2187
RANEHOLDIN,20190725,964,964,945,953.25,1086
RATNAMANI,20190725,960,965.15,946,949.4,4317
RAYMOND,20190725,650,673.25,646.3,664.1,771101
RBL,20190725,543.05,558,543,547.95,35620
RBLBANK,20190725,456.7,463.55,444.35,454.95,8801161
RCF,20190725,53.3,54.75,53,53.25,743095
RCOM,20190725,1.65,1.65,1.65,1.65,1366367
RECLTD,20190725,143.9,146.95,143.2,146.5,5843831
REDINGTON,20190725,111.1,111.1,106.4,107.7,105462
REFEX,20190725,109.05,119.7,108.3,115.95,201526
REGENCERAM,20190725,2.1,2.1,2.1,2.1,80
RELAXO,20190725,404.15,406.2,401,403.75,344971
RELCAPITAL,20190725,50.25,54.85,49.65,50.1,33585633
RELCNX100,20190725,118.24,118.39,117,117,1240
RELCONS,20190725,48.41,48.54,48.06,48.44,1173
RELDIVOPP,20190725,29.23,29.37,29.09,29.1,66
RELIANCE,20190725,1264,1269.05,1227,1231.5,9968545
RELIGARE,20190725,36.45,37.55,35.1,35.35,315165
RELINFRA,20190725,45,50.95,44.3,47.15,51118467
RELNV20,20190725,559.95,561,558.09,560.31,304
REMSONSIND,20190725,85,86,83.3,84.9,5272
RENUKA,20190725,9.1,9.35,8.75,8.8,388670
REPCOHOME,20190725,321.9,328.75,315.75,318.35,35785
REPRO,20190725,540.05,543.6,522.2,524.8,1337
RESPONIND,20190725,95,95,90.9,92.95,197124
RETFMID150,20190725,58.36,58.57,58.01,58.1,171934
REVATHI,20190725,361.4,376.4,353.1,359.95,189
RGL,20190725,261,268.85,260,267.55,559
RHFL,20190725,10.15,10.7,10.05,10.15,242924
RICOAUTO,20190725,49.1,50.75,47.75,48.3,177160
RIIL,20190725,265,266.3,252.5,257.15,141516
RITES,20190725,295,304.8,290.95,303.35,358076
RKDL,20190725,6.7,6.85,6.4,6.55,7129
RKFORGE,20190725,457,469,457,467.1,4520
RMCL,20190725,5.75,6,5.65,5.7,193896
RML,20190725,265,267.8,250.1,254.6,19421
RNAM,20190725,227.3,227.7,227.1,227.25,282224
RNAVAL,20190725,3.45,3.5,3.15,3.15,1040078
ROHITFERRO,20190725,0.7,0.7,0.6,0.7,9891
ROHLTD,20190725,71.25,74.45,68.55,69.8,28468
ROLLT,20190725,2.3,2.5,2.3,2.45,231934
ROLTA,20190725,4.85,5.05,4.7,5,296862
ROSSELLIND,20190725,37.05,39.85,36.55,37.1,2051
RPGLIFE,20190725,190,190,176,177.55,9464
RPOWER,20190725,3.6,3.75,3.55,3.6,14254685
RPPINFRA,20190725,100,103,95.5,97.9,13490
RRSLGETF,20190725,19.98,19.98,19.82,19.85,3110
RSSOFTWARE,20190725,22.7,22.7,20.2,20.6,84474
RSWM,20190725,132.3,140.45,130.25,138.55,26830
RSYSTEMS,20190725,42.05,42.7,40.75,40.8,10576
RTNINFRA,20190725,1.85,1.9,1.8,1.85,167865
RTNPOWER,20190725,1.5,1.6,1.5,1.55,660503
RUBYMILLS,20190725,172.75,174.95,160.35,164.2,6055
RUCHINFRA,20190725,2.1,2.1,2,2.05,7974
RUCHIRA,20190725,78.2,81.2,78.2,79.75,9986
RUCHISOYA,20190725,3.8,3.8,3.8,3.8,735951
RUPA,20190725,205.85,209.7,202,203,19492
RUSHIL,20190725,205.55,205.55,186.2,186.2,27163
RVNL,20190725,23.75,24.15,23.7,24,2675122
SABEVENTS,20190725,0.85,0.85,0.85,0.85,10
SABTN,20190725,2.45,2.45,2.4,2.4,5797
SADBHAV,20190725,168.95,177,160.55,165.35,671538
SADBHIN,20190725,71,80,70.1,75.45,263129
SAGARDEEP,20190725,58.9,58.9,53.95,56.5,15170
SAGCEM,20190725,679,722,645,665.05,150135
SAIL,20190725,43.7,44.3,42.85,43.15,18992940
SAKAR,20190725,56,58.95,56,58.2,1586
SAKHTISUG,20190725,8.9,9,8.55,8.9,35466
SAKSOFT,20190725,263.5,276.45,263.5,268.45,3711
SAKUMA,20190725,15.25,16.5,14.75,16.3,1617053
SALASAR,20190725,140.85,143,136.35,138.25,17302
SALONA,20190725,73,78.9,72.2,75.35,125
SALSTEEL,20190725,3.15,3.15,2.8,2.85,9131
SALZERELEC,20190725,114.05,116.2,109.1,110.95,5055
SAMBHAAV,20190725,3.25,3.25,3.1,3.15,17110
SANCO,20190725,17,17.15,15.7,16.7,50084
SANDESH,20190725,638.65,642.55,618,619.85,1345
SANDHAR,20190725,269.6,274.65,264.05,269.7,12169
SANGAMIND,20190725,40.95,43.8,40.95,41.05,4169
SANGHIIND,20190725,62.35,62.75,61.4,62,93773
SANGHVIMOV,20190725,104.7,114,104.1,111.7,28931
SANGINITA,20190725,77.6,81.5,76.8,79.35,17240
SANOFI,20190725,6007,6220,6005,6200.7,41027
SANWARIA,20190725,5.35,5.35,5,5.05,2187934
SARDAEN,20190725,180.3,184.5,175,176.65,14478
SAREGAMA,20190725,529.85,534.65,525.05,529.35,9221
SARLAPOLY,20190725,24.1,24.8,24.1,24.5,4857
SASKEN,20190725,558,560,525,531.05,10429
SASTASUNDR,20190725,115,115,102.5,106.95,1809
SATHAISPAT,20190725,5.1,5.5,5,5,4462
SATIA,20190725,650,660.5,647,651.05,1614
SATIN,20190725,268.75,271.5,253.05,262.1,46638
SBIETFQLTY,20190725,91,92.13,91,91.68,1641
SBILIFE,20190725,769.9,800,769.05,797.4,892300
SBIN,20190725,341.7,343.2,337.4,341.3,19857643
SCAPDVR,20190725,0.6,0.6,0.6,0.6,2402
SCHAEFFLER,20190725,4020,4130,3975.9,4020.7,24585
SCHAND,20190725,66,71.1,65.8,68.3,20861
SCHNEIDER,20190725,84,84,81,81.35,26956
SCI,20190725,29.5,29.5,28.7,29.1,316670
SDBL,20190725,135.5,140,132.05,138.4,10759
SEAMECLTD,20190725,414.4,420.65,409.95,417.9,4239
SELAN,20190725,155.7,156.75,154.3,155.1,14749
SELMCL,20190725,0.75,0.75,0.65,0.7,73453
SEQUENT,20190725,69.55,71.5,69,69.8,123362
SESHAPAPER,20190725,892.3,899.9,870,879.8,1698
SETCO,20190725,16.55,17.55,15.1,16.75,411307
SETF10GILT,20190725,189.7,201.94,178.54,196.38,125
SETFGOLD,20190725,3120,3133.45,3115.05,3129.65,645
SETFNIF50,20190725,116.12,116.7,115.51,115.78,68003
SETFNIFBK,20190725,291.99,296,291.99,294.08,9425
SETFNN50,20190725,268.29,271.65,265.01,269.82,1850
SEYAIND,20190725,427,435,426,429.35,10566
SFL,20190725,1296.1,1296.1,1250,1277.15,4782
SGL,20190725,11,11.9,10.95,11.25,10924
SHAHALLOYS,20190725,11.45,11.45,10.5,10.75,388
SHAKTIPUMP,20190725,311.75,332,310,314.5,44375
SHALBY,20190725,85.7,89,83.4,87.6,27854
SHALPAINTS,20190725,69.9,70.7,69.55,69.65,9011
SHANKARA,20190725,318.15,325.15,302,310.7,66376
SHANTIGEAR,20190725,100.05,106.85,100.05,101.15,9882
SHARDACROP,20190725,292,297.95,289.05,290.4,6475
SHARDAMOTR,20190725,965,969.25,927,957.5,2831
SHARIABEES,20190725,247.4,247.4,247.4,247.4,182
SHEMAROO,20190725,341.9,356,341.9,353,13028
SHILPAMED,20190725,349,354.2,345.35,349.4,20876
SHIRPUR-G,20190725,15.7,16.35,15.7,16.35,32402
SHIVAMAUTO,20190725,22.7,24.5,22.7,22.8,28185
SHIVAMILLS,20190725,39.05,41.9,39.05,40.4,1641
SHIVATEX,20190725,109.9,115.9,108.9,115.9,1394
SHK,20190725,128,128.95,125.05,126.1,10698
SHOPERSTOP,20190725,392.45,404.65,383.05,401.35,31003
SHREECEM,20190725,20503,21295,20503,21189.55,24595
SHREEPUSHK,20190725,88,90.75,87,87.2,15958
SHREERAMA,20190725,5,5.2,4.85,5.1,2434
SHREYANIND,20190725,131.85,133.75,129.7,131.85,26827
SHREYAS,20190725,140,140,128,130.5,7173
SHRIPISTON,20190725,780.9,805.7,765,765.45,55
SHRIRAMCIT,20190725,1406.7,1440,1406.7,1419.4,373
SHRIRAMEPC,20190725,8.35,8.65,8.2,8.4,94247
SHYAMCENT,20190725,3.65,3.9,3.6,3.85,32143
SICAGEN,20190725,21.8,23,21.35,22.1,48496
SICAL,20190725,92.2,93.75,89.65,91.3,7116
SIEMENS,20190725,1190.8,1200,1167.65,1171.6,283198
SIGIND,20190725,23,23.85,21.1,22.2,13597
SIL,20190725,14.05,14.75,14.05,14.15,2993
SILINV,20190725,152.1,153.05,147,147.7,1759
SIMBHALS,20190725,6,6.35,6,6.2,1542
SIMPLEXINF,20190725,85.5,88.95,83,85.65,33675
SINTEX,20190725,2.8,2.8,2.7,2.7,1282109
SIRCA,20190725,190.4,197,190,192.6,6277
SIS,20190725,930,949.8,880.1,900.45,86111
SITASHREE,20190725,0.4,0.45,0.4,0.45,18899
SITINET,20190725,2.4,2.5,2.35,2.5,90958
SIYSIL,20190725,273,278,253.9,257.4,10391
SJVN,20190725,24.55,24.7,23.6,24,3353846
SKFINDIA,20190725,1910,1910,1864,1865.55,106615
SKIL,20190725,7,7.35,6.75,6.75,9166
SKIPPER,20190725,48.05,48.05,45.05,46.2,35521
SKMEGGPROD,20190725,29.25,30.35,29.2,29.95,8304
SMARTLINK,20190725,80.7,83.95,80.7,83.95,567
SMLISUZU,20190725,644.4,644.4,610,617.7,9429
SMPL,20190725,0.35,0.35,0.25,0.35,15051
SMSLIFE,20190725,373.1,386.8,346,368.15,1829
SMSPHARMA,20190725,49.15,51.15,48.8,50.35,33231
SNOWMAN,20190725,29.65,30.1,29,29.9,154548
SOBHA,20190725,567.2,572.5,550.05,554.5,53151
SOLARA,20190725,366.35,374,361,362.45,15755
SOLARINDS,20190725,1169.9,1194,1157,1167.9,339990
SOMANYCERA,20190725,378,389.5,377.35,380.65,66109
SOMATEX,20190725,2.5,2.5,2.5,2.5,210
SOMICONVEY,20190725,12.15,14.75,12.15,14.35,1832
SONATSOFTW,20190725,327.55,330.45,324.45,329.35,60572
SORILINFRA,20190725,125,131.4,123.3,123.3,49278
SOTL,20190725,1015.8,1051.95,1002,1019.15,828
SOUTHBANK,20190725,12.6,12.85,12,12.4,9107164
SOUTHWEST,20190725,20.65,20.65,20.45,20.45,2
SPAL,20190725,255.55,269,252.55,262.4,7041
SPARC,20190725,156.5,165.7,156.5,162.95,1623174
SPCENET,20190725,0.95,1,0.9,0.9,22443
SPECIALITY,20190725,73,76.95,72.8,75.15,14198
SPENCERS,20190725,75.5,75.6,71.7,72.55,177198
SPENTEX,20190725,0.45,0.5,0.4,0.4,32081
SPIC,20190725,20.3,20.9,20.05,20.3,29380
SPICEMOBI,20190725,6.6,7,6.6,7,1110
SPLIL,20190725,36.15,37.85,35.05,35.3,19867
SPMLINFRA,20190725,14.75,15.2,14.6,14.8,5890
SPTL,20190725,5.9,6.1,5.7,5.7,1183614
SPYL,20190725,0.2,0.3,0.2,0.25,125784
SREEL,20190725,155,155,147,149.3,5135
SREINFRA,20190725,16.1,16.1,15.2,15.4,240587
SRF,20190725,2668,2700,2641.1,2655.4,132346
SRHHYPOLTD,20190725,96.25,101.4,93.6,95.95,3514
SRIPIPES,20190725,174.25,185,174.25,180.55,123458
SRTRANSFIN,20190725,964,1015,955,986.35,10331033
SSWL,20190725,786.05,790,770.65,784.6,15649
STAMPEDE,20190725,0.75,0.75,0.7,0.75,52427
STAR,20190725,340.95,347.5,339.4,344.15,787466
STARCEMENT,20190725,105,108.2,104.15,107,25331
STARPAPER,20190725,93.45,94.7,91.5,92,16174
STCINDIA,20190725,100.25,101.95,99.55,100.05,92318
STEELCITY,20190725,33.6,34,31.8,33.4,3119
STEELXIND,20190725,11.45,12.5,10.8,11.8,42226
STEL,20190725,71.05,73.25,70.95,71.9,5730
STERTOOLS,20190725,197.15,199.85,193.25,193.3,4836
STINDIA,20190725,6.55,6.55,6.55,6.55,20
STRTECH,20190725,148,153.75,145.2,149.5,1759542
SUBEX,20190725,5.85,5.85,5.6,5.65,238732
SUBROS,20190725,214.5,214.5,195.15,199.1,31407
SUDARSCHEM,20190725,321,322.9,319,319.85,28782
SUJANAUNI,20190725,0.15,0.2,0.15,0.15,48871
SUMEETINDS,20190725,2.65,2.8,2.65,2.7,107510
SUMMITSEC,20190725,443.05,468.05,443.05,453.8,965
SUNCLAYLTD,20190725,2210.4,2210.4,2138.1,2154.85,1341
SUNDARAM,20190725,1.7,1.7,1.6,1.65,353307
SUNDARMFIN,20190725,1561.4,1625,1552.85,1596.35,14451
SUNDARMHLD,20190725,80.05,82.9,79.95,80.45,15316
SUNDRMBRAK,20190725,276.05,283.55,268.2,271.95,876
SUNDRMFAST,20190725,443.1,453.8,439.8,440.7,72855
SUNFLAG,20190725,30.4,32,30.4,31.05,54186
SUNPHARMA,20190725,425.8,439.7,425.55,437.15,11412685
SUNTECK,20190725,431.4,431.4,412,415.45,108639
SUNTV,20190725,472.8,487.7,471.05,477.45,1862107
SUPERHOUSE,20190725,66.3,70.95,65,66.2,11248
SUPERSPIN,20190725,4.75,4.95,4.65,4.7,4693
SUPPETRO,20190725,196,199.45,190,195.5,12254
SUPRAJIT,20190725,189,192.85,189,190.5,19740
SUPREMEIND,20190725,1074.6,1102,1069.25,1090.3,13708
SUPREMEINF,20190725,23,23,22.9,22.9,801
SURANASOL,20190725,6.65,6.9,6.6,6.75,5173
SURANAT&P,20190725,4.15,4.15,3.85,3.9,9237
SURYALAXMI,20190725,21.6,22.45,21.6,22.4,789
SURYAROSNI,20190725,193.95,197.2,193.75,194.5,34849
SUTLEJTEX,20190725,27.75,28.65,27.75,28.3,125584
SUVEN,20190725,237.95,242.8,230.55,236.2,129949
SUZLON,20190725,3.95,4.1,3.75,4,8978821
SWANENERGY,20190725,105,105,103.6,104.1,60874
SWARAJENG,20190725,1180.75,1187.15,1137.85,1145.75,4719
SWELECTES,20190725,195,205,190.1,190.9,6809
SYMPHONY,20190725,1226.6,1238.95,1215,1225.7,5775
SYNCOM,20190725,1.25,1.25,1.15,1.15,13371
SYNDIBANK,20190725,34,35.45,33.95,35.15,2148037
SYNGENE,20190725,310,314.1,301.1,309.4,175443
TAINWALCHM,20190725,58,58,50.1,54.7,2580
TAJGVK,20190725,178.2,185.05,175.6,179.9,100688
TAKE,20190725,104.9,108.1,104,105,137599
TALBROAUTO,20190725,123.15,126.65,109.5,111.35,35879
TALWALKARS,20190725,21.85,21.85,21.85,21.85,20676
TALWGYM,20190725,40.45,40.45,40.45,40.45,12374
TANLA,20190725,68,68,64.1,64.1,381691
TARAJEWELS,20190725,0.8,0.8,0.7,0.7,2255
TARAPUR,20190725,5.8,5.85,5.55,5.75,292
TARMAT,20190725,26.85,27.05,25.15,26.35,3564
TASTYBITE,20190725,8360,8444.55,8315,8328.25,204
TATACHEM,20190725,592.5,601.3,592.5,598.1,389291
TATACOFFEE,20190725,73.5,75.25,71.2,74.5,209302
TATACOMM,20190725,466,488,466,481.05,84799
TATAELXSI,20190725,655,666.8,643.55,653.8,1634604
TATAGLOBAL,20190725,249.8,254.6,249.3,251.6,1509879
TATAINVEST,20190725,838,845.9,831.15,837,4114
TATAMETALI,20190725,554.4,560,554,555.6,14541
TATAMOTORS,20190725,151.3,152.5,143.75,144.3,34364032
TATAMTRDVR,20190725,72,72.75,69.3,69.8,3497569
TATAPOWER,20190725,64,64.3,61.25,61.55,10579797
TATASPONGE,20190725,486,489,471,479.15,38241
TATASTEEL,20190725,448,451.95,438.3,440.35,7528091
TATASTLBSL,20190725,27.7,27.95,27,27.15,596787
TBZ,20190725,38.35,38.9,36.8,37.15,35470
TCI,20190725,273.45,278.2,272,275.9,11432
TCIDEVELOP,20190725,334.35,334.35,334.35,334.35,15
TCIEXP,20190725,605.9,607.45,572.05,580.15,10787
TCIFINANCE,20190725,11.55,11.55,11.1,11.3,3923
TCNSBRANDS,20190725,735.1,762.95,727.2,732.5,1654
TCPLPACK,20190725,312.9,324.4,308,308,900
TCS,20190725,2108.9,2135,2092.55,2127.9,2544464
TDPOWERSYS,20190725,148.1,151.15,143.3,148.7,27507
TEAMLEASE,20190725,2849.95,2850,2774.2,2799.6,6334
TECHIN,20190725,3.45,3.45,3.45,3.45,440
TECHM,20190725,647.8,657.65,641.5,652.5,2751865
TECHNOE,20190725,252.1,267,252.1,255,14412
TECHNOFAB,20190725,17.2,17.2,16.05,17.2,1256
TEJASNET,20190725,116.95,124.6,103.15,103.15,556790
TERASOFT,20190725,29,30.75,29,30.15,3233
TEXINFRA,20190725,40.05,40.05,38.6,39.35,6946
TEXMOPIPES,20190725,14.75,15.25,14.5,15.1,29195
TEXRAIL,20190725,54.7,56,53.05,53.35,127092
TFCILTD,20190725,64.35,65.5,59.15,62.7,136549
TFL,20190725,4.6,4.85,4.6,4.7,10189
TGBHOTELS,20190725,4.75,4.95,4.65,4.85,2301
THANGAMAYL,20190725,311.55,311.55,302.1,303,1323
THEINVEST,20190725,135.1,139.6,135,135.2,1758
THEMISMED,20190725,203.85,203.9,187.25,187.25,5004
THERMAX,20190725,1088.5,1120,1073.15,1106.75,361006
THOMASCOOK,20190725,187.2,192.7,185.6,189.95,215887
THYROCARE,20190725,449.35,449.35,438.05,442.55,17659
TI,20190725,13.9,13.9,13.35,13.4,14763
TIDEWATER,20190725,4790,4850,4725,4738.05,537
TIIL,20190725,346,348.1,320,324.2,17389
TIINDIA,20190725,384,389.5,356,363.15,542444
TIJARIA,20190725,11.45,11.45,10.5,10.55,10293
TIL,20190725,214.95,217.8,211,216.4,3037
TIMESGTY,20190725,31.15,33.8,30.6,33.3,5142
TIMETECHNO,20190725,78.2,80.5,78.1,79.05,50615
TIMKEN,20190725,685.15,703.95,679.25,697.2,19367
TINPLATE,20190725,120.8,120.8,118.3,118.8,103633
TIPSINDLTD,20190725,56.05,57.15,55.7,56.75,865
TIRUMALCHM,20190725,68.45,69.9,61,62,692669
TITAN,20190725,1093.9,1100.7,1084.6,1090.45,1770220
TMRVL,20190725,10.5,10.95,10.25,10.35,16635
TNPETRO,20190725,34.15,34.2,33.5,33.9,24937
TNPL,20190725,168.7,168.7,164.1,166.75,22852
TNTELE,20190725,1.6,1.6,1.6,1.6,200
TOKYOPLAST,20190725,50,51.9,49.6,51.8,8413
TORNTPHARM,20190725,1593.7,1635,1572.4,1624.2,967919
TORNTPOWER,20190725,307.6,308.75,297.65,300.65,1131486
TPLPLASTEH,20190725,116.3,116.3,112.7,115.15,852
TREEHOUSE,20190725,5.3,5.7,5.3,5.6,38317
TREJHARA,20190725,14,14.95,14,14.95,1192
TRENT,20190725,412,418.9,403.05,409.55,86402
TRF,20190725,102.95,103.1,98.1,98.9,16924
TRIDENT,20190725,57,57,54.1,54.3,447762
TRIGYN,20190725,50.1,51.45,48,48.45,34097
TRIL,20190725,10.85,10.85,9.75,9.8,22835
TRITURBINE,20190725,91.1,92.1,86.25,87.05,16068
TRIVENI,20190725,62.95,63.6,60.4,60.95,307667
TTKHLTCARE,20190725,507.1,519,500,506.5,1898
TTKPRESTIG,20190725,6070.45,6080,5812,5833.65,3101
TTL,20190725,40,40.75,39.5,39.95,2584
TTML,20190725,3.1,3.15,2.85,3.15,589419
TV18BRDCST,20190725,21.6,21.9,21.5,21.55,1285122
TVSELECT,20190725,135.25,152.9,134.2,143.75,226866
TVSMOTOR,20190725,357.55,367,356.45,363.8,1816332
TVSSRICHAK,20190725,1695.4,1698.35,1552,1627.1,10143
TVTODAY,20190725,278,283,274.1,282.45,56075
TWL,20190725,40,40.5,38.05,38.25,270768
UBL,20190725,1381,1419.6,1378.25,1402.4,416376
UCALFUEL,20190725,115.55,116.95,113,114.9,5744
UCOBANK,20190725,17.25,17.5,17.1,17.15,283217
UFLEX,20190725,212,214.4,210.15,212.65,35766
UFO,20190725,162,164.35,156,157.8,20973
UGARSUGAR,20190725,13.85,13.95,13.55,13.65,35797
UJAAS,20190725,5,5.2,5,5.05,73995
UJJIVAN,20190725,273.4,278.4,268.25,270.85,2153277
ULTRACEMCO,20190725,4460,4534,4442.85,4460.1,403568
UMANGDAIRY,20190725,46.25,47.5,46,46.75,11181
UMESLTD,20190725,1.1,1.1,1.1,1.1,450
UNICHEMLAB,20190725,170.05,172.4,167.15,168.3,31486
UNIENTER,20190725,81.8,81.95,79.05,79.8,5171
UNIONBANK,20190725,70.95,71.6,69.4,69.9,7779410
UNIPLY,20190725,57.95,59.45,55.55,58.1,20881
UNITECH,20190725,1.15,1.15,1.05,1.1,3757441
UNITEDBNK,20190725,9.7,9.75,9.5,9.5,282084
UNITEDTEA,20190725,280,281.05,277,277.95,171
UNIVCABLES,20190725,158.25,160,151.2,157.9,44209
UPL,20190725,618,624.45,601.4,604.35,4049926
URJA,20190725,2.45,2.65,2.35,2.55,2095382
USHAMART,20190725,27.55,29.3,27.45,28.45,469672
UTINEXT50,20190725,273,279.01,270,270,338
UTINIFTETF,20190725,1206,1206,1194.2,1195.05,148
UTISENSETF,20190725,410,410,397,401.99,270
UTTAMSTL,20190725,7.85,8.05,7.65,7.95,39188
UTTAMSUGAR,20190725,122.85,123.75,117.05,118.2,110255
UVSL,20190725,0.1,0.1,0.05,0.05,13939794
V2RETAIL,20190725,120.2,131.8,120,124.95,69218
VADILALIND,20190725,521.35,533.6,521.35,530.15,3785
VAIBHAVGBL,20190725,841,875,841,870.65,6873
VAKRANGEE,20190725,32.2,33.5,31.35,32.65,4863076
VARDHACRLC,20190725,38.5,39.75,38.5,39.55,3128
VARDMNPOLY,20190725,3.6,3.6,3.4,3.6,5599
VARROC,20190725,435,440,432.05,433,45826
VASCONEQ,20190725,12.7,12.95,12.5,12.65,88951
VASWANI,20190725,8.45,8.5,7.55,8.4,8855
VBL,20190725,592,640,592,621.3,67174
VEDL,20190725,164.85,172.7,164.25,171.45,19724263
VENKEYS,20190725,1380,1392.9,1320,1325.25,60927
VENUSREM,20190725,27.9,29.65,25.65,26.25,397323
VESUVIUS,20190725,1072.05,1072.05,1051,1054.95,537
VETO,20190725,70.5,70.5,68.05,68.65,7226
VGUARD,20190725,233.7,241.9,232,239.8,2175252
VHL,20190725,1672.2,1695.05,1627,1652.9,258
VICEROY,20190725,1.35,1.35,1.3,1.3,5960
VIDHIING,20190725,58.65,59.8,57.4,57.95,54910
VIJIFIN,20190725,0.45,0.45,0.4,0.4,630091
VIKASECO,20190725,5.4,5.4,4.9,5.15,912492
VIKASMCORP,20190725,3.3,3.3,3,3.1,239137
VIMALOIL,20190725,7,7,7,7,15
VIMTALABS,20190725,135,142,130,133.1,40697
VINATIORGA,20190725,1805.5,1854.9,1805.5,1843.65,44409
VINDHYATEL,20190725,900.35,920,900,906.1,13166
VINYLINDIA,20190725,68.3,72.05,68.15,70.35,20534
VIPCLOTHNG,20190725,13.8,14.25,13,13.4,51385
VIPIND,20190725,378.05,388.7,365,369.25,313849
VIPULLTD,20190725,35.85,39.9,33.8,37.5,143353
VISAKAIND,20190725,280,288,268.65,271.15,14268
VISASTEEL,20190725,5.6,5.95,5.2,5.65,1696
VISESHINFO,20190725,0.05,0.1,0.05,0.1,1383556
VISHNU,20190725,107.45,114.3,105.6,112.55,1895
VIVIDHA,20190725,0.3,0.35,0.25,0.35,47069
VIVIMEDLAB,20190725,15.1,15.7,15,15.55,95092
VLSFINANCE,20190725,49.25,50,48.55,48.85,6257
VMART,20190725,1893.05,1955.15,1893.05,1929.15,5596
VOLTAMP,20190725,1049.45,1067.95,1044.45,1054.95,2076
VOLTAS,20190725,581.7,585,575.1,579.1,841225
VRLLOG,20190725,251.75,254.9,249.95,251.15,10332
VSSL,20190725,80.95,81.75,73,74.2,19010
VSTIND,20190725,3264.4,3264.4,3150.1,3189.6,21088
VSTTILLERS,20190725,1101.1,1101.1,1061.1,1094.85,1096
VTL,20190725,911.55,924,899,910.7,8116
WABAG,20190725,302.1,311.8,301.5,306.8,141919
WABCOINDIA,20190725,6082.5,6149.75,6082.5,6138.95,1429
WALCHANNAG,20190725,72,73.4,71.5,72,107518
WANBURY,20190725,16.85,16.85,15.8,16.5,477
WEBELSOLAR,20190725,20.4,20.65,20.1,20.2,39398
WEIZFOREX,20190725,399.3,425.1,391.1,419.45,5047
WEIZMANIND,20190725,34.1,34.75,29.55,29.75,1416
WELCORP,20190725,122.75,125.5,122,123.2,151915
WELENT,20190725,105.1,111,105,109.7,272900
WELINV,20190725,150.05,160,150,150.15,763
WELSPUNIND,20190725,53.65,54.5,53.15,53.7,474737
WENDT,20190725,2185,2237.5,2179.95,2199.45,277
WHEELS,20190725,715,731,700,707.5,1042
WHIRLPOOL,20190725,1480.5,1539.9,1480.1,1533.95,50229
WILLAMAGOR,20190725,16.85,17.25,16.5,17,711
WINDMACHIN,20190725,23,24.3,23,23.2,17109
WINSOME,20190725,0.35,0.35,0.35,0.35,840
WIPL,20190725,90.3,90.3,86,86,62
WIPRO,20190725,265.45,265.45,261.5,262.25,4991181
WOCKPHARMA,20190725,325.3,330.5,319.15,321.7,492846
WONDERLA,20190725,250,264.95,247,259.4,43441
WSTCSTPAPR,20190725,227.1,232.4,226,228.9,36069
XCHANGING,20190725,52.4,52.4,51.25,51.5,5071
XELPMOC,20190725,61.7,61.7,58.3,58.55,2193
XLENERGY,20190725,0.6,0.65,0.55,0.65,15054
XPROINDIA,20190725,29.1,30.15,28.1,28.3,781
YESBANK,20190725,88.4,90.4,85.85,87.65,113015178
ZEEL,20190725,376.3,394.65,375.45,391.95,18014267
ZEELEARN,20190725,21.25,21.35,20.5,20.6,85249
ZEEMEDIA,20190725,12.3,12.3,11.7,11.9,395972
ZENITHBIR,20190725,0.4,0.4,0.35,0.4,11130
ZENITHEXPO,20190725,41.9,43.65,40.4,43,1541
ZENSARTECH,20190725,212.2,219.65,212.1,217.95,18052
ZENTEC,20190725,51.85,52.7,50.5,50.8,34728
ZICOM,20190725,1,1.1,1,1.05,27941
ZODIACLOTH,20190725,216,216.65,207.55,212,3016
ZODJRDMKJ,20190725,30.45,30.45,28.5,28.5,151
ZUARI,20190725,118.95,119.7,114.15,115.35,10580
ZUARIGLOB,20190725,75,77.45,73.6,76.1,22959
ZYDUSWELL,20190725,1347.85,1369.05,1345.65,1356.75,2275
NSENIFTY,20190725,11290.40,11361.40,11239.35,11252.15,553676897,0
NIFTYJUNIOR,20190725,26221.60,26476.65,26215.30,26302.15,232015815,0
NIFTYMIDCAPLIQ15,20190725,3753.30,3790.90,3747.35,3784.05,145897726,0
NSE100,20190725,11381.75,11456.65,11339.45,11352.35,789190281,0
NIFTY200,20190725,5808.45,5845.85,5790.40,5797.35,1270444664,0
NSE500,20190725,9173.75,9232.45,9148.45,9159.15,1414137488,0
NSEMIDCAP150,20190725,5803.90,5844.95,5803.00,5830.50,492343985,0
MIDCAP50,20190725,4369.05,4409.85,4366.90,4385.40,388205624,0
NSEMIDCAP,20190725,16003.80,16121.80,15993.25,16066.15,481254383,0
NIFTYSMALLCAP250,20190725,-,-,-,4724.40,-,0
NIFTYSMALLCAP50,20190725,-,-,-,2743.15,-,0
NSESMLCAP100,20190725,5698.50,5732.85,5689.90,5710.75,-,0
NIFTYLARGEMIDCAP250,20190725,-,-,-,5584.71,1281534266,0
NIFTYMIDSMALLCAP400,20190725,-,-,-,5437.85,-,0
NIFTYAUTO,20190725,7040.40,7086.45,6996.30,7010.55,70812366,0
BANKNIFTY,20190725,28981.05,29240.80,28931.05,29043.05,296560592,0
NIFTYFINSERVICE,20190725,12808.55,12929.95,12759.20,12805.20,131649603,0
NIFTYFMGC,20190725,29012.40,29225.25,28931.15,28983.55,32751167,0
NSEIT,20190725,15383.15,15510.60,15343.05,15474.65,28335619,0
NIFTYMEDIA,20190725,2085.60,2129.70,2083.45,2119.90,41110383,0
NIFTYMETAL,20190725,2718.00,2736.25,2678.05,2686.40,105150125,0
NIFTYPHARMA,20190725,7942.50,8116.60,7931.40,8094.35,26921697,0
NIFTYPVTBANK,20190725,15904.75,16067.35,15880.95,15963.10,232680094,0
NIFTYPSUBANK,20190725,2864.10,2881.45,2810.85,2831.15,99824307,0
NIFTYREALTY,20190725,271.75,275.55,270.60,273.80,11924066,0
NIFTYCOMMODITIES,20190725,3422.90,3432.35,3374.30,3382.30,309729068,0
NIFTYCONSUMPTION,20190725,4525.20,4550.35,4516.45,4525.65,84836699,0
NIFTYCPSE,20190725,2103.35,2105.20,2063.40,2074.40,177631565,0
NIFTYENERGY,20190725,15316.15,15321.00,15005.90,15061.45,210648309,0
NIFTY100ESG,20190725,-,-,-,2087.72,627458023,0
NIFTY100ENHESG,20190725,-,-,-,2120.37,595114649,0
NIFTYINFRA,20190725,3155.80,3179.35,3120.30,3128.40,273941946,0
NIFTYMNC,20190725,12300.75,12405.20,12298.75,12390.60,53234419,0
NIFTYPSE,20190725,3336.95,3338.65,3282.85,3296.25,239937082,0
NIFTYSMEEMERGE,20190725,-,-,-,1425.33,1231100,0
NIFTYSERVSECTOR,20190725,16110.00,16240.95,16086.60,16127.45,369321657,0
NIFTYSHARIAH25,20190725,-,-,-,4003.40,104878423,0
NIFTY50SHARIAH,20190725,-,-,-,2421.77,138433293,0
NIFTY500SHARIAH,20190725,-,-,-,2826.41,285249802,0
NIFTYABGROUP,20190725,-,-,-,3201.24,83872103,0
NIFTYMAHINDRA,20190725,-,-,-,9333.91,13986829,0
NIFTYTATA,20190725,-,-,-,6689.84,65800236,0
NIFTYTATA25CAP,20190725,-,-,-,4511.58,60004436,0
NIFTYABGROUP,20190725,-,-,-,3201.24,83872103,0
NIFTYLIQ15,20190725,3685.15,3712.75,3650.75,3676.05,304157849,0
NIFTY500VALUE50,20190725,-,-,-,3941.97,448837888,0
NIFTYALPHALOWVOL30,20190725,-,-,-,11323.64,154437861,0
NIFTYQUALLOWVOL30,20190725,-,-,-,7775.22,98029686,0
NIFTYALPHAQUALLOWVOL30,20190725,-,-,-,8829.24,105806132,0
NIFTYALPHAQUALVALLOWVOL30,20190725,-,-,-,6872.58,172460741,0
NIFTY50EQUALWEIGHT,20190725,11909.40,11981.95,11850.25,11869.75,553676897,0
NIFTY100EQUALWEIGHT,20190725,12559.35,12652.20,12531.20,12548.15,789190281,0
NIFTY100LOWVOL30,20190725,8460.20,8514.30,8450.15,8468.20,153862524,0
NSEDEFTY,20190725,-,-,-,5647.15,-,0
NIFTY50DIVPOINT,20190725,71.49,71.49,71.49,71.49,-,0
NIFTYDIVOPPS50,20190725,2543.60,2553.25,2534.55,2539.00,398264350,0
NIFTYALPHA50,20190725,11909.35,11970.50,11838.70,11918.30,175779789,0
NIFTY50ARBITRAGE,20190725,-,-,-,1837.07,-,0
NIFTY50FUTINDEX,20190725,-,-,-,3868.45,-,0
NIFTY50FUTTRINDEX,20190725,-,-,-,11310.52,-,0
NIFTYHIGHBETA50,20190725,-,-,-,1391.14,556481275,0
NIFTYLOWVOL50,20190725,-,-,-,9810.62,213036237,0
NIFTY200QUALITY30,20190725,-,-,-,9094.35,-,0
NIFTY50VALUE20,20190725,5261.40,5276.05,5230.75,5238.60,336787719,0
NIFTYGROWSECT15,20190725,5606.80,5653.65,5592.85,5601.90,171817004,0
NIFTY50TR2XLEV,20190725,6056.25,6131.95,6001.95,6015.30,-,0
NIFTY50PR2XLEV,20190725,4697.45,4756.15,4655.30,4665.65,-,0
NIFTY50TR1XINV,20190725,360.50,362.15,358.25,361.75,-,0
NIFTY50PR1XINV,20190725,409.30,411.15,406.75,410.70,-,0
NIFTY-GS-COMPSITE,20190725,2029.16,2029.59,2017.30,2019.82,-,0
NIFTY-GS-4-8YR,20190725,2091.73,2091.73,2080.32,2084.09,-,0
NIFTY-GS-8-13YR,20190725,2004.18,2005.08,1992.24,1993.99,-,0
NIFTY-GS-10YR,20190725,1856.10,1858.20,1841.70,1846.43,-,0
NIFTY-GS-10YR-CLN,20190725,965.51,966.60,958.00,960.47,-,0
NIFTY-GS-11-15YR,20190725,2124.78,2125.21,2111.97,2114.28,-,0
NIFTY-GS-15YRPLUS,20190725,2324.38,2324.38,2319.74,2317.78,-,0
VIX,20190725,12.76,13.55,12.00,12.64,0,0
