20MICRONS,20190620,34.25,35.9,33.55,35.55,20052
21STCENMGM,20190620,18.2,18.2,17.85,17.85,938
3IINFOTECH,20190620,3.3,3.3,3.2,3.25,1674696
3MINDIA,20190620,22042.6,22698,22009.95,22654.65,743
3PLAND,20190620,9.25,9.25,8.5,8.5,240
5PAISA,20190620,198.25,210,196,208.65,5614
63MOONS,20190620,111.1,114.7,106.6,111.4,119746
8KMILES,20190620,67.5,73.2,66.3,73.2,213349
A2ZINFRA,20190620,13.5,13.55,11.25,13.1,293994
AARTIDRUGS,20190620,529.1,529.1,520,524.4,6568
AARTIIND,20190620,1726.9,1727.4,1700.85,1724,148803
AARVEEDEN,20190620,21.15,22,20.35,21.55,4374
AAVAS,20190620,1468,1500,1425.9,1493.05,9433
ABAN,20190620,33.65,33.65,33.65,33.65,50980
ABB,20190620,1555.9,1576.3,1535,1566.95,38376
ABBOTINDIA,20190620,8472.3,8472.3,8272.05,8419.95,4777
ABCAPITAL,20190620,90,94,88.65,92.15,1567209
ABFRL,20190620,192,205.9,192,204.75,867581
ABSLNN50ET,20190620,267.35,267.35,267,267,51
ACC,20190620,1493.25,1546.5,1470.1,1539.75,719154
ACCELYA,20190620,877.2,885,873,880.6,2581
ACE,20190620,98.5,98.5,95,95.4,246931
ADANIENT,20190620,142.3,149.7,140.35,148.45,4477064
ADANIGAS,20190620,157.6,160.5,155.4,158.35,676637
ADANIGREEN,20190620,40.9,42,40.3,40.95,1318472
ADANIPORTS,20190620,397.95,412.6,389.7,401.2,8383317
ADANIPOWER,20190620,45.95,47.9,45.5,47.5,9180146
ADANITRANS,20190620,210.9,213.5,202.4,211.25,100156
ADFFOODS,20190620,268.15,281.5,268.05,279.1,19635
ADHUNIK,20190620,1.45,1.45,1.45,1.45,5465
ADHUNIKIND,20190620,81.9,83.65,76.05,78.8,60075
ADLABS,20190620,3.7,4.2,3.65,4,333913
ADORWELD,20190620,325,337.55,314.1,333.4,3332
ADROITINFO,20190620,9.8,10.75,9.8,9.8,6511
ADSL,20190620,15.9,16.05,14.5,15.6,18227
ADVANIHOTR,20190620,57.15,59.65,57.1,58.75,3770
ADVENZYMES,20190620,170,176.5,166.8,173.85,85574
AEGISCHEM,20190620,212,215.8,205.8,210.3,377880
AGARIND,20190620,129.35,129.4,100.5,100.75,74480
AGCNET,20190620,110.05,111.25,110,111.15,3141
AGLSL,20190620,50,54.8,50,54.2,585
AGRITECH,20190620,48.25,51.9,48,50.1,9266
AGROPHOS,20190620,83.1,87.5,80.7,85.85,24267
AHLEAST,20190620,184.05,188.05,184,184.75,780
AHLUCONT,20190620,329.45,336,325.05,331.35,16010
AHLWEST,20190620,342,345.95,335.3,339.3,1275
AIAENG,20190620,1689,1706,1671.05,1682.05,41071
AIONJSW,20190620,16.5,16.9,15.25,16.8,34123
AIRAN,20190620,26.25,27.6,24.6,27.45,31609
AJANTPHARM,20190620,921.6,950.45,910,945.75,221334
AJMERA,20190620,155.3,162.3,155,160.65,25886
AKSHARCHEM,20190620,267.3,271,262.5,269.5,1898
AKSHOPTFBR,20190620,10.45,11.65,9.6,11,981341
AKZOINDIA,20190620,1766,1777.95,1749.9,1767.15,5192
ALANKIT,20190620,30.75,31.45,29.1,30.95,433851
ALBERTDAVD,20190620,395,402.9,388.05,398.3,8445
ALBK,20190620,39.8,40.9,39.15,40.7,3130037
ALCHEM,20190620,1.25,1.25,1.25,1.25,15725
ALEMBICLTD,20190620,41.2,41.7,40.65,40.85,87528
ALICON,20190620,550.7,575.95,541.05,558.15,791
ALKALI,20190620,38.8,39.9,37.8,39.65,15044
ALKEM,20190620,1743,1753.65,1705,1710.95,35524
ALKYLAMINE,20190620,803,850,803,839.85,2985
ALLCARGO,20190620,101.5,101.65,98.55,100.85,74179
ALLSEC,20190620,316.75,316.75,315.75,315.9,3677
ALMONDZ,20190620,17.25,18.4,16.25,16.7,4721
ALOKTEXT,20190620,3.75,3.8,3.65,3.65,1769747
ALPA,20190620,18.7,18.7,17.6,18.35,13747
ALPHAGEO,20190620,405.1,412,401,408.95,6166
ALPSINDUS,20190620,0.75,0.75,0.75,0.75,750
AMARAJABAT,20190620,575.5,614.15,572.85,610.65,863359
AMBER,20190620,808,830,802.25,817.65,8559
AMBIKCO,20190620,1055.05,1074.45,1050,1068.05,1201
AMBUJACEM,20190620,207.2,214.3,204.8,213.7,1857056
AMDIND,20190620,17.6,18.5,17.2,17.65,4080
AMJLAND,20190620,15.35,16.5,15.2,16.45,2867
AMRUTANJAN,20190620,293,303.95,288.25,302.05,16658
ANANTRAJ,20190620,28.5,29.1,27.7,28.9,145584
ANDHRABANK,20190620,23.25,23.35,22.7,23.2,751031
ANDHRACEMT,20190620,3.8,4.05,3.8,4,81467
ANDHRSUGAR,20190620,315,321,310.25,319.2,20761
ANIKINDS,20190620,10.8,12.95,10.8,11.95,4457
ANKITMETAL,20190620,0.45,0.45,0.4,0.4,38549
ANSALAPI,20190620,4.8,4.85,4.65,4.65,438795
ANSALHSG,20190620,5.6,6,5.1,5.8,123082
ANTGRAPHIC,20190620,0.95,0.95,0.95,0.95,7085
ANUP,20190620,455.9,472,449,470.1,13769
APARINDS,20190620,572.05,593,569.8,590.7,61149
APCL,20190620,161.8,161.8,156,160.45,4273
APCOTEXIND,20190620,550.35,565,550.35,559.6,2170
APEX,20190620,248.9,254,233.7,250.8,57480
APLAPOLLO,20190620,1517.95,1560,1516,1545.3,30620
APLLTD,20190620,471,474.65,460,460.65,29313
APOLLO,20190620,116.5,119.75,111.65,118.05,21627
APOLLOHOSP,20190620,1392,1404.2,1355.3,1374.3,1462438
APOLLOTYRE,20190620,188.7,196.4,188.2,195.35,2061074
APOLSINHOT,20190620,857.05,860,830,853.15,3834
APTECHT,20190620,134,144,131,141.6,274399
ARCHIDPLY,20190620,31.5,34,31.15,33.7,11326
ARCHIES,20190620,21.8,21.8,20.6,20.95,27178
ARCOTECH,20190620,2.75,2.75,2.75,2.75,54059
ARIES,20190620,58.15,61.85,57.05,59.95,31411
ARIHANT,20190620,22.05,23.75,22,23,1225
ARIHANTSUP,20190620,57,60.3,54.65,56.7,19467
ARMANFIN,20190620,400,405.15,396,398.65,1938
AROGRANITE,20190620,45,48.55,44,45.1,7988
ARROWGREEN,20190620,49.95,49.95,48.3,48.45,16226
ARROWTEX,20190620,13.2,14,12.55,12.9,16587
ARSHIYA,20190620,22.5,23,22.5,22.7,30033
ARSSINFRA,20190620,35,35,32.45,32.45,5627
ARVIND,20190620,58,63.45,56.6,63,8130404
ARVINDFASN,20190620,700,713.15,649.95,693.75,78276
ARVSMART,20190620,102.1,106.3,97.1,103.9,24729
ASAHIINDIA,20190620,218.05,224.45,218.05,223.3,5420
ASAHISONG,20190620,138.25,140,134.5,139,1254
ASAL,20190620,44.65,44.85,43,44,5124
ASHAPURMIN,20190620,16.55,17.75,16.55,17.5,16457
ASHIANA,20190620,121.2,122.8,113.6,121.95,103798
ASHIMASYN,20190620,9.05,10.2,9.05,9.85,48598
ASHOKA,20190620,133.45,137.9,133,136.95,101694
ASHOKLEY,20190620,80.7,88.55,80.4,87.8,39656557
ASIANHOTNR,20190620,120.5,126,120.5,126,575
ASIANPAINT,20190620,1365.55,1404.9,1360.7,1392.05,991210
ASIANTILES,20190620,252.6,266,252.6,260.4,77369
ASPINWALL,20190620,142.05,149.9,142.05,144.35,1896
ASSAMCO,20190620,1.3,1.3,1.25,1.25,58515
ASTEC,20190620,453.85,460.05,438,457.45,5772
ASTERDM,20190620,135,138.8,135,136.75,18920
ASTRAL,20190620,1287.25,1304,1258.65,1275.55,63776
ASTRAMICRO,20190620,88.1,90,85.95,88.4,117016
ASTRAZEN,20190620,1899,1909.9,1856.8,1901.85,2948
ASTRON,20190620,117.8,120.8,113.75,119.5,1305404
ATFL,20190620,493.1,499.9,491,495.3,3232
ATLANTA,20190620,9,9.2,8.85,8.9,53766
ATLASCYCLE,20190620,33.45,35.65,33.3,33.75,9492
ATUL,20190620,3960.05,4004.95,3909.95,3977.8,55776
ATULAUTO,20190620,266,273.9,262,267,9580
AUBANK,20190620,682,684.75,671.3,673.75,134794
AURIONPRO,20190620,117.05,120,115.5,118.55,9114
AUROPHARMA,20190620,610.95,628,608.15,627.15,1356459
AUSOMENT,20190620,34.8,37.25,34,35,2400
AUTOAXLES,20190620,1004,1045.95,1001,1037.85,5057
AUTOIND,20190620,46.8,48.35,46.2,48.3,22932
AVADHSUGAR,20190620,629.9,632.75,568,600.15,135945
AVANTIFEED,20190620,362.4,364.45,351,362.25,186074
AVTNPL,20190620,24.35,24.5,23.5,24,66653
AXISBANK,20190620,772,775.45,758.85,771.4,9190732
AXISCADES,20190620,62.6,62.6,60,61.45,325275
AXISGOLD,20190620,2933.1,2949,2933.1,2936.8,243
AXISNIFTY,20190620,1204.39,1239,1192.6,1230,8
AYMSYNTEX,20190620,39,41,38.55,40.55,7279
BAFNAPHARM,20190620,6.3,6.3,6,6,6226
BAGFILMS,20190620,3.1,3.65,3.05,3.65,155093
BAJAJ-AUTO,20190620,2837.9,2906.9,2806.15,2897.3,301774
BAJAJCON,20190620,322.3,323.8,315.5,319.25,22409
BAJAJELEC,20190620,503,510.35,500.7,505.35,76009
BAJAJFINSV,20190620,8177,8474,8177,8417.85,143596
BAJAJHIND,20190620,7.35,7.55,7.1,7.5,1676093
BAJAJHLDNG,20190620,3570,3630,3547,3606.85,31667
BAJFINANCE,20190620,3519,3589,3507.4,3582.55,1107005
BALAJITELE,20190620,58.4,61.3,57.5,60.45,61500
BALAMINES,20190620,374,374,367.2,372.55,18992
BALAXI,20190620,105.7,105.7,105.7,105.7,795
BALKRISHNA,20190620,28.1,28.9,27.55,27.65,4248
BALKRISIND,20190620,742.6,754.6,733.45,752.3,317137
BALLARPUR,20190620,2.05,2.1,1.8,1.95,978072
BALMLAWRIE,20190620,181.5,182.65,180,180.65,41894
BALPHARMA,20190620,54.75,56.5,54,55.6,12962
BALRAMCHIN,20190620,139.1,142.3,125.65,141.2,2271202
BANARBEADS,20190620,40.3,43.5,40.25,40.95,1969
BANARISUG,20190620,1405.15,1420.05,1405,1405.25,72
BANCOINDIA,20190620,123,125.95,118.95,124.15,19011
BANDHANBNK,20190620,548.5,548.5,534,535.85,325116
BANG,20190620,44.05,44.7,42.4,43.3,3515
BANKBARODA,20190620,116.2,119,115.25,118.5,17575444
BANKBEES,20190620,3113,3158.3,3072.81,3132.44,34777
BANKINDIA,20190620,83,86,82.2,85.65,5651858
BANSWRAS,20190620,67.5,68.95,65.05,68.7,3740
BARTRONICS,20190620,4,4.15,3.15,3.5,110224
BASF,20190620,1321.15,1340,1301,1313.55,18256
BASML,20190620,152.1,159,152.1,155.1,39
BATAINDIA,20190620,1403,1407.65,1379.2,1402.8,472476
BAYERCROP,20190620,3299.2,3549,3263,3412.15,6394
BBL,20190620,1053.35,1090,1044.05,1080.4,3315
BBTC,20190620,988.95,993.45,965,987.4,75934
BCG,20190620,5.15,5.2,5,5,338927
BDL,20190620,311.85,314.45,306.6,310.3,38308
BEARDSELL,20190620,13.2,14.65,12.8,14.4,2297
BEDMUTHA,20190620,14.5,15.3,14.25,15.25,5695
BEL,20190620,108,110.95,107.65,110.6,5354651
BEML,20190620,773,829.95,757.4,811.5,3743510
BEPL,20190620,60.3,61.3,56.5,59.35,479830
BERGEPAINT,20190620,310.9,324.7,310.9,319.1,845870
BFINVEST,20190620,250,252.75,241.1,243.55,54295
BFUTILITIE,20190620,170,173,165.5,171.95,205068
BGLOBAL,20190620,2.3,2.3,2.2,2.3,20759
BGRENERGY,20190620,44,46.9,43.1,46.3,74361
BHAGERIA,20190620,253.9,253.9,242.35,249.25,3636
BHAGYANGR,20190620,26,26,24.5,24.65,10506
BHAGYAPROP,20190620,25.2,27.4,22.15,24.65,9589
BHANDARI,20190620,1.7,1.75,1.65,1.7,145582
BHARATFIN,20190620,865,913,851.75,908.95,1718205
BHARATFORG,20190620,434.6,441.5,431,440,1637388
BHARATGEAR,20190620,92.4,93.7,85.7,91.45,16431
BHARATRAS,20190620,3925.05,4054.95,3902,3938.65,853
BHARATWIRE,20190620,34.05,34.95,33,34.65,12914
BHARTIARTL,20190620,339.25,350,339.2,348.55,3498169
BHEL,20190620,67.75,71.05,67.2,70.8,13970908
BIGBLOC,20190620,29.35,29.35,28,29.2,51
BIL,20190620,280,298,278,290.35,1716
BILENERGY,20190620,2.65,2.65,2.65,2.65,31798
BINDALAGRO,20190620,12.15,12.85,12.15,12.85,24342
BIOCON,20190620,250.95,254,246.6,253.2,3452192
BIOFILCHEM,20190620,6.9,6.9,6.3,6.9,370
BIRLACABLE,20190620,90.25,90.25,85.95,88.1,53657
BIRLACORPN,20190620,588.3,588.65,576.85,582.55,33926
BIRLAMONEY,20190620,44.6,44.6,43,43.7,89527
BKMINDST,20190620,3,3.2,3,3.15,22408
BLBLIMITED,20190620,3.9,4.3,3.9,4.15,7775
BLISSGVS,20190620,153.1,166,150.4,160.45,1669002
BLKASHYAP,20190620,10.5,10.5,9.75,9.75,114965
BLS,20190620,97.6,106.9,97.6,105.75,61530
BLUECOAST,20190620,4.75,4.75,4.35,4.35,1900
BLUEDART,20190620,2689,2716.2,2653.45,2690.65,719
BLUESTARCO,20190620,782.05,799,778.8,791.4,55183
BODALCHEM,20190620,101,101.6,99,99.6,142877
BOMDYEING,20190620,101.25,103.4,97.25,101.55,1508656
BOROSIL,20190620,178,179.75,174,175.75,21723
BOSCHLTD,20190620,16275,16699,16058.9,16591.7,11069
BPCL,20190620,378.1,386.45,377,385.2,4306336
BPL,20190620,20.9,23.05,20.5,22.85,95592
BRFL,20190620,6.65,6.95,6.35,6.85,37344
BRIGADE,20190620,237.1,252,235,243.95,131884
BRITANNIA,20190620,2850,2870.85,2796.55,2834.05,425859
BRNL,20190620,81.95,82.8,77.1,78.35,11370
BROOKS,20190620,40,41.9,38.05,40.1,22057
BSE,20190620,607.7,617,603.1,615.35,69133
BSELINFRA,20190620,1.55,1.6,1.5,1.55,55941
BSL,20190620,25.05,27,24.45,26.5,2717
BSLGOLDETF,20190620,3056.1,3105,3056.1,3090.1,143
BSLNIFTY,20190620,126.41,127.4,126.4,127.4,114
BSOFT,20190620,90,95,89.55,94.8,749897
BURNPUR,20190620,2,2.1,2,2.05,76361
BUTTERFLY,20190620,157.95,160,151.25,158.8,16900
BVCL,20190620,15.1,15.15,15,15,10952
BYKE,20190620,23,24.65,22.5,23.7,136989
CADILAHC,20190620,237.9,243.65,234,242.55,1534833
CALSOFT,20190620,16.85,16.85,14,15.35,25702
CAMLINFINE,20190620,47.4,48.95,47.05,48.2,85878
CANBK,20190620,259.75,269.5,257.25,268.35,4717504
CANFINHOME,20190620,349.95,356.75,340.5,355.4,867287
CANTABIL,20190620,209.75,218,204.55,207.1,71877
CAPACITE,20190620,267.95,272,263.2,269.35,78559
CAPLIPOINT,20190620,406.6,411.95,399.1,405.25,20865
CAPTRUST,20190620,148.4,148.4,135.6,137.35,1591
CARBORUNIV,20190620,330.5,342.5,330.5,340.1,69602
CAREERP,20190620,66.05,66.05,63.4,65.7,6145
CARERATING,20190620,919.05,930,917.25,919.7,15366
CASTEXTECH,20190620,0.6,0.65,0.6,0.6,173978
CASTROLIND,20190620,139,140,137.1,139.6,626340
CCHHL,20190620,5.9,5.9,5.4,5.5,32261
CCL,20190620,254.4,258.55,250.1,256.9,413814
CDSL,20190620,220,224,217,220.55,120424
CEATLTD,20190620,895,917.6,871.05,912.2,580649
CEBBCO,20190620,16.25,17.4,16.05,17.1,8067
CELEBRITY,20190620,6.25,6.65,6,6.4,9699
CELESTIAL,20190620,3.75,3.9,3.4,3.85,7592
CENTENKA,20190620,217.6,219.95,215,218.4,17588
CENTEXT,20190620,4.05,4.1,3.65,3.8,70193
CENTRALBK,20190620,22,22.15,21,21.65,881509
CENTRUM,20190620,26.75,27.8,25.75,27.55,140334
CENTUM,20190620,506.95,511.25,500.05,508.9,783
CENTURYPLY,20190620,158,166,155.95,159.85,123738
CENTURYTEX,20190620,932,949,918.6,943.8,278364
CERA,20190620,2905.2,2946.7,2900,2927.7,2023
CEREBRAINT,20190620,22.6,24.7,21.65,23.95,321596
CESC,20190620,757,770.1,755.05,761.85,547899
CESCVENT,20190620,419.5,424.8,400,414.1,9623
CGCL,20190620,160,165,156.5,162,550878
CGPOWER,20190620,26.8,30.1,26.5,29.3,9768579
CHALET,20190620,316.55,320,311.5,313.85,304102
CHAMBLFERT,20190620,173.85,177.95,172.05,176.6,166521
CHEMFAB,20190620,168.05,170,168,169.75,1927
CHENNPETRO,20190620,208.1,213,206.75,211.25,215140
CHOLAFIN,20190620,282.9,286.8,272.3,283.1,771593
CHOLAHLDNG,20190620,478,489,472.9,480.05,63548
CHROMATIC,20190620,0.65,0.65,0.6,0.65,51384
CIGNITITEC,20190620,300,328,300,321.05,8136
CIMMCO,20190620,26.35,26.75,24.45,25.85,24860
CINELINE,20190620,38.95,39.1,38.7,38.7,10991
CIPLA,20190620,531.8,552.45,528.65,551.3,1986432
CKFSL,20190620,6.6,6.6,6.6,6.6,13234
CLEDUCATE,20190620,100.2,105,100,100.35,3542
CLNINDIA,20190620,295.15,302.65,295,301.05,8891
CMICABLES,20190620,112.85,113.8,110.05,112.35,12413
CNOVAPETRO,20190620,11.7,12.05,11.55,11.85,733
COALINDIA,20190620,256,261,256,260.35,3042607
COCHINSHIP,20190620,379,382,376.15,379.5,67448
COFFEEDAY,20190620,213.5,221.05,213.5,219.1,477615
COLPAL,20190620,1141.5,1151.4,1127.15,1139.75,287023
COMPINFO,20190620,12.8,13,12.65,12.9,36349
COMPUSOFT,20190620,9,9.3,8.75,9.05,25295
CONCOR,20190620,532,549,528.95,545.6,687394
CONFIPET,20190620,36.4,37.7,35.75,37.15,113010
CONSOFINVT,20190620,33.2,36.85,33,36.85,752
CONTROLPR,20190620,245,249.8,235,237.45,6573
CORALFINAC,20190620,14.55,15,13.3,14.05,16574
CORDSCABLE,20190620,56,58.85,55.5,57.3,1310
COROMANDEL,20190620,405.55,411.85,404.75,405.75,66178
CORPBANK,20190620,22.1,23.1,22.05,22.65,148547
COSMOFILMS,20190620,221.5,227.15,217,220.4,10867
COUNCODOS,20190620,2.85,2.85,2.85,2.85,5727
COX&KINGS,20190620,60.5,62.7,60.45,62.3,253127
CPSEETF,20190620,27.93,28.38,27.92,28.32,1599837
CREATIVEYE,20190620,1.85,1.85,1.85,1.85,200
CREDITACC,20190620,553.3,561,541,552.55,46232
CREST,20190620,109.6,112.8,106.4,108.05,3437
CRISIL,20190620,1437,1437,1405,1413.8,9335
CRMFGETF,20190620,3090,3110,3090,3110,5
CROMPTON,20190620,229.45,236.5,228.35,235.35,198871
CTE,20190620,30.65,33.4,30.55,31.85,9779
CUB,20190620,211,214,205.85,211.95,581273
CUBEXTUB,20190620,10.8,11,10.5,10.75,2000
CUMMINSIND,20190620,737.2,748.6,733.55,746.55,417376
CUPID,20190620,115.1,118,112,114.6,14474
CYBERTECH,20190620,39,40.95,37.2,40.75,8793
CYIENT,20190620,548,563.05,545,560.4,207272
DAAWAT,20190620,21.8,23.25,19.25,22.05,2343740
DABUR,20190620,380,389.8,376.85,387.8,1635129
DALBHARAT,20190620,1080.2,1098.95,1035.45,1069.15,102865
DALMIASUG,20190620,101.95,106.5,98.65,105.6,159919
DAMODARIND,20190620,32.1,35.3,32.1,34.4,1019
DATAMATICS,20190620,96.05,96.05,91,93.1,60685
DBCORP,20190620,186.5,195.6,186.5,193,13535
DBL,20190620,397.5,413.9,375,400.5,363235
DBREALTY,20190620,13,13.8,12.8,13.5,238524
DCAL,20190620,220,223.75,217,221.35,57031
DCBBANK,20190620,223,230,222,228.6,968885
DCM,20190620,30.5,32.5,30.05,31.45,6703
DCMSHRIRAM,20190620,495,504.9,487,500.55,130682
DCW,20190620,15.5,15.7,14.8,15.45,205347
DECCANCE,20190620,390.05,396,381.1,390,3373
DEEPAKFERT,20190620,123.1,126.8,120,125,121747
DEEPAKNTR,20190620,275.05,280.05,271.4,278.65,174136
DEEPIND,20190620,141.8,150.1,141.8,147.3,32545
DELTACORP,20190620,180,181,175.1,177.1,801502
DELTAMAGNT,20190620,47.95,47.95,44.35,44.35,1036
DEN,20190620,50.5,52.05,50,50.15,36847
DENORA,20190620,230,241.75,228.05,234.4,4016
DFMFOODS,20190620,236.95,242,235,239.9,8817
DGCONTENT,20190620,14.2,15,14.2,14.2,21337
DHAMPURSUG,20190620,191.8,192.65,178.3,186.8,604023
DHANBANK,20190620,16.2,16.3,15.95,16.1,240470
DHANUKA,20190620,387.45,399,383,392.6,13602
DHARSUGAR,20190620,10.25,10.25,8.5,9.05,8178
DHFL,20190620,61.5,70.3,59.75,69.25,41873993
DHUNINV,20190620,236.65,241.55,230,233.85,1216
DIAMONDYD,20190620,860,882.95,860,871.5,1639
DICIND,20190620,326.55,326.9,320.35,322.4,271
DIGJAMLTD,20190620,2.4,2.5,2.4,2.4,25333
DISHTV,20190620,27.3,28.8,26.7,28.45,17459273
DIVISLAB,20190620,1548.3,1615,1539.1,1603,758268
DIXON,20190620,2140.85,2195,2055.55,2152.25,10189
DLF,20190620,176.4,183.25,173.35,181.35,9873647
DLINKINDIA,20190620,78.2,83.5,78.2,82.2,19292
DMART,20190620,1329.95,1344.95,1316.1,1336.15,348397
DNAMEDIA,20190620,0.55,0.6,0.5,0.5,162726
DOLLAR,20190620,234.6,243.9,226.15,241.15,7608
DOLPHINOFF,20190620,29.4,30.45,26.4,29.75,50472
DONEAR,20190620,32.65,32.95,30.1,32.7,24739
DPSCLTD,20190620,9.45,10.7,8.8,9.35,72054
DQE,20190620,3.5,3.7,3.5,3.6,21257
DREDGECORP,20190620,394,399,384.55,396.5,107047
DRREDDY,20190620,2550,2577.25,2518,2564.8,568148
DSSL,20190620,30.45,30.45,28.1,28.95,3237
DTIL,20190620,195,201.7,194.35,196.05,1420
DUCON,20190620,8.9,8.9,8.25,8.25,779335
DVL,20190620,85.1,87.95,85,86.35,4922
DWARKESH,20190620,24.8,25.5,24.25,25.15,264430
DYNAMATECH,20190620,1394.8,1394.8,1370,1373.75,315
DYNPRO,20190620,112,117,110.1,115,22114
EASTSILK,20190620,1.4,1.4,1.4,1.4,2253
EASUNREYRL,20190620,3.85,4.1,3.85,4.1,3333
ECLERX,20190620,865,865,840,842.6,4695
EDELWEISS,20190620,170.35,179.45,166.1,178.8,1773071
EICHERMOT,20190620,19899,19899,19620,19793.15,71615
EIDPARRY,20190620,165.1,167,162.35,166.2,68447
EIHAHOTELS,20190620,349.95,358,341.1,357.9,1408
EIHOTEL,20190620,166.3,169.6,166.3,168.65,227227
EIMCOELECO,20190620,362.05,383.3,352.25,373.85,986
EKC,20190620,23.4,24.4,23,23.95,40004
ELAND,20190620,5.8,6.1,5.8,6.1,20825
ELECON,20190620,45.55,46.9,44,46.6,27782
ELECTCAST,20190620,16.05,17,16.05,16.3,82151
ELECTHERM,20190620,237.8,246.5,225.05,245.9,98031
ELGIEQUIP,20190620,261.2,265.95,258.6,262.1,5796
ELGIRUBCO,20190620,17.8,19.2,17.55,18.9,6398
EMAMILTD,20190620,312,313.8,304.5,308,538271
EMAMIPAP,20190620,93,110,93,104,2576
EMAMIREAL,20190620,45.1,53.7,45.1,51.95,125212
EMCO,20190620,1.6,1.65,1.55,1.65,19012
EMKAY,20190620,71,71.1,67.1,70.45,7843
EMMBI,20190620,143.45,145.5,140,144.3,8565
ENDURANCE,20190620,1192.4,1192.4,1158.25,1168.95,43943
ENERGYDEV,20190620,5.95,6.2,5.85,6,43312
ENGINERSIN,20190620,112.85,116.8,112,116.2,622681
ENIL,20190620,416.1,447.65,416.1,432.05,3352
EON,20190620,28.95,28.95,24.25,25,139438
EQ30,20190620,333,333,333,333,178
EQUITAS,20190620,131.3,135,127.65,133.45,2963573
ERIS,20190620,490,504,485.85,499.8,25184
EROSMEDIA,20190620,24.55,24.55,24.55,24.55,24003
ESABINDIA,20190620,1062.5,1085.2,1057.9,1071.45,2695
ESCORTS,20190620,522,554.45,519.5,551.35,2137391
ESSARSHPNG,20190620,8.1,8.45,7.85,7.9,8890
ESSELPACK,20190620,129.2,130,129.1,129.45,49852
ESTER,20190620,28.35,30.9,28.35,30.7,28052
EUROCERA,20190620,1.55,1.6,1.55,1.6,27466
EUROMULTI,20190620,0.4,0.4,0.4,0.4,400
EUROTEXIND,20190620,13.55,13.55,13,13.45,920
EVEREADY,20190620,70.15,70.9,70.15,70.15,34389
EVERESTIND,20190620,412,419,406.2,417.05,13679
EXCEL,20190620,1.25,1.25,1.2,1.25,78332
EXCELCROP,20190620,3020.65,3020.65,2971,2995.5,1497
EXCELINDUS,20190620,951.25,965,945,953.1,7131
EXIDEIND,20190620,196.6,205.95,196.05,204.95,2056563
EXPLEOSOL,20190620,402.1,406.95,398,402.5,1647
FACT,20190620,35.45,36.35,34.1,35.75,64514
FAIRCHEM,20190620,521.05,521.05,513.95,518.3,13511
FCL,20190620,35.2,36.65,34.05,36.25,129432
FCONSUMER,20190620,37.85,39,37.1,38.7,1312764
FCSSOFT,20190620,0.15,0.2,0.15,0.2,359714
FDC,20190620,172.3,174.9,170.3,173.85,16206
FEDERALBNK,20190620,104.4,104.55,100.85,104.05,13827126
FEL,20190620,34.5,35.3,33.6,35.1,178280
FELDVR,20190620,31.5,33.9,31.5,33.05,8610
FIEMIND,20190620,435,435,425.35,433.9,5729
FILATEX,20190620,36.8,39.8,36.7,39.35,165183
FINCABLES,20190620,451,451,444.5,445.4,16863
FINEORG,20190620,1414.1,1420,1377.05,1402.25,6147
FINPIPE,20190620,500,513,500,512.65,78448
FLEXITUFF,20190620,33.95,33.95,30.05,31.05,4772
FLFL,20190620,433.6,455,433,450.75,10953
FMGOETZE,20190620,539.5,543.45,520.15,528.2,13725
FMNL,20190620,32,33.7,31.55,33.65,1504
FORTIS,20190620,133,133.45,130.7,131.15,326509
FOSECOIND,20190620,1279.35,1280,1247.1,1273,567
FRETAIL,20190620,460.7,476.4,458.6,471.4,254624
FSC,20190620,580.05,595.35,580.05,589.05,605
FSL,20190620,47.8,50.3,47.15,50.15,1478707
GABRIEL,20190620,112.5,112.5,108.1,110.95,43196
GAEL,20190620,174,177,173.1,173.9,24715
GAIL,20190620,307.5,311.9,305.5,311.15,2814290
GAL,20190620,3.85,4.1,3.65,3.95,6447
GALAXYSURF,20190620,1206,1225.65,1190.85,1218.3,5766
GALLANTT,20190620,39.95,40.4,38.4,39,13525
GALLISPAT,20190620,38.95,39,35.05,37.35,3408
GAMMNINFRA,20190620,0.45,0.45,0.4,0.4,1922783
GANDHITUBE,20190620,395,400.9,392,395.4,1867
GANECOS,20190620,284.45,296.65,283,292.3,3579
GANESHHOUC,20190620,46.6,47,43.05,46.6,38241
GANGESSECU,20190620,45.05,48,45.05,46.45,22998
GARDENSILK,20190620,13.7,14.45,13,13.5,24470
GARFIBRES,20190620,1210.05,1218.75,1201.1,1209.3,4264
GATI,20190620,56.9,60.4,52.7,59.75,1422787
GAYAHWS,20190620,0.7,0.7,0.65,0.7,76715
GAYAPROJ,20190620,155,163.15,155,159.15,15972
GDL,20190620,130,138.8,124.35,133.1,200417
GEECEE,20190620,106,107.9,104.1,106.4,3481
GENESYS,20190620,92.1,94.9,84.3,93.1,12782
GENUSPAPER,20190620,6.15,6.15,5.85,6.1,39258
GENUSPOWER,20190620,23.4,23.7,22.3,23.4,96092
GEOJITFSL,20190620,32.65,33.6,32.55,33.2,271481
GEPIL,20190620,836.75,848,814.5,824.5,11807
GESHIP,20190620,266.2,269.5,264.95,266.65,64868
GET&D,20190620,229.15,234.85,229,230.1,18829
GHCL,20190620,232.3,242,231.1,240.3,58813
GICHSGFIN,20190620,241.25,247.9,241.25,245.05,41922
GICRE,20190620,208,210,206,207.1,69736
GILLANDERS,20190620,45.4,45.4,41.1,41.65,2268
GILLETTE,20190620,7275,7348,7212.35,7336.8,3746
GINNIFILA,20190620,9.5,10.1,8.95,9.95,77431
GIPCL,20190620,70.25,73.25,70.25,72.55,77944
GKWLIMITED,20190620,635.05,635.05,612,612.65,105
GLAXO,20190620,1251.7,1251.7,1234.95,1249.7,13641
GLENMARK,20190620,508.05,519.9,506.3,517.25,414945
GLOBALVECT,20190620,64.8,64.8,59.9,60.85,2681
GLOBOFFS,20190620,8.7,9.25,8.35,8.95,7542
GLOBUSSPR,20190620,125,135,122.2,131.5,80569
GMBREW,20190620,492,508.8,485,502.6,18515
GMDCLTD,20190620,72.25,73.55,71.35,73.1,76661
GMMPFAUDLR,20190620,1356.05,1357,1311.15,1344.15,23274
GMRINFRA,20190620,14.6,15.4,14.55,15.3,20546891
GNA,20190620,265.7,275,260.5,266.8,25005
GNFC,20190620,235.2,245.5,232.65,243.35,310341
GOACARBON,20190620,339.9,349,321.4,343.5,115687
GOCLCORP,20190620,253,273.4,253,261.5,3548
GODFRYPHLP,20190620,852,886,842.55,881.9,161756
GODREJAGRO,20190620,494.45,508,492,504.8,25266
GODREJCP,20190620,660.4,677.8,657.95,667.65,931882
GODREJIND,20190620,445,460.2,445,456.95,252663
GODREJPROP,20190620,930.1,994.9,925.1,984.05,586137
GOKEX,20190620,89.4,91.25,87,90,80003
GOKUL,20190620,15.2,16.2,14.75,15.95,106010
GOKULAGRO,20190620,17.5,17.5,16.6,16.6,11578
GOLDBEES,20190620,2950.3,2979.5,2935.25,2975.9,23961
GOLDENTOBC,20190620,33.5,33.5,30.15,32.85,1836
GOLDIAM,20190620,114.75,118.35,111.5,114.8,104561
GOLDSHARE,20190620,2955.1,3000,2955.1,2991.55,2565
GOLDTECH,20190620,10.25,10.25,8.35,9.9,15014
GOODLUCK,20190620,63.6,65.8,63.6,64.1,5368
GPIL,20190620,207,210.95,206,209.5,51849
GPPL,20190620,83.05,83.75,81.9,83,36956
GPTINFRA,20190620,46.5,48,46.5,47.05,256
GRANULES,20190620,93.4,95,91.4,93.9,583267
GRAPHITE,20190620,363.25,373.3,359.25,363.4,1966414
GRASIM,20190620,876.15,905.6,870,900.8,1415049
GRAVITA,20190620,58,65,55.5,60.55,67899
GREAVESCOT,20190620,144.1,144.15,140,141.5,232825
GREENLAM,20190620,758,781.3,733.6,750.95,7530
GREENPLY,20190620,163.1,164.9,158,164.15,40512
GREENPOWER,20190620,4.5,4.65,4.3,4.6,81923
GRINDWELL,20190620,574,587,557,569.75,14926
GROBTEA,20190620,353,354.95,329.05,338.8,56
GRPLTD,20190620,964,1014,964,1014,194
GRSE,20190620,116.65,118.75,114.25,118.25,75737
GRUH,20190620,283,285.4,277.75,282.2,1108028
GSCLCEMENT,20190620,18.95,18.95,18.25,18.7,19509
GSFC,20190620,93,96.5,91.1,95.9,698376
GSKCONS,20190620,7650,7731.25,7585.65,7714.45,8551
GSPL,20190620,180,186.4,179.4,185.05,120124
GSS,20190620,105,105.45,98.35,99.65,183017
GTL,20190620,2.6,2.65,2.55,2.55,90112
GTLINFRA,20190620,0.8,0.8,0.75,0.75,929036
GTNIND,20190620,8,8.35,7.7,8.05,3593
GTNTEX,20190620,8.85,8.85,8.85,8.85,3938
GTPL,20190620,59.85,60.9,57.95,59.95,4890
GUFICBIO,20190620,72.75,73.4,70.1,71.15,57208
GUJALKALI,20190620,501.1,507.45,490.85,505.65,25662
GUJAPOLLO,20190620,119.75,129.75,117.65,126,1311
GUJFLUORO,20190620,1002.8,1015,983.3,1002.1,22229
GUJGASLTD,20190620,175.5,179.75,169.8,179.2,332961
GULFOILLUB,20190620,885,895.95,858.25,863.9,11027
GULFPETRO,20190620,47.6,53.4,47.6,51.95,34087
GULPOLY,20190620,44.4,45.25,43.15,45.15,20525
GVKPIL,20190620,5.5,6.2,5.35,6.05,2608383
HAL,20190620,671,694.85,671,689.5,4526
HARITASEAT,20190620,420.45,429.35,408.05,425.4,3612
HARRMALAYA,20190620,67.2,70.2,67,69.85,18871
HATHWAY,20190620,23.05,23.3,22.3,22.4,90748
HATSUN,20190620,688.95,724.7,682.1,718.8,7864
HAVELLS,20190620,780.2,788,776,785.75,776309
HAVISHA,20190620,0.8,0.8,0.8,0.8,500
HBLPOWER,20190620,22.1,23.15,21.75,23,114736
HBSL,20190620,7.2,7.85,7.2,7.85,478
HCC,20190620,11.75,12.25,11.5,12.1,1230907
HCG,20190620,165,168.9,156.65,166.45,3449
HCL-INSYS,20190620,13.1,13.2,11.6,13.05,742080
HCLTECH,20190620,1070,1091,1065.65,1087.35,947544
HDFC,20190620,2174.1,2207.7,2165.65,2199.25,2933451
HDFCAMC,20190620,1805,1830,1801,1821.2,107254
HDFCBANK,20190620,2428.35,2437,2414.6,2426.35,2792873
HDFCLIFE,20190620,436.05,442,429.45,440.45,881140
HDFCMFGETF,20190620,3015.5,3070.05,3015.5,3060.5,2411
HDFCNIFETF,20190620,1215.83,1248.8,1215.83,1233.01,2559
HDFCSENETF,20190620,4120.73,4250.01,4072.98,4090.01,44
HDIL,20190620,14.25,14.85,13.05,14.5,4284320
HEG,20190620,1318.65,1319,1218,1259.45,470018
HEIDELBERG,20190620,184.1,188.2,182.2,184.95,240881
HERCULES,20190620,99.25,101,95.4,99.8,8111
HERITGFOOD,20190620,403.05,418.95,400.8,415.45,17619
HEROMOTOCO,20190620,2610,2669.7,2600,2665.7,692167
HESTERBIO,20190620,1721.75,1745,1701,1718.3,8017
HEXATRADEX,20190620,12.1,13.15,12.1,12.95,11953
HEXAWARE,20190620,362.5,381.85,356.5,379.75,1391438
HFCL,20190620,20.05,20.6,20.05,20.25,1090868
HGINFRA,20190620,271.05,272,264,270.85,11120
HGS,20190620,623,634.9,623,628.45,9083
HIGHGROUND,20190620,2.8,2.95,2.8,2.95,36926
HIKAL,20190620,164,170,162,168.7,80785
HIL,20190620,1552.45,1552.45,1535.1,1544.05,3153
HILTON,20190620,13.75,14.35,13.1,13.1,2275
HIMATSEIDE,20190620,165.2,165.6,158.5,161.85,117854
HINDALCO,20190620,190.2,194.8,188.1,194.3,6469404
HINDCOMPOS,20190620,191.05,194.2,189.2,191.85,2627
HINDCOPPER,20190620,38.25,39.4,37.75,39,611334
HINDMOTORS,20190620,6.45,6.45,6.15,6.25,55513
HINDNATGLS,20190620,30.05,30.05,30.05,30.05,1982
HINDOILEXP,20190620,114.2,117.25,110,115.85,166902
HINDPETRO,20190620,297,299.6,289.25,292.65,5396503
HINDUJAVEN,20190620,342.05,356.9,342.05,348.55,4892
HINDUNILVR,20190620,1799,1809.45,1791.5,1805.05,603514
HINDZINC,20190620,231,234.4,228.45,233.85,963687
HIRECT,20190620,123,126.95,123,126,1680
HISARMETAL,20190620,57.4,57.4,50.4,52.9,1551
HITECH,20190620,291,293,284.95,292,4689
HITECHCORP,20190620,81.1,83,78,82.05,1655
HITECHGEAR,20190620,248.6,248.6,236.05,240.55,2650
HMVL,20190620,97,99.95,96,98.7,5382
HNGSNGBEES,20190620,2990,2990,2875,2983.95,114
HONAUT,20190620,24784.55,24980.1,24599.2,24832.7,659
HONDAPOWER,20190620,875,915,865,894.55,6249
HOTELEELA,20190620,7.4,7.7,7,7.5,235517
HOTELRUGBY,20190620,1,1,1,1,154
HOVS,20190620,73.2,83.7,71.25,81.75,118280
HPL,20190620,57.1,61.5,55.6,60.5,27177
HSCL,20190620,105.7,107,104,106.7,334384
HSIL,20190620,239.55,244,230,242.4,81639
HTMEDIA,20190620,27,27.2,26.4,26.75,44971
HUBTOWN,20190620,22.4,22.4,19.35,20.65,168675
HUDCO,20190620,38.65,40.95,38,40.65,1062320
IBMFNIFTY,20190620,114.5,118,114.5,116.76,1362
IBREALEST,20190620,110.45,114.8,107.35,112.8,7008688
IBULHSGFIN,20190620,565.35,607,554.8,599.75,30808353
IBULISL,20190620,181.15,187.8,181.15,181.15,413530
IBVENTURES,20190620,253,270,245,265.3,1578448
ICICI500,20190620,152.87,156.77,152.3,154.54,33877
ICICIB22,20190620,38.07,38.66,38,38.6,316607
ICICIBANK,20190620,419.75,434.65,419,433.4,24315929
ICICIGI,20190620,1151,1165,1122,1163,293053
ICICIGOLD,20190620,31.95,31.95,30,30.6,34210
ICICILIQ,20190620,1000,1000,999.99,1000,11008
ICICILOVOL,20190620,89,90.42,89,90.42,409
ICICIMCAP,20190620,64.6,65.85,64.6,65.61,1630
ICICINF100,20190620,125.59,126.05,125,125.45,449
ICICINIFTY,20190620,123,124,121.78,123.72,408885
ICICINV20,20190620,58,58,56.44,57.43,36804
ICICINXT50,20190620,26.64,27.5,26.5,27.19,16390
ICICIPRULI,20190620,368.9,375.6,366,374.4,1584041
ICICISENSX,20190620,420,423,413,415,930
ICIL,20190620,33,33.75,31,32.8,193491
ICRA,20190620,2993.95,3080,2952.1,3031.5,873
ICSA,20190620,0.35,0.4,0.35,0.4,2982
IDBI,20190620,33.75,34.45,33.55,34.3,3688825
IDBIGOLD,20190620,3099,3140,3082.3,3118.15,832
IDEA,20190620,11.3,11.95,11.25,11.9,33264078
IDFC,20190620,34.4,35.9,34,35.6,3457000
IDFCFIRSTB,20190620,40.5,42.3,40.05,42.1,10814263
IEX,20190620,141,144.85,141,143.35,10113
IFBAGRO,20190620,358,373,358,367.55,2363
IFBIND,20190620,762.05,782.3,762.05,775.45,8487
IFCI,20190620,7.3,8.3,7.1,8.2,10580630
IFGLEXPOR,20190620,200.8,200.8,185.1,189.95,3646
IGARASHI,20190620,180,193.9,171.6,183.3,178212
IGL,20190620,336.3,339,332.75,337.85,1172699
IGPL,20190620,252.5,281.9,251.05,275.7,49598
IIFL,20190620,147.5,155.45,141.65,150.05,88744
IITL,20190620,80,80,68.1,72,2364
IMFA,20190620,180,187,177,184.9,15956
IMPAL,20190620,840,858,835.05,856.5,738
IMPEXFERRO,20190620,0.45,0.45,0.45,0.45,8606
INDBANK,20190620,8.25,8.25,7.75,8,15471
INDHOTEL,20190620,146.35,150.55,146.35,149.9,1080230
INDIACEM,20190620,91.7,94.95,90.7,94.55,8555560
INDIAGLYCO,20190620,225,234.2,222.95,232.15,29115
INDIANB,20190620,254.25,265.8,251.65,264.15,1646552
INDIANCARD,20190620,91.7,96.75,91.7,92,136
INDIANHUME,20190620,272.5,275.05,270,274.5,27610
INDIGO,20190620,1622,1623.95,1564,1582.25,1758882
INDLMETER,20190620,26.75,28.45,26.6,28.3,1823
INDNIPPON,20190620,406.6,409.4,399,406.05,7481
INDOCO,20190620,143.95,147,134.4,145.55,29633
INDORAMA,20190620,26.1,26.6,25.9,26.25,10503
INDOSOLAR,20190620,1.2,1.3,1.2,1.25,191964
INDOSTAR,20190620,361.05,370,350.25,365.75,52376
INDOTECH,20190620,95.25,95.25,92,92.35,4603
INDOTHAI,20190620,26.25,27.55,24.65,25.8,3707
INDOWIND,20190620,3.8,4.05,3.65,3.9,21074
INDRAMEDCO,20190620,37.2,38.25,37.2,37.95,11050
INDSWFTLAB,20190620,32,33.1,30.5,32.3,43850
INDSWFTLTD,20190620,4.1,4.1,4,4,929
INDTERRAIN,20190620,102.05,109.85,102.05,107.8,1774
INDUSINDBK,20190620,1380,1441.1,1348,1435.6,7571159
INEOSSTYRO,20190620,470,470,449.95,462.7,1444
INFIBEAM,20190620,43.05,46.25,43.05,45.95,8618450
INFRABEES,20190620,337,346,332,341.83,258
INFRATEL,20190620,269.15,280.25,269.15,279.05,1333171
INFY,20190620,737.8,756.9,735.9,754.9,7148684
INGERRAND,20190620,594,614.45,594,605.35,3834
INOXLEISUR,20190620,326,329.75,317.25,324.6,134046
INOXWIND,20190620,66,70,62,68.45,127133
INSECTICID,20190620,650,650,630,635.9,5599
INSPIRISYS,20190620,41.5,46.75,41.5,45.25,510
INTELLECT,20190620,266,267.2,263,265.1,176975
INTENTECH,20190620,29.5,31.8,29.1,30,5694
INVENTURE,20190620,13,13.45,13,13.35,1367
IOB,20190620,11.4,11.45,11.2,11.3,475234
IOC,20190620,154.4,157.25,154.4,156.75,4719691
IOLCP,20190620,188,190.8,183.7,189.6,265939
IPAPPM,20190620,423.15,425.35,423.15,424.35,39621
IPCALAB,20190620,902,919,892.45,914.95,65068
IRB,20190620,90.1,98.3,83.8,97,21715702
IRCON,20190620,380.9,392.7,380.9,385.7,13998
ISEC,20190620,214,220,212.9,218.2,58482
ISFT,20190620,117,124.75,117,118.25,3445
ISMTLTD,20190620,5.75,6.1,5.75,6,77215
ITC,20190620,277,277.95,275.35,277,10566110
ITDC,20190620,259,259.2,250.05,254.15,12235
ITDCEM,20190620,103.15,105,102.5,103.6,64808
ITI,20190620,84.9,86.3,83,85.35,400957
IVC,20190620,3.8,4.05,3.75,3.9,298006
IVP,20190620,83,83,81.05,81.1,101
IVRCLINFRA,20190620,0.7,0.7,0.65,0.7,873202
IVZINGOLD,20190620,3055,3055,3045,3045,27
IVZINNIFTY,20190620,1252.2,1254.45,1235.7,1254.45,98
IZMO,20190620,48.35,48.35,43.85,45.1,18709
J&KBANK,20190620,34.5,38,33.35,38,1996179
JAGRAN,20190620,105.1,106.85,103,105.15,35345
JAGSNPHARM,20190620,25.5,25.95,25,25.5,13035
JAIBALAJI,20190620,24.1,25.75,24,25.55,9016
JAICORPLTD,20190620,100.3,102.75,96.1,102,1049173
JAIHINDPRO,20190620,0.7,0.7,0.7,0.7,1600
JAMNAAUTO,20190620,53.55,55.15,52.35,54.15,319470
JAYAGROGN,20190620,175,184.5,175,179.3,9214
JAYBARMARU,20190620,200.7,201.85,195.2,200.1,26342
JAYNECOIND,20190620,3.95,4,3.8,4,64718
JAYSREETEA,20190620,53.1,53.9,50.6,53.4,82158
JBCHEPHARM,20190620,380.55,380.8,370.1,372.2,15453
JBFIND,20190620,12.15,13.15,12,12.9,67905
JBMA,20190620,224.95,233.9,219.1,227.9,11477
JCHAC,20190620,1693.95,1694,1635.1,1667.9,1753
JETAIRWAYS,20190620,29.95,82.75,26.55,62.85,96939750
JHS,20190620,23.6,23.6,21.8,22.3,57326
JIKIND,20190620,0.5,0.5,0.45,0.45,9521
JINDALPHOT,20190620,17.5,17.75,15.5,16.05,1497
JINDALPOLY,20190620,219,224.8,213.95,223.05,11813
JINDALSAW,20190620,78.1,80.65,76.95,80.2,322480
JINDALSTEL,20190620,146.2,149.5,141.9,148.8,17629331
JINDCOT,20190620,2.2,2.2,2,2,4739
JINDRILL,20190620,89.15,95.45,87.7,94.45,17640
JINDWORLD,20190620,71.5,73.35,70,70.9,183967
JISLDVREQS,20190620,17.55,18.9,17.55,18.05,1175871
JISLJALEQS,20190620,18.35,24.7,16.3,23.95,178755789
JITFINFRA,20190620,9.5,10.05,9.45,9.45,1841
JKCEMENT,20190620,986.1,1019.45,986.1,1007.05,33208
JKIL,20190620,142.1,152.35,139.45,150.5,131483
JKLAKSHMI,20190620,330,341,325,338.75,80117
JKPAPER,20190620,122.5,123.7,120.45,122.6,418299
JKTYRE,20190620,73.1,75.8,72.3,75.3,640928
JMA,20190620,28.8,29.7,28.5,29.55,4774
JMCPROJECT,20190620,126,130,125.45,129.4,42020
JMFINANCIL,20190620,82,84.5,79.5,82.85,404368
JMTAUTOLTD,20190620,1.7,1.75,1.65,1.65,184369
JOCIL,20190620,83.25,88,83.25,85,2416
JPASSOCIAT,20190620,2.45,2.95,2.45,2.95,13781593
JPINFRATEC,20190620,1.55,1.65,1.55,1.6,3937542
JPOLYINVST,20190620,26.75,26.75,25.1,26,23
JPPOWER,20190620,1.85,1.95,1.85,1.95,2456169
JSL,20190620,32.15,33.15,31.5,32.4,496568
JSLHISAR,20190620,73.2,75,72.85,74.95,111451
JSWENERGY,20190620,65.5,67.45,65.2,66.5,557335
JSWHL,20190620,2825.95,2850.05,2795,2805.2,5494
JSWSTEEL,20190620,261,270,258.25,269.25,5160169
JTEKTINDIA,20190620,101.5,102.95,93.1,97.35,199504
JUBILANT,20190620,469.3,484,463.1,479.6,351845
JUBLFOOD,20190620,1259,1285,1245,1281.3,818206
JUBLINDS,20190620,88.95,94.8,80.1,92.5,13511
JUNIORBEES,20190620,273,278.7,272.79,277.93,39842
JUSTDIAL,20190620,727,774,719.65,757.85,2921384
JYOTHYLAB,20190620,159.45,159.9,154.2,155.35,1303031
KABRAEXTRU,20190620,75.25,79.75,75,78.65,8756
KAJARIACER,20190620,577.4,599,576.85,595.5,330006
KAKATCEM,20190620,173.95,178.45,170.3,175.75,9268
KALPATPOWR,20190620,509,516,502.25,511.55,143161
KALYANIFRG,20190620,246,250,246,250,77
KAMATHOTEL,20190620,41.5,42.95,41.3,41.85,42365
KAMDHENU,20190620,159.5,166.9,156,163.45,19779
KANANIIND,20190620,4.7,4.7,4.7,4.7,25
KANORICHEM,20190620,55.8,56.45,54,55.8,33724
KANSAINER,20190620,455,462.5,446.3,459.95,137050
KARDA,20190620,208.55,210.9,204.85,208.15,67656
KARMAENG,20190620,12.85,14.6,12.5,13.1,7600
KARURVYSYA,20190620,71.05,72.75,70.25,72.5,668789
KAUSHALYA,20190620,0.5,0.5,0.45,0.45,1571
KAVVERITEL,20190620,3.95,3.95,3.5,3.5,502
KAYA,20190620,510.75,538,475,522.45,14488
KCP,20190620,87.8,87.8,81.9,86.1,131274
KCPSUGIND,20190620,14,14.15,11.65,13.3,217525
KDDL,20190620,425.95,444.2,409,431.7,1594
KEC,20190620,318,324.5,313.25,320.9,157083
KECL,20190620,12,12.2,10.8,11.25,121952
KEI,20190620,440.05,452,432.2,445.9,98854
KELLTONTEC,20190620,24.05,25.25,22.15,25.1,737275
KERNEX,20190620,27,27.55,26.9,27.1,15612
KESARENT,20190620,47.2,47.2,47.2,47.2,3666
KESORAMIND,20190620,59.65,60.6,58.1,59.75,161686
KGL,20190620,0.9,0.95,0.9,0.95,377667
KHADIM,20190620,294,301,288,294.9,3928
KHAITANELE,20190620,1.75,1.75,1.75,1.75,5243
KHAITANLTD,20190620,23.95,24.45,22.15,22.25,1159
KICL,20190620,1750,1848.95,1720,1787.3,351
KILITCH,20190620,155.1,157.95,152.55,154.05,36136
KINGFA,20190620,615,640,582.25,631.1,3150
KIOCL,20190620,128.7,128.7,116.65,120.85,6898
KIRIINDUS,20190620,512.8,520,510.2,511.35,35155
KIRLOSBROS,20190620,177.4,178.55,176,176.1,6231
KIRLOSENG,20190620,188.1,192.55,187.2,190.7,29998
KIRLOSIND,20190620,768.05,786,765.05,783,150
KITEX,20190620,98.3,105,95.75,100.9,64378
KKCL,20190620,1150.05,1179.75,1150,1176.95,432
KMSUGAR,20190620,7.1,7.4,7,7.3,82765
KNRCON,20190620,286,288,280,284.25,66785
KOHINOOR,20190620,15.1,16.55,15.1,15.95,189738
KOKUYOCMLN,20190620,77.9,83.7,76.55,80.85,30218
KOLTEPATIL,20190620,205.3,210,203,208.75,26184
KOPRAN,20190620,33.55,34.95,33,34.75,54693
KOTAKBANK,20190620,1500.5,1520,1497,1518.35,2567566
KOTAKBKETF,20190620,312,314.4,309.5,313.46,32381
KOTAKGOLD,20190620,293.1,294.9,291.75,294.25,18838
KOTAKNIFTY,20190620,120.87,122.1,119.75,121.88,15103
KOTAKNV20,20190620,58.75,59.01,57.7,58.5,28449
KOTAKPSUBK,20190620,300,304.97,295,302.53,5694
KOTARISUG,20190620,9.25,9.75,9.2,9.55,43808
KOTHARIPET,20190620,17.15,17.2,16.05,16.35,20533
KOTHARIPRO,20190620,71.5,76,70.55,75.7,8212
KPITTECH,20190620,94.05,99.5,93.05,98.2,116647
KPRMILL,20190620,616,620.05,613.9,618.1,3641
KRBL,20190620,312.1,315.65,306,309.8,103044
KREBSBIO,20190620,81,81,75.15,79.95,1279
KRIDHANINF,20190620,12,12,12,12,27870
KSB,20190620,701.2,703,693,697.35,3714
KSCL,20190620,445.5,464.95,445.5,452.3,479139
KSERASERA,20190620,0.1,0.15,0.1,0.15,972928
KSK,20190620,0.75,0.8,0.7,0.75,442708
KSL,20190620,215.75,217,211.85,215.95,20272
KTIL,20190620,36.6,38.35,34.7,36.95,5883
KTKBANK,20190620,101.3,103.75,99.9,103.5,2128384
KWALITY,20190620,2.25,2.65,2.25,2.65,2021645
L&TFH,20190620,107.5,114.1,106.3,113.5,12966388
LAKSHVILAS,20190620,55.45,58.5,53.7,57.8,2101238
LALPATHLAB,20190620,1106,1145.95,1080,1136.95,58176
LAMBODHARA,20190620,38.9,39,36.25,38,8558
LAOPALA,20190620,186.95,189,184.9,188.8,40580
LASA,20190620,14.6,15.7,14.6,15.2,14200
LAURUSLABS,20190620,331,335,322,331.75,28941
LAXMIMACH,20190620,5199.9,5232.1,5130.25,5173.8,1362
LEEL,20190620,7.4,7.7,7.05,7.7,73870
LEMONTREE,20190620,67.5,67.5,65.45,66.3,121693
LFIC,20190620,58,61.8,58,61.8,51
LGBBROSLTD,20190620,354.55,354.9,342,350.3,3125
LIBERTSHOE,20190620,111,112.85,106.1,111.7,89829
LICHSGFIN,20190620,542.55,545.95,534.65,539.85,1390091
LICNETFGSC,20190620,19.66,21.49,19.06,19.55,3633
LICNETFN50,20190620,120.2,122.65,120.2,122.65,85
LICNFNHGP,20190620,122.24,123.5,122.24,123.5,8
LINCOLN,20190620,155.3,164,155.3,162.25,7804
LINCPEN,20190620,194,199,194,199,409
LINDEINDIA,20190620,501.45,508.75,491,504.65,22470
LIQUIDBEES,20190620,1000,1000.01,999.2,999.99,1292371
LIQUIDETF,20190620,999,1000.01,992.85,1000,3781
LOKESHMACH,20190620,42.45,43.65,40.8,43.6,18764
LOTUSEYE,20190620,20,20.7,18.35,19.25,6244
LOVABLE,20190620,68.35,73.4,63,70.35,71940
LPDC,20190620,2.8,2.8,2.6,2.65,7716
LSIL,20190620,0.5,0.6,0.5,0.55,1083893
LT,20190620,1509.25,1563,1507.05,1557.1,3483179
LTI,20190620,1738,1752,1698,1734.2,114041
LTTS,20190620,1730,1730,1697.15,1712.95,50396
LUMAXIND,20190620,1330,1330,1287,1290.4,2579
LUMAXTECH,20190620,110.05,111.9,107.5,109.6,33274
LUPIN,20190620,705,715.5,702.9,713.95,1044962
LUXIND,20190620,1257.7,1278.7,1225,1264.05,67626
LYKALABS,20190620,21.85,22.3,21,21.5,5284
LYPSAGEMS,20190620,4.9,5.35,4.85,5.3,49777
M&M,20190620,614.8,630.95,611.25,627.15,2283701
M&MFIN,20190620,389,404.55,379.65,402.85,2184685
M100,20190620,17.81,18.15,17.81,18.02,42976
M50,20190620,116.9,116.9,113.31,114.07,566
MAANALU,20190620,82.55,83.9,82.5,83.85,3662
MADHAV,20190620,33,34.95,32.55,33.9,1158
MADHUCON,20190620,6.15,6.45,5.85,6.15,56360
MADRASFERT,20190620,21.3,21.85,21.1,21.65,76025
MAGADSUGAR,20190620,155.1,164.25,148.8,164.15,46396
MAGMA,20190620,130.25,131.2,121.8,126.3,1124595
MAGNUM,20190620,6.6,6.8,5.6,6.75,126192
MAHABANK,20190620,14.4,15.15,14.25,14.95,707100
MAHAPEXLTD,20190620,92,92,88.35,90.55,933
MAHASTEEL,20190620,193.3,194,190.5,193.1,70818
MAHESHWARI,20190620,256.2,268.95,256.2,262.25,20205
MAHINDCIE,20190620,225,228.45,221.5,224.75,88274
MAHLIFE,20190620,409.55,413.2,393.15,405.8,51148
MAHLOG,20190620,486.9,494,484.25,487.9,7484
MAHSCOOTER,20190620,4377,4614.95,4376.65,4589.3,5763
MAHSEAMLES,20190620,424.05,434.45,424,431.15,5451
MAITHANALL,20190620,583,595,556,590.05,21223
MAJESCO,20190620,497,507.55,491.4,503.5,18401
MALUPAPER,20190620,21.7,23,21.7,22.9,3190
MAN50ETF,20190620,117,117.75,116.5,117.3,29
MANAKALUCO,20190620,6.2,6.2,5.35,6.1,5398
MANAKCOAT,20190620,4.85,4.9,4.5,4.5,998
MANAKSIA,20190620,36.1,37.4,36.1,37.3,25132
MANAKSTEEL,20190620,16.6,17.45,16.6,17,8184
MANALIPETC,20190620,22.4,22.9,22.2,22.6,79162
MANAPPURAM,20190620,135.75,138.8,133.7,136.7,5309621
MANGALAM,20190620,35.9,35.9,33.25,33.25,20023
MANGCHEFER,20190620,36.25,37.25,34.4,37.05,31486
MANGLMCEM,20190620,237.1,240,233,237.65,15929
MANGTIMBER,20190620,10.25,10.45,9.7,10.2,6720
MANINDS,20190620,51.05,54.75,50.2,53.9,163648
MANINFRA,20190620,29.1,30.8,28.75,30.05,212432
MANPASAND,20190620,26.6,26.6,26.6,26.6,47917
MANUGRAPH,20190620,18.9,19.75,18.15,19.6,9933
MARALOVER,20190620,22.25,23,22.25,22.4,7766
MARATHON,20190620,90.2,94.6,88.75,90.6,12234
MARICO,20190620,362.5,367.8,360.6,367,724208
MARKSANS,20190620,20.55,22.1,19.75,21.85,1699338
MARUTI,20190620,6390,6649,6340.25,6616.75,992450
MASFIN,20190620,600,617,579.05,608.8,8868
MASKINVEST,20190620,53,53,48.5,48.5,657
MASTEK,20190620,465.35,479,461.1,475.55,27860
MATRIMONY,20190620,597.7,597.75,562,589.9,1984
MAWANASUG,20190620,40,42.4,38.15,42.05,122304
MAXINDIA,20190620,65,66.65,63.65,65.15,215969
MAXVIL,20190620,40.6,44.3,40.6,43.95,23951
MAYURUNIQ,20190620,283.8,284.9,277.4,280.65,19544
MAZDA,20190620,397.55,418.9,397.2,409.5,2057
MBECL,20190620,3.65,3.65,3.35,3.55,35103
MBLINFRA,20190620,6.45,6.5,6.4,6.4,54788
MCDHOLDING,20190620,20.4,20.4,19.15,19.9,5505
MCDOWELL-N,20190620,521.1,543.95,518.1,541.6,1041677
MCLEODRUSS,20190620,17.95,17.95,17.95,17.95,145447
MCX,20190620,803,821.3,792.5,819.4,282829
MEGASOFT,20190620,7.3,7.75,7.05,7.35,39781
MEGH,20190620,61.7,63.85,60.6,63.55,534871
MELSTAR,20190620,1.55,1.55,1.55,1.55,9
MENONBE,20190620,70.7,70.7,66.75,70.05,10253
MEP,20190620,30.5,34.9,30.25,33.7,866981
MERCATOR,20190620,1.6,1.6,1.6,1.6,37388
METALFORGE,20190620,5.05,5.3,5.05,5.15,13764
METKORE,20190620,0.35,0.4,0.35,0.4,5703
METROPOLIS,20190620,953.1,990,953.1,986.3,30189
MFSL,20190620,413.7,423.5,413.7,421.4,487939
MGL,20190620,855.2,866.6,847,862.85,175141
MHRIL,20190620,224,227,224,225.25,27993
MIC,20190620,0.7,0.8,0.7,0.8,99156
MIDHANI,20190620,125,126.5,123.85,124.9,42481
MIL,20190620,3.5,3.5,3.5,3.5,126
MINDACORP,20190620,105,109.75,105,107.95,111752
MINDAIND,20190620,312.05,323.1,308,321.2,88554
MINDTECK,20190620,38,41.6,37.15,38.55,14012
MINDTREE,20190620,971,975,970,974.5,390441
MIRCELECTR,20190620,16.05,17.1,15.9,17,120406
MIRZAINT,20190620,60,63,58.75,62.6,703804
MMFL,20190620,498,520,496.1,515.7,3093
MMTC,20190620,23,23.65,22.3,23.3,418836
MODIRUBBER,20190620,42,42,40.05,40.05,4
MOHITIND,20190620,6.65,6.65,5.55,6.3,8733
MOHOTAIND,20190620,36.4,36.95,34.3,35.7,11994
MOIL,20190620,150,152.3,149.1,151.15,90331
MOLDTECH,20190620,54.3,54.95,53.5,53.75,3223
MOLDTKPAC,20190620,240.1,245.7,239.95,240.5,8469
MONSANTO,20190620,2229.95,2260,2168.1,2242.65,1978
MONTECARLO,20190620,300,307.7,297.05,304.25,9561
MORARJEE,20190620,14.5,15.3,12.3,14.65,18749
MOREPENLAB,20190620,17,17.2,16.25,16.9,475470
MOTHERSUMI,20190620,125.25,128.3,123.75,127.85,8853222
MOTILALOFS,20190620,689.8,691.1,671.65,688.65,13104
MOTOGENFIN,20190620,38.2,40,38.2,39.05,2851
MPHASIS,20190620,972.4,980.5,957.55,972.95,49983
MPSLTD,20190620,523.65,551.95,523.65,543.6,6661
MRF,20190620,54599.95,55000,54114.9,54921.7,2777
MRO-TEK,20190620,24.9,25.7,24.75,24.95,4575
MRPL,20190620,59,60.25,58.6,59.85,539242
MSPL,20190620,7.4,7.4,6.3,7,240815
MSTCLTD,20190620,87.25,89.45,85.1,86.1,20668
MTEDUCARE,20190620,68,68.45,65.6,66.4,160586
MTNL,20190620,7.7,8.15,7.25,7.9,1782926
MUKANDENGG,20190620,14.55,14.9,13.95,14.45,8616
MUKANDLTD,20190620,47.95,51.7,47.95,50.45,30698
MUKTAARTS,20190620,36.05,37.45,34,37.05,11792
MUNJALAU,20190620,42.65,43.5,41.05,42.9,40047
MUNJALSHOW,20190620,145.8,151,143.75,150.15,9460
MURUDCERA,20190620,17.35,18.6,16.75,18.15,52971
MUTHOOTCAP,20190620,698.3,698.3,672.65,687.3,10087
MUTHOOTFIN,20190620,615.05,626.9,606.45,623.05,519052
MVL,20190620,0.2,0.2,0.15,0.2,88042
N100,20190620,524,531,521.21,530.2,6092
NACLIND,20190620,29.2,30.5,29.15,29.65,14958
NAGAFERT,20190620,4.95,5.4,4.65,5.25,365168
NAGAROIL,20190620,0.3,0.3,0.25,0.25,643799
NAGREEKCAP,20190620,8.5,10.85,8.5,10.75,4980
NAGREEKEXP,20190620,20,20,18.25,19.25,3734
NAHARCAP,20190620,80,82,78.6,80.8,4069
NAHARINDUS,20190620,32.55,33.5,32.15,32.75,5076
NAHARPOLY,20190620,33,34.9,32.25,34.3,5389
NAHARSPING,20190620,73.25,74.5,68,69.55,17157
NATCOPHARM,20190620,513.5,536,501.6,533.1,332676
NATHBIOGEN,20190620,397.95,420,397.95,413.5,4418
NATIONALUM,20190620,47.8,48.8,47.3,48.55,6642210
NATNLSTEEL,20190620,3.45,3.45,3.15,3.4,31316
NAUKRI,20190620,2019,2096,1970,2070.55,199892
NAVINFLUOR,20190620,725.1,733.95,710,718.55,29121
NAVKARCORP,20190620,28.5,29,28.1,28.95,200955
NAVNETEDUL,20190620,105.45,107.85,105,106,25008
NBCC,20190620,56.5,58.8,55.8,58.4,7768271
NBIFIN,20190620,1322,1322,1322,1322,70
NBVENTURES,20190620,95,97.5,94.2,96.35,105149
NCC,20190620,97.05,99.65,96.25,99.15,7703522
NCLIND,20190620,130.55,141,130.55,136.25,18214
NDGL,20190620,646.15,659.6,576.2,646.7,353
NDL,20190620,38,40,38,39.65,17024
NDTV,20190620,34.9,34.95,34.2,34.7,97123
NECCLTD,20190620,6.85,7.15,6.75,6.95,33508
NECLIFE,20190620,15.6,15.8,14.8,15.5,140378
NELCAST,20190620,47,47.2,44.4,45.7,67965
NELCO,20190620,284,287.3,280.6,285.35,37176
NEOGEN,20190620,380.35,385,374,377.3,100132
NESCO,20190620,554.05,560,544.4,547,14564
NESTLEIND,20190620,11613.05,11759,11474.2,11718.05,65396
NETF,20190620,117,117.62,117,117.62,8
NETWORK18,20190620,27.75,28,26.15,27.15,190584
NEULANDLAB,20190620,549.1,549.1,534.95,538.75,4747
NEWGEN,20190620,290,295.3,287.1,293.75,12954
NEXTMEDIA,20190620,12.7,14.45,12.7,13.9,11830
NFL,20190620,33.65,35.05,32.7,34.6,325951
NH,20190620,228.4,230.5,226,228.95,34491
NHPC,20190620,24.6,24.9,24.35,24.8,1701917
NIACL,20190620,152.6,153.3,149.55,151.55,41482
NIBL,20190620,15.35,16.95,14.05,15.75,8109
NIFTYBEES,20190620,1229.7,1246.45,1225,1244.93,140726
NIITLTD,20190620,104.9,106,102.55,103.45,441521
NIITTECH,20190620,1296.2,1314,1293.85,1310.2,178193
NILAINFRA,20190620,6.2,6.6,6.2,6.55,228684
NILASPACES,20190620,1.6,1.7,1.6,1.7,417164
NILKAMAL,20190620,1198,1215,1185,1195.75,5375
NIPPOBATRY,20190620,452.55,462.05,452.55,460,655
NITCO,20190620,30.45,33.3,27.8,32.65,144860
NITESHEST,20190620,2.2,2.3,2.1,2.15,555267
NITINFIRE,20190620,0.6,0.65,0.6,0.65,105420
NITINSPIN,20190620,69.2,71.6,68.2,70.45,20913
NKIND,20190620,32.8,35.4,32.8,33.75,5876
NLCINDIA,20190620,62.65,63.85,62,63.25,198574
NMDC,20190620,106.55,108.9,106.55,108.45,2213063
NOCIL,20190620,116.55,118.9,113.25,118.45,275198
NOIDATOLL,20190620,3.5,3.55,3.3,3.5,44860
NRAIL,20190620,215.15,221,209.45,218.6,7987
NRBBEARING,20190620,156,159.9,153.1,158.2,19758
NSIL,20190620,1020.1,1038.05,1010,1014.1,284
NTL,20190620,0.75,0.75,0.7,0.7,4600
NTPC,20190620,134.6,135.25,133.6,134.55,6963441
NUCLEUS,20190620,347.25,348.5,338.1,345.6,8198
OBEROIRLTY,20190620,536.7,540.6,522,529.3,172716
OCCL,20190620,1159.95,1163.7,1140,1150.9,3654
OFSS,20190620,3200,3255.05,3146.2,3243.9,18895
OIL,20190620,173,181,172.45,177.85,935408
OILCOUNTUB,20190620,5.75,6.3,5.2,6.15,109632
OISL,20190620,7.25,7.25,7.1,7.2,279537
OLECTRA,20190620,189.1,194.4,186,190.7,108408
OMAXAUTO,20190620,49.25,49.95,46.3,48.6,27444
OMAXE,20190620,200.45,201.95,199.55,200.2,335967
OMKARCHEM,20190620,9.1,9.1,8.4,8.4,73340
OMMETALS,20190620,22.4,24.5,22,23.35,46116
ONELIFECAP,20190620,8.25,8.25,7.2,7.8,7552
ONEPOINT,20190620,31.25,32.5,26.15,30.9,21513
ONGC,20190620,166.3,172.75,166.3,172,5793816
ONMOBILE,20190620,31.3,32.2,30.7,31.95,40186
ONWARDTEC,20190620,66.05,67.5,65.75,66,14946
OPTIEMUS,20190620,50.05,51.5,48,49.5,16952
OPTOCIRCUI,20190620,5.05,5.05,4.2,4.8,1344637
ORBTEXP,20190620,118,118.5,114.8,115.8,7010
ORICONENT,20190620,19.25,20.75,18.1,20.25,85861
ORIENTABRA,20190620,17.45,18.55,17,17.8,26150
ORIENTALTL,20190620,11.8,12.3,11.8,12.25,28712
ORIENTBANK,20190620,91.2,94.2,90.35,93.6,3146079
ORIENTBELL,20190620,126.05,129.9,120.55,128.25,8076
ORIENTCEM,20190620,109,111.5,107.2,110.6,95889
ORIENTELEC,20190620,163,165.45,161.95,163.3,24904
ORIENTHOT,20190620,38.2,39.5,37.9,38.85,11816
ORIENTLTD,20190620,165.95,165.95,153.8,154.05,152
ORIENTPPR,20190620,28.5,29.8,28.1,29.65,422649
ORIENTREF,20190620,199.75,210,191.1,208.7,38837
ORISSAMINE,20190620,707.5,712,682,708.05,3443
ORTEL,20190620,2.05,2.05,2.05,2.05,710
ORTINLABSS,20190620,12.95,13.4,12.3,13.3,9598
OSWALAGRO,20190620,6.4,7.1,6.4,6.85,9994
PAGEIND,20190620,20360,20649,20210.15,20607.6,25335
PAISALO,20190620,368,369.9,368,369.55,18079
PALASHSECU,20190620,40.5,42.95,40.5,41.15,5173
PALREDTEC,20190620,28.75,28.85,26.15,28.3,10072
PANACEABIO,20190620,156.05,159.45,151.35,157.7,42461
PANAMAPET,20190620,95.2,99.95,95.2,97.8,29637
PAPERPROD,20190620,250,261,250,254.45,16502
PARABDRUGS,20190620,0.95,1,0.95,0.95,3420
PARACABLES,20190620,11.3,11.45,10.8,10.95,94901
PARAGMILK,20190620,243,245.8,242,243,416634
PARSVNATH,20190620,2.65,3.45,2.4,3.15,322632
PATELENG,20190620,18.1,19.8,17.1,19.5,229966
PATINTLOG,20190620,37.05,39.75,36.5,39.1,23784
PATSPINLTD,20190620,8.1,8.5,8,8.1,2829
PCJEWELLER,20190620,46.1,52.7,44.55,49.05,38411858
PDMJEPAPER,20190620,11.1,13.35,11.1,12.45,41942
PDPL,20190620,4.85,4.85,4,4.35,19636
PDSMFL,20190620,300,309,300,307.05,5217
PEARLPOLY,20190620,12.6,13,12.6,12.6,15163
PEL,20190620,1745,1889,1705.5,1880.4,2472281
PENIND,20190620,34.35,34.7,32.4,33.75,81189
PENINLAND,20190620,5.5,5.95,5.2,5.8,230324
PERSISTENT,20190620,633.95,636,625,628.65,53999
PETRONENGG,20190620,8.9,9.45,8.9,8.9,2451
PETRONET,20190620,235,238.7,232.2,236.8,1261323
PFC,20190620,130.05,131.4,128.3,130.75,3965511
PFIZER,20190620,3150,3216,3140,3199.95,8739
PFOCUS,20190620,56.7,60.85,53.2,60,33266
PFS,20190620,14.9,15.3,14.55,15,325484
PGEL,20190620,45.5,48.1,43.55,46.45,110938
PGHH,20190620,10570.35,10890,10570.35,10787.6,1763
PGHL,20190620,3975,3975,3949.95,3961,7595
PGIL,20190620,156.1,163.95,156.1,160.75,1007
PHILIPCARB,20190620,115,119.3,110.3,118.1,781171
PHOENIXLTD,20190620,650.4,663,645.8,658.65,39338
PIDILITIND,20190620,1245.1,1261.35,1235.05,1251.65,571910
PIIND,20190620,1190,1190,1155.05,1176.15,107663
PILANIINVS,20190620,2290,2290,1964.1,2206.15,3180
PILITA,20190620,9.05,9.4,8.5,9.05,657360
PIONDIST,20190620,118.2,123.25,115.6,122,2774
PIONEEREMB,20190620,20.25,21,20,20.85,5009
PIRPHYTO,20190620,24.85,25,23.55,25,10632
PITTIENG,20190620,44.2,47.3,44.2,46.45,18650
PKTEA,20190620,139.75,139.8,128.35,137.05,1607
PLASTIBLEN,20190620,182.05,186.8,177.1,185.45,5105
PNB,20190620,75.8,77.25,75,76.95,22588627
PNBGILTS,20190620,33.9,34.9,33.65,34.6,183801
PNBHOUSING,20190620,763.8,802,749.15,782.95,328467
PNC,20190620,15.9,16.45,15.6,15.8,3754
PNCINFRA,20190620,194,206,187.4,205.35,361881
PODDARHOUS,20190620,530,560,515.05,556.55,345
PODDARMENT,20190620,165,173.95,161.5,165,1503
POKARNA,20190620,145.35,147.9,127,141.9,120012
POLYCAB,20190620,591,594,581.1,589.9,39822
POLYMED,20190620,176,178.85,173.55,175.15,5610
POLYPLEX,20190620,509.7,511,502.25,510.15,61207
PONNIERODE,20190620,113,118.5,113,113.5,2143
POWERGRID,20190620,200.65,202.75,199.3,200.95,6445947
POWERMECH,20190620,934.05,942,920.55,929.05,11659
PPAP,20190620,241,242.9,233.35,239.25,6002
PPL,20190620,107.7,107.7,99.9,99.9,47612
PRABHAT,20190620,61.4,61.4,58.4,59.25,46153
PRADIP,20190620,0.8,0.8,0.8,0.8,104
PRAENG,20190620,6.8,7.65,6.6,7.25,12898
PRAJIND,20190620,137.95,142.4,135.1,140,1165829
PRAKASH,20190620,64.8,65.9,59.5,65.1,669886
PRAKASHCON,20190620,3.1,3.15,3.05,3.15,55366
PRAKASHSTL,20190620,0.25,0.25,0.25,0.25,5900
PRAXIS,20190620,99.4,99.5,89.95,98.15,9128
PRECAM,20190620,59.05,63,59.05,62.05,215615
PRECOT,20190620,35.9,35.9,32.05,32.65,739
PRECWIRE,20190620,185,185,182,183.7,6936
PREMEXPLN,20190620,188.35,196.75,180.1,188.9,4865
PREMIER,20190620,4.25,4.65,4.25,4.25,547
PREMIERPOL,20190620,24,24,22.4,22.45,775
PRESSMN,20190620,25.1,26.6,25.1,26.05,8705
PRESTIGE,20190620,266.1,275.4,264.5,270.15,859919
PRICOLLTD,20190620,29.9,34,29.25,33,168021
PRIMESECU,20190620,38.4,41,37.1,39.8,51587
PROSEED,20190620,0.4,0.4,0.35,0.35,36843
PROVOGE,20190620,1,1,0.95,1,21084
PROZONINTU,20190620,21.1,22.6,20.65,22.5,21360
PRSMJOHNSN,20190620,90,94.3,89.5,92.8,240916
PSB,20190620,24.65,25.3,24.6,24.95,29325
PSL,20190620,0.8,0.85,0.8,0.8,6129
PSPPROJECT,20190620,511.35,538,511.35,524.1,37049
PSUBNKBEES,20190620,335,339,328.74,337.94,3128
PTC,20190620,65,65.45,64.1,65.2,416752
PTL,20190620,40.05,40.8,40.05,40.6,6979
PUNJABCHEM,20190620,612.15,632.05,612.1,627.4,4348
PUNJLLOYD,20190620,1.25,1.25,1.25,1.25,189720
PURVA,20190620,70.3,72.75,69,72.25,49102
PVR,20190620,1644.95,1645.8,1600.5,1640.6,233606
QGOLDHALF,20190620,1460.05,1479,1460.05,1476.5,462
QNIFTY,20190620,1199,1202,1199,1199.93,8
QUESS,20190620,570.2,612,565.65,599.15,51863
QUICKHEAL,20190620,159.4,164,153.05,162.75,105973
QUINTEGRA,20190620,0.8,0.8,0.8,0.8,18312
RADAAN,20190620,1.6,1.7,1.4,1.5,148348
RADICO,20190620,268.8,274.9,261.95,273.35,431023
RADIOCITY,20190620,56.7,57.95,56.05,57.1,228081
RAIN,20190620,96.25,100.7,94.3,99,809163
RAJESHEXPO,20190620,700.9,735,700.9,723.6,673779
RAJSREESUG,20190620,20.7,21.45,19.35,20.9,15455
RALLIS,20190620,144.65,148.2,140.6,147.6,55825
RAMANEWS,20190620,16.45,18.7,16.2,17.15,14094
RAMASTEEL,20190620,90.65,95,90.5,91.85,81908
RAMCOCEM,20190620,795.6,803.85,782.3,800.65,153616
RAMCOIND,20190620,203.9,211,200.75,208.2,45677
RAMCOSYS,20190620,205.1,214.5,201.9,210.85,19214
RAMGOPOLY,20190620,1.75,1.85,1.75,1.85,1028
RAMKY,20190620,98,98,93.05,95.65,84011
RANASUG,20190620,2.75,2.85,2.7,2.8,95405
RANEENGINE,20190620,450.1,453,450.05,450.35,1172
RANEHOLDIN,20190620,1064.8,1080,1057.5,1077.65,6844
RATNAMANI,20190620,957.25,969.5,957.25,966.8,172334
RAYMOND,20190620,740,769.5,721.65,762.65,975224
RBL,20190620,636.05,646.5,615.6,641.85,6768
RBLBANK,20190620,623,627,605.5,624.4,1868018
RCF,20190620,57.2,58.2,55.7,57.8,672658
RCOM,20190620,1.4,1.5,1.4,1.4,38070658
RECLTD,20190620,155.3,157.05,152.65,156.2,3109998
REDINGTON,20190620,109.1,111.8,106.7,111.15,137637
REFEX,20190620,81.7,81.7,77.9,81.7,291350
RELAXO,20190620,839.95,843.4,824,828.25,22321
RELCAPITAL,20190620,51.65,71.6,49.2,69.15,93934816
RELCNX100,20190620,121.42,121.56,121.42,121.56,47
RELCONS,20190620,52.2,52.2,49.5,51.04,10943
RELDIVOPP,20190620,30.59,30.64,30.38,30.64,257
RELIANCE,20190620,1280,1300,1278,1296.75,4914012
RELIGARE,20190620,23.95,24.45,23.1,24.1,57232
RELINFRA,20190620,41,60.4,40.15,57.55,77705716
RELNV20,20190620,581.19,585.63,578.55,585.16,11600
REMSONSIND,20190620,97.75,100.95,96.25,99.9,6880
RENUKA,20190620,9.15,9.15,8.6,8.8,522282
REPCOHOME,20190620,355,372.9,353.55,370.15,202953
REPRO,20190620,492.05,504.85,485,495.1,3976
RESPONIND,20190620,89,92.15,89,90.15,103979
RETFMID150,20190620,61.42,62.02,61.42,62.02,18308
REVATHI,20190620,390.4,409.4,390.4,395.75,1457
RGL,20190620,268.35,277.95,267,269.3,2410
RHFL,20190620,9.8,11.6,9.7,11.45,4639628
RICOAUTO,20190620,60.6,64.2,60.3,63.4,170444
RIIL,20190620,286.5,297,275.35,293.35,161074
RITES,20190620,279.45,282.75,277.35,280.2,290687
RKDL,20190620,7,7,6.75,7,12984
RKFORGE,20190620,418.65,426,407,421.6,4829
RMCL,20190620,6.8,7.2,6.8,6.8,515108
RML,20190620,307.15,309.95,298,302.1,12068
RNAM,20190620,219.1,220.2,219.1,219.65,509110
RNAVAL,20190620,3.6,4.1,3.4,4.1,3518422
ROHITFERRO,20190620,1.05,1.05,1.05,1.05,240
ROHLTD,20190620,103.5,105.7,101.15,104.7,15440
ROLLT,20190620,1.85,1.9,1.85,1.9,2352
ROLTA,20190620,5.25,5.65,5.2,5.25,254383
ROSSELLIND,20190620,42.45,45.65,41.2,44.05,14198
RPGLIFE,20190620,250.05,254.9,245,253,4720
RPOWER,20190620,4.15,5.45,4.05,5.25,91698344
RPPINFRA,20190620,113.15,118,112.1,116,14150
RRSLGETF,20190620,19.41,19.51,19.37,19.5,7407
RSSOFTWARE,20190620,20.95,23.8,19.1,23.1,79275
RSWM,20190620,142,145,137.8,143.5,11943
RSYSTEMS,20190620,43.95,44.5,40.75,42.8,6522
RTNINFRA,20190620,1.8,1.85,1.65,1.75,754482
RTNPOWER,20190620,1.7,1.8,1.65,1.75,1298912
RUBYMILLS,20190620,235.95,235.95,220.95,223.3,3789
RUCHINFRA,20190620,2.5,2.6,2.4,2.4,28611
RUCHIRA,20190620,91.2,93,90.15,92.6,19483
RUCHISOYA,20190620,5.7,5.9,5.4,5.75,1015474
RUPA,20190620,231.65,233,225.45,230.15,15716
RUSHIL,20190620,520,520,491.55,494.85,11618
RVNL,20190620,26.05,26.8,25.6,26.25,5343371
SABTN,20190620,3.1,3.1,3.1,3.1,27983
SADBHAV,20190620,259.8,259.8,255.2,257.3,74949
SADBHIN,20190620,70.05,71,68,70.65,6324
SAGARDEEP,20190620,58,58,56,56.85,691
SAGCEM,20190620,610.05,628.95,610.05,622.15,932
SAIL,20190620,47.85,49.85,47.2,49.6,28076357
SAKAR,20190620,62,62,56.25,59.5,4392
SAKHTISUG,20190620,9.25,9.8,9,9.05,19411
SAKSOFT,20190620,312.65,318,309,312.25,10461
SAKUMA,20190620,18.45,18.45,16.95,16.95,807731
SALASAR,20190620,155.3,158.9,150,150.95,19700
SALONA,20190620,82.4,89,81.1,86.5,820
SALSTEEL,20190620,3.2,3.45,2.8,3.05,155468
SALZERELEC,20190620,121,125.3,121,122.8,4927
SAMBHAAV,20190620,3.4,3.7,3.3,3.7,11527
SANCO,20190620,17.4,18.95,17.4,18.65,32251
SANDESH,20190620,639.3,678.85,636,666.8,577
SANDHAR,20190620,282.75,282.75,274.3,278.55,6379
SANGAMIND,20190620,50.1,51.95,50,50.8,3269
SANGHIIND,20190620,61.85,64,60.2,63.25,124374
SANGHVIFOR,20190620,21.3,21.3,21.3,21.3,130
SANGHVIMOV,20190620,105.2,109.65,103.25,106.15,19464
SANOFI,20190620,5397,5442,5350,5421.25,8995
SANWARIA,20190620,5.9,6.1,5.8,5.9,1330561
SARDAEN,20190620,227,232.95,225.2,230.65,8887
SAREGAMA,20190620,530,540,526.1,530.9,17495
SARLAPOLY,20190620,24.4,25.25,24.15,24.7,14922
SASKEN,20190620,704.1,729,704.1,724.25,7486
SASTASUNDR,20190620,112,112.8,111.5,112.45,6828
SATHAISPAT,20190620,6.45,6.5,6.45,6.45,618
SATIN,20190620,288.4,304,285.1,299.85,32040
SBIETFQLTY,20190620,98,99,95.5,96.41,2149
SBILIFE,20190620,696.4,705,690.05,698.45,1024232
SBIN,20190620,341,346.25,335.6,345.15,20626861
SCAPDVR,20190620,0.55,0.65,0.55,0.65,3830
SCHAEFFLER,20190620,4776.75,4866,4761.5,4832.4,1977
SCHAND,20190620,90.55,91.75,87.05,89.85,33703
SCHNEIDER,20190620,88.05,92.5,87.55,91.95,58359
SCI,20190620,28.55,29.4,28.55,28.95,750799
SEAMECLTD,20190620,479.1,507.4,470,502.95,31137
SELAN,20190620,170.55,173.95,169.5,172.55,28448
SELMCL,20190620,0.9,0.9,0.8,0.9,70356
SEQUENT,20190620,63.65,67.9,63,67.6,191511
SESHAPAPER,20190620,930.25,939,913.05,927.3,1113
SETCO,20190620,18.6,19.6,18.1,19.25,179426
SETFGOLD,20190620,2988.5,3025,2988.5,3018.65,2990
SETFNIF50,20190620,120,121.4,118.88,121.12,182873
SETFNIFBK,20190620,306.68,312.14,303.55,311.17,100626
SETFNN50,20190620,275,275.45,269.55,274.9,10057
SFL,20190620,1294,1319.9,1274,1307.5,4929
SGL,20190620,10.9,11.85,10.9,11.75,69957
SHAHALLOYS,20190620,12,13.35,12,13.35,507
SHAKTIPUMP,20190620,403.95,405.5,389,402.95,42820
SHALBY,20190620,111,114.9,108,113.4,30336
SHALPAINTS,20190620,73.05,74.6,71.6,72.55,49926
SHANKARA,20190620,468.85,474.5,457.8,461,69148
SHANTIGEAR,20190620,112.3,115.4,111.9,114.55,6000
SHARDACROP,20190620,331.8,332.3,325,326.65,4777
SHARDAMOTR,20190620,1360.3,1384,1340.35,1369.2,634
SHARIABEES,20190620,259.99,260,259.99,259.99,3
SHEMAROO,20190620,360,360,340.2,344,7991
SHILPAMED,20190620,334.7,338.05,326.25,334.2,29994
SHIRPUR-G,20190620,13.4,14.55,13.25,14.55,64580
SHIVAMAUTO,20190620,28.1,30.4,27,29.95,81227
SHIVAMILLS,20190620,46,46.5,46,46.3,600
SHIVATEX,20190620,115.15,129.8,115.15,129.8,2230
SHK,20190620,138,138,130.7,132,48580
SHOPERSTOP,20190620,471.55,483.95,471,482.6,18658
SHREECEM,20190620,20452.15,21270,20059.6,21199.55,41269
SHREEPUSHK,20190620,115.6,119.85,115.55,117.45,22856
SHREERAMA,20190620,5.1,5.1,4.6,4.9,62479
SHREYANIND,20190620,140,145.7,137.55,144.15,14209
SHREYAS,20190620,140,148,139.3,143.15,5669
SHRIPISTON,20190620,920,965.4,920,965.4,758
SHRIRAMCIT,20190620,1375,1430,1331,1368.6,15484
SHRIRAMEPC,20190620,7.05,8.45,6.65,8.15,215763
SHYAMCENT,20190620,5.15,5.15,4.8,4.95,4415
SICAGEN,20190620,21.1,21.45,19.45,20.75,42247
SICAL,20190620,108,108,97.5,98.9,12122
SIEMENS,20190620,1266.5,1277.4,1251.05,1272.25,372344
SIGIND,20190620,29.35,29.35,27.1,28.85,6079
SIL,20190620,10.5,11,10.5,10.55,1457
SILINV,20190620,169.45,174.6,165.4,173,987
SIMBHALS,20190620,6.95,7.45,6.3,7.4,5893
SIMPLEXINF,20190620,120.7,130,118.45,123.8,35740
SINTEX,20190620,3.1,3.35,3.1,3.2,7217673
SIS,20190620,925.45,938.8,899,934.9,1034
SITASHREE,20190620,0.4,0.45,0.35,0.4,28507
SITINET,20190620,2.7,2.7,2.5,2.7,22441
SIYSIL,20190620,302,302,286.65,294.6,88496
SJVN,20190620,24.4,24.6,24.35,24.55,515705
SKFINDIA,20190620,1972.4,1995,1972,1987.7,3553
SKIL,20190620,8.55,9,8.55,8.8,15610
SKIPPER,20190620,50.9,55.75,48.7,54.25,68904
SKMEGGPROD,20190620,39,40,36.35,39.35,15163
SMARTLINK,20190620,105.2,106.85,105,105.25,37919
SMLISUZU,20190620,740,765.1,738.55,759.35,5005
SMPL,20190620,0.35,0.4,0.35,0.4,29583
SMSLIFE,20190620,426.1,440,425,434.15,1466
SMSPHARMA,20190620,54.25,55.25,53.1,53.95,27559
SNOWMAN,20190620,29.5,31.95,28.95,31.7,381724
SOBHA,20190620,550,570.85,548.95,561.45,237713
SOLARA,20190620,442.9,449.45,440.05,445.1,13441
SOLARINDS,20190620,1174.8,1186.75,1145.35,1167.65,22262
SOMANYCERA,20190620,427.8,427.85,412,416.8,29466
SOMATEX,20190620,3.4,3.4,3.3,3.3,4080
SOMICONVEY,20190620,18.05,18.05,16.8,17.55,3371
SONATSOFTW,20190620,341,353.35,341,350.35,79822
SORILINFRA,20190620,183.5,189.9,182.55,182.55,1036761
SOTL,20190620,1086.1,1148,1074,1096.9,367
SOUTHBANK,20190620,13,13.3,12.9,13.15,13022148
SOUTHWEST,20190620,19.3,23.6,19.3,23.4,1315
SPAL,20190620,280,285,275.05,282.15,6011
SPARC,20190620,119.95,123.75,114.45,123.05,488158
SPCENET,20190620,0.95,0.95,0.95,0.95,591
SPECIALITY,20190620,80.1,81.5,78,80.85,61585
SPENCERS,20190620,95.2,99,92.3,96.85,136989
SPENTEX,20190620,1.1,1.1,1.05,1.05,1526
SPIC,20190620,21.5,22.25,20.6,22.05,76249
SPICEMOBI,20190620,7.7,8.5,7.7,8.15,3251
SPLIL,20190620,38.55,45,35.1,44.9,169433
SPMLINFRA,20190620,17.05,18.75,15.65,18.7,113765
SPTL,20190620,7.4,8.1,7.4,7.8,7325799
SPYL,20190620,0.25,0.25,0.2,0.25,47780
SREEL,20190620,182.05,182.5,175.1,181.3,6334
SREINFRA,20190620,17.65,17.95,14.35,17.8,4532976
SRF,20190620,2989,3048.85,2978.3,3040.45,534018
SRHHYPOLTD,20190620,117.1,128.5,117.1,126,7340
SRIPIPES,20190620,168.65,168.65,164.25,166.95,68630
SRTRANSFIN,20190620,1063,1108.8,1046.95,1094.6,1839946
SSWL,20190620,775.45,794,775,786.3,14085
STAMPEDE,20190620,1,1.05,0.95,0.95,113547
STAR,20190620,395.9,408.65,388.3,406.85,1158461
STARCEMENT,20190620,122,123.85,120.2,122.1,57764
STARPAPER,20190620,103.5,107.1,101,105.5,32043
STCINDIA,20190620,105.4,107.8,104.2,107.4,106954
STEELXIND,20190620,12.55,12.6,11.75,12.1,11393
STEL,20190620,88.1,88.1,84.1,86.65,4399
STERTOOLS,20190620,206,219.8,206,215.25,2225
STRTECH,20190620,175.25,178,172.25,176,955307
SUBEX,20190620,5.9,6.35,5.7,6.2,946966
SUBROS,20190620,242,250.2,235.6,241.65,36495
SUDARSCHEM,20190620,313.75,323.9,307.65,321.7,12150
SUJANAUNI,20190620,0.25,0.25,0.2,0.25,41071
SUMEETINDS,20190620,2.8,3.05,2.5,2.75,155225
SUMMITSEC,20190620,495.05,518.95,495.05,506.1,301
SUNCLAYLTD,20190620,2469.95,2497.3,2419.95,2444.35,332
SUNDARAM,20190620,1.75,1.85,1.7,1.7,240117
SUNDARMFIN,20190620,1501,1564.3,1501,1539.6,37182
SUNDARMHLD,20190620,87.15,88.9,86,87.05,10759
SUNDRMBRAK,20190620,288.35,291.95,277.4,287.4,4374
SUNDRMFAST,20190620,531.1,538,525,529.55,79762
SUNFLAG,20190620,34.3,37.85,34.3,36.7,108748
SUNILHITEC,20190620,0.5,0.55,0.45,0.5,259879
SUNPHARMA,20190620,368,392.2,368,390.5,8109029
SUNTECK,20190620,442,447.1,432.4,440.3,120325
SUNTV,20190620,523,544.75,517.5,542.8,2363107
SUPERHOUSE,20190620,93.3,96,92.95,94.2,9088
SUPERSPIN,20190620,5.9,5.9,4.25,4.85,39163
SUPPETRO,20190620,202.55,207,200,204.8,2893
SUPRAJIT,20190620,199.15,205.65,199,203,10944
SUPREMEIND,20190620,1059.85,1069,1030,1066.95,24296
SUPREMEINF,20190620,19.5,21.5,19.5,21.2,9821
SURANASOL,20190620,6.9,7.25,6.9,7.15,3065
SURANAT&P,20190620,3.7,3.9,3.35,3.8,10720
SURYALAXMI,20190620,26.45,26.9,25.1,25.85,8111
SURYAROSNI,20190620,231.25,236.2,225,231.25,22586
SUTLEJTEX,20190620,30.3,33.45,29.65,32,45606
SUVEN,20190620,265.2,273,263.55,272.1,122188
SUZLON,20190620,3.35,4.2,3,4.1,108568863
SWANENERGY,20190620,104.2,105.65,103.15,104.85,167631
SWARAJENG,20190620,1358.05,1374,1340,1350.95,1525
SWELECTES,20190620,212.2,221.9,207.05,209.7,5223
SYMPHONY,20190620,1255,1272.95,1225.5,1254.45,24442
SYNCOM,20190620,1.65,1.65,1.65,1.65,13660
SYNDIBANK,20190620,36.2,37.35,35.65,37.2,6024280
SYNGENE,20190620,320,329.9,316,324.15,164490
TAINWALCHM,20190620,56.05,61.65,56.05,58.5,1907
TAJGVK,20190620,180,187,172.65,183.4,11317
TAKE,20190620,120.9,128.5,117.95,127,166185
TALBROAUTO,20190620,161.05,164.05,159,162.5,8072
TALWALKARS,20190620,47,50.8,43.1,49.65,297068
TALWGYM,20190620,102.2,107.95,101,105.15,60738
TANLA,20190620,64.55,64.55,62,64.25,1503408
TANTIACONS,20190620,2.4,2.4,2.3,2.3,2705
TARAJEWELS,20190620,0.8,0.9,0.8,0.9,14126
TARAPUR,20190620,6.8,6.8,6.8,6.8,5000
TARMAT,20190620,33.3,34.95,32.2,32.75,7453
TASTYBITE,20190620,8825,9250,8746.2,9081.35,517
TATACHEM,20190620,605.05,620.25,597.6,616.1,738839
TATACOFFEE,20190620,77.1,80.9,76.15,80.25,247167
TATACOMM,20190620,498.1,503,481.25,497.8,818241
TATAELXSI,20190620,845,857.45,834,854.55,329527
TATAGLOBAL,20190620,244.85,256.8,244.7,255.85,4602715
TATAINVEST,20190620,850,860,844,857.75,6491
TATAMETALI,20190620,605.9,609.6,589.45,602.5,21926
TATAMOTORS,20190620,153.45,160,152.15,159.25,19247947
TATAMTRDVR,20190620,74.85,77.15,74,76.95,3353094
TATAPOWER,20190620,63.5,64.85,63,64.6,3388105
TATASPONGE,20190620,656.9,656.9,620,630.7,121845
TATASTEEL,20190620,494.1,502.8,489.85,501,7826356
TATASTLBSL,20190620,29.4,29.65,28.85,29.5,934879
TBZ,20190620,36.95,41.4,36.95,41.05,265534
TCI,20190620,293.1,299.7,292.4,297.6,6793
TCIDEVELOP,20190620,341.6,342.4,341.6,342.35,12
TCIEXP,20190620,640,645,625,631.25,6757
TCIFINANCE,20190620,13,13.55,12.65,13,13802
TCNSBRANDS,20190620,815,815,791,801.7,16208
TCPLPACK,20190620,339.95,344,323.05,338.8,1078
TCS,20190620,2230,2284,2212,2277.95,2199377
TDPOWERSYS,20190620,147.1,148,145.5,147.3,2092
TEAMLEASE,20190620,2964.05,2998,2920.15,2956.8,29721
TECHIN,20190620,3.15,3.75,3.15,3.45,1511
TECHM,20190620,722,731,717.85,725.55,4139025
TECHNOE,20190620,228,242,228,240,9130
TECHNOFAB,20190620,29.1,29.1,28.1,28.1,13352
TEJASNET,20190620,154.3,156.1,144.5,152.6,64668
TERASOFT,20190620,35.5,36.5,34.2,35.9,32516
TEXINFRA,20190620,50.35,50.4,48.75,49.7,8689
TEXMOPIPES,20190620,18,18.5,18,18.4,58905
TEXRAIL,20190620,69.95,71.8,69.2,70.95,150039
TFCILTD,20190620,112.5,113.15,111.7,112.3,27447
TFL,20190620,5.6,5.85,5.35,5.65,19334
TGBHOTELS,20190620,5.35,5.6,4.85,5.2,79308
THANGAMAYL,20190620,323.2,324.05,314.4,318.3,3628
THEINVEST,20190620,117.7,123.65,111,121.25,1078
THEMISMED,20190620,222.3,248,222.3,236.25,1509
THERMAX,20190620,1050.2,1073.55,1050.2,1063.15,24591
THOMASCOOK,20190620,210.55,214.35,208.25,213.75,113864
THYROCARE,20190620,468.05,473,462.6,469.8,9177
TI,20190620,15.05,15.3,14.8,15,48224
TIDEWATER,20190620,4828,4890,4802.1,4857.8,599
TIIL,20190620,434.5,438.9,415.6,428.75,13375
TIINDIA,20190620,383,387.7,379.95,382.1,26425
TIJARIA,20190620,14.4,15.35,12.95,14.6,12152
TIL,20190620,235.05,240.9,232,234.95,7822
TIMESGTY,20190620,30.5,32.7,29.7,32.7,340
TIMETECHNO,20190620,92.05,96,92.05,94.45,77592
TIMKEN,20190620,661.65,674,652.3,665.6,24846
TINPLATE,20190620,125.75,128.9,120.5,127.95,216380
TIPSINDLTD,20190620,57,57.2,55.4,56.6,3961
TIRUMALCHM,20190620,73.7,77.25,72.25,76.4,224534
TITAN,20190620,1274.5,1308.95,1266.05,1306.6,1693438
TMRVL,20190620,18,18,16.2,17.4,10303
TNPETRO,20190620,34.6,35.4,33.65,34.7,49510
TNPL,20190620,172.85,174,168.35,172.1,22281
TNTELE,20190620,1.65,1.65,1.65,1.65,489
TOKYOPLAST,20190620,50.5,51.05,49.65,50.3,1953
TORNTPHARM,20190620,1493,1513.45,1487.15,1503.4,118422
TORNTPOWER,20190620,243.4,245.95,239.7,244.9,582689
TPLPLASTEH,20190620,125.55,128.2,122.15,126.1,2224
TREEHOUSE,20190620,4.55,4.55,4.45,4.45,601
TREJHARA,20190620,23.95,26.9,22,23.6,12994
TRENT,20190620,415,418.05,402.5,414,138106
TRF,20190620,105.05,115,105,113.2,32118
TRIDENT,20190620,63.7,63.8,62.05,63.1,362879
TRIGYN,20190620,53,60.25,52.45,58.65,136777
TRIL,20190620,9.55,10.5,9.55,10.2,142274
TRITURBINE,20190620,105.85,106,104.2,105.65,3959
TRIVENI,20190620,65.1,65.65,62.55,64.4,521049
TTKHLTCARE,20190620,596,614,596,599.45,875
TTKPRESTIG,20190620,6525,6552.55,6340,6503.5,6569
TTL,20190620,46.9,46.95,44.45,45.05,1540
TTML,20190620,3.4,3.6,3.3,3.55,1903445
TV18BRDCST,20190620,23.5,25.75,22.6,25,11477603
TVSELECT,20190620,158,164.7,152,161.2,93521
TVSMOTOR,20190620,443,461,440.6,458.9,1120925
TVSSRICHAK,20190620,1894,1894,1862.9,1870.25,1328
TVTODAY,20190620,250,250.1,238.2,240.6,43534
TVVISION,20190620,2.2,2.25,2.2,2.2,24892
TWL,20190620,60,62.7,59,62.25,246895
UBL,20190620,1349,1353.9,1338.05,1347.5,204811
UCALFUEL,20190620,140,140.4,137.35,139.6,19300
UCOBANK,20190620,17.8,18.3,17.5,18,228529
UFLEX,20190620,236.2,243.05,230.55,240.75,31627
UFO,20190620,196.95,196.95,181.05,188.6,37467
UGARSUGAR,20190620,13.7,13.75,13.15,13.45,80071
UJAAS,20190620,5.75,5.75,5.3,5.55,190718
UJJIVAN,20190620,325,325,306.65,318.35,3316607
ULTRACEMCO,20190620,4499,4589.85,4425,4576.05,462920
UMANGDAIRY,20190620,46.4,47.4,45.1,46.2,2706
UMESLTD,20190620,1.85,1.85,1.85,1.85,2
UNICHEMLAB,20190620,178,178,174.05,175,28092
UNIENTER,20190620,93.1,94.45,74.7,80.9,98861
UNIONBANK,20190620,72.5,75.8,72.15,75.35,6663438
UNIPLY,20190620,53.9,59.5,53.9,59.15,374259
UNITECH,20190620,0.95,1,0.95,1,3371912
UNITEDBNK,20190620,9.8,9.9,9.55,9.7,513496
UNITEDTEA,20190620,288.05,299,271.95,292,1589
UNIVCABLES,20190620,190.85,200.5,185.05,199.5,29536
UPL,20190620,940.55,940.55,833,870.25,12905733
URJA,20190620,2.2,2.2,2,2.05,3325820
USHAMART,20190620,28.8,29.9,28.05,28.3,578150
UTINEXT50,20190620,272,274.5,268,274.5,77
UTINIFTETF,20190620,1232.9,1239.65,1232.9,1239.65,58
UTISENSETF,20190620,420,445,414.05,416.45,64
UTISXN50,20190620,330,330,330,330,1
UTTAMSTL,20190620,8.15,8.15,7.5,7.65,85641
UTTAMSUGAR,20190620,109,110,101,107.65,102795
UVSL,20190620,0.1,0.1,0.05,0.05,600889
V2RETAIL,20190620,194.95,194.95,183,190.9,24252
VADILALIND,20190620,513,516.6,501.95,512.55,7457
VAIBHAVGBL,20190620,775.05,788.3,771.1,780.4,7333
VAKRANGEE,20190620,31.25,34,30.3,32.55,7954016
VARDHACRLC,20190620,40,41.8,40,40.7,7711
VARDMNPOLY,20190620,4.1,4.1,4,4,3892
VARROC,20190620,445,457.25,425.75,451.55,31497
VASCONEQ,20190620,13.5,15.3,13.4,15.05,431110
VASWANI,20190620,8.8,9,8.25,8.85,6205
VBL,20190620,894.5,912.4,880,908.2,33945
VEDL,20190620,168.9,172.5,166.5,172,10480809
VENKEYS,20190620,1702.95,1726.25,1640,1688.35,88962
VENUSREM,20190620,23.5,23.5,21.5,22.7,15321
VESUVIUS,20190620,1101.1,1115,1096,1109.75,1319
VETO,20190620,62,65.1,61.05,64.7,44394
VGUARD,20190620,235,236.4,222,227.55,1368998
VHL,20190620,1942.3,1979.55,1917.2,1958.15,130
VICEROY,20190620,1.85,1.85,1.85,1.85,23980
VIDHIING,20190620,66.2,69.25,65.95,68.05,28196
VIJIFIN,20190620,0.5,0.55,0.5,0.55,144408
VIKASECO,20190620,11,11,10.5,10.7,530177
VIKASMCORP,20190620,2.9,3.2,2.9,3,134900
VIMTALABS,20190620,167,168.3,156.35,166.85,38584
VINATIORGA,20190620,2114,2138.95,2090,2098.15,22861
VINDHYATEL,20190620,1370,1370,1320,1360.65,2874
VINYLINDIA,20190620,67.05,68.2,67.05,68.1,9870
VIPCLOTHNG,20190620,11.3,13.65,10.55,12.8,159121
VIPIND,20190620,459.1,459.1,443.05,447,151907
VIPULLTD,20190620,46.5,47,44.6,46.45,550414
VISAKAIND,20190620,374.55,384.1,368.95,382.9,13867
VISASTEEL,20190620,5.25,6.1,5.1,6,19448
VISESHINFO,20190620,0.05,0.1,0.05,0.1,681674
VISHNU,20190620,135.1,136.75,134,135,1275
VIVIDHA,20190620,0.35,0.45,0.35,0.4,115397
VIVIMEDLAB,20190620,17.95,18.75,16.4,17,420567
VLSFINANCE,20190620,52,53.8,52,53.35,10652
VMART,20190620,2249.25,2280,2216.1,2259.1,2483
VOLTAMP,20190620,1130,1248.6,1130,1228.3,16271
VOLTAS,20190620,611,625,607.8,622,861837
VRLLOG,20190620,276.3,281.5,274,278.15,21824
VSSL,20190620,89.35,89.35,84.5,87.35,912
VSTIND,20190620,3469.85,3470,3450,3450,946
VSTTILLERS,20190620,1252.05,1269.9,1231.65,1256.55,1632
VTL,20190620,1081.4,1084.8,1072.55,1081,3933
WABAG,20190620,311.95,312,303.3,305.2,81515
WABCOINDIA,20190620,6124.95,6154.95,6100.1,6131.5,1832
WALCHANNAG,20190620,78,82.45,75.85,81.8,291183
WANBURY,20190620,16.95,16.95,15.4,15.4,1592
WEBELSOLAR,20190620,29.8,29.85,29.15,29.15,126039
WEIZFOREX,20190620,411,421.9,372,387.15,6374
WEIZMANIND,20190620,32.4,32.4,29.3,31.05,1538
WELCORP,20190620,137.55,139,135,137.2,254143
WELENT,20190620,124.65,131.7,124.15,129.95,160287
WELINV,20190620,145.1,158,145.1,148.3,2729
WELSPUNIND,20190620,56.4,56.55,55.1,56.3,213365
WENDT,20190620,2574.9,2574.9,2520,2570,141
WHEELS,20190620,800.35,809.9,795,800.25,1085
WHIRLPOOL,20190620,1530,1530.05,1508,1520.05,20919
WILLAMAGOR,20190620,19.6,19.75,19,19.55,14180
WINDMACHIN,20190620,23.85,23.85,23.85,23.85,16635
WINSOME,20190620,0.6,0.6,0.6,0.6,2
WIPRO,20190620,284.05,287.8,282.4,286.95,9560422
WOCKPHARMA,20190620,334,366.7,319.05,362.4,5599445
WONDERLA,20190620,281,284.75,277.5,279.05,8626
WSI,20190620,0.7,0.7,0.7,0.7,4310
WSTCSTPAPR,20190620,245.15,245.8,238.25,245.1,33564
XCHANGING,20190620,50.25,52,49.25,51.55,111137
XELPMOC,20190620,65,65,55,61,13315
XLENERGY,20190620,0.6,0.6,0.6,0.6,20
XPROINDIA,20190620,32.1,34.2,30.4,33.7,2143
YESBANK,20190620,102,115.9,98.7,114.55,159393077
ZEEL,20190620,351.3,355.95,342.2,351.7,7619490
ZEELEARN,20190620,22.4,24,22.4,22.95,132797
ZEEMEDIA,20190620,11.05,11.3,10.35,11.25,1605429
ZENITHBIR,20190620,0.45,0.45,0.4,0.4,23172
ZENITHEXPO,20190620,45.5,47.7,43.25,43.85,935
ZENSARTECH,20190620,251.05,255.65,246.95,254,188909
ZENTEC,20190620,70.9,71.95,70.05,71.25,35526
ZICOM,20190620,1.7,1.75,1.7,1.7,123451
ZODIACLOTH,20190620,225,235,220,232.9,470
ZODJRDMKJ,20190620,34.3,37.75,28.65,33.7,805
ZUARI,20190620,145.8,154.85,140.2,152.35,42460
ZUARIGLOB,20190620,86.85,89.9,85.25,88.6,19225
ZYDUSWELL,20190620,1325.05,1338.95,1313,1330.1,4050
NSENIFTY,20190620,11653.65,11843.50,11635.05,11831.75,442016954,0
NIFTYJUNIOR,20190620,26522.50,27058.85,26392.90,26998.15,204645416,0
NIFTYMIDCAPLIQ15,20190620,4176.10,4234.90,4138.90,4226.80,88829055,0
NSE100,20190620,11718.15,11913.10,11695.15,11901.15,650015464,0
NIFTY200,20190620,6005.40,6105.45,5991.70,6099.60,1184290581,0
NSE500,20190620,9501.55,9655.25,9476.25,9646.00,1877804938,0
NSEMIDCAP150,20190620,6165.85,6259.80,6128.20,6250.55,540592213,0
MIDCAP50,20190620,4758.65,4845.55,4731.45,4838.95,300413855,0
NSEMIDCAP,20190620,17149.70,17449.35,17043.05,17427.10,534275117,0
NIFTYSMALLCAP250,20190620,-,-,-,5093.20,-,0
NIFTYSMALLCAP50,20190620,-,-,-,2987.80,-,0
NSESMLCAP100,20190620,6054.75,6173.50,5994.00,6161.55,-,0
NIFTYLARGEMIDCAP250,20190620,-,-,-,5920.86,1190607677,0
NIFTYMIDSMALLCAP400,20190620,-,-,-,5840.15,-,0
NIFTYAUTO,20190620,7758.80,7981.45,7722.65,7965.45,79852588,0
BANKNIFTY,20190620,30390.20,30824.55,30220.70,30781.10,293131675,0
NIFTYFINSERVICE,20190620,13280.05,13449.50,13224.20,13437.95,112499519,0
NIFTYFMGC,20190620,29467.15,29702.85,29357.10,29651.45,22642382,0
NSEIT,20190620,16039.00,16338.75,15994.95,16316.90,33530558,0
NIFTYMEDIA,20190620,2055.55,2083.15,2020.65,2076.95,41352158,0
NIFTYMETAL,20190620,2884.10,2944.10,2870.35,2940.10,89601872,0
NIFTYPHARMA,20190620,7758.80,8043.30,7737.00,8029.00,21697549,0
NIFTYPVTBANK,20190620,16849.90,17125.75,16768.45,17101.40,233309628,0
NIFTYPSUBANK,20190620,2999.95,3074.20,2965.55,3065.60,94648368,0
NIFTYREALTY,20190620,270.25,276.35,268.40,275.45,19081515,0
NIFTYCOMMODITIES,20190620,3558.50,3609.40,3545.90,3604.90,223302147,0
NIFTYCONSUMPTION,20190620,4688.45,4768.60,4670.20,4761.95,48030297,0
NIFTYCPSE,20190620,2315.25,2357.25,2315.25,2352.85,42367673,0
NIFTYENERGY,20190620,15886.30,16111.05,15885.95,16081.00,122447857,0
NIFTY100ESG,20190620,-,-,-,2189.80,577022448,0
NIFTY100ENHESG,20190620,-,-,-,2226.67,539654588,0
NIFTYINFRA,20190620,3255.10,3334.20,3254.05,3325.70,441660155,0
NIFTYMNC,20190620,12821.95,13035.25,12744.40,13018.15,59914474,0
NIFTYPSE,20190620,3566.60,3618.55,3566.55,3613.10,106251266,0
NIFTYSMEEMERGE,20190620,-,-,-,1464.72,819625,0
NIFTYSERVSECTOR,20190620,16580.35,16838.05,16553.25,16821.90,363007755,0
NIFTYSHARIAH25,20190620,-,-,-,4215.07,60285353,0
NIFTY50SHARIAH,20190620,-,-,-,2492.28,58298012,0
NIFTY500SHARIAH,20190620,-,-,-,2940.16,384782847,0
NIFTYABGROUP,20190620,-,-,-,3340.31,44135768,0
NIFTYMAHINDRA,20190620,-,-,-,10749.52,8783835,0
NIFTYTATA,20190620,-,-,-,7249.41,46226756,0
NIFTYTATA25CAP,20190620,-,-,-,4966.36,41776950,0
NIFTYABGROUP,20190620,-,-,-,3340.31,44135768,0
NIFTYLIQ15,20190620,3824.95,3921.85,3805.30,3913.35,292209659,0
NIFTY500VALUE50,20190620,-,-,-,4287.52,730878522,0
NIFTYALPHALOWVOL30,20190620,-,-,-,11818.74,84498618,0
NIFTYQUALLOWVOL30,20190620,-,-,-,8192.73,67686434,0
NIFTYALPHAQUALLOWVOL30,20190620,-,-,-,9343.96,73113938,0
NIFTYALPHAQUALVALLOWVOL30,20190620,-,-,-,7242.16,72846617,0
NIFTY50EQUALWEIGHT,20190620,12398.45,12633.35,12373.75,12617.70,442016954,0
NIFTY100EQUALWEIGHT,20190620,12944.75,13188.05,12899.05,13165.75,650015464,0
NIFTY100LOWVOL30,20190620,8696.50,8826.20,8670.65,8814.60,85477342,0
NSEDEFTY,20190620,-,-,-,5903.30,-,0
NIFTY50DIVPOINT,20190620,42.32,42.32,42.32,42.32,-,0
NIFTYDIVOPPS50,20190620,2650.15,2691.15,2648.95,2688.20,365401284,0
NIFTYALPHA50,20190620,12063.05,12238.45,12024.10,12222.80,88851647,0
NIFTY50ARBITRAGE,20190620,-,-,-,1822.25,-,0
NIFTY50FUTINDEX,20190620,-,-,-,4088.23,-,0
NIFTY50FUTTRINDEX,20190620,-,-,-,11881.51,-,0
NIFTYHIGHBETA50,20190620,-,-,-,1502.64,722704578,0
NIFTYLOWVOL50,20190620,-,-,-,10283.84,105458241,0
NIFTY200QUALITY30,20190620,-,-,-,9652.15,-,0
NIFTY50VALUE20,20190620,5453.10,5556.00,5447.40,5548.10,247453058,0
NIFTYGROWSECT15,20190620,5922.55,6025.55,5891.00,6016.70,189557646,0
NIFTY50TR2XLEV,20190620,6464.90,6675.30,6444.40,6662.80,-,0
NIFTY50PR2XLEV,20190620,5039.80,5204.15,5023.80,5194.35,-,0
NIFTY50TR1XINV,20190620,348.75,349.30,343.15,343.45,-,0
NIFTY50PR1XINV,20190620,395.00,395.60,388.60,389.00,-,0
NIFTY-GS-COMPSITE,20190620,1978.81,1988.29,1978.81,1984.41,-,0
NIFTY-GS-4-8YR,20190620,2054.39,2063.67,2054.39,2058.46,-,0
NIFTY-GS-8-13YR,20190620,1948.72,1959.05,1948.72,1954.19,-,0
NIFTY-GS-10YR,20190620,1795.35,1808.56,1795.35,1801.20,-,0
NIFTY-GS-10YR-CLN,20190620,939.38,946.50,939.38,942.53,-,0
NIFTY-GS-11-15YR,20190620,2077.95,2092.71,2077.95,2085.50,-,0
NIFTY-GS-15YRPLUS,20190620,2251.03,2261.57,2249.78,2266.71,-,0
VIX,20190620,14.73,15.19,12.84,14.00,0,0
