20MICRONS,20190808,33,37.95,32.45,34.75,66098
21STCENMGM,20190808,14,14,13.75,13.75,621
3IINFOTECH,20190808,2.15,2.2,2.1,2.15,1374479
3MINDIA,20190808,21000,21400,20723.05,21099.8,1099
3PLAND,20190808,7,7.7,6.5,6.8,53
5PAISA,20190808,131.45,141,131.45,135.25,14090
63MOONS,20190808,97.9,102.25,97.9,99.9,110203
8KMILES,20190808,53,55,50.6,53.85,159956
A2ZINFRA,20190808,9.9,10.15,9.7,10,209048
AARTIDRUGS,20190808,450,479,444.2,464.2,7029
AARTIIND,20190808,1775.95,1795.35,1741.9,1759.95,70239
AARVEEDEN,20190808,19.5,19.5,16.3,16.75,4658
AAVAS,20190808,1509,1548.55,1490.1,1520.35,19360
ABAN,20190808,25.7,26.4,24.45,24.75,121248
ABB,20190808,1394.6,1429.85,1370,1394.95,65489
ABBOTINDIA,20190808,8684,9324,8521,9001.35,40146
ABCAPITAL,20190808,85.6,88.75,85.55,88.05,3224938
ABFRL,20190808,202.6,208,201.45,206.75,612488
ABSLNN50ET,20190808,259.83,259.83,259.53,259.53,41
ACC,20190808,1561.7,1585,1537,1549.35,702052
ACCELYA,20190808,764.75,766.9,757.05,759.7,2656
ACE,20190808,66,68.9,65.5,68.15,66438
ADANIENT,20190808,126.2,134,124.05,130.9,7070036
ADANIGAS,20190808,162.95,166.9,158.6,160.8,1353872
ADANIGREEN,20190808,48.5,49.4,46.7,47.35,860687
ADANIPORTS,20190808,378,379.5,367.45,373.95,3397923
ADANIPOWER,20190808,60,60.95,56.55,60,15486113
ADANITRANS,20190808,208.4,214.75,206.5,213.65,77287
ADFFOODS,20190808,242.05,249.8,238.1,247.55,12623
ADHUNIK,20190808,1.35,1.4,1.3,1.3,29927
ADHUNIKIND,20190808,84.75,84.75,81.25,82.3,17891
ADLABS,20190808,4,4.1,3.9,3.95,34711
ADORWELD,20190808,290.15,293.95,288.3,291.65,3878
ADROITINFO,20190808,10.2,10.2,9.6,10,485
ADSL,20190808,11.15,11.2,10.3,10.8,26135
ADVANIHOTR,20190808,54.9,56,54.2,54.6,3225
ADVENZYMES,20190808,150.25,159.8,150.25,158.3,181080
AEGISCHEM,20190808,192,195.05,188.1,192.6,45280
AFFLE,20190808,926,958.7,750,873.65,8361975
AGARIND,20190808,114.35,117.9,114.3,116.75,3225
AGCNET,20190808,78.7,86,78.7,81.2,446
AGLSL,20190808,44,45.9,44,44.45,184
AGRITECH,20190808,49,51.8,48.3,50.05,21248
AGROPHOS,20190808,88.5,93,85,91.55,2964
AHLEAST,20190808,166.05,183.95,166.05,182.5,168
AHLUCONT,20190808,284.1,294.75,284.1,287.8,20652
AHLWEST,20190808,269,269.95,251,255.35,279
AIAENG,20190808,1654.4,1690,1644.6,1678.8,39108
AIONJSW,20190808,14.4,14.7,13.8,14.4,30031
AIRAN,20190808,20.9,20.9,19.8,20,4523
AJANTPHARM,20190808,966.5,974.7,942.35,953.85,90996
AJMERA,20190808,125.7,131.9,124.45,129.5,29987
AKSHARCHEM,20190808,239,239,227.15,235.55,582
AKSHOPTFBR,20190808,9.05,9.05,8.7,8.8,263595
AKZOINDIA,20190808,1765,1765,1705.05,1753.05,8636
ALANKIT,20190808,21.45,22.95,21.25,22.8,221392
ALBERTDAVD,20190808,374.7,399,367.5,393.85,10965
ALBK,20190808,36.8,37.05,36.45,36.9,941313
ALCHEM,20190808,1.15,1.15,1.05,1.05,1380
ALEMBICLTD,20190808,42.45,42.65,41.85,42.05,91862
ALICON,20190808,400.4,414,396,399.2,898
ALKALI,20190808,40.55,44.05,40.5,42.9,27061
ALKEM,20190808,1706,1725,1703,1721.15,11530
ALKYLAMINE,20190808,775.25,793.05,766.55,780.5,10510
ALLCARGO,20190808,98.7,101,95.25,95.9,95256
ALLSEC,20190808,280.1,285.1,280.1,282.9,348
ALMONDZ,20190808,13.1,13.1,11.9,12.5,450
ALOKTEXT,20190808,2.85,2.85,2.7,2.75,4640607
ALPA,20190808,15.55,16.35,15,15.25,19003
ALPHAGEO,20190808,181.1,195.8,181.1,195.8,31451
ALPSINDUS,20190808,0.55,0.55,0.5,0.5,6103
AMARAJABAT,20190808,654,657.45,642.2,645.1,797878
AMBER,20190808,804.7,804.7,786.2,790.7,6176
AMBIKCO,20190808,937.95,937.95,886.65,903.4,4511
AMBUJACEM,20190808,204.9,211.45,203.85,206.3,5105516
AMDIND,20190808,12.8,14.15,12.6,13.45,2009
AMJLAND,20190808,16.6,17,16.05,16.85,1200
AMRUTANJAN,20190808,291.95,294,286.2,287.6,14228
ANANTRAJ,20190808,26.25,26.8,26.05,26.55,96421
ANDHRABANK,20190808,19.85,20,19.65,19.95,378953
ANDHRACEMT,20190808,2.1,2.1,2,2,133015
ANDHRSUGAR,20190808,267.5,272,262.5,269.85,5042
ANIKINDS,20190808,8.5,8.9,8.5,8.75,1853
ANKITMETAL,20190808,0.55,0.55,0.55,0.55,3212
ANSALAPI,20190808,3.75,3.85,3.65,3.8,70606
ANSALHSG,20190808,4.15,4.25,3.7,4.2,31936
ANTGRAPHIC,20190808,0.9,0.9,0.9,0.9,1000
ANUP,20190808,460,465.9,453.05,455.3,11205
APARINDS,20190808,485.2,580.55,478,577.75,149075
APCL,20190808,150.2,156,150.2,155.05,837
APCOTEXIND,20190808,213,220,203.55,208.25,35023
APEX,20190808,225.75,228.85,222,223.5,17720
APLAPOLLO,20190808,1313.9,1335.2,1303,1326.85,4059
APLLTD,20190808,520,540,518,529.5,115864
APOLLO,20190808,91.85,91.85,87.2,89.25,12175
APOLLOHOSP,20190808,1315,1340,1306,1334.4,203895
APOLLOTYRE,20190808,152,157.8,151.5,157.1,3426285
APOLSINHOT,20190808,880,883,872.95,875,928
APTECHT,20190808,128,131,125.3,129.35,80187
ARCHIDPLY,20190808,26.5,26.75,24.45,25.45,5403
ARCHIES,20190808,17.75,18.05,17.05,17.45,18894
ARCOTECH,20190808,2.35,2.45,2.35,2.45,79244
ARIES,20190808,47.35,47.9,45.65,47.1,11577
ARIHANT,20190808,19,19.45,18.1,18.65,290
ARIHANTSUP,20190808,32.7,33.85,32.7,33.7,180
ARMANFIN,20190808,368.25,371.5,368,368.05,3786
AROGRANITE,20190808,33.55,35.5,32.6,34.7,9751
ARROWGREEN,20190808,53,55,50.35,53.7,4076
ARROWTEX,20190808,12.25,12.25,11.2,11.85,9236
ARSHIYA,20190808,21.5,22.4,20,21.65,50196
ARSSINFRA,20190808,28.65,28.8,26.85,27.5,14691
ARVIND,20190808,55.5,56.9,52.5,54.8,7734302
ARVINDFASN,20190808,592,592.05,576.85,580.55,118551
ARVSMART,20190808,89,91,86.95,89.9,10408
ASAHIINDIA,20190808,191.55,193.95,186,189.55,6704
ASAHISONG,20190808,120,120,111.4,113.5,2028
ASAL,20190808,35,35,32,32.95,7999
ASHAPURMIN,20190808,23.8,23.8,23.8,23.8,8668
ASHIANA,20190808,108.6,109.35,105.75,108.35,28940
ASHIMASYN,20190808,7.65,7.7,7.25,7.7,3161
ASHOKA,20190808,126,128.8,119.5,124.45,148845
ASHOKLEY,20190808,61.65,63.95,60.8,63.55,32732676
ASIANHOTNR,20190808,86.9,91.9,86.1,90.5,378
ASIANPAINT,20190808,1565.75,1569.7,1540.3,1565.9,1579565
ASIANTILES,20190808,218,223.05,214.85,219.8,38947
ASPINWALL,20190808,145,150,132.05,136.5,1476
ASSAMCO,20190808,1,1,0.9,1,139630
ASTEC,20190808,360.7,367.95,358.1,360.5,6563
ASTERDM,20190808,114,118.6,113,118,86891
ASTRAL,20190808,1207.5,1235,1195,1224.35,57850
ASTRAMICRO,20190808,77.35,77.4,74.95,76.2,35583
ASTRAZEN,20190808,1988,1992.1,1890,1908.65,36386
ASTRON,20190808,86.5,89.9,84,87.5,499078
ATFL,20190808,492.05,497.5,491.9,495.25,4805
ATLANTA,20190808,7.7,8.2,7.6,8.05,8357
ATLASCYCLE,20190808,39.2,40,39.2,39.45,1165
ATNINTER,20190808,0.15,0.2,0.15,0.2,19393
ATUL,20190808,3646.1,3665,3580.1,3592.25,16114
ATULAUTO,20190808,225.75,226.7,221,222.15,8351
AUBANK,20190808,664.2,680,661.1,669.05,79230
AURIONPRO,20190808,103,105,100.65,102.45,40337
AUROPHARMA,20190808,580,602.45,571.65,598,12392486
AUSOMENT,20190808,30.5,33.5,30.5,32.8,1323
AUTOAXLES,20190808,795,795,765,769.05,7129
AUTOIND,20190808,40.85,40.85,36.1,36.5,8806
AUTOLITIND,20190808,23.05,23.55,21.75,23.5,113
AVADHSUGAR,20190808,225,246,219,222.85,42388
AVANTIFEED,20190808,303.6,307.8,300.85,304.8,120695
AVTNPL,20190808,20.2,20.75,20,20.55,14920
AXISBANK,20190808,660.6,664.3,643.2,660.1,17563795
AXISCADES,20190808,62.7,62.75,60,61.75,254594
AXISGOLD,20190808,3230.1,3286.95,3200,3244.85,1757
AXISNIFTY,20190808,1121.61,1123.59,1112.72,1123.59,11
AYMSYNTEX,20190808,30,31.75,27.45,30.5,21010
BAFNAPHARM,20190808,4.35,4.35,4.35,4.35,6630
BAGFILMS,20190808,3.05,3.1,2.9,3,143863
BAJAJ-AUTO,20190808,2612,2721.55,2602.05,2703.75,592914
BAJAJCON,20190808,263.85,263.85,259.05,261.6,39319
BAJAJELEC,20190808,361.1,370.15,351.65,366.05,201933
BAJAJFINSV,20190808,7200.05,7376.3,7128,7290.45,243718
BAJAJHIND,20190808,6.05,6.15,5.8,5.95,841625
BAJAJHLDNG,20190808,3458.35,3486.95,3413.2,3443.5,15876
BAJFINANCE,20190808,3290,3360,3261,3334.7,1587742
BALAJITELE,20190808,52.5,53.8,51.5,51.9,52592
BALAMINES,20190808,258.9,264.05,253.45,260.8,25423
BALAXI,20190808,66,68.5,66,68.5,2176
BALKRISHNA,20190808,18.25,20.95,18.05,19.05,4816
BALKRISIND,20190808,726,746.3,724.3,741.55,790341
BALLARPUR,20190808,0.65,0.65,0.55,0.55,4021036
BALMLAWRIE,20190808,170.8,172.95,168.5,169.95,55639
BALPHARMA,20190808,50,54,45.3,46.7,210795
BALRAMCHIN,20190808,128,129.6,118.65,121.4,2512609
BANARBEADS,20190808,40.45,41,40,40,1403
BANARISUG,20190808,1299,1299,1250.1,1289.3,335
BANCOINDIA,20190808,92.2,94.5,91.2,93.5,15629
BANDHANBNK,20190808,476,490,472,486.9,350297
BANG,20190808,32.4,33.4,31,32.8,4260
BANKBARODA,20190808,98.45,101.1,96.5,100.05,36696809
BANKBEES,20190808,2835,2885.05,2818.1,2880.46,5040
BANKINDIA,20190808,67.5,69.45,66.4,68.85,7998702
BANSWRAS,20190808,56.5,61.4,56,57.8,519
BARTRONICS,20190808,2.8,2.95,2.75,2.75,5131
BASF,20190808,1040,1048.75,1000,1006.6,10103
BASML,20190808,126,131,126,129.35,465
BATAINDIA,20190808,1407,1434.95,1396.7,1427.5,519327
BAYERCROP,20190808,3089.95,3165,3030,3148.5,2939
BBL,20190808,892.55,899.85,875,886.55,4399
BBTC,20190808,774.75,792,772.2,785.25,17889
BCG,20190808,2.95,3.15,2.95,3.05,249734
BDL,20190808,289.1,293.85,287.6,292.95,43831
BEARDSELL,20190808,14.3,15.75,13.05,14.85,612
BEDMUTHA,20190808,13.85,13.85,13,13,6783
BEL,20190808,95.2,97.4,93.5,97,10466720
BEML,20190808,808.95,819.75,796.95,808.6,350422
BEPL,20190808,60.4,60.4,58,58.45,170446
BERGEPAINT,20190808,353.7,356.9,347.7,355.55,1823366
BFINVEST,20190808,241.1,242.9,236,236.95,28115
BFUTILITIE,20190808,166,166.45,160.45,163.9,286029
BGLOBAL,20190808,1,1,0.95,0.95,4575
BGRENERGY,20190808,40,40.7,39.4,40.25,43261
BHAGERIA,20190808,107.05,108.5,104.4,108.2,3047
BHAGYANGR,20190808,21.05,23.9,21,23.8,4505
BHAGYAPROP,20190808,20,22.5,19.25,21.45,12164
BHANDARI,20190808,1.45,1.55,1.4,1.5,51051
BHARATFORG,20190808,405.9,420.85,403.4,418.2,966386
BHARATGEAR,20190808,64.4,64.8,62.5,63.7,6589
BHARATRAS,20190808,4095,4110,4030,4083.3,433
BHARATWIRE,20190808,33.05,33.1,32.75,33.05,10078
BHARTIARTL,20190808,366,378.75,365.4,372.15,16050094
BHEL,20190808,57.8,58.6,56.3,58.35,25552334
BIGBLOC,20190808,27.9,27.9,23.55,25.65,131
BIL,20190808,237,237,225.65,225.65,885
BILENERGY,20190808,1.8,1.9,1.8,1.85,151829
BINANIIND,20190808,13,13.85,12.55,13.55,1787
BINDALAGRO,20190808,10.85,11.75,10.85,11.35,58902
BIOCON,20190808,226.35,232.3,224.5,231.25,2693736
BIOFILCHEM,20190808,5.7,5.7,5.7,5.7,511
BIRLACABLE,20190808,81.85,81.85,75.3,77.7,38978
BIRLACORPN,20190808,586.9,609.95,575.1,600.15,45677
BIRLAMONEY,20190808,33.75,33.75,31.25,32.8,44849
BKMINDST,20190808,1.8,1.9,1.8,1.85,10624
BLBLIMITED,20190808,3.45,3.5,3.45,3.5,570
BLISSGVS,20190808,91.4,92.8,89.9,90.95,148863
BLKASHYAP,20190808,9.3,9.9,9.3,9.75,48216
BLS,20190808,80,81.8,78.45,80.6,12404
BLUEBLENDS,20190808,1.65,1.65,1.65,1.65,10
BLUECOAST,20190808,3.2,3.35,3.2,3.3,820
BLUEDART,20190808,2301.1,2325,2301.1,2322.15,568
BLUESTARCO,20190808,698.7,747,698.7,740.4,40995
BODALCHEM,20190808,75.85,79.5,75.85,76.95,81795
BOMDYEING,20190808,71.15,72.6,68.75,71.25,900230
BOROSIL,20190808,131.8,136.8,126.15,128.1,20846
BOSCHLTD,20190808,13977,14497,13801.25,14407.3,17954
BPCL,20190808,333.2,345.05,330.3,343.5,4153348
BPL,20190808,18.85,19,18,18.15,37031
BRFL,20190808,5.2,5.25,5.05,5.15,9143
BRIGADE,20190808,270.6,277,270,271.95,45368
BRITANNIA,20190808,2558.8,2590,2536.85,2577.6,286738
BRNL,20190808,69,80.1,69,77.7,33550
BROOKS,20190808,38,40.85,36.15,38.4,21501
BSE,20190808,470,470.5,463,469.75,77566
BSELINFRA,20190808,1,1.1,1,1.05,51453
BSL,20190808,25.75,25.8,24.55,24.95,2366
BSLGOLDETF,20190808,3366,3449,3366,3438.25,111
BSOFT,20190808,68.65,69.15,63.25,64.4,3089340
BURNPUR,20190808,1.25,1.25,1.2,1.25,46399
BUTTERFLY,20190808,156.85,156.95,150.8,151.9,12774
BVCL,20190808,15.1,15.1,14.1,14.8,1967
BYKE,20190808,21.05,21.8,20.5,21.1,38809
CADILAHC,20190808,229,236,226.5,234.7,1979751
CALSOFT,20190808,16.9,17.1,15.65,16.95,32890
CAMLINFINE,20190808,61.3,62.4,58.25,59.75,124514
CANBK,20190808,226.5,229.4,220.15,227.85,7744820
CANFINHOME,20190808,386.2,391.8,380.85,382.6,127109
CANTABIL,20190808,217.85,231.5,213.35,224.1,16033
CAPACITE,20190808,217,227.8,217,222.3,42845
CAPLIPOINT,20190808,414,418,408.55,415.4,11584
CAPTRUST,20190808,50,53,50,53,2498
CARBORUNIV,20190808,291,299.5,291,296.2,14172
CAREERP,20190808,53.05,60,52,58.1,79114
CARERATING,20190808,558,559,543.1,545,219718
CASTEXTECH,20190808,0.55,0.6,0.5,0.6,180038
CASTROLIND,20190808,117.45,119,116.2,117.65,863648
CCHHL,20190808,3.6,3.8,3.5,3.8,18692
CCL,20190808,241,246.95,241,245.1,93161
CDSL,20190808,191,193,186.25,190.65,134196
CEATLTD,20190808,831,859,830,850.7,200559
CEBBCO,20190808,15,15,14.15,14.25,19388
CELEBRITY,20190808,7.65,8,7.65,8,21116
CELESTIAL,20190808,3.65,3.85,3.65,3.85,29118
CENTENKA,20190808,176,179.55,174.5,178,6753
CENTEXT,20190808,2.8,2.9,2.7,2.7,34959
CENTRALBK,20190808,20.6,20.9,19.7,20.1,1681225
CENTRUM,20190808,24.9,26.1,24.25,25.5,320627
CENTUM,20190808,460,470.05,450.15,460.05,671
CENTURYPLY,20190808,115.2,117.5,114.1,115.55,68050
CENTURYTEX,20190808,887,905,870.6,889.15,499544
CERA,20190808,2525,2525,2442,2472.1,2099
CEREBRAINT,20190808,21.5,24.7,19.65,22.65,767093
CESC,20190808,746,758.9,742.75,753.95,345993
CESCVENT,20190808,400.6,405,397.6,402.4,2582
CGCL,20190808,156,159,152.05,157.2,413989
CGPOWER,20190808,18.1,18.15,17.7,18.05,775594
CHALET,20190808,313.25,314.95,309.25,311.4,971
CHAMBLFERT,20190808,148,150.5,147.9,149.9,213164
CHEMFAB,20190808,160.8,164.6,157.15,158.2,2482
CHENNPETRO,20190808,196,198.15,192.55,194.7,219149
CHOLAFIN,20190808,274.7,274.9,265.55,271.3,751217
CHOLAHLDNG,20190808,472.3,488.5,471.7,483.6,11488
CHROMATIC,20190808,0.7,0.7,0.5,0.5,71
CIGNITITEC,20190808,277,279,272.5,277.2,8379
CIMMCO,20190808,17.15,20.2,16.5,17.95,28663
CINELINE,20190808,26.2,27.3,26.15,26.45,2560
CINEVISTA,20190808,6.9,6.9,6.35,6.35,1099
CIPLA,20190808,504.75,510,493.8,503.05,6750611
CKFSL,20190808,1.65,1.65,1.65,1.65,15636
CLEDUCATE,20190808,92.15,93.9,91.1,92.8,586
CLNINDIA,20190808,273,277.3,264,269.25,15267
CMICABLES,20190808,69,70,65.75,68.9,15968
CNOVAPETRO,20190808,10.2,10.2,9.5,10,3061
COALINDIA,20190808,206.15,213.3,204.85,211.85,8622272
COCHINSHIP,20190808,349.9,350.1,346.25,349.15,36293
COFFEEDAY,20190808,76.85,76.85,76.85,76.85,61623
COLPAL,20190808,1205,1218.7,1201.05,1209.8,321571
COMPINFO,20190808,11.05,11.35,10.85,10.95,18327
COMPUSOFT,20190808,8.25,8.55,7.9,8.5,18779
CONCOR,20190808,480,485.8,473,482.35,583859
CONFIPET,20190808,25.3,27.4,25.25,26.6,132108
CONSOFINVT,20190808,33.6,39.7,33.25,34.55,403
CONTROLPR,20190808,222.85,231,222.85,229.1,1413
CORALFINAC,20190808,13.4,13.4,12.75,13.15,1081
CORDSCABLE,20190808,43.45,43.45,40.5,41.6,3701
COROMANDEL,20190808,357.25,366,352.25,364.35,100057
CORPBANK,20190808,20.95,21.05,20.4,20.55,200697
COSMOFILMS,20190808,211.65,217.5,208.4,209.95,7417
COUNCODOS,20190808,1.95,1.95,1.95,1.95,3000
COX&KINGS,20190808,8.6,8.6,8.6,8.6,87223
CPSEETF,20190808,23.16,23.65,23.15,23.58,22382193
CREATIVE,20190808,69,73.5,69,71.85,2991
CREDITACC,20190808,501,512,487.9,498.65,39068
CREST,20190808,73.95,79.05,70.15,75.15,7434
CRISIL,20190808,1180,1185,1151,1174.35,20685
CRMFGETF,20190808,3310,3465,3310,3464.9,4
CROMPTON,20190808,228,229.9,225.25,227,978356
CTE,20190808,29.95,29.95,27.6,28.65,1100
CUB,20190808,197.1,198.95,190.3,194.25,1645092
CUBEXTUB,20190808,11.3,12.1,11.1,12.05,1660
CUMMINSIND,20190808,652,661.15,587.25,603.15,2876701
CUPID,20190808,131.95,133.2,127.1,128.65,18039
CURATECH,20190808,1.15,1.15,1.15,1.15,135
CYBERTECH,20190808,48.75,49.95,44.8,45.8,75021
CYIENT,20190808,447.8,450.95,441.2,443.6,25560
DAAWAT,20190808,18.35,18.75,18.2,18.45,164870
DABUR,20190808,432.65,437.9,431.5,435.4,1319364
DALBHARAT,20190808,1009.4,1019.75,1005.1,1009.45,21604
DALMIASUG,20190808,83,83.75,80.5,82.15,64830
DAMODARIND,20190808,31.5,31.85,30.5,30.75,2143
DATAMATICS,20190808,73.2,75.95,73.2,74.7,30180
DBCORP,20190808,153.1,157.8,153.1,157.1,116704
DBL,20190808,398.15,407.95,391.1,403.35,150495
DBREALTY,20190808,8,8,7.55,7.75,67638
DBSTOCKBRO,20190808,9.95,9.95,9.95,9.95,50
DCAL,20190808,202,207.85,198,204.4,57506
DCBBANK,20190808,192,195,189.6,194,353038
DCM,20190808,18.1,19.8,17.2,18.35,7632
DCMNVL,20190808,25.2,30,25.2,25.55,22282
DCMSHRIRAM,20190808,384,395,382.05,393.35,65333
DCW,20190808,14.7,15.35,14.45,15.05,52004
DECCANCE,20190808,367.2,371.45,363.2,364.6,6364
DEEPAKFERT,20190808,81.95,81.95,80.1,80.95,90129
DEEPAKNTR,20190808,278,283.5,276.05,282.6,162714
DEEPIND,20190808,107.2,114.45,107,112.45,9738
DELTACORP,20190808,155,159.3,150.7,157.3,773392
DELTAMAGNT,20190808,41,41,40,40,343
DEN,20190808,58,61,57,57.8,49104
DENORA,20190808,249.4,249.4,233.95,243.2,2852
DFMFOODS,20190808,252.85,255.95,249.85,253.55,2502
DGCONTENT,20190808,8.5,9,8,8.05,5500
DHAMPURSUG,20190808,152,153.5,147.5,149.1,273470
DHANBANK,20190808,13.4,13.75,13.05,13.7,183584
DHANUKA,20190808,335.45,344.2,325,329.6,13376
DHARSUGAR,20190808,6.9,7.1,6.8,7,4100
DHFL,20190808,50.15,51.3,45.35,47.6,21977050
DHUNINV,20190808,191.3,195.05,182,188.65,991
DIAMONDYD,20190808,748.05,780,748.05,778.45,401
DICIND,20190808,301.2,327,300,307.45,770
DIGJAMLTD,20190808,1.05,1.05,0.95,1.05,31623
DISHTV,20190808,22.75,23.9,22.3,23.45,25532679
DIVISLAB,20190808,1644,1655.95,1626.05,1651,678997
DIXON,20190808,1875,1902,1850,1871.9,1265
DLF,20190808,166.9,172.7,166.1,171.8,5915829
DLINKINDIA,20190808,87.1,90.95,85.75,89.6,21192
DMART,20190808,1432.5,1445,1405.25,1429.75,321489
DNAMEDIA,20190808,0.5,0.5,0.45,0.45,5497
DOLLAR,20190808,203.15,207.9,199,206.15,6975
DOLPHINOFF,20190808,21.85,22.6,20.45,21.8,129592
DONEAR,20190808,25.6,27.3,25.15,27.05,34386
DPSCLTD,20190808,9.2,9.5,9.1,9.4,4829
DQE,20190808,3.55,3.55,3.4,3.4,5473
DREDGECORP,20190808,336.55,342.8,330.15,335.05,77137
DRREDDY,20190808,2570,2587.95,2550.05,2571.95,255261
DSSL,20190808,27.5,28.8,27.5,28.05,2115
DTIL,20190808,165.45,168.05,163.45,164.8,2047
DUCON,20190808,5.9,6.2,5.7,6,47120
DVL,20190808,78.15,78.2,76.95,77.25,12413
DWARKESH,20190808,20.3,20.5,19.65,19.95,298171
DYNAMATECH,20190808,1245,1285.95,1233,1239.5,712
DYNPRO,20190808,120.1,123.95,119.5,123.15,6163
EASTSILK,20190808,0.85,0.85,0.85,0.85,5479
EASUNREYRL,20190808,3.55,3.7,3.4,3.7,5543
ECLERX,20190808,512.05,531,512.05,528.7,12112
EDELWEISS,20190808,144.15,145.7,142.5,144.95,519102
EICHERMOT,20190808,16660,16900,16293.2,16811.65,134147
EIDPARRY,20190808,147.5,149.45,145.3,148.45,27239
EIHAHOTELS,20190808,281.7,284.7,275.1,277.85,419
EIHOTEL,20190808,161.5,161.55,157.5,158.45,38853
EIMCOELECO,20190808,281.65,289,281.65,285.15,401
EKC,20190808,20.4,20.85,20.05,20.45,24570
ELAND,20190808,6.05,6.7,6,6.35,8057
ELECON,20190808,28,29.5,27.55,29.05,27210
ELECTCAST,20190808,14.95,15.25,14.4,15.05,86972
ELECTHERM,20190808,165.1,169.5,161.1,163.5,19479
ELGIEQUIP,20190808,231.8,245,231.8,243,19492
ELGIRUBCO,20190808,15.9,18.9,15.9,17.3,7095
EMAMILTD,20190808,309.85,319.8,300.5,312.05,1523814
EMAMIPAP,20190808,72.5,77.65,67.1,76.6,3052
EMAMIREAL,20190808,46.45,47.8,44,44.45,17885
EMCO,20190808,1.4,1.4,1.4,1.4,1200
EMKAY,20190808,54,56.2,52.5,53.05,7719
EMMBI,20190808,135.85,135.85,127.85,133.4,3096
ENDURANCE,20190808,933,961,742.15,742.15,456629
ENERGYDEV,20190808,4.95,4.95,4.8,4.85,7432
ENGINERSIN,20190808,97.45,99.2,95.3,97.85,1294839
ENIL,20190808,380,397,375.1,381.35,462
EON,20190808,14.65,15.25,14.3,15.1,6709
EQ30,20190808,310,310,310,310,6
EQUITAS,20190808,105.45,106.4,103.25,105.85,1037464
ERIS,20190808,400.15,403.15,393,399.95,47849
EROSMEDIA,20190808,10.7,10.7,9.95,10,581068
ESABINDIA,20190808,1051.1,1090,1051,1077.4,826
ESCORTS,20190808,463,486.5,461.2,482.1,2283514
ESSARSHPNG,20190808,7.3,7.35,6.9,7.05,10957
ESSELPACK,20190808,129.1,129.9,116.75,126.25,48658
ESTER,20190808,24,25,24,24.9,8190
EUROCERA,20190808,0.7,0.8,0.7,0.7,1066
EUROMULTI,20190808,0.45,0.45,0.45,0.45,315
EVEREADY,20190808,81.35,85.4,81.1,84.9,197980
EVERESTIND,20190808,320.95,328.2,312.1,322.55,43721
EXCEL,20190808,1.15,1.15,1.1,1.1,5062
EXCELCROP,20190808,2704.7,2715,2690.05,2702.7,888
EXCELINDUS,20190808,773.45,791.95,744.2,774.65,12192
EXIDEIND,20190808,177.9,181.25,172.6,180.35,1855695
EXPLEOSOL,20190808,280.5,300,280.1,285.4,951
FACT,20190808,36.3,36.85,35.05,36.05,63419
FAIRCHEM,20190808,516,518.65,496.6,507.35,8735
FCL,20190808,28.2,28.45,26,27.55,245668
FCONSUMER,20190808,28.4,28.8,27,28.15,495448
FCSSOFT,20190808,0.3,0.35,0.3,0.35,398739
FDC,20190808,160,162.75,160,161.1,7120
FEDERALBNK,20190808,87.2,88,85.25,87.3,12729824
FEL,20190808,22.75,23.6,22.5,23.45,134934
FELDVR,20190808,22,24,21.9,22.4,5607
FIEMIND,20190808,373.55,382,365.5,378.7,7662
FILATEX,20190808,38.65,40.4,36.65,38.7,139113
FINCABLES,20190808,375,376.35,366.55,374.1,20947
FINEORG,20190808,1470,1499,1470,1474.2,4498
FINPIPE,20190808,518,534,513.1,528.3,21560
FLEXITUFF,20190808,15.3,16.7,14.3,15,7813
FLFL,20190808,428.05,440.5,416.05,431.55,14916
FMGOETZE,20190808,509.45,527.9,498.25,501.45,4276
FMNL,20190808,25.5,25.55,24.6,25.55,7878
FORTIS,20190808,119.9,124.2,118.1,123.7,944079
FOSECOIND,20190808,1186,1186,1145,1164.65,1256
FRETAIL,20190808,403,404.8,393.1,400.05,510078
FSC,20190808,515,524,505,519.65,3448
FSL,20190808,47.5,48.1,46.8,47.75,1212564
GABRIEL,20190808,96.05,99.8,95,97.75,26744
GAEL,20190808,122.45,128,120.1,127.45,12697
GAIL,20190808,121.5,122.55,119.6,121.95,5704123
GAL,20190808,3.2,3.6,2.95,3.6,66871
GALAXYSURF,20190808,1198.3,1209.5,1198.25,1203.55,8972
GALLANTT,20190808,28.2,29.5,26.65,28,31601
GALLISPAT,20190808,28.05,28.05,25.6,26.15,149416
GAMMNINFRA,20190808,0.4,0.4,0.35,0.35,258813
GANDHITUBE,20190808,342.5,354.9,342.5,347.95,3411
GANECOS,20190808,253.45,259,250,252.85,9207
GANESHHOUC,20190808,40.55,42.45,37.3,39.1,55930
GANGESSECU,20190808,35.5,39.5,35.5,39.5,94
GARDENSILK,20190808,11.1,11.35,10.35,10.9,8074
GARFIBRES,20190808,1050,1059.6,1010.1,1015.35,14677
GATI,20190808,37.6,41.4,37.6,40.75,1237365
GAYAHWS,20190808,0.7,0.7,0.65,0.7,11063
GAYAPROJ,20190808,132.2,133,129.15,130.25,7112
GDL,20190808,101.1,104.65,99.9,101,40043
GEECEE,20190808,85.9,85.9,83,83.5,928
GENESYS,20190808,83.5,83.5,79.4,80.25,10149
GENUSPAPER,20190808,4.75,4.75,4.5,4.65,15901
GENUSPOWER,20190808,21.6,21.7,20.65,21.35,63663
GEOJITFSL,20190808,23.45,23.45,22.55,23.05,169600
GEPIL,20190808,750.9,754.7,695.1,733,28269
GESHIP,20190808,237,237.05,225.45,230.45,28945
GET&D,20190808,143.1,153.8,142.2,152,25420
GFLLIMITED,20190808,86.65,86.65,86.65,86.65,2849
GFSTEELS,20190808,1.55,1.6,1.55,1.55,5591
GHCL,20190808,202,209,201,206.2,65977
GICHSGFIN,20190808,240,241.8,237.1,239.8,17609
GICRE,20190808,195.15,200.1,195.15,198.2,42899
GILLANDERS,20190808,37,37,33.6,35.2,4724
GILLETTE,20190808,7170.05,7189.35,7106,7157.35,1590
GINNIFILA,20190808,7.9,8.45,7.7,8.35,25872
GIPCL,20190808,68.6,70.5,68.6,70.2,56739
GKWLIMITED,20190808,665.55,725,665.55,679.15,82
GLAXO,20190808,1210,1212.35,1198,1204.6,20443
GLENMARK,20190808,414.4,430,414.35,426.15,854250
GLFL,20190808,1.5,1.5,1.45,1.45,3500
GLOBALVECT,20190808,46.2,47.55,45.5,47.55,4725
GLOBOFFS,20190808,5.95,6.1,5.9,6.05,2714
GLOBUSSPR,20190808,107.45,109,107,108.3,7329
GMBREW,20190808,388,397.95,388,394.45,7892
GMDCLTD,20190808,66.4,66.5,65.4,65.9,48807
GMMPFAUDLR,20190808,1247.95,1270,1220.25,1258.85,1627
GMRINFRA,20190808,14.75,14.9,14.65,14.85,6104772
GNA,20190808,227,227,219.4,221.4,12835
GNFC,20190808,206.05,210,204.05,208.75,148915
GOACARBON,20190808,265,269.75,262.5,265.9,38986
GOCLCORP,20190808,280.05,291.15,278.55,285.4,7219
GODFRYPHLP,20190808,695.5,717,692.8,699.35,89200
GODREJAGRO,20190808,431.7,442.5,425.8,439.7,75643
GODREJCP,20190808,635.8,644.65,634.05,642.8,1127122
GODREJIND,20190808,453.45,474.5,445,468.75,119354
GODREJPROP,20190808,938.7,938.7,901.3,908.65,493564
GOKEX,20190808,78.95,82.5,78.25,82.1,87071
GOKUL,20190808,12.15,12.15,11.6,12.15,1300
GOKULAGRO,20190808,12.4,12.95,11.85,12.55,4102
GOLDBEES,20190808,3275.15,3299.85,3250.6,3260.45,64424
GOLDENTOBC,20190808,25.05,25.95,25.05,25.95,122
GOLDIAM,20190808,90.95,91.95,89.1,91.25,21870
GOLDSHARE,20190808,3285.5,3312.75,3270,3280.9,5508
GOLDTECH,20190808,14.9,15.5,12.85,12.85,108479
GOODLUCK,20190808,54.5,55.9,54.05,55.05,4190
GPIL,20190808,160.65,162.1,151.7,156.25,38230
GPPL,20190808,75.5,79.75,75,77.2,488346
GPTINFRA,20190808,39,41,38.5,39.5,5626
GRANULES,20190808,93.6,98.35,92.1,97.4,1054285
GRAPHITE,20190808,316,325,310.2,320.25,880019
GRASIM,20190808,739,742.85,716.1,737.45,2497125
GRAVITA,20190808,36.15,38,36.15,37.3,22036
GREAVESCOT,20190808,116.6,118.7,114.05,116.75,376845
GREENLAM,20190808,665.05,694.9,665.05,690,1157
GREENPLY,20190808,117.15,138,115.6,130.35,765662
GREENPOWER,20190808,2.85,2.85,2.65,2.65,153972
GRINDWELL,20190808,545.1,549.75,540.25,547.9,1466
GROBTEA,20190808,263.2,263.2,263.2,263.2,1
GRPLTD,20190808,870,900.05,870,880.6,55
GRSE,20190808,132.5,135.75,132.35,133.2,89792
GRUH,20190808,260,260,253.05,259.45,315744
GSCLCEMENT,20190808,17.9,18.1,17.25,17.5,13667
GSFC,20190808,73.6,74.3,72.2,72.95,449958
GSKCONS,20190808,7611.1,7744,7611.1,7725.65,7896
GSPL,20190808,217,220.7,211.45,219.4,760468
GSS,20190808,36.3,37.35,34.75,37.35,66203
GTL,20190808,2.5,2.8,2.45,2.8,110271
GTLINFRA,20190808,0.6,0.65,0.6,0.6,269417
GTNIND,20190808,5.65,6.15,5.65,6.1,1006
GTNTEX,20190808,6.8,7.95,6.8,7.95,206
GTPL,20190808,79,80.85,78.3,79.15,20030
GUFICBIO,20190808,53.3,54.8,51.05,52.75,45101
GUJALKALI,20190808,440.05,447.05,434.7,438.6,17443
GUJAPOLLO,20190808,127.9,135.8,111,112.45,2282
GUJGASLTD,20190808,183.5,187,183.2,185,796649
GULFOILLUB,20190808,784,817.5,784,813.55,6920
GULFPETRO,20190808,39.5,41,39.1,40.65,7640
GULPOLY,20190808,35,37.05,35,35.45,2452
GVKPIL,20190808,4.65,4.7,4.45,4.65,868287
HAL,20190808,625,636.6,625,633.55,3141
HARITASEAT,20190808,378.1,414.9,375.2,409.4,6960
HARRMALAYA,20190808,50,50.8,47.6,48.5,10550
HATHWAY,20190808,19.65,20.2,19.65,20.05,43855
HATSUN,20190808,605.75,607.8,575,584.3,14182
HAVELLS,20190808,648,661.95,640.3,656.3,1157834
HAVISHA,20190808,0.75,0.75,0.75,0.75,702
HBLPOWER,20190808,18.25,18.75,18,18.15,84189
HCC,20190808,8.4,8.5,8.1,8.3,1519314
HCG,20190808,104,111.85,100.5,106.05,17389
HCL-INSYS,20190808,9.75,9.75,9.4,9.6,690913
HCLTECH,20190808,1035.95,1095,1028.05,1088.25,6246649
HDFC,20190808,2183.9,2187.7,2152,2182.3,3525820
HDFCAMC,20190808,2138.7,2189.45,2132,2163.3,242523
HDFCBANK,20190808,2198,2243,2183,2233.15,4927900
HDFCLIFE,20190808,541.4,545.55,516.3,522.9,10168512
HDFCMFGETF,20190808,3378.5,3430.5,3347.1,3358.95,31051
HDFCNIFETF,20190808,1140,1157.5,1139.86,1156.85,454
HDFCSENETF,20190808,3873.24,3900,3873.24,3899,66
HDIL,20190808,11.8,11.85,11.15,11.65,1614497
HEG,20190808,1040,1052,1021.85,1037.5,225982
HEIDELBERG,20190808,194.05,195,188.5,190.35,222375
HERCULES,20190808,82.5,84.2,81.45,83.3,12780
HERITGFOOD,20190808,353.5,370.95,352.35,359.85,35194
HEROMOTOCO,20190808,2500.5,2629,2495,2587.9,1692331
HESTERBIO,20190808,1590.75,1649,1590.75,1633.05,2665
HEXATRADEX,20190808,12.1,12.1,12.1,12.1,2613
HEXAWARE,20190808,355.55,373.65,353.35,367.55,633416
HFCL,20190808,18.9,18.95,18.75,18.9,560901
HGINFRA,20190808,233.95,234.4,223.05,226.15,5563
HGS,20190808,580.6,611.9,562,567.4,10879
HIGHGROUND,20190808,1.75,1.8,1.7,1.8,184570
HIKAL,20190808,148.9,148.9,145.75,147.15,64305
HIL,20190808,1193.45,1220,1170,1205.75,3499
HILTON,20190808,10.5,10.5,9.75,10.45,606
HIMATSEIDE,20190808,128,130,125.75,129.1,29327
HINDALCO,20190808,177.5,181.8,175.4,181.05,6183264
HINDCOMPOS,20190808,170,175,170,171.65,885
HINDCOPPER,20190808,31.05,32.95,30.75,32.65,591876
HINDMOTORS,20190808,5.75,6.35,5.55,5.55,156571
HINDNATGLS,20190808,20.6,21.6,20.6,21.6,602
HINDOILEXP,20190808,102.2,103.4,97.65,101.5,246235
HINDPETRO,20190808,246.15,251.7,241.3,250.4,4414553
HINDUJAVEN,20190808,289.05,299.95,289.05,292.2,588
HINDUNILVR,20190808,1780.5,1807,1780.5,1803.1,1761732
HINDZINC,20190808,208.3,212.95,206.35,212.2,741347
HIRECT,20190808,116.2,132.75,115.55,126.65,30047
HISARMETAL,20190808,46,46.5,46,46.5,1371
HITECH,20190808,184,185.5,176.55,183.15,65286
HITECHCORP,20190808,73.3,73.3,64.75,70,10997
HITECHGEAR,20190808,173.95,177,169.95,172.6,806
HMVL,20190808,75.2,79.1,72.55,74.45,39027
HONAUT,20190808,22865.8,23095,22805.65,23032.9,518
HONDAPOWER,20190808,907,933,900,914.05,4862
HOTELEELA,20190808,7.5,7.5,7.2,7.35,51525
HOVS,20190808,93.8,96.5,92.4,93.2,11669
HPL,20190808,41.85,43.4,41.15,42.9,10347
HSCL,20190808,74.6,78.45,74.6,77.05,288978
HSIL,20190808,222,223.55,217.25,219.85,54582
HTMEDIA,20190808,24.25,25.1,24.05,24.9,47982
HUBTOWN,20190808,16.45,16.5,15.5,16.35,38556
HUDCO,20190808,33.6,34.2,33.4,33.9,555434
IBMFNIFTY,20190808,106.53,106.53,106.52,106.52,96
IBREALEST,20190808,71,76.25,69.4,75.05,8105275
IBULHSGFIN,20190808,451,459,425.5,444.35,30293042
IBULISL,20190808,94,96.65,90,90.65,427928
IBVENTURES,20190808,195,206.45,187,202.95,2216739
ICICI500,20190808,142.55,144.5,142.55,144.5,18214
ICICIB22,20190808,33.98,33.98,33,33.79,213466
ICICIBANK,20190808,411,416.6,404.15,414.4,19046657
ICICIBANKN,20190808,276,282,276,282,3344
ICICIGI,20190808,1171,1205,1171,1200.2,471117
ICICIGOLD,20190808,34,34.35,31.65,33.8,22798
ICICILIQ,20190808,1000,1000,999.99,1000,8573
ICICILOVOL,20190808,86.49,87.51,86.49,87.1,193
ICICIMCAP,20190808,59.65,59.8,59,59.79,20968
ICICINF100,20190808,117,119.41,115.2,119.41,189
ICICINIFTY,20190808,118,118,114,116,103743
ICICINV20,20190808,53.12,54.03,52.95,53.87,7322
ICICINXT50,20190808,25.95,26.35,25.95,26.26,31499
ICICIPRULI,20190808,398.85,402,385.45,392.45,2258515
ICICISENSX,20190808,392.39,396.35,390.49,395.75,96
ICIL,20190808,35.05,36,34.2,35.2,155423
ICRA,20190808,2801,2899.9,2611,2834.2,5169
ICSA,20190808,1.45,1.45,1.45,1.45,27807
IDBI,20190808,27.2,28,26.65,27.75,5906800
IDBIGOLD,20190808,3410.05,3444,3381.1,3388.1,397
IDEA,20190808,5.3,5.8,5.2,5.65,151450330
IDFC,20190808,32.95,33.2,32,32.6,1160979
IDFCFIRSTB,20190808,41.45,42.7,41,42.45,12322412
IDFNIFTYET,20190808,112.8,112.8,112.8,112.8,1
IEX,20190808,141,145.25,141,145.15,15797
IFBAGRO,20190808,279,331.05,276,331.05,17642
IFBIND,20190808,620,701,620,694.55,46333
IFCI,20190808,7.6,8,7.6,7.9,1340397
IFGLEXPOR,20190808,145.15,147.25,135.4,142.1,2888
IGARASHI,20190808,210.3,219.6,210,213.9,7348
IGL,20190808,311,314,310.25,311.9,746647
IGPL,20190808,195,200,192.95,197.3,3016
IIFL,20190808,118.35,118.35,114.8,116.7,23127
IITL,20190808,56.95,56.95,56.95,56.95,2
IMFA,20190808,154.75,155.1,146,150.9,15989
IMPAL,20190808,801,835,801,834.95,379
IMPEXFERRO,20190808,0.35,0.35,0.3,0.35,2530
INDBANK,20190808,7.6,7.8,7.35,7.8,7605
INDHOTEL,20190808,139,141.5,138,140.8,211901
INDIACEM,20190808,88.15,89.5,85.05,86.8,2146921
INDIAGLYCO,20190808,205.3,206.4,201.55,205.25,20400
INDIAMART,20190808,1197,1201.95,1102.95,1170.05,42802
INDIANB,20190808,199,201.8,192.6,194.7,923164
INDIANCARD,20190808,85.75,85.75,85.75,85.75,2
INDIANHUME,20190808,265.45,265.55,260,262.55,10739
INDIGO,20190808,1497,1523.95,1478.25,1518.15,1072998
INDLMETER,20190808,24.4,24.9,24.3,24.9,4725
INDNIPPON,20190808,334.95,338.95,324.1,330.2,1308
INDOCO,20190808,151.6,153.5,149.9,152.7,10159
INDORAMA,20190808,31.5,31.5,30.1,30.45,2353
INDOSTAR,20190808,300,306,295,300,55252
INDOTECH,20190808,83.95,86.5,80,83.45,1028
INDOTHAI,20190808,21.9,21.9,21,21.85,856
INDOWIND,20190808,3,3.35,2.95,3.25,11817
INDRAMEDCO,20190808,35.5,36.1,35.5,35.75,7702
INDSWFTLAB,20190808,34.45,34.5,32.35,32.95,61632
INDSWFTLTD,20190808,3.9,4.1,3.8,4,2439
INDTERRAIN,20190808,84,89.8,81.95,86.5,779
INDUSINDBK,20190808,1430,1430,1372.95,1414.05,5079904
INEOSSTYRO,20190808,397.25,401.9,390,396.3,1523
INFIBEAM,20190808,40.55,41.65,39.6,41.25,2131941
INFOBEAN,20190808,56.5,62.5,56.5,61.35,1180
INFRABEES,20190808,316,317.7,309,317.19,437
INFRATEL,20190808,246.5,253.55,246.05,250.25,2356514
INFY,20190808,782.7,792.75,781.25,788.75,8009009
INGERRAND,20190808,593,596.95,586,590,8581
INOXLEISUR,20190808,291,291.45,285.25,289,112444
INOXWIND,20190808,49.5,50.8,48.7,50.05,103452
INSECTICID,20190808,625.35,641.7,615.1,635.25,7209
INSPIRISYS,20190808,39,42.9,38.5,38.95,9678
INTEGRA,20190808,0.2,0.25,0.2,0.2,421
INTELLECT,20190808,214.05,219.5,214.05,217.6,82310
INTENTECH,20190808,24.5,25.3,24.5,24.8,10604
INVENTURE,20190808,10.35,11.85,10.35,11.7,234
IOB,20190808,10.65,10.75,10.5,10.55,510315
IOC,20190808,130.4,131.2,127.65,130.85,10341685
IOLCP,20190808,204.45,213.05,203.4,208.65,418464
IPAPPM,20190808,433,436.65,433,435.9,54410
IPCALAB,20190808,934.8,945,926.75,941.45,117306
IRB,20190808,96,97.65,94.1,95.1,1269583
IRCON,20190808,354.4,358.7,353,354.9,12603
ISEC,20190808,205.55,205.9,201.6,204.8,58229
ISFT,20190808,68.6,69,65.5,67,252
ISMTLTD,20190808,4.7,4.95,4.55,4.6,42777
ITC,20190808,255,258.7,253,257.75,6370866
ITDC,20190808,170.4,173,168,170.6,3745
ITDCEM,20190808,70.9,71,66.4,70.1,44012
ITI,20190808,77.7,77.7,73.7,74.85,623924
IVC,20190808,3.05,3.2,3.05,3.05,136868
IVP,20190808,74.9,74.9,67.8,70.95,285
IVRCLINFRA,20190808,0.45,0.5,0.45,0.5,690796
IVZINGOLD,20190808,3422,3422,3292,3292,15
IVZINNIFTY,20190808,1170,1170,1170,1170,1
IZMO,20190808,32.15,32.7,30.25,30.25,20952
J&KBANK,20190808,49.4,53.3,41.85,43.85,8661840
JAGRAN,20190808,68,70,67.5,68.65,103382
JAGSNPHARM,20190808,22.45,23.35,21.95,22.7,5236
JAIBALAJI,20190808,17.6,18.75,17.45,18.25,26648
JAICORPLTD,20190808,71.55,73.4,70.3,72.65,473790
JAMNAAUTO,20190808,39.1,40.5,38.2,39.9,334722
JAYAGROGN,20190808,159,159.55,148.25,152.7,31270
JAYBARMARU,20190808,141.55,145.9,138.25,143.4,25978
JAYNECOIND,20190808,4.05,4.25,3.85,4.1,16730
JAYSREETEA,20190808,45,45.75,44.1,45.05,19575
JBCHEPHARM,20190808,365,371.05,365,369.95,19719
JBFIND,20190808,8.5,8.9,8.1,8.75,26547
JBMA,20190808,153,155,146.15,153,3963
JCHAC,20190808,1535,1570,1518,1530.75,3176
JETAIRWAYS,20190808,44.7,44.7,44.25,44.7,128105
JHS,20190808,15.55,15.55,14.75,15.35,27259
JIKIND,20190808,0.4,0.45,0.4,0.45,761
JINDALPHOT,20190808,14.95,15.75,14.9,14.9,1264
JINDALPOLY,20190808,231,233.1,224.1,227,10666
JINDALSAW,20190808,64.25,65.9,63.9,65.3,240831
JINDALSTEL,20190808,100.75,104.2,94.45,100.2,44589121
JINDCOT,20190808,3.45,3.45,3.45,3.45,17532
JINDRILL,20190808,76.05,76.05,71.75,72.45,19490
JINDWORLD,20190808,67.75,69,64.7,68.4,73973
JISLDVREQS,20190808,14,14,13.2,13.3,27888
JISLJALEQS,20190808,20,20,19.45,19.85,905582
JITFINFRA,20190808,6.7,6.75,6.7,6.75,901
JKCEMENT,20190808,972.6,984.8,966.15,971.95,117382
JKIL,20190808,125.85,129.4,121.4,126.8,74688
JKLAKSHMI,20190808,332.5,334.85,328,330.05,166064
JKPAPER,20190808,108.35,109.95,107.8,109.1,242448
JKTYRE,20190808,56,56.5,55,56.3,437886
JMA,20190808,22.75,23.65,22,22.65,549
JMCPROJECT,20190808,117.55,118.75,115.15,116.45,14317
JMFINANCIL,20190808,67,68.9,65.8,68.3,259141
JMTAUTOLTD,20190808,1.5,1.5,1.5,1.5,23659
JOCIL,20190808,86,87.05,82.2,84.65,3253
JPASSOCIAT,20190808,2.35,2.55,2.3,2.45,3661685
JPINFRATEC,20190808,1.2,1.25,1.15,1.25,1172700
JPOLYINVST,20190808,14.7,15.8,14.4,15.8,1185
JPPOWER,20190808,1.65,1.7,1.6,1.65,650452
JSL,20190808,31.45,31.45,28.8,29.2,267812
JSLHISAR,20190808,69.8,70.9,65.55,67.7,246755
JSWENERGY,20190808,70.25,70.55,68.95,70.3,328373
JSWHL,20190808,2518.5,2799.9,2518.5,2749.3,4325
JSWSTEEL,20190808,213.3,222.85,208.75,221.7,8752577
JTEKTINDIA,20190808,69.05,70.85,67.15,69,29905
JUBILANT,20190808,429.6,438.3,428.6,436.7,121143
JUBLFOOD,20190808,1163.15,1169.45,1141.15,1153.2,783829
JUBLINDS,20190808,116.8,121.95,116.05,119.65,30974
JUNIORBEES,20190808,268.7,269.99,265.77,269.11,45173
JUSTDIAL,20190808,714.5,727.95,678.55,690.85,3150453
JYOTHYLAB,20190808,158,160,155.3,158.8,163940
KABRAEXTRU,20190808,62,63.85,61,62.45,4085
KAJARIACER,20190808,481.05,484.6,468.2,478.6,366986
KAKATCEM,20190808,159.1,162,157.05,159.1,5969
KALPATPOWR,20190808,479.9,481,465.5,467.65,134539
KALYANIFRG,20190808,166,173.4,166,170,116
KAMATHOTEL,20190808,38.9,38.95,36.6,38.15,12173
KAMDHENU,20190808,94.8,94.8,90.05,90.8,8618
KANANIIND,20190808,3.4,4,3.4,4,114
KANORICHEM,20190808,46.5,46.75,44.6,46.25,35287
KANSAINER,20190808,469,478,456,469.15,379771
KARDA,20190808,177.05,187.4,177.05,185.7,83205
KARMAENG,20190808,10.6,10.6,10.5,10.6,406
KARURVYSYA,20190808,58,60.3,57.1,59.9,812537
KAVVERITEL,20190808,2.8,2.8,2.8,2.8,1002
KAYA,20190808,314,323.95,312.8,321.75,12005
KCP,20190808,73,73.55,71,73,20048
KCPSUGIND,20190808,12.65,12.9,12.35,12.75,36551
KDDL,20190808,319.4,319.4,296,306.3,13003
KEC,20190808,298,298,287.6,289.9,228580
KECL,20190808,9.15,9.95,9.1,9.45,40457
KEI,20190808,469.9,474.2,460.75,470.8,88018
KELLTONTEC,20190808,16.5,16.9,15.85,16,154431
KERNEX,20190808,19.1,19.5,19.1,19.5,62
KESARENT,20190808,34,34,31.35,33.25,731
KESORAMIND,20190808,59.5,63.5,59.15,62.3,341157
KGL,20190808,0.45,0.45,0.4,0.45,739870
KHADIM,20190808,193,201,189.95,198.6,6758
KHAITANELE,20190808,1.55,1.55,1.55,1.55,28
KHAITANLTD,20190808,20.95,21,20.95,20.95,125
KICL,20190808,1705,1705,1630,1640.35,217
KILITCH,20190808,109.8,130,109.8,130,225070
KINGFA,20190808,587,598.35,580,590.05,1847
KIOCL,20190808,122.75,125.8,121,121.7,12874
KIRIINDUS,20190808,440,440,396.05,413.4,150172
KIRLOSBROS,20190808,158,162.2,158,161.75,7716
KIRLOSENG,20190808,172.15,173.9,165.35,172.35,10419
KIRLOSIND,20190808,672.6,719,657.3,671.3,2090
KITEX,20190808,81.05,81.9,80,81.35,14156
KKCL,20190808,955,999.75,928,945.55,495
KMSUGAR,20190808,6.6,6.9,6.3,6.55,159313
KNRCON,20190808,256.1,261.05,256.1,257.7,88882
KOHINOOR,20190808,14.15,14.25,13.7,14.05,13806
KOKUYOCMLN,20190808,74.9,74.9,70.1,71.1,22052
KOLTEPATIL,20190808,224.9,228.85,221,226.75,65757
KOPRAN,20190808,30.5,33.85,30.5,33.15,135633
KOTAKBANK,20190808,1485,1509.8,1466.95,1502.75,1932121
KOTAKBKETF,20190808,284,290,282,288.15,54777
KOTAKGOLD,20190808,331.05,335,326.15,327.75,21373
KOTAKNIFTY,20190808,113.27,114.45,112.47,114.11,27673
KOTAKNV20,20190808,53.99,55.5,53.99,55.11,14538
KOTAKPSUBK,20190808,259.5,260,252.25,255.88,4741
KOTARISUG,20190808,9.05,10.4,9.05,10.4,152564
KOTHARIPET,20190808,18,18,17,17.3,17254
KOTHARIPRO,20190808,58.1,59.7,58.05,59.55,800
KPITTECH,20190808,82.5,84.5,80.55,82.7,286702
KPRMILL,20190808,536.9,555,536.9,548.7,1777
KRBL,20190808,226.5,229.4,217.1,223.15,107757
KREBSBIO,20190808,80,84,80,83.95,85
KRIDHANINF,20190808,9.7,9.75,9.05,9.75,71647
KSB,20190808,574.95,582.5,562.25,578.25,3314
KSCL,20190808,427.05,450,427.05,445.05,154673
KSERASERA,20190808,0.15,0.15,0.1,0.1,583353
KSK,20190808,0.65,0.7,0.6,0.65,460714
KSL,20190808,188,188.8,183.05,187,32592
KTIL,20190808,31.85,34.95,31.85,34.3,2279
KTKBANK,20190808,79.05,81.5,78.75,81.05,935150
KWALITY,20190808,2.85,2.9,2.75,2.75,547157
L&TFH,20190808,96.6,100,96,99.5,6245863
LAKSHVILAS,20190808,38.85,38.85,38.85,38.85,180857
LALPATHLAB,20190808,1088.5,1094.9,1075.25,1088.25,15215
LAMBODHARA,20190808,32.95,34.8,31.2,33.15,4081
LAOPALA,20190808,167,174.8,165.15,168.2,54351
LASA,20190808,10.9,10.9,10,10.3,13670
LAURUSLABS,20190808,319.9,339,319.9,328.5,23079
LAXMIMACH,20190808,3877,3925.9,3801,3823.15,2787
LEMONTREE,20190808,55.9,55.9,52.5,52.9,734247
LFIC,20190808,54.15,59.8,54.15,59.75,154
LGBBROSLTD,20190808,252.85,269.8,246.85,267.6,6545
LGBFORGE,20190808,2.75,2.75,2.65,2.75,3055
LIBAS,20190808,47.6,49.9,45.5,49.4,610
LIBERTSHOE,20190808,89.85,90.6,88.5,90,40103
LICHSGFIN,20190808,494.05,497.6,476.8,488.75,1683413
LICNETFGSC,20190808,21.8,22.4,19.9,20.18,33792
LICNETFN50,20190808,113.9,113.9,113.9,113.9,10
LINCOLN,20190808,139.6,150,139.6,146.7,23813
LINCPEN,20190808,221.15,227.85,210.25,218,1791
LINDEINDIA,20190808,486.1,489.55,475,486.6,14259
LIQUIDBEES,20190808,1000,1001,999.42,1000,3371009
LIQUIDETF,20190808,999.99,1000.01,999.99,1000,23840
LOKESHMACH,20190808,36.6,38.65,36.15,36.75,2911
LOTUSEYE,20190808,18.3,18.45,15.7,17,4389
LOVABLE,20190808,63.75,66.95,62.6,63.55,8151
LPDC,20190808,2.1,2.15,2.1,2.1,291
LSIL,20190808,0.5,0.55,0.45,0.5,950098
LT,20190808,1370,1372,1340.1,1360.65,2788577
LTI,20190808,1605,1629,1589.6,1623.3,49320
LTTS,20190808,1542.4,1566.75,1535.95,1556.85,34446
LUMAXIND,20190808,1060,1224.35,1030,1157.8,7671
LUMAXTECH,20190808,74.5,76.95,74.45,75.55,23624
LUPIN,20190808,785.8,791.4,750.4,760.95,3240635
LUXIND,20190808,1039.75,1065,1012.15,1025.8,54865
LYKALABS,20190808,16.7,17.7,16.4,17.7,9203
LYPSAGEMS,20190808,3.85,3.85,3.85,3.85,5751
M&M,20190808,518.5,541.5,516.35,539.55,5648169
M&MFIN,20190808,296.8,303.7,291.25,300.6,1288946
M100,20190808,16.54,16.55,16.33,16.34,264625
M50,20190808,106.5,108.62,105.74,108.04,1600
MAANALU,20190808,70.1,70.15,69.7,70,984
MADHAV,20190808,25.05,27.9,23.1,25.7,1002
MADHUCON,20190808,5.05,5.05,4.7,4.85,16947
MADRASFERT,20190808,20.9,21.25,20.65,20.9,129729
MAGADSUGAR,20190808,89.55,96.4,89,91.85,20784
MAGMA,20190808,70.7,75,67,71.3,40742
MAGNUM,20190808,3.8,3.8,3.8,3.8,511
MAHABANK,20190808,12.3,12.45,12.05,12.15,503222
MAHASTEEL,20190808,117.7,119.25,111.35,117.25,4491
MAHESHWARI,20190808,250,261,250,256.25,37550
MAHINDCIE,20190808,175.4,178,172.6,175.05,102680
MAHLIFE,20190808,382.3,390,375.05,386,11383
MAHLOG,20190808,371,371,360,362.4,13000
MAHSCOOTER,20190808,3820,3865,3758.15,3841,1549
MAHSEAMLES,20190808,396.1,411.95,393.65,408.7,23499
MAITHANALL,20190808,434.95,436.9,418.3,424.35,10102
MAJESCO,20190808,490,490,461,469.6,64338
MALUPAPER,20190808,18.05,19,18.05,18.5,1002
MAN50ETF,20190808,109.9,111.4,109.9,111.4,25038
MANAKALUCO,20190808,4.85,4.85,4.55,4.8,78782
MANAKCOAT,20190808,4.95,4.95,4.5,4.75,52824
MANAKSIA,20190808,30.8,32.45,30.55,30.85,162971
MANAKSTEEL,20190808,15.4,15.4,13.5,14.05,4199
MANALIPETC,20190808,18.65,18.65,17.6,18.15,196012
MANAPPURAM,20190808,117.7,121.5,116.85,121,5842543
MANGALAM,20190808,32.3,35.15,32.3,34.3,7839
MANGCHEFER,20190808,29.1,31.45,29.1,30.25,15485
MANGLMCEM,20190808,256.8,262.4,252,258.4,59473
MANGTIMBER,20190808,8.15,8.15,7.9,8.15,487
MANINDS,20190808,41.6,42.95,41.4,41.7,20093
MANINFRA,20190808,21.5,22.35,21.2,21.9,46207
MANPASAND,20190808,21.95,21.95,20.6,20.7,282775
MANUGRAPH,20190808,16.05,16.8,15.3,15.65,848
MARALOVER,20190808,16.7,17.15,16.3,17.15,1053
MARATHON,20190808,75.05,78,73.1,75.8,2557
MARICO,20190808,379,383.95,378.95,383,2189771
MARKSANS,20190808,16.55,17.2,16.5,16.95,407191
MARUTI,20190808,5725,5947,5725,5902.25,831725
MASFIN,20190808,597.45,609,592,599.95,3962
MASTEK,20190808,358.3,358.3,348.5,355.2,18528
MATRIMONY,20190808,602.7,620,579.8,587.55,383
MAWANASUG,20190808,32.45,32.45,30.1,30.3,94297
MAXINDIA,20190808,61.7,62.75,59.95,61,609394
MAXVIL,20190808,39.85,40.65,37.75,38.75,48790
MAYURUNIQ,20190808,216,235,215,227.35,26188
MAZDA,20190808,367.35,376.65,358.1,361.55,1141
MBECL,20190808,3.75,3.75,3.75,3.75,4305
MBLINFRA,20190808,4.85,5.05,4.65,4.65,64394
MCDHOLDING,20190808,16.25,17.35,14.25,16.75,14956
MCDOWELL-N,20190808,602.55,608,588,597.55,2706881
MCLEODRUSS,20190808,11.75,12,11.15,11.9,166621
MCX,20190808,814,823.95,801.9,817.05,227472
MEGASOFT,20190808,6.1,6.1,6,6,4378
MEGH,20190808,49.5,49.7,47.2,48.5,476078
MELSTAR,20190808,1.3,1.3,1.3,1.3,1
MENONBE,20190808,66.2,68.05,66.2,67.9,28128
MEP,20190808,30.55,32.5,29.9,32.1,232012
MERCATOR,20190808,1.8,1.8,1.8,1.8,34064
METALFORGE,20190808,6.15,6.65,6.15,6.55,2848
METROPOLIS,20190808,1043,1062.3,1035,1052.35,21148
MFSL,20190808,396.9,404.8,370.05,399.7,1723337
MGL,20190808,808.5,828.9,808,821.85,363144
MHRIL,20190808,211.5,217,211,215.95,11133
MIC,20190808,0.75,0.75,0.75,0.75,59776
MIDHANI,20190808,117,121,114,115.6,336943
MINDACORP,20190808,82.9,82.95,79.9,82.15,24697
MINDAIND,20190808,304.6,322,300.25,319.75,138065
MINDTECK,20190808,34.35,36,33.65,35.9,2885
MINDTREE,20190808,749.95,752.5,734,747.8,790462
MIRCELECTR,20190808,12.9,12.9,11.4,12.15,125082
MIRZAINT,20190808,56.85,58.1,56.25,57.15,75136
MMFL,20190808,349.95,369.65,345,359.3,4368
MMTC,20190808,18.2,19.75,18.2,19.2,649495
MOHITIND,20190808,5.95,5.95,5.4,5.8,493
MOHOTAIND,20190808,12.6,13.9,12.6,13.25,6760
MOIL,20190808,131.9,132.5,130,131.8,51741
MOLDTECH,20190808,48.9,49.95,48.6,48.95,1471
MOLDTKPAC,20190808,259.05,270,257.75,268.8,29924
MONSANTO,20190808,2025,2049.95,1985.45,2030.7,1459
MONTECARLO,20190808,260,270.9,255.2,267.35,15658
MORARJEE,20190808,12.7,13.2,12.1,12.7,3797
MOREPENLAB,20190808,16.85,17.6,16.85,17.15,379682
MOTHERSUMI,20190808,96.9,99,91.25,98.35,14867565
MOTILALOFS,20190808,498.75,528.7,495.2,523.25,382601
MPHASIS,20190808,965.2,969.5,960,961.85,43731
MPSLTD,20190808,470.05,478.35,470.05,475.1,2050
MRF,20190808,54015,54900,54005,54699.55,2761
MRO-TEK,20190808,22.7,24.25,22.25,22.25,893
MRPL,20190808,51.4,53.5,51.4,52.45,236519
MSPL,20190808,5.65,5.9,5.55,5.65,8766
MSTCLTD,20190808,84.5,87.5,84.15,84.9,8361
MTEDUCARE,20190808,25.4,25.55,24.5,25.55,10216
MTNL,20190808,5.9,6.8,5.85,6.45,3307757
MUKANDENGG,20190808,13.95,13.95,12.5,13.35,4295
MUKANDLTD,20190808,34.5,36.55,33,34.4,11431
MUKTAARTS,20190808,37.3,38.7,37.25,38.35,4541
MUNJALAU,20190808,31.2,32.35,31.2,31.9,34618
MUNJALSHOW,20190808,125.55,131.05,125.3,129.75,11134
MURUDCERA,20190808,14,14.35,13.8,14.2,9046
MUTHOOTCAP,20190808,535.05,543.95,530,541.05,1469
MUTHOOTFIN,20190808,631,639.45,625.25,635.35,554058
MVL,20190808,0.15,0.2,0.15,0.2,66472
N100,20190808,525.3,534,524,533.83,11500
NACLIND,20190808,25.4,27.95,25,25.95,8875
NAGAFERT,20190808,4.35,4.4,4.15,4.35,82732
NAGAROIL,20190808,0.25,0.25,0.2,0.25,328099
NAGREEKCAP,20190808,6.05,7.25,6.05,6.95,3688
NAGREEKEXP,20190808,12.9,13.8,12.5,13.55,475
NAHARCAP,20190808,61.35,64.65,61.35,63.6,942
NAHARINDUS,20190808,25.55,26.55,25.55,26.3,7291
NAHARPOLY,20190808,27,28.5,26.4,28.45,1410
NAHARSPING,20190808,59.55,59.6,55.15,56.4,4785
NATCOPHARM,20190808,550.25,555,541.05,552.95,53617
NATHBIOGEN,20190808,375,377,365,369.1,4798
NATIONALUM,20190808,43.15,43.95,42.65,43.8,3923987
NATNLSTEEL,20190808,2.6,2.7,2.6,2.65,1610
NAUKRI,20190808,2157,2183,2150.05,2174.8,105269
NAVINFLUOR,20190808,670.1,675.9,659.1,670.1,15088
NAVKARCORP,20190808,21,24.75,20.7,23.6,749495
NAVNETEDUL,20190808,102.2,105,99.1,103.4,59985
NBCC,20190808,38.3,39.9,38.15,39.75,14989187
NBIFIN,20190808,1220,1220,1122.1,1202.85,1491
NBVENTURES,20190808,90.6,93.35,88.5,91.85,151950
NCC,20190808,72.8,73.1,69.35,70.95,9246807
NCLIND,20190808,108.25,113.4,107.05,107.7,26889
NDL,20190808,29.8,31,28.45,30.6,15678
NDTV,20190808,37,39,37,37.55,21280
NECCLTD,20190808,6,6.35,5.7,6.1,12166
NECLIFE,20190808,14,14.7,13.95,14.55,120188
NELCAST,20190808,38.65,39.45,36.1,38,23163
NELCO,20190808,221.5,224,214.55,215.95,26342
NEOGEN,20190808,361.5,364,352,358.7,18322
NESCO,20190808,530.2,531.1,513.2,520.35,15329
NESTLEIND,20190808,11800,11930,11775,11840.25,36614
NETF,20190808,110.16,110.16,110.16,110.16,20
NETWORK18,20190808,20.25,20.5,20,20.25,114429
NEULANDLAB,20190808,463.15,464.45,451.65,457.15,11081
NEWGEN,20190808,295,297.85,289.65,291.05,7487
NEXTMEDIA,20190808,12.15,12.15,11.1,11.65,2596
NFL,20190808,26.8,26.9,26.05,26.7,556513
NH,20190808,211.6,217,210.35,213.3,81429
NHPC,20190808,22.35,22.7,22.35,22.55,873574
NIACL,20190808,120.1,121.95,118,119.25,41311
NIBL,20190808,8.15,8.4,7.8,7.85,8811
NIFTYBEES,20190808,1159,1174.2,1148.25,1169.35,81871
NIITLTD,20190808,96.9,97.3,95.1,95.9,146602
NIITTECH,20190808,1234,1298,1218.05,1276.45,365334
NILAINFRA,20190808,4.9,5,4.75,4.85,70273
NILASPACES,20190808,1.55,1.6,1.5,1.55,42371
NILKAMAL,20190808,1000.1,1055,1000.1,1044.95,50778
NIPPOBATRY,20190808,450,453,442.9,449.3,293
NITCO,20190808,21.6,21.7,20.8,21.05,24615
NITESHEST,20190808,1.7,1.8,1.7,1.8,54239
NITINFIRE,20190808,0.25,0.25,0.2,0.25,276168
NITINSPIN,20190808,53.1,57,50.85,53.5,18309
NKIND,20190808,29.1,29.95,29.1,29.75,4
NLCINDIA,20190808,54.5,55.95,54.5,55.2,503044
NMDC,20190808,102,102.65,100.2,101.95,2542198
NOCIL,20190808,91.25,91.45,88,89.85,342486
NOIDATOLL,20190808,3.35,3.5,3.25,3.4,24617
NRAIL,20190808,179.05,185.65,176.6,177.9,6108
NRBBEARING,20190808,81.9,85,78.5,84.85,109143
NSIL,20190808,965,974.1,965,966.6,146
NTL,20190808,0.45,0.45,0.35,0.35,1485
NTPC,20190808,123.15,125.15,122.2,124.65,8227791
NUCLEUS,20190808,307.3,312,301,308.9,14780
OAL,20190808,168.1,176.75,165,170.75,1351
OBEROIRLTY,20190808,554.85,560,543.05,552.65,87589
OCCL,20190808,1072,1072,1045.25,1065.85,2274
OFSS,20190808,3270,3290.1,3181.7,3198.7,36070
OIL,20190808,150.05,151.9,149.5,150.7,765641
OILCOUNTUB,20190808,6.6,7.2,6.4,6.65,10369
OISL,20190808,8,8.3,7.8,7.85,34575
OLECTRA,20190808,195.85,195.85,187.9,191,15990
OMAXAUTO,20190808,37.65,41.45,36.3,40.4,10716
OMAXE,20190808,198.25,199,195.9,196.9,312528
OMKARCHEM,20190808,5.95,5.95,5.55,5.6,28276
OMMETALS,20190808,16,17.45,15.25,16.35,19366
ONELIFECAP,20190808,7.35,7.4,7.35,7.4,1300
ONEPOINT,20190808,18.3,19.7,18.1,19.45,510
ONGC,20190808,130.5,132.7,127.9,130.85,10164125
ONMOBILE,20190808,30.15,30.6,29.05,30.25,25437
ONWARDTEC,20190808,62,66.8,62,63.25,3335
OPTIEMUS,20190808,57.9,58.65,55.5,56.55,149348
OPTOCIRCUI,20190808,4.8,4.8,4.2,4.2,418354
ORBTEXP,20190808,102.1,104.95,99,101.25,540
ORICONENT,20190808,21.8,22.85,21.5,22.1,117410
ORIENTABRA,20190808,17.05,17.5,16.8,16.85,5546
ORIENTALTL,20190808,13.25,13.3,13,13.05,61800
ORIENTBANK,20190808,66.05,67.9,65.35,67.2,1012472
ORIENTBELL,20190808,118,123,118,120.65,3509
ORIENTCEM,20190808,91.3,93.85,90.25,92.15,600741
ORIENTELEC,20190808,150.8,161.95,150.8,160.9,208349
ORIENTHOT,20190808,35.5,38.25,34,38,38271
ORIENTLTD,20190808,112.4,125,108.1,110.05,151
ORIENTPPR,20190808,25.5,25.5,25.05,25.3,506354
ORIENTREF,20190808,170.95,173.95,168.5,171.05,345180
ORISSAMINE,20190808,625.2,641,621.3,629.4,2278
ORTEL,20190808,1,1,1,1,43574
ORTINLABSS,20190808,10.25,10.7,9.95,10.1,26054
OSWALAGRO,20190808,7,7.7,6.75,7.5,54958
PAEL,20190808,2.3,2.5,2.3,2.5,232
PAGEIND,20190808,18499,18699.95,18110,18481.35,20878
PAISALO,20190808,402.55,407.95,402.35,406.7,9988
PALASHSECU,20190808,38.1,43.95,38.1,42.5,66
PALREDTEC,20190808,18.45,19.35,18.05,19.35,6257
PANACEABIO,20190808,136,144,132.15,138.25,42991
PANAMAPET,20190808,74,76.45,73.1,73.85,3344
PAPERPROD,20190808,217.05,228.5,217.05,226.9,10923
PARABDRUGS,20190808,0.5,0.5,0.5,0.5,6004
PARACABLES,20190808,9.7,10.35,9.2,9.85,20217
PARAGMILK,20190808,181,184.45,170.75,174.35,721544
PARSVNATH,20190808,3.65,3.65,3.35,3.5,88716
PATELENG,20190808,11,11.6,10.05,11.2,112671
PATINTLOG,20190808,19,19.15,18,19.15,14016
PATSPINLTD,20190808,6.2,6.7,6.2,6.35,3130
PCJEWELLER,20190808,33.7,33.8,32.1,32.65,6203316
PDMJEPAPER,20190808,11.05,11.4,10.8,11.25,48618
PDSMFL,20190808,328,332,327,330,1625
PEARLPOLY,20190808,10,10,9.55,9.55,5092
PEL,20190808,1689,1750,1676.35,1727.5,1148089
PENIND,20190808,24.1,24.35,23.05,23.4,51240
PENINLAND,20190808,5,5.2,4.95,5.05,73294
PERSISTENT,20190808,529,539.5,528.05,536.3,17538
PETRONET,20190808,235.05,240.8,231.5,239.45,4620904
PFC,20190808,105.8,109.95,105.6,109,9065261
PFIZER,20190808,2939.9,2948.9,2857.1,2869.1,50356
PFOCUS,20190808,39.45,39.7,37,38.25,5975
PFS,20190808,11.3,11.7,11.3,11.6,255087
PGEL,20190808,45.1,46.65,42.7,44.55,68824
PGHH,20190808,10440,10455,10246.5,10295.5,28618
PGHL,20190808,4650,4698.4,4565,4614.65,20420
PGIL,20190808,144.2,148.95,144.2,146.7,133
PHILIPCARB,20190808,115.45,119,115,116.85,353768
PHOENIXLTD,20190808,641,655,626.9,646.5,59699
PIDILITIND,20190808,1296.65,1333,1286,1328.85,883898
PIIND,20190808,1084,1113,1065.2,1107.7,142914
PILANIINVS,20190808,2000,2000,1870.05,1916.25,2586
PILITA,20190808,8,8.45,8,8.15,78949
PIONDIST,20190808,112.75,115.7,109.05,115.2,3475
PIONEEREMB,20190808,20.35,21.8,20.2,21.4,5436
PIRPHYTO,20190808,22.05,24,22.05,24,2319
PITTIENG,20190808,36.5,37.45,34.4,37.2,6419
PKTEA,20190808,115,115,113,115,133
PLASTIBLEN,20190808,177.15,188,169.8,184.7,2316
PNB,20190808,64.6,66.9,64.2,66.65,27336537
PNBGILTS,20190808,36.2,37.45,36.2,37.1,78389
PNBHOUSING,20190808,706.1,720,692.55,710.7,65873
PNC,20190808,14.85,15.2,14.1,15.2,557
PNCINFRA,20190808,189.3,192.9,189.15,192.1,21204
PODDARHOUS,20190808,331,376.9,321,325.8,2625
PODDARMENT,20190808,144,156.4,144,148,396
POKARNA,20190808,127.55,127.6,121.25,123.6,13226
POLYCAB,20190808,569.4,570.5,555.1,564.7,23131
POLYMED,20190808,170.85,173.8,168.65,169.85,2447
POLYPLEX,20190808,475,484.75,469.8,478.25,30797
PONNIERODE,20190808,101.5,109.4,100,103.05,1761
POWERGRID,20190808,198.05,208.65,197.05,202.7,3709823
POWERMECH,20190808,845,853.95,776,819.4,26606
PPAP,20190808,161,166.95,160,161.8,5767
PPL,20190808,65.1,70.25,64.7,68.5,24542
PRABHAT,20190808,66.25,67,65.25,66.35,15571
PRAENG,20190808,7,7.05,6.7,7.05,10034
PRAJIND,20190808,109,110.45,104.65,106.05,656060
PRAKASH,20190808,43.8,43.9,41.75,42.55,253889
PRAKASHSTL,20190808,0.2,0.2,0.2,0.2,1000
PRAXIS,20190808,69,75.9,60.2,60.9,35732
PRECAM,20190808,40.2,40.6,40,40.2,6870
PRECOT,20190808,31.75,33.9,29.05,32.65,2081
PRECWIRE,20190808,165.05,165.05,156.15,157.25,15668
PREMEXPLN,20190808,152.75,156.9,152.4,154.5,2305
PREMIER,20190808,2.45,2.45,2.45,2.45,2
PREMIERPOL,20190808,22.6,22.6,20.85,21.75,516
PRESSMN,20190808,20.4,23,20.4,22.55,14957
PRESTIGE,20190808,280.9,288.9,276.2,287.5,214738
PRICOLLTD,20190808,26.9,27.35,26.3,27.05,38978
PRIMESECU,20190808,38.5,38.5,36.4,37.35,4962
PROSEED,20190808,0.3,0.3,0.3,0.3,29120
PROVOGE,20190808,0.8,0.9,0.8,0.8,211503
PROZONINTU,20190808,17.5,18.2,17,18.05,18346
PRSMJOHNSN,20190808,82.3,84.55,80.65,82.35,80852
PSB,20190808,24.1,24.4,23,23.2,91628
PSL,20190808,0.7,0.7,0.65,0.7,36451
PSPPROJECT,20190808,476,485,475,482.65,6196
PSUBNKBEES,20190808,283.25,287.39,279.55,286.13,2841
PTC,20190808,56.8,58.5,55,58.2,682842
PTL,20190808,33.3,34.5,33.3,34.45,7100
PUNJABCHEM,20190808,511.1,518,502,505.4,1145
PUNJLLOYD,20190808,1.25,1.25,1.15,1.25,584203
PURVA,20190808,58.5,61.75,58.5,61,34088
PVR,20190808,1469.8,1509.15,1449.55,1497.55,368814
QGOLDHALF,20190808,1638,1642,1631,1633.45,542
QNIFTY,20190808,1124,1125.5,1124,1125.5,20
QUESS,20190808,464,478,454.55,461.15,332816
QUICKHEAL,20190808,125.45,135.7,125.1,134.3,162275
QUINTEGRA,20190808,0.65,0.65,0.6,0.6,15816
RADAAN,20190808,1.4,1.4,1.3,1.4,19054
RADICO,20190808,324,324.8,314,322.45,588110
RADIOCITY,20190808,42.45,42.45,38.3,40.05,92266
RAIN,20190808,84,86,82.3,84.85,330035
RAJESHEXPO,20190808,699,699,684.8,686.4,196505
RAJSREESUG,20190808,17.75,18.8,17.55,18.15,5973
RALLIS,20190808,155.5,157.9,155.4,156.9,29479
RAMANEWS,20190808,15.15,15.9,14.9,15,3168
RAMASTEEL,20190808,54.8,63,53.2,61.5,88330
RAMCOCEM,20190808,745,748.9,718,734.35,291372
RAMCOIND,20190808,166,170.95,162.5,165.85,10911
RAMCOSYS,20190808,190,194.45,185.5,188.25,8173
RAMKY,20190808,72.05,72.05,67.5,69.5,80810
RANASUG,20190808,2.25,2.25,2.1,2.15,106789
RANEENGINE,20190808,269.9,269.9,243.35,247.95,1316
RANEHOLDIN,20190808,905,905,822,850.4,5153
RATNAMANI,20190808,937.85,946,919,938.95,1723
RAYMOND,20190808,624.5,643.5,620.5,640.1,456684
RBL,20190808,476.85,495,476.8,491.3,4985
RBLBANK,20190808,362,375,352.5,366.95,10706558
RCF,20190808,45.65,46.45,44.65,46.15,469321
RCOM,20190808,1.4,1.4,1.3,1.3,21145341
RECLTD,20190808,136.45,141.6,136.45,141,6628700
REDINGTON,20190808,95.3,98.5,93.5,97.55,77111
REFEX,20190808,69.6,76.9,69.6,76.9,87491
RELAXO,20190808,433,437.45,428.2,431.7,21813
RELCAPITAL,20190808,49.9,50.4,45.45,48.3,22826860
RELCNX100,20190808,113.58,113.8,113.58,113.8,1048
RELCONS,20190808,48.33,49.1,48.33,48.66,3360
RELDIVOPP,20190808,28.49,28.73,28.36,28.73,309
RELIANCE,20190808,1108.35,1158,1095.3,1152.35,14262936
RELIGARE,20190808,30.2,32.55,30.2,31.7,81820
RELINFRA,20190808,50.95,51.1,44,46.5,33311475
RELNV20,20190808,542.5,554.35,542.5,554.13,687
REMSONSIND,20190808,84,86.5,83,84.1,5068
RENUKA,20190808,7.05,7.05,6.9,7,310733
REPCOHOME,20190808,298,306.95,293.55,302.8,42503
REPRO,20190808,519.5,519.5,490.45,504,1275
RESPONIND,20190808,94.5,94.5,91,93.5,181375
RETFMID150,20190808,57.54,57.76,57.12,57.74,55826
REVATHI,20190808,386.2,386.2,371,371.65,238
RGL,20190808,211,246,210.1,233.55,2006
RHFL,20190808,8.35,8.55,7.85,7.85,1436774
RICOAUTO,20190808,39.5,40.1,36.4,37.75,263808
RIIL,20190808,230.7,236.7,225.7,232.95,104000
RITES,20190808,253,253,236.2,237.95,306705
RKDL,20190808,6.6,6.6,6.15,6.5,840
RKFORGE,20190808,425,448,420.4,439.45,2522
RMCL,20190808,6.05,6.05,5.7,6,110477
RML,20190808,206.2,209.8,201.05,205,4917
RNAM,20190808,230.05,232.5,229.75,230.65,78088
RNAVAL,20190808,1.9,1.9,1.9,1.9,373280
ROHITFERRO,20190808,0.9,0.95,0.9,0.95,1107
ROHLTD,20190808,65.35,68.4,64.2,64.8,22354
ROLLT,20190808,3.15,3.3,3.15,3.15,67071
ROLTA,20190808,5.4,5.4,5.4,5.4,113649
ROSSELLIND,20190808,37.95,46.6,35.35,46.6,23038
RPGLIFE,20190808,178.45,183.45,178.45,181.2,20579
RPOWER,20190808,3.8,3.8,3.55,3.6,8718386
RPPINFRA,20190808,80.05,84,65.3,78.45,81112
RRSLGETF,20190808,20.2,20.2,20.15,20.18,1535
RSSOFTWARE,20190808,17.45,17.45,15.9,16.65,30897
RSWM,20190808,118,120.9,115.2,116.55,10692
RSYSTEMS,20190808,42.7,42.75,41.95,42.05,6786
RTNINFRA,20190808,1.7,1.75,1.65,1.75,92408
RTNPOWER,20190808,1.25,1.3,1.2,1.25,422204
RUBYMILLS,20190808,166.6,169.05,153.05,158.5,11718
RUCHINFRA,20190808,2.65,2.65,2.45,2.45,3220
RUCHIRA,20190808,72.65,74.55,71.5,72.2,24092
RUCHISOYA,20190808,5.85,5.85,5.85,5.85,159597
RUPA,20190808,199,203.3,187.55,191.6,25536
RUSHIL,20190808,146.9,153.4,140.2,153.4,8947
RVNL,20190808,24,24.7,23.55,24.35,3927902
SABEVENTS,20190808,0.85,0.85,0.85,0.85,20
SABTN,20190808,1.95,1.95,1.9,1.9,16232
SADBHAV,20190808,132.15,133.5,127.1,129.6,236658
SADBHIN,20190808,59.1,60.9,57,60,2093
SAGCEM,20190808,603.25,605,585.55,592.05,1863
SAIL,20190808,39.1,39.5,37.7,38.85,30942511
SAKAR,20190808,54.3,56.95,54.3,56.95,85
SAKHTISUG,20190808,8.15,8.5,7.4,7.85,43253
SAKSOFT,20190808,269.9,269.9,257.05,261.3,3151
SAKUMA,20190808,9.05,9.95,9.05,9.95,648774
SALASAR,20190808,135,135,125.85,128.6,8310
SALONA,20190808,90,93.5,90,91.1,150
SALSTEEL,20190808,3.1,3.2,2.9,2.95,15281
SALZERELEC,20190808,110.1,114,108.55,109.45,1885
SAMBHAAV,20190808,3.15,3.3,2.85,3.2,47371
SANCO,20190808,16.7,16.95,15.75,16.55,12215
SANDESH,20190808,590,616.75,580.05,606.8,326
SANDHAR,20190808,250,254.95,240,249.55,12136
SANGAMIND,20190808,38,39.9,38,38.2,787
SANGHIIND,20190808,57,58.1,56.15,56.35,13010
SANGHVIFOR,20190808,18.65,20.5,18.65,20.5,102
SANGHVIMOV,20190808,92.05,96.05,92.05,93.9,12377
SANGINITA,20190808,80,80,77.4,78,25868
SANOFI,20190808,6030,6050,6000,6035.6,4028
SANWARIA,20190808,4.3,4.35,4.3,4.3,643028
SARDAEN,20190808,169,171.65,168.35,169.65,12516
SAREGAMA,20190808,505,505,490,493.3,4268
SARLAPOLY,20190808,22.5,23,22.5,22.65,7692
SASKEN,20190808,526.7,526.7,510,513.5,678
SASTASUNDR,20190808,98.25,101.85,98,101.25,4555
SATHAISPAT,20190808,5.6,5.6,5.6,5.6,600
SATIA,20190808,630,635.9,629,630.4,2538
SATIN,20190808,261.5,278.7,261.5,271.85,19697
SBIETFQLTY,20190808,92,92.74,89,92.26,2324
SBILIFE,20190808,795,827,783.3,812.9,1081958
SBIN,20190808,290,295.5,285.6,294.35,32929233
SCAPDVR,20190808,0.6,0.6,0.55,0.6,565
SCHAEFFLER,20190808,4390,4419.85,4285.45,4392.65,2344
SCHAND,20190808,62.7,62.7,58,58.85,20653
SCHNEIDER,20190808,77.4,77.55,72,75.15,33594
SCI,20190808,27.65,27.9,27,27.6,309062
SDBL,20190808,126.35,128,116.55,126.7,5731
SEAMECLTD,20190808,362.2,362.2,324.9,339.6,10466
SELAN,20190808,143,145.4,142.4,144.6,14910
SELMCL,20190808,0.7,0.75,0.65,0.7,78247
SEPOWER,20190808,2.95,2.95,2.95,2.95,521
SEQUENT,20190808,66.8,67.2,65.7,66.25,44097
SESHAPAPER,20190808,853.45,875.95,843.95,858.95,2011
SETCO,20190808,14.8,14.95,14.55,14.75,29961
SETF10GILT,20190808,195.25,195.25,195.25,195.25,1
SETFGOLD,20190808,3360,3375,3333,3345.4,10325
SETFNIF50,20190808,112.21,113.6,111.46,113.49,51636
SETFNIFBK,20190808,290,290,279.01,284.77,208871
SETFNN50,20190808,265.39,267,263.71,266.76,2301
SETUINFRA,20190808,2.2,2.25,2.15,2.15,73037
SEYAIND,20190808,408.5,425,405,418.9,12587
SFL,20190808,1208.05,1209.05,1155.05,1163.75,1180
SGL,20190808,9.65,10.6,9.6,10.5,6698
SHAHALLOYS,20190808,8.7,8.75,8,8.75,920
SHAKTIPUMP,20190808,257,264,252.1,260.55,17012
SHALBY,20190808,83.5,85.95,80.1,82.15,22457
SHALPAINTS,20190808,68.35,68.9,66.55,68.25,13099
SHANKARA,20190808,274.7,274.7,257.7,261,18297
SHANTIGEAR,20190808,95,96.2,92,94.75,3873
SHARDACROP,20190808,287.95,293.2,280,286.9,2112
SHARDAMOTR,20190808,903.35,949.55,900,937.6,1195
SHARIABEES,20190808,246.96,246.96,246.96,246.96,20
SHEMAROO,20190808,314.6,314.6,291.8,298.85,7580
SHILPAMED,20190808,354.15,356,350.05,353.55,4540
SHIRPUR-G,20190808,17.85,19.1,17.6,18.75,65715
SHIVAMAUTO,20190808,19.1,19.95,18.6,19.3,25339
SHIVAMILLS,20190808,36.55,39.95,35,36.1,1720
SHIVATEX,20190808,119.05,124,118.25,120.35,616
SHK,20190808,111.55,114.7,110.95,113.45,13339
SHOPERSTOP,20190808,375.65,421.35,375.65,385.55,15925
SHREECEM,20190808,20201,20539.1,19563,20109.95,27813
SHREEPUSHK,20190808,88.15,88.8,85,86.65,13521
SHREERAMA,20190808,4.45,4.6,4.35,4.45,16492
SHRENIK,20190808,52.5,58,51,53.35,218706
SHREYANIND,20190808,117.85,117.85,113.15,115.55,9046
SHREYAS,20190808,98.3,99.65,86.15,89.85,29584
SHRIPISTON,20190808,799,800,751,793,632
SHRIRAMCIT,20190808,1420.1,1437.7,1411,1417.65,1982
SHRIRAMEPC,20190808,8.05,8.6,7.95,8.35,165100
SHYAMCENT,20190808,2.55,2.6,2.5,2.6,29540
SICAGEN,20190808,21,21.35,19.95,20.4,28454
SICAL,20190808,41.45,41.45,37.55,37.55,691591
SIEMENS,20190808,1116.9,1192.1,1104,1150.2,2373589
SIGIND,20190808,25,27.65,24.1,25.55,17337
SIL,20190808,14.05,14.05,13.5,13.75,194
SILINV,20190808,140.05,171,137.05,157.8,49676
SIMBHALS,20190808,6.4,6.4,5.75,6.3,26880
SIMPLEXINF,20190808,67,67,63.05,63.65,63029
SINTEX,20190808,2.3,2.35,2.25,2.3,1054112
SIRCA,20190808,174.4,194.95,174.4,185,1616
SIS,20190808,821.1,826.1,799,801.8,5419
SITASHREE,20190808,0.4,0.4,0.4,0.4,1850
SITINET,20190808,1.9,1.95,1.85,1.85,93768
SIYSIL,20190808,243,247.75,240.1,243.1,2348
SJVN,20190808,24.4,24.75,24.3,24.45,732692
SKFINDIA,20190808,1849.9,1874.95,1826.3,1858.75,39122
SKIL,20190808,5.75,6,5.6,5.75,20195
SKIPPER,20190808,52.1,53.25,48.8,49.4,79660
SKMEGGPROD,20190808,31,33.05,30.15,32.4,19084
SMARTLINK,20190808,99.9,100,98.4,99.85,64537
SMLISUZU,20190808,555.05,558,548.3,553.4,4796
SMPL,20190808,0.25,0.3,0.25,0.3,23059
SMSLIFE,20190808,428,459.5,405.6,428.75,119173
SMSPHARMA,20190808,48.75,48.95,47.1,47.95,30143
SNOWMAN,20190808,31.55,32.95,31.25,32,78116
SOBHA,20190808,505.2,514.95,504.6,510.75,82632
SOLARA,20190808,392,399,351.1,382.5,195140
SOLARINDS,20190808,1091.9,1120.05,1091.5,1113.75,2486
SOMANYCERA,20190808,322.15,329.85,310,315.1,18845
SOMATEX,20190808,2.3,2.3,2.3,2.3,12
SOMICONVEY,20190808,12,12.95,10.65,12.45,1051
SONATSOFTW,20190808,317,328.05,315.85,325.25,80189
SORILINFRA,20190808,96.65,97.9,90.6,92.65,37379
SOTL,20190808,889,904.95,859,887.65,4085
SOUTHBANK,20190808,11.75,11.8,11.5,11.65,5947993
SOUTHWEST,20190808,18.55,18.55,16.85,16.85,360
SPAL,20190808,228.75,229.95,223,227.1,10989
SPARC,20190808,153,155.15,151.05,154.35,256483
SPCENET,20190808,0.7,0.7,0.7,0.7,3435
SPECIALITY,20190808,73.5,76,70.25,75.25,17884
SPENCERS,20190808,66,66.9,64.6,64.9,148536
SPENTEX,20190808,0.3,0.4,0.3,0.4,96099
SPIC,20190808,19,19.7,18.65,19.45,83632
SPICEMOBI,20190808,6.2,6.5,6.2,6.5,502
SPLIL,20190808,32.55,33.3,31.2,31.95,28727
SPMLINFRA,20190808,13.45,13.5,12.35,12.6,21957
SPTL,20190808,4.25,4.3,4.15,4.15,923366
SPYL,20190808,0.2,0.25,0.2,0.25,320447
SREEL,20190808,139.95,141.9,137,140.5,4732
SREINFRA,20190808,11,11.25,10.6,11.1,765539
SRF,20190808,2906,2930,2840,2901.6,633976
SRHHYPOLTD,20190808,98.35,98.35,95,97.05,545
SRIPIPES,20190808,166,172.5,166,167.15,57136
SRTRANSFIN,20190808,1000,1014.9,992.55,1002.55,1048216
SSWL,20190808,778.85,784.75,776.05,780.7,4075
STAMPEDE,20190808,0.75,0.75,0.7,0.7,24157
STAR,20190808,419.85,427,412.2,423.9,1391338
STARCEMENT,20190808,96.65,110.7,96.65,103,79740
STARPAPER,20190808,86.5,89.8,84.15,88.35,63100
STCINDIA,20190808,86.1,89.05,86.1,88.2,62764
STEELCITY,20190808,30,31.9,28.8,30.45,5821
STEELXIND,20190808,11.4,11.95,11.25,11.75,11771
STEL,20190808,70.3,74.6,68.35,71.95,1248
STERTOOLS,20190808,158.8,158.8,155.25,156.25,1407
STINDIA,20190808,5.95,5.95,5.95,5.95,305
STRTECH,20190808,144.5,146.35,138.75,142.25,1051020
SUBEX,20190808,5.35,5.45,5.3,5.4,336865
SUBROS,20190808,168.05,176.9,166,172.15,10063
SUDARSCHEM,20190808,321,322.95,318.9,320.8,48842
SUJANAUNI,20190808,0.2,0.2,0.15,0.15,36298
SUMEETINDS,20190808,3.1,3.1,2.9,2.95,63354
SUMIT,20190808,23.5,23.5,22.2,22.7,623
SUMMITSEC,20190808,410.05,430,410.05,423.3,119
SUNCLAYLTD,20190808,2052.5,2069.3,2010,2050.15,634
SUNDARAM,20190808,1.45,1.45,1.4,1.45,111674
SUNDARMFIN,20190808,1470,1504.75,1453,1498.4,6380
SUNDARMHLD,20190808,73.1,76.3,73.1,74.5,23007
SUNDRMBRAK,20190808,262.8,271.55,261.2,265.1,450
SUNDRMFAST,20190808,420.25,428.35,420.25,426.8,28241
SUNFLAG,20190808,27.5,28.5,27.1,27.5,47168
SUNPHARMA,20190808,424,428.2,418.15,426.45,3157083
SUNTECK,20190808,408,425.85,404,418.85,136364
SUNTV,20190808,445.9,454,439,452.6,912628
SUPERHOUSE,20190808,62,63.8,60.45,62.8,1149
SUPERSPIN,20190808,4.5,4.5,4.1,4.45,10154
SUPPETRO,20190808,184.55,187,178,181.15,11009
SUPRAJIT,20190808,162.85,162.85,152,153.35,12571
SUPREMEIND,20190808,1059.9,1065,1045.05,1058.1,16685
SUPREMEINF,20190808,17.5,17.85,17,17.75,10035
SURANASOL,20190808,6.55,6.55,5.8,6.15,3892
SURANAT&P,20190808,3.85,4.1,3.85,4,3767
SURYALAXMI,20190808,22,24.4,21.8,21.95,9523
SURYAROSNI,20190808,175.5,177.55,171.6,174.85,38114
SUTLEJTEX,20190808,27.85,27.85,26,27.25,5855
SUVEN,20190808,230,238,227.1,235.5,121967
SUZLON,20190808,3.9,4.1,3.8,4,10533550
SWANENERGY,20190808,102.3,103.9,100.15,101.85,216032
SWARAJENG,20190808,1070,1084.75,1070,1074.9,1419
SWELECTES,20190808,180,184.75,176.4,180.5,10374
SYMPHONY,20190808,1251,1251.05,1230,1242.15,3666
SYNCOM,20190808,1,1,0.95,1,2737
SYNDIBANK,20190808,31.7,32.35,31.1,32.15,694219
SYNGENE,20190808,316,319.75,304.95,314.5,58862
TAINWALCHM,20190808,51,51,48.5,50,573
TAJGVK,20190808,162.65,165,160.1,162.45,14196
TAKE,20190808,100.95,108.7,100.95,106.35,675505
TALBROAUTO,20190808,99.95,103.95,98,99.75,5577
TALWALKARS,20190808,13.3,13.3,13.3,13.3,4540
TALWGYM,20190808,24.4,24.4,24.4,24.4,1292
TANLA,20190808,50.55,52.35,49.85,51.2,186551
TANTIACONS,20190808,1.95,1.95,1.95,1.95,30
TARAJEWELS,20190808,0.65,0.7,0.65,0.7,2464
TARAPUR,20190808,4.85,5.3,4.85,5.25,26018
TARMAT,20190808,25,27.25,25,25.4,1372
TASTYBITE,20190808,8881.95,8930,8532.25,8604,299
TATACHEM,20190808,562.5,568.2,553.1,564.5,540347
TATACOFFEE,20190808,71.55,72.25,70.5,71.45,193283
TATACOMM,20190808,468,480.7,460.1,469.9,571690
TATAELXSI,20190808,620.4,634.9,617,631.45,627739
TATAGLOBAL,20190808,271.5,272.7,266.85,270.9,1823157
TATAINVEST,20190808,772,795,772,784.8,6766
TATAMETALI,20190808,520,520,503.85,508.9,6211
TATAMOTORS,20190808,118,125,116.9,124.05,35876237
TATAMTRDVR,20190808,55.65,59.4,55.5,58.75,5367071
TATAPOWER,20190808,59.2,59.45,57.15,57.75,16880937
TATASPONGE,20190808,447.05,448.5,440.65,445.15,26928
TATASTEEL,20190808,379,379.5,360.6,367.4,22826394
TATASTLBSL,20190808,23.45,23.45,22.3,22.8,788264
TBZ,20190808,31.4,32.3,30.7,32,51438
TCI,20190808,263.1,268,258.1,260.8,95623
TCIEXP,20190808,565.1,582,565.1,580.15,27977
TCIFINANCE,20190808,10.8,10.8,9.95,10,7484
TCNSBRANDS,20190808,652.05,699.75,652.05,682.65,2537
TCPLPACK,20190808,302,302,277.05,285.95,2201
TCS,20190808,2228.9,2281,2218.9,2258.1,2073298
TDPOWERSYS,20190808,137.15,139.1,137.1,137.95,2291
TEAMLEASE,20190808,2685.4,2700,2666.05,2679.5,1378
TECHIN,20190808,3.05,3.05,3.05,3.05,900
TECHM,20190808,674,683.9,665,680.2,2708834
TECHNOE,20190808,244,259.85,240,253.1,3433
TECHNOFAB,20190808,12.75,13.95,12.75,13.5,3233
TEJASNET,20190808,88.9,95.95,87.2,91.1,51501
TERASOFT,20190808,35.6,37.3,34.7,34.7,26626
TEXINFRA,20190808,37.75,37.75,36,36.95,5662
TEXMOPIPES,20190808,17.5,17.5,15.85,16.2,88598
TEXRAIL,20190808,50.3,55.8,48.75,52.75,646269
TFCILTD,20190808,61.2,64.75,61.1,63.65,57887
TFL,20190808,4.1,4.1,3.85,4,13707
TGBHOTELS,20190808,4.65,4.75,4.4,4.5,4215
THANGAMAYL,20190808,306,306,293,294.6,1826
THEINVEST,20190808,138,139.4,135,138.8,2152
THEMISMED,20190808,171.25,171.25,171.25,171.25,718
THERMAX,20190808,1051,1129,1041.05,1087.75,98952
THOMASCOOK,20190808,174.8,179.6,171.5,177.25,95344
THOMASCOTT,20190808,8.3,8.3,8.3,8.3,10
THYROCARE,20190808,458,469,458,460.2,13569
TI,20190808,12.65,13.6,12.65,13.35,39350
TIDEWATER,20190808,4513.6,4525,4440,4467.35,265
TIIL,20190808,320.1,338.4,318.65,325.35,2570
TIINDIA,20190808,347,357.6,347,352.75,36575
TIJARIA,20190808,12,12.25,11,11.1,6327
TIL,20190808,201.7,201.7,187.9,193.8,4595
TIMETECHNO,20190808,68.7,70.05,67,67.9,122918
TIMKEN,20190808,635.65,659.45,627.8,653.5,16773
TINPLATE,20190808,106,106.5,102.1,105,171840
TIPSINDLTD,20190808,54.1,54.1,53.6,53.8,607
TIRUMALCHM,20190808,61.35,61.9,60.35,61.05,93494
TITAN,20190808,1036,1059.8,1011.65,1041.1,2553976
TMRVL,20190808,10.15,10.2,9.75,10.1,12615
TNPETRO,20190808,34.25,34.4,33.45,34.15,38117
TNPL,20190808,155.15,157.55,155.15,156.9,7746
TNTELE,20190808,1.45,1.45,1.45,1.45,41
TOKYOPLAST,20190808,49,51.3,49,51.1,813
TORNTPHARM,20190808,1707,1718.45,1691,1710.4,209273
TORNTPOWER,20190808,296.5,297.15,286.9,292.7,740296
TPLPLASTEH,20190808,100.05,102,98.15,100.25,3869
TREEHOUSE,20190808,5.7,5.85,5.45,5.75,17348
TREJHARA,20190808,11.65,12.6,11.65,12.55,780
TRENT,20190808,438,441.9,430.05,433.85,246736
TRF,20190808,90.85,92,89.05,90.95,12669
TRIDENT,20190808,55.9,57,55.05,56.7,377063
TRIGYN,20190808,43.75,45.5,43.75,44.85,27152
TRIL,20190808,8.9,9.05,8.55,9,10875
TRITURBINE,20190808,97.45,98.7,96.05,96.7,3279
TRIVENI,20190808,50.4,50.4,47.9,48.7,447913
TTKHLTCARE,20190808,513.9,559.3,495.3,501.8,1048
TTKPRESTIG,20190808,5529.95,5749.9,5466,5691.5,2933
TTL,20190808,37.95,39.5,35.1,36.75,7251
TTML,20190808,2.75,2.9,2.75,2.85,164356
TV18BRDCST,20190808,20.25,20.5,20.05,20.4,910724
TVSELECT,20190808,129.05,137.75,129.05,132.6,64265
TVSMOTOR,20190808,372.4,385.8,361.5,379.5,1884649
TVSSRICHAK,20190808,1545,1570,1510,1563,1222
TVTODAY,20190808,295,305.95,290.9,304.5,32787
TWL,20190808,34.55,35.4,32.65,34.8,247083
UBL,20190808,1396.95,1398,1355.45,1365.7,426869
UCALFUEL,20190808,116.35,116.75,114.1,115.25,8117
UCOBANK,20190808,16.15,16.95,15.9,16.2,972813
UFLEX,20190808,214,229.75,214,225.2,51297
UFO,20190808,157.65,157.65,151.8,153.65,13319
UGARSUGAR,20190808,12.65,12.65,12.15,12.3,38063
UJAAS,20190808,4.75,4.8,4.1,4.65,99846
UJJIVAN,20190808,278.5,282.3,272.6,278.6,1341879
ULTRACEMCO,20190808,4374.85,4404,4127.9,4233.15,1442600
UMANGDAIRY,20190808,45,46.45,42.5,45.8,32309
UMESLTD,20190808,1.25,1.25,1.25,1.25,500
UNICHEMLAB,20190808,172.15,178.95,170.8,173.8,46534
UNIENTER,20190808,68.15,70.75,65.25,70.4,7450
UNIONBANK,20190808,63.55,64.9,61.8,64.35,14868207
UNIPLY,20190808,42.8,46.95,42.8,44.05,80757
UNITECH,20190808,0.9,0.95,0.9,0.95,1965635
UNITEDBNK,20190808,9.5,9.6,9.45,9.5,138187
UNITEDTEA,20190808,275,277,274.05,275.95,53
UNIVCABLES,20190808,149,156.9,149,155.85,9725
UPL,20190808,533.4,542.25,515.35,532.85,3881771
URJA,20190808,2.4,2.5,2.4,2.5,650730
USHAMART,20190808,26.7,26.95,26.2,26.75,121620
UTINEXT50,20190808,264,266,263,263.32,852
UTINIFTETF,20190808,1152.75,1169,1149,1166.6,2788
UTISENSETF,20190808,389.7,389.7,385.1,389,575
UTTAMSTL,20190808,8,8.35,7.85,8.05,23008
UTTAMSUGAR,20190808,103.25,103.7,98.8,100.15,121150
UVSL,20190808,0.1,0.1,0.05,0.05,13776291
V2RETAIL,20190808,118.3,123.8,118.3,122.3,11575
VADILALIND,20190808,525.8,535,511.1,529.85,4976
VAIBHAVGBL,20190808,832.95,855,831.45,842.25,17668
VAKRANGEE,20190808,35.3,35.8,34.2,35.45,1942583
VARDHACRLC,20190808,36,37.95,35.25,37.5,9651
VARDMNPOLY,20190808,2.95,3.25,2.95,3,3132
VARROC,20190808,430.15,434.5,428.2,430.25,36116
VASCONEQ,20190808,11.9,11.9,11.2,11.35,84520
VASWANI,20190808,6.75,7.15,6.45,6.6,10575
VBL,20190808,620.05,625,611.95,619.7,35087
VEDL,20190808,137,139,134.8,138.7,7940096
VENKEYS,20190808,1406,1425,1342.8,1363.1,82454
VENUSREM,20190808,24.75,24.8,23.15,23.45,14360
VESUVIUS,20190808,940.05,959.9,921,931.7,4920
VETO,20190808,52.15,54.5,52.1,54.15,19499
VGUARD,20190808,229.3,232,223,225.7,405808
VHL,20190808,1370,1385,1283.8,1313.9,501
VICEROY,20190808,1.2,1.3,1.2,1.25,20188
VIDHIING,20190808,56.35,57.25,54.55,55.1,21797
VIJIFIN,20190808,0.45,0.5,0.4,0.45,105587
VIKASECO,20190808,5,5.1,4.85,4.85,512176
VIKASMCORP,20190808,3.2,3.75,3,3.1,2774853
VIMTALABS,20190808,106.95,106.95,101.55,103.8,1901
VINATIORGA,20190808,1932.8,1960,1925,1948.05,16597
VINDHYATEL,20190808,900.05,947,900.05,937.5,6487
VINYLINDIA,20190808,60,63.8,60,63.05,10220
VIPCLOTHNG,20190808,14,14.35,13.1,13.85,40889
VIPIND,20190808,390,398.7,388.85,393.4,152873
VIPULLTD,20190808,33.3,33.6,31,32.7,113421
VISAKAIND,20190808,292,306,289.35,302.6,216378
VISASTEEL,20190808,5.85,5.85,4.95,5,21548
VISESHINFO,20190808,0.05,0.1,0.05,0.05,834993
VISHNU,20190808,111.9,111.9,104.15,107,1405
VIVIDHA,20190808,0.25,0.3,0.25,0.3,12552
VIVIMEDLAB,20190808,16.9,17.75,16.1,17.4,91696
VLSFINANCE,20190808,43.05,44,42.5,43.05,22496
VMART,20190808,1820.6,1860.95,1811,1850.65,7800
VOLTAMP,20190808,990.05,1036,987.9,1017.35,4049
VOLTAS,20190808,602.5,608.4,590.6,597.8,1087109
VRLLOG,20190808,248,261.5,244.7,256.8,26664
VSSL,20190808,84.45,84.45,83,83.45,11718
VSTIND,20190808,3417,3468.05,3412,3428.05,10104
VSTTILLERS,20190808,965,965,955,964.4,1229
VTL,20190808,925.05,933,917.45,927.4,14326
WABAG,20190808,272,281.7,270.95,280.25,82757
WABCOINDIA,20190808,6109.95,6125,6041,6115.75,1463
WALCHANNAG,20190808,65.05,65.8,63.2,64.8,124112
WANBURY,20190808,13.7,14.1,13.7,14,225
WEBELSOLAR,20190808,18.4,19.05,18.15,19.05,125793
WEIZFOREX,20190808,375.05,394.8,365.35,381.8,432
WEIZMANIND,20190808,29,29.65,26.6,28.45,218
WELCORP,20190808,118.05,118.5,114.5,117.9,316490
WELENT,20190808,95.8,97.5,91.45,96.55,225685
WELINV,20190808,145.15,146,145.15,146,8
WELSPUNIND,20190808,48.4,48.4,46.4,48,592343
WENDT,20190808,2032,2072.45,2002,2063.65,367
WHEELS,20190808,609.95,618.9,577,583.2,3363
WHIRLPOOL,20190808,1547.95,1552,1502.85,1532.15,52570
WILLAMAGOR,20190808,17.95,18.35,17.4,17.7,4576
WINDMACHIN,20190808,20.55,21.2,19.95,20.15,12408
WINSOME,20190808,0.3,0.3,0.3,0.3,3099
WIPRO,20190808,263,267,261.35,265.75,3625435
WOCKPHARMA,20190808,285.9,294,285.9,292.9,428736
WONDERLA,20190808,247.5,258,246,249.3,24934
WSI,20190808,0.5,0.6,0.5,0.6,18263
WSTCSTPAPR,20190808,216.2,222,216.2,221.1,20744
XCHANGING,20190808,48.75,49.15,47.3,48.5,4540
XELPMOC,20190808,68.55,69,60.5,67.45,3766
XLENERGY,20190808,0.6,0.6,0.55,0.6,1248
XPROINDIA,20190808,25.5,29.35,23.8,26.45,1362
YESBANK,20190808,89.25,89.9,84.8,89.2,122325009
ZEEL,20190808,322,334.8,320.2,331.45,9559063
ZEELEARN,20190808,20.4,20.4,19.7,19.85,288216
ZEEMEDIA,20190808,11.5,11.5,10.9,11,285000
ZENITHBIR,20190808,0.3,0.35,0.3,0.35,25887
ZENITHEXPO,20190808,42.2,44.8,38.5,41.7,1880
ZENSARTECH,20190808,219,219,212.15,216,21046
ZENTEC,20190808,56.35,61.9,56.3,58.9,35934
ZICOM,20190808,1,1.05,0.95,0.95,24092
ZODIACLOTH,20190808,201.85,201.85,196,196.1,263
ZODJRDMKJ,20190808,29,29,25.9,28.7,1774
ZUARI,20190808,112,116,107.3,112.2,19823
ZUARIGLOB,20190808,73,74.4,71.8,72.2,15936
ZYDUSWELL,20190808,1510,1520,1464.85,1512.85,10731
NSENIFTY,20190808,10899.20,11058.05,10842.95,11032.45,482471622,0
NIFTYJUNIOR,20190808,25875.45,26117.45,25745.40,26050.65,375943807,0
NIFTYMIDCAPLIQ15,20190808,3724.50,3776.90,3700.80,3762.20,74052161,0
NSE100,20190808,11017.00,11169.85,10960.75,11144.15,863782500,0
NIFTY200,20190808,5631.00,5704.70,5601.80,5691.95,1263914271,0
NSE500,20190808,8888.45,8998.90,8844.40,8979.65,1415257373,0
NSEMIDCAP150,20190808,5719.80,5753.00,5681.60,5742.95,410229742,0
MIDCAP50,20190808,4270.55,4307.35,4225.15,4294.15,321701271,0
NSEMIDCAP,20190808,15721.50,15824.30,15598.85,15795.25,400131771,0
NIFTYSMALLCAP250,20190808,-,-,-,4506.65,-,0
NIFTYSMALLCAP50,20190808,-,-,-,2623.60,-,0
NSESMLCAP100,20190808,5414.90,5458.35,5385.35,5445.60,-,0
NIFTYLARGEMIDCAP250,20190808,-,-,-,5491.48,1274012242,0
NIFTYMIDSMALLCAP400,20190808,-,-,-,5301.75,-,0
NIFTYAUTO,20190808,6792.40,7019.25,6784.80,6998.45,101327372,0
BANKNIFTY,20190808,27840.10,28227.55,27531.05,28110.45,303596759,0
NIFTYFINSERVICE,20190808,12479.95,12614.75,12359.15,12581.20,146482229,0
NIFTYFMGC,20190808,28914.90,29165.90,28834.90,29131.80,20797582,0
NSEIT,20190808,15677.45,15919.20,15654.45,15867.95,26614771,0
NIFTYMEDIA,20190808,1810.40,1855.10,1803.25,1845.50,38782666,0
NIFTYMETAL,20190808,2391.25,2425.15,2355.75,2418.80,138274688,0
NIFTYPHARMA,20190808,7919.10,7994.10,7854.20,7964.80,33150899,0
NIFTYPVTBANK,20190808,15545.20,15729.65,15328.00,15660.35,206987218,0
NIFTYPSUBANK,20190808,2575.75,2615.35,2531.95,2602.55,141488541,0
NIFTYREALTY,20190808,261.15,264.15,258.70,263.50,15152441,0
NIFTYCOMMODITIES,20190808,3117.70,3151.40,3094.20,3142.75,255975240,0
NIFTYCONSUMPTION,20190808,4514.70,4587.00,4512.70,4577.40,80006312,0
NIFTYCPSE,20190808,1936.20,1967.80,1926.05,1962.30,73878418,0
NIFTYENERGY,20190808,13832.35,14207.65,13739.85,14122.55,111170796,0
NIFTY100ESG,20190808,-,-,-,2054.05,718119209,0
NIFTY100ENHESG,20190808,-,-,-,2084.35,690653772,0
NIFTYINFRA,20190808,3055.40,3084.70,3041.30,3072.00,315964251,0
NIFTYMNC,20190808,12013.15,12124.50,11976.00,12097.85,60775330,0
NIFTYPSE,20190808,3082.80,3143.50,3068.55,3128.70,146766715,0
NIFTYSMEEMERGE,20190808,-,-,-,1361.63,547300,0
NIFTYSERVSECTOR,20190808,15821.45,16008.55,15731.45,15971.10,393717503,0
NIFTYSHARIAH25,20190808,-,-,-,3947.93,78407607,0
NIFTY50SHARIAH,20190808,-,-,-,2422.97,76843445,0
NIFTY500SHARIAH,20190808,-,-,-,2820.18,244132945,0
NIFTYABGROUP,20190808,-,-,-,2872.35,165455594,0
NIFTYMAHINDRA,20190808,-,-,-,9356.68,9785564,0
NIFTYTATA,20190808,-,-,-,6865.26,90648886,0
NIFTYTATA25CAP,20190808,-,-,-,4365.68,84120092,0
NIFTYABGROUP,20190808,-,-,-,2872.35,165455594,0
NIFTYLIQ15,20190808,3451.25,3499.70,3421.85,3488.70,323695808,0
NIFTY500VALUE50,20190808,-,-,-,3587.69,361246944,0
NIFTYALPHALOWVOL30,20190808,-,-,-,11329.93,119552761,0
NIFTYQUALLOWVOL30,20190808,-,-,-,7928.78,73388508,0
NIFTYALPHAQUALLOWVOL30,20190808,-,-,-,8985.87,86558853,0
NIFTYALPHAQUALVALLOWVOL30,20190808,-,-,-,6972.57,112013102,0
NIFTY50EQUALWEIGHT,20190808,11331.80,11487.20,11276.50,11461.05,482471622,0
NIFTY100EQUALWEIGHT,20190808,12109.65,12250.85,12058.45,12223.50,863782500,0
NIFTY100LOWVOL30,20190808,8399.95,8526.05,8385.40,8506.15,103192713,0
NSEDEFTY,20190808,-,-,-,5407.37,-,0
NIFTY50DIVPOINT,20190808,83.03,83.03,83.03,83.03,-,0
NIFTYDIVOPPS50,20190808,2469.75,2502.95,2468.65,2499.90,251161530,0
NIFTYALPHA50,20190808,11787.95,11910.20,11697.05,11882.25,192778140,0
NIFTY50ARBITRAGE,20190808,-,-,-,1841.38,-,0
NIFTY50FUTINDEX,20190808,-,-,-,3787.29,-,0
NIFTY50FUTTRINDEX,20190808,-,-,-,11099.31,-,0
NIFTYHIGHBETA50,20190808,-,-,-,1293.48,640232061,0
NIFTYLOWVOL50,20190808,-,-,-,9755.38,144853311,0
NIFTY200QUALITY30,20190808,-,-,-,9183.05,-,0
NIFTY50VALUE20,20190808,5088.45,5190.65,5085.60,5180.55,253740381,0
NIFTYGROWSECT15,20190808,5583.40,5673.95,5543.35,5654.55,163508481,0
NIFTY50TR2XLEV,20190808,5639.75,5803.05,5582.10,5777.05,-,0
NIFTY50PR2XLEV,20190808,4365.15,4491.60,4320.55,4471.50,-,0
NIFTY50TR1XINV,20190808,373.65,375.55,368.15,369.05,-,0
NIFTY50PR1XINV,20190808,424.65,426.85,418.45,419.45,-,0
NIFTY-GS-COMPSITE,20190808,2044.56,2049.05,2043.98,2044.47,-,0
NIFTY-GS-4-8YR,20190808,2115.05,2118.66,2114.82,2116.51,-,0
NIFTY-GS-8-13YR,20190808,2015.96,2021.09,2015.29,2015.53,-,0
NIFTY-GS-10YR,20190808,1869.05,1869.93,1865.37,1864.85,-,0
NIFTY-GS-10YR-CLN,20190808,969.87,970.32,967.95,967.68,-,0
NIFTY-GS-11-15YR,20190808,2141.92,2151.99,2141.92,2146.51,-,0
NIFTY-GS-15YRPLUS,20190808,2333.63,2338.76,2333.63,2337.90,-,0
VIX,20190808,16.74,16.74,15.52,16.09,0,0
