20MICRONS,20190610,37.5,38.9,37.45,37.8,20994
21STCENMGM,20190610,18,18,17.65,17.65,621
3IINFOTECH,20190610,3.35,3.4,3.3,3.3,991389
3MINDIA,20190610,22497.55,22699.95,22395,22608.2,1493
3PLAND,20190610,9.05,9.95,9.05,9.95,1560
5PAISA,20190610,211.5,218.85,205.05,210.5,5677
63MOONS,20190610,113.5,116.45,111,111,107862
8KMILES,20190610,95,95.55,92.2,93,56654
A2ZINFRA,20190610,15.5,15.75,14.55,15.25,173920
AARTIDRUGS,20190610,538,546,536.3,543.5,10235
AARTIIND,20190610,1794.8,1812,1736.15,1744.6,142500
AARVEEDEN,20190610,23.1,23.1,22.5,22.75,4059
AAVAS,20190610,1412.7,1429.95,1386,1393.55,37658
ABAN,20190610,47.5,47.5,44.85,45.3,44269
ABB,20190610,1563.15,1629,1552.2,1563.4,196369
ABBOTINDIA,20190610,7965,8340,7920.15,8282.45,11342
ABCAPITAL,20190610,99.7,100,96,97.1,1264208
ABFRL,20190610,217.1,222.5,216,220.5,614270
ABSLNN50ET,20190610,275.73,275.73,274.14,275.03,206
ACC,20190610,1608.9,1614.85,1584,1589.4,433071
ACCELYA,20190610,879.1,896.5,879.1,889.25,1455
ACE,20190610,101,102.45,100,100.35,91449
ADANIENT,20190610,152,155.5,147,149.95,3967379
ADANIGAS,20190610,171.6,173.55,169.5,170.65,585996
ADANIGREEN,20190610,43.95,44.1,42.8,42.9,572040
ADANIPORTS,20190610,424.1,429.5,420.6,425.75,2374282
ADANIPOWER,20190610,47.55,48.35,46.35,47.35,7790036
ADANITRANS,20190610,224,229.2,221.8,224.95,48964
ADFFOODS,20190610,289.5,298.9,284.2,296.55,86153
ADHUNIK,20190610,1.75,1.8,1.7,1.7,32389
ADHUNIKIND,20190610,84,85,82.9,83.6,7870
ADLABS,20190610,7.05,7.2,5.8,6.05,1362457
ADORWELD,20190610,353.1,358,346,347,2568
ADROITINFO,20190610,13,13,13,13,5
ADSL,20190610,16.2,16.75,15.5,15.8,6283
ADVANIHOTR,20190610,63.65,64.9,63.1,64.2,3590
ADVENZYMES,20190610,210,211.85,183,194.8,619693
AEGISCHEM,20190610,221,224,217,220.9,130143
AGARIND,20190610,148.6,149.9,140.05,142,2645
AGCNET,20190610,110.15,114,110,110,1932
AGLSL,20190610,57.9,57.95,55.1,55.1,3056
AGRITECH,20190610,57.05,58,52.5,53.25,33900
AGROPHOS,20190610,79.8,80,79.5,80,24164
AHLEAST,20190610,193.6,199.8,193.55,195.15,2015
AHLUCONT,20190610,344.9,352,330.15,339.05,4831
AHLWEST,20190610,334.8,346.85,334.8,346.85,8
AIAENG,20190610,1826.55,1845,1820.05,1842.1,10038
AIONJSW,20190610,20.45,20.85,20,20.2,19009
AIRAN,20190610,29.15,31,29.15,29.9,11465
AJANTPHARM,20190610,1006.8,1030,1001.7,1019.65,186241
AJMERA,20190610,178.25,180.9,173.05,175.3,30590
AKSHARCHEM,20190610,303.8,305.95,297.15,298.7,1647
AKSHOPTFBR,20190610,13.3,13.3,12.45,12.55,417629
AKZOINDIA,20190610,1784.6,1790,1760,1784.7,2419
ALANKIT,20190610,36.9,37.35,34.45,34.85,536256
ALBERTDAVD,20190610,423.5,429.85,413.2,418.1,2592
ALBK,20190610,42.05,42.3,39.8,40.55,5400145
ALCHEM,20190610,1.7,1.7,1.65,1.65,6611
ALEMBICLTD,20190610,45.25,45.25,42.5,43.55,101380
ALICON,20190610,593.3,605,576.5,578.5,1960
ALKALI,20190610,44.25,45.75,43.7,44.5,5250
ALKEM,20190610,1817.7,1824.55,1782.35,1796.8,12223
ALKYLAMINE,20190610,809,838.1,809,826.45,3292
ALLCARGO,20190610,108.25,109.25,105.2,105.8,54391
ALLSEC,20190610,310,310,304.05,305.2,4792
ALMONDZ,20190610,23,24.2,20.8,23.75,35341
ALOKTEXT,20190610,3.8,3.8,3.7,3.8,836860
ALPA,20190610,22.15,22.7,21.3,22.2,25617
ALPHAGEO,20190610,454.25,465,451.25,457.35,2780
ALPSINDUS,20190610,1.05,1.05,0.95,0.95,761
AMARAJABAT,20190610,621,634.5,619.9,632.55,416409
AMBER,20190610,816,821.05,808,812.25,5433
AMBIKCO,20190610,1090,1105,1085.05,1089.9,1568
AMBUJACEM,20190610,222.45,225,221.75,223.1,2438810
AMDIND,20190610,18.95,19.65,18.6,18.65,2404
AMJLAND,20190610,18.85,19.05,18.7,18.8,2009
AMRUTANJAN,20190610,329.9,336.4,324.3,326.6,23900
ANANTRAJ,20190610,31.75,32.2,30.4,30.65,266485
ANDHRABANK,20190610,24.05,24.6,23.75,23.95,622834
ANDHRACEMT,20190610,4.45,4.5,4.35,4.35,26487
ANDHRSUGAR,20190610,348.05,350.1,322.2,342,43584
ANIKINDS,20190610,13.95,14.25,13.2,13.8,3757
ANKITMETAL,20190610,0.45,0.5,0.45,0.45,8636
ANSALAPI,20190610,8.05,8.15,6.5,6.95,609692
ANSALHSG,20190610,8.65,8.75,7.65,7.95,266706
ANTGRAPHIC,20190610,1.05,1.05,0.95,1.05,219834
ANUP,20190610,487.55,499,485,495.35,9160
APARINDS,20190610,654.4,654.4,633,637.5,3177
APCL,20190610,170.55,176.4,170.5,173.9,2562
APCOTEXIND,20190610,550.3,558,548.85,553.5,6990
APEX,20190610,278,279.6,270,274.75,63510
APLAPOLLO,20190610,1607.95,1620,1562.2,1580.45,9277
APLLTD,20190610,504.45,509,496.2,500.95,12710
APOLLO,20190610,123,130,120.55,123.75,22033
APOLLOHOSP,20190610,1400,1402.5,1368.25,1379.1,731973
APOLLOTYRE,20190610,193,195,190.8,194.2,1857605
APOLSINHOT,20190610,945.95,946,924.95,932.9,259
APTECHT,20190610,152.7,152.9,146.3,147.9,94803
ARCHIDPLY,20190610,37.1,38.4,36,36.35,15815
ARCHIES,20190610,22.6,22.65,22.05,22.1,9509
ARCOTECH,20190610,3.95,4,3.7,3.7,56664
ARIES,20190610,74.95,74.95,68,69.25,21752
ARIHANT,20190610,27.1,30.6,27.1,28.55,12782
ARIHANTSUP,20190610,60.5,63,60.5,62.2,18633
ARMANFIN,20190610,405,415,402,411.8,2995
AROGRANITE,20190610,51.6,52.75,50,50.4,8509
ARROWGREEN,20190610,60,60.9,54.25,55,14290
ARROWTEX,20190610,16,16.8,15.95,15.95,2325
ARSHIYA,20190610,29.2,29.2,25.45,25.9,107001
ARSSINFRA,20190610,41,41,38,38.2,5177
ARVIND,20190610,72.35,73.2,71.05,72.45,1233705
ARVINDFASN,20190610,801,801,751,761.25,27950
ARVSMART,20190610,114.45,114.45,111.1,112.25,3845
ASAHIINDIA,20190610,232,236.9,225.05,227.05,33430
ASAHISONG,20190610,156.75,158,140,141.85,6110
ASAL,20190610,50.55,52.3,48.4,48.75,3239
ASHAPURMIN,20190610,20.55,22.2,20.5,20.5,13979
ASHIANA,20190610,127,129.25,123,123.75,34441
ASHIMASYN,20190610,11,11.5,10.55,10.95,20628
ASHOKA,20190610,145.7,145.7,138.25,140.15,125660
ASHOKLEY,20190610,91.45,91.6,89.25,90.7,15352497
ASIANHOTNR,20190610,131,131,124,124,1961
ASIANPAINT,20190610,1429,1442,1418.5,1422.6,800967
ASIANTILES,20190610,251.5,261.9,251.5,260.4,211151
ASPINWALL,20190610,158,158,150,150.05,1386
ASSAMCO,20190610,1.4,1.5,1.4,1.4,479366
ASTEC,20190610,455,459,443,444.1,6467
ASTERDM,20190610,138,140.3,130.3,131.2,32577
ASTRAL,20190610,1333,1349.65,1311.05,1341.2,28991
ASTRAMICRO,20190610,89.95,91.9,89.1,90.75,472007
ASTRAZEN,20190610,1859,1901.9,1850.25,1889.5,8712
ASTRON,20190610,109.1,110.55,104.2,105.8,374891
ATFL,20190610,545,548.95,535.1,536.85,4300
ATLANTA,20190610,13.4,14.5,12,12.1,117435
ATLASCYCLE,20190610,46,46,44,44.95,4180
ATNINTER,20190610,0.15,0.15,0.1,0.1,1394
ATUL,20190610,4043.95,4093.9,4012.05,4043.15,9501
ATULAUTO,20190610,295,301.9,285.1,287.2,16477
AUBANK,20190610,707,708,703,706.65,68741
AURIONPRO,20190610,129.75,129.75,125,125.35,10743
AUROPHARMA,20190610,622.35,629.5,616.45,627.15,1835124
AUSOMENT,20190610,36.3,40.65,36.3,40.65,15840
AUTOAXLES,20190610,1127.65,1145.95,1097,1101.2,7285
AUTOIND,20190610,46.8,47.75,46.1,46.85,12259
AVADHSUGAR,20190610,731,748.4,707.1,716.05,101175
AVANTIFEED,20190610,361.8,364.9,350.35,351.95,292410
AVTNPL,20190610,25.3,26.7,24.9,25.8,88534
AXISBANK,20190610,807.4,816.75,807.4,814.15,5923875
AXISCADES,20190610,66.9,68,66,67.3,387065
AXISGOLD,20190610,2868.85,2889.9,2854.95,2869,233
AXISNIFTY,20190610,1218.35,1227.35,1215.02,1215.02,50
AYMSYNTEX,20190610,36.65,37,34,35.25,2566
BAFNAPHARM,20190610,9.1,9.1,8.65,8.65,3761
BAGFILMS,20190610,4,4.1,3.8,3.85,104017
BAJAJ-AUTO,20190610,2976,2999,2963.6,2989.8,155660
BAJAJCON,20190610,332.3,339,332.3,336.1,34890
BAJAJELEC,20190610,520.25,526.15,512,513.9,72394
BAJAJFINSV,20190610,8260,8360,8226.7,8304.45,186362
BAJAJHIND,20190610,8.75,8.9,8.5,8.65,1366827
BAJAJHLDNG,20190610,3611,3677.95,3575,3658.05,41366
BAJFINANCE,20190610,3546.95,3557.75,3506,3519.6,983274
BALAJITELE,20190610,69.2,71.05,69,69.95,23045
BALAMINES,20190610,402.5,404.95,396.05,399.8,33016
BALAXI,20190610,102.9,102.9,102.9,102.9,1228
BALKRISHNA,20190610,34.45,35,33.5,33.5,4413
BALKRISIND,20190610,790,796,772,792.6,471027
BALLARPUR,20190610,2.15,2.2,2,2.05,1041831
BALMLAWRIE,20190610,193,194.35,190,190.25,31046
BALPHARMA,20190610,65.9,65.9,60.75,63,14488
BALRAMCHIN,20190610,155,155.95,150.3,155,1041877
BANARBEADS,20190610,45.15,45.3,43.1,43.9,1573
BANARISUG,20190610,1475.05,1478,1450,1450.65,1565
BANCOINDIA,20190610,138.6,138.6,133.6,135.2,18934
BANDHANBNK,20190610,566.8,568.9,549,552.45,314593
BANG,20190610,45.5,46.3,43.2,44.25,12481
BANKBARODA,20190610,123.3,124.6,117.3,117.95,27897842
BANKBEES,20190610,3179,3190.16,3140.6,3154.98,4669
BANKINDIA,20190610,90.55,91.8,86.55,87.35,7853962
BANSWRAS,20190610,73.9,76,70.6,71.15,2613
BARTRONICS,20190610,5.95,5.95,4.8,5.15,10252
BASF,20190610,1335.2,1350.85,1318,1340.85,2706
BASML,20190610,163.5,179.55,163.5,168,558
BATAINDIA,20190610,1375,1424.95,1374.75,1420.75,1357222
BAYERCROP,20190610,3640.85,3665.4,3636.55,3658.4,6572
BBL,20190610,1132.7,1132.9,1096,1101.85,1918
BBTC,20190610,1139.9,1160,1139.85,1156.7,87295
BCG,20190610,4.4,4.5,4.15,4.45,513167
BDL,20190610,290.05,293,284.1,285.5,19907
BEARDSELL,20190610,14.9,14.9,13.7,14.7,282
BEDMUTHA,20190610,15.25,16.7,15,16,41686
BEL,20190610,108.55,109.5,106.35,107.7,5275102
BEML,20190610,971.8,978.9,944,951.45,1028903
BEPL,20190610,71.1,71.7,67.55,68.2,392258
BERGEPAINT,20190610,328.85,329.65,324.55,327.9,894748
BFINVEST,20190610,230.85,233.75,219.15,220.65,27785
BFUTILITIE,20190610,197.4,198.5,191,192.65,188282
BGLOBAL,20190610,2.1,2.3,2.1,2.3,4455
BGRENERGY,20190610,54.7,55.7,49.75,50.1,122481
BHAGERIA,20190610,263.95,273.55,262.05,264,16075
BHAGYANGR,20190610,27.9,27.9,26.5,27,2250
BHAGYAPROP,20190610,26,26,24.55,24.95,8645
BHANDARI,20190610,1.8,1.8,1.7,1.75,125291
BHARATFIN,20190610,984.2,996.15,968.1,978.15,636430
BHARATFORG,20190610,460.8,467.6,459.1,461.1,892432
BHARATGEAR,20190610,114,116.8,114,114.95,12857
BHARATRAS,20190610,4149,4194,4102,4130.1,370
BHARATWIRE,20190610,40.9,40.9,39.2,40.05,6171
BHARTIARTL,20190610,354.8,364.65,353.65,363.45,5882086
BHEL,20190610,68.75,69.65,67.85,68.2,8628229
BIGBLOC,20190610,29,29.35,28.15,29.3,834
BIL,20190610,330,335,315,326.75,13790
BILENERGY,20190610,3.45,3.45,3.45,3.45,345876
BINDALAGRO,20190610,15.65,16.15,14.75,14.9,25978
BIOCON,20190610,530.4,533.7,525,530.35,1617739
BIOFILCHEM,20190610,7.8,7.8,7.4,7.4,165
BIRLACABLE,20190610,101.5,104.45,97.7,98.95,55135
BIRLACORPN,20190610,653,659.85,634.4,641.15,44544
BIRLAMONEY,20190610,46.85,47.8,43.05,44.85,64432
BKMINDST,20190610,3.7,3.75,3.55,3.6,51393
BLBLIMITED,20190610,4.65,4.85,4.5,4.8,7814
BLISSGVS,20190610,158.25,159.95,156.7,157.3,1530437
BLKASHYAP,20190610,14.2,14.2,13.1,13.15,226592
BLS,20190610,122.45,123.8,117,117.25,20877
BLUEBLENDS,20190610,2.55,2.55,2.55,2.55,110
BLUECOAST,20190610,6.35,6.35,6.35,6.35,5565
BLUEDART,20190610,2687.35,2740,2655,2716.45,2718
BLUESTARCO,20190610,807.75,812,795.25,804.1,26551
BODALCHEM,20190610,111,113.1,108.4,110.05,68636
BOMDYEING,20190610,125.1,126.7,121,123.05,629965
BOROSIL,20190610,192.05,194.9,186.6,187.75,27164
BOSCHLTD,20190610,17118.8,17430,16970.25,17085.45,11388
BPCL,20190610,399.25,401.75,386.3,389.65,5442044
BPL,20190610,24.1,24.25,22.8,23.2,59743
BRFL,20190610,8.2,8.55,7.75,8.1,57112
BRIGADE,20190610,255.9,257,249,251.75,82760
BRITANNIA,20190610,2909.7,3005,2909.7,2994.3,477974
BRNL,20190610,93.9,93.9,86.4,88.1,7504
BROOKS,20190610,53.1,53.45,50,50.55,13201
BSE,20190610,617.3,621.35,611.8,612.75,51722
BSELINFRA,20190610,1.85,1.85,1.7,1.75,44513
BSL,20190610,36.55,36.55,35.5,35.5,2021
BSLGOLDETF,20190610,3019.95,3035,2976.05,3029,8
BSLNIFTY,20190610,136,136,128.67,128.67,73
BSOFT,20190610,88.25,92.15,87.2,90.45,736820
BURNPUR,20190610,2.4,2.4,2.25,2.3,41415
BUTTERFLY,20190610,175.1,178.9,168,170.2,21449
BVCL,20190610,17.35,17.35,16,17.15,759
BYKE,20190610,22.7,22.8,21.5,22.55,79730
CADILAHC,20190610,244.9,250.75,241.1,247.6,3582549
CALSOFT,20190610,18.45,18.45,17.05,17.8,12743
CAMLINFINE,20190610,54,55.8,48.7,49.8,237786
CANBK,20190610,265.9,268.35,255.7,258.3,4262310
CANFINHOME,20190610,355,359.05,347.7,349.8,553332
CANTABIL,20190610,180,212,178.85,183.7,191655
CAPACITE,20190610,273,274.8,264.5,271,81539
CAPLIPOINT,20190610,440.5,440.5,425,430.8,25907
CAPTRUST,20190610,178,182.35,177,177.9,729
CARBORUNIV,20190610,365,374.15,360,368.95,305887
CAREERP,20190610,68,68,65.25,66.7,20069
CARERATING,20190610,955,975,949.7,958.9,29270
CASTEXTECH,20190610,0.8,0.8,0.75,0.8,109951
CASTROLIND,20190610,143,145.25,141.6,144.6,1158090
CCHHL,20190610,6.8,6.9,6.55,6.7,12822
CCL,20190610,259,265.85,257.9,259.4,218841
CDSL,20190610,229.1,231.2,225.35,228.3,112049
CEATLTD,20190610,983.9,983.9,958.2,961.5,594099
CEBBCO,20190610,18.5,19.4,18.1,18.95,24574
CELEBRITY,20190610,7.25,7.4,7,7.15,7376
CELESTIAL,20190610,4.85,5.1,4.55,4.9,13130
CENTENKA,20190610,222,224.9,222,222.95,4247
CENTEXT,20190610,3.9,4.1,3.8,4,117498
CENTRALBK,20190610,24.65,24.8,24,24.2,483461
CENTRUM,20190610,28.55,28.9,27.65,28.25,101233
CENTUM,20190610,521.9,534.05,520,523.45,6404
CENTURYPLY,20190610,167.75,169.5,163.6,164.6,63510
CENTURYTEX,20190610,1004.4,1009.2,983.95,989.55,317407
CERA,20190610,2960,3049.7,2960,3035.2,7053
CEREBRAINT,20190610,23.6,24.4,23.25,23.5,68765
CESC,20190610,774.25,779,761.1,765.5,298744
CESCVENT,20190610,455.75,458.25,441,442.05,16206
CGCL,20190610,180,180,168.15,173.55,558616
CGPOWER,20190610,32.85,33.5,31.25,32.35,5940283
CHALET,20190610,334.55,345,327,341,10764
CHAMBLFERT,20190610,193.1,195,186,188.75,472182
CHEMFAB,20190610,168.35,170.9,168.05,168.4,628
CHENNPETRO,20190610,215.6,217.45,212.2,214.25,328168
CHOLAFIN,20190610,1484,1495,1451,1466.5,227972
CHOLAHLDNG,20190610,499.75,504.9,496.5,500.5,13414
CHROMATIC,20190610,0.85,0.95,0.8,0.9,319126
CIGNITITEC,20190610,328.85,328.85,318.25,319.85,23749
CIMMCO,20190610,29.85,30.3,29.75,30.05,168310
CINELINE,20190610,43.2,43.7,42.3,42.4,5219
CINEVISTA,20190610,6.15,6.5,6.15,6.5,2570
CIPLA,20190610,550.6,562.6,550,554.55,1708042
CKFSL,20190610,9.7,9.7,9.7,9.7,9809
CLEDUCATE,20190610,114,114,108,108.45,5211
CLNINDIA,20190610,305,305,295.85,296.55,133057
CMICABLES,20190610,125,129,125,126.1,26803
CNOVAPETRO,20190610,13.4,15.25,13.4,13.95,1151
COALINDIA,20190610,267,268,257.7,259.3,4916941
COCHINSHIP,20190610,393,399,388,390.25,49846
COFFEEDAY,20190610,237.3,239.65,232.55,233.6,35912
COLPAL,20190610,1159.6,1164.5,1150.25,1154.15,189108
COMPINFO,20190610,13.65,14.15,13.5,13.85,15507
COMPUSOFT,20190610,9.1,9.5,9,9.4,20023
CONCOR,20190610,527.4,536.4,526.35,533.75,366606
CONSOFINVT,20190610,41.15,41.15,40.75,40.75,34
CONTROLPR,20190610,248.25,251.55,243.3,243.45,1747
CORALFINAC,20190610,15.55,16,15.2,15.25,64087
CORDSCABLE,20190610,58,58.7,56.9,57.75,7248
COROMANDEL,20190610,422.55,436,421,432.65,62775
CORPBANK,20190610,24.25,24.8,24,24.05,96777
COSMOFILMS,20190610,246.4,247.9,232.5,239,31602
COUNCODOS,20190610,4.1,4.1,4.1,4.1,1723
COX&KINGS,20190610,77.7,83.5,75,80.3,865776
CPSEETF,20190610,28.58,28.64,28.05,28.27,890944
CREDITACC,20190610,554.9,556.4,545.55,550.1,66096
CREST,20190610,113,113.45,106.65,110.85,1755
CRISIL,20190610,1504,1532.95,1493.75,1522.65,14872
CRMFGETF,20190610,3000,3005,3000,3005,4
CROMPTON,20190610,241.95,245.5,241.5,243.9,400988
CTE,20190610,38.9,39.95,38.3,39.2,5939
CUB,20190610,217,217.2,214.05,216.2,357013
CUBEXTUB,20190610,12.4,12.4,11.15,11.25,328
CUMMINSIND,20190610,765.2,783.35,765.2,773.7,214328
CUPID,20190610,130.6,135.5,127.4,129.3,16041
CYBERMEDIA,20190610,3.4,3.4,3.4,3.4,250
CYBERTECH,20190610,45.9,47.65,44.1,45.65,11648
CYIENT,20190610,567.5,567.5,556.5,563.2,53135
DAAWAT,20190610,29.25,30.2,29,29.6,695419
DABUR,20190610,408,414.35,406.9,409.3,2216371
DALBHARAT,20190610,1130.1,1169,1117.9,1162.95,69084
DALMIASUG,20190610,114.15,115.55,111.3,112,245802
DAMODARIND,20190610,38.55,39.4,36,36.55,2820
DATAMATICS,20190610,102,104.1,100,100.95,35126
DBCORP,20190610,195,195.55,191.6,194.35,8175
DBL,20190610,511,519.7,433.65,459.85,962322
DBREALTY,20190610,14.5,15.4,14.5,15,1839248
DBSTOCKBRO,20190610,11.25,11.25,10.35,11.15,3821
DCAL,20190610,244,249.5,239.9,244.9,67930
DCBBANK,20190610,241.95,242,236.15,238.15,1983194
DCM,20190610,36.3,36.5,34.5,34.5,8056
DCMSHRIRAM,20190610,524.3,535.65,517,522.6,66901
DCW,20190610,18,18.15,17.4,17.55,106883
DECCANCE,20190610,404.2,407.5,396.65,400.05,3849
DEEPAKFERT,20190610,141.9,143,135.25,135.9,192815
DEEPAKNTR,20190610,320,320,291,295.15,1695017
DEEPIND,20190610,156.45,158.3,151.15,152.5,46224
DELTACORP,20190610,197,197.35,185.6,188.15,894291
DELTAMAGNT,20190610,58.05,59.9,54.25,55.2,1713
DEN,20190610,54.95,54.95,49.2,50.55,38655
DENORA,20190610,242.15,245.85,235,237.1,1806
DFMFOODS,20190610,260.95,271.05,255.3,269.8,21715
DHAMPURSUG,20190610,222.2,224.05,214.1,215.2,373663
DHANBANK,20190610,18.15,18.45,17.6,17.9,107518
DHANUKA,20190610,388.5,390.5,381.25,388.85,31874
DHARSUGAR,20190610,10.15,10.15,9.6,9.8,7599
DHFL,20190610,87,91.5,85,89.55,54696538
DHUNINV,20190610,252,253.35,248.05,249.7,312
DIAMONDYD,20190610,905.35,914.25,900.2,909.9,598
DICIND,20190610,333.05,338.5,333,337.8,294
DIGJAMLTD,20190610,2.65,2.75,2.6,2.65,29560
DISHTV,20190610,28.15,28.15,24.35,26.8,31396564
DIVISLAB,20190610,1562,1579,1556.05,1561.05,363052
DIXON,20190610,2415,2416.4,2329.05,2343,1883
DLF,20190610,191.4,193.1,185.6,189.25,7653848
DLINKINDIA,20190610,89.65,90.55,85.5,87.2,42838
DMART,20190610,1300.5,1314.75,1296,1299.7,194485
DNAMEDIA,20190610,0.75,0.75,0.7,0.7,37324
DOLLAR,20190610,272,273.9,251.6,255.6,3805
DOLPHINOFF,20190610,41,41.45,40,40.2,42720
DONEAR,20190610,36.35,40.05,35.55,38.15,71230
DPSCLTD,20190610,13.1,13.1,11.75,12.5,14371
DQE,20190610,5.25,5.25,5,5.1,6358
DREDGECORP,20190610,397.1,403.45,391,392.85,81541
DRREDDY,20190610,2608.1,2637.8,2569.65,2629.25,622985
DSSL,20190610,31.05,32.95,30.4,30.9,2780
DTIL,20190610,202.05,210.5,202,205.15,355
DUCON,20190610,15.8,16.15,14.8,15,589728
DVL,20190610,90,91,88,88.2,9224
DWARKESH,20190610,27.85,28,26.95,27.5,504218
DYNAMATECH,20190610,1441,1449,1410,1420.2,262
DYNPRO,20190610,120.5,120.5,113,116.4,7056
EASTSILK,20190610,1.65,1.7,1.65,1.65,1720
EASUNREYRL,20190610,5.35,5.4,4.75,4.9,5082
EBANK,20190610,3356.21,3756.9,3356.21,3756.9,12
ECLERX,20190610,943.5,949,927,943.65,11507
EDELWEISS,20190610,183.05,186.5,180,181.2,964778
EICHERMOT,20190610,20195,20320.75,20025.05,20131.45,42626
EIDPARRY,20190610,183.1,185,173.5,174.95,183747
EIHAHOTELS,20190610,353.1,365,353,364,1007
EIHOTEL,20190610,175.5,177.3,173.85,174.55,34322
EIMCOELECO,20190610,422,427.5,412.3,419,12093
EKC,20190610,25.8,26.45,25.1,25.2,41019
ELAND,20190610,6.2,6.5,6,6.15,15403
ELECON,20190610,49.3,50.75,48.4,48.85,59586
ELECTCAST,20190610,18.6,18.6,17.75,17.9,51796
ELECTHERM,20190610,267.25,280.2,267.25,279.55,124355
ELGIEQUIP,20190610,271,271.45,264.95,268.5,132627
ELGIRUBCO,20190610,24.4,27.9,22.7,23.1,3001
EMAMILTD,20190610,343.95,345.55,337.1,343.1,209298
EMAMIPAP,20190610,149.95,149.95,139,149.8,49
EMAMIREAL,20190610,85,85.2,80.2,81.55,6903
EMCO,20190610,1.85,1.85,1.85,1.85,14272
EMKAY,20190610,81.55,83,75.5,76.55,14908
EMMBI,20190610,145,146,140,142.05,8130
ENDURANCE,20190610,1196.9,1207,1185,1199.85,9803
ENERGYDEV,20190610,6.8,6.95,6.65,6.7,12836
ENGINERSIN,20190610,119,119.65,116.05,116.7,695705
ENIL,20190610,455.95,460,443.25,444.75,2481
EON,20190610,34.9,34.9,33.55,33.85,7384
EQ30,20190610,340,340,325.5,340,32
EQUITAS,20190610,138.4,140.4,137.2,138.2,2736718
ERIS,20190610,517,518,495.1,503.1,13588
EROSMEDIA,20190610,46.9,48.25,40.95,40.95,2236241
ESABINDIA,20190610,1200,1202,1121,1125.25,3947
ESCORTS,20190610,590.9,596.6,578,581.35,1438346
ESSARSHPNG,20190610,9.5,9.8,9.4,9.7,1899
ESSELPACK,20190610,130.45,130.9,129.6,130.05,450302
ESTER,20190610,35.45,35.8,34.95,35,30678
EUROCERA,20190610,1.75,1.75,1.7,1.7,289
EVEREADY,20190610,89.15,91.8,87.65,91.1,251757
EVERESTIND,20190610,431,435.2,423.5,425.3,13534
EXCEL,20190610,0.95,1.05,0.95,1,87790
EXCELCROP,20190610,3195,3210,3162,3164.25,1116
EXCELINDUS,20190610,1040,1041.25,981.1,992.35,14716
EXIDEIND,20190610,211,212.05,207.2,210,962923
EXPLEOSOL,20190610,436.9,439.75,435,436.8,738
FACT,20190610,44.4,44.5,42.4,42.65,104049
FAIRCHEM,20190610,547.95,548,536.2,540.1,20811
FCL,20190610,37.6,38,36.7,36.85,69783
FCONSUMER,20190610,41.55,42.3,41.05,41.75,998821
FCSSOFT,20190610,0.25,0.25,0.2,0.25,296591
FDC,20190610,184.35,185.85,181.55,182.4,43279
FEDERALBNK,20190610,106.35,107.4,104.6,105.4,7814798
FEL,20190610,35.4,35.95,34.65,35.25,146968
FELDVR,20190610,34.95,34.95,32.2,33.4,14568
FIEMIND,20190610,453,469.15,451.2,458.65,11928
FILATEX,20190610,41.05,41.2,39.5,40,151444
FINCABLES,20190610,448.3,473.75,442.5,462.5,135605
FINEORG,20190610,1505,1530,1486.25,1494.2,17487
FINPIPE,20190610,493.95,496.5,484.8,485.55,42075
FLEXITUFF,20190610,38.5,38.5,35,36.4,978
FLFL,20190610,446.2,452.05,444,447.9,117953
FMGOETZE,20190610,535.75,544.5,535.75,543,2305
FMNL,20190610,37.75,39.85,37.75,38.65,2038
FORTIS,20190610,123.4,129.45,122,127.25,6609709
FOSECOIND,20190610,1334,1334,1281,1289.85,1403
FRETAIL,20190610,461,471.8,457.15,469.35,408318
FSC,20190610,603,609.9,585.55,591,7852
FSL,20190610,52.75,52.75,51.05,51.3,1072570
GABRIEL,20190610,128.5,131.4,125.15,125.7,36134
GAEL,20190610,199.8,199.85,195.65,198.2,24056
GAIL,20190610,319,320,306.45,307.25,7120560
GAL,20190610,3.8,3.8,3.6,3.6,13110
GALAXYSURF,20190610,1155.2,1170,1143.7,1150.1,7530
GALLANTT,20190610,41.05,42.25,40.6,41,2118
GALLISPAT,20190610,38,39.6,37.35,39.25,44175
GAMMNINFRA,20190610,0.5,0.5,0.45,0.45,3712991
GANDHITUBE,20190610,404.4,404.4,396.15,399.75,1523
GANECOS,20190610,310,310.4,306.5,308.85,3373
GANESHHOUC,20190610,57.95,58.9,54.15,54.6,37197
GANGESSECU,20190610,45.05,45.05,45,45,996
GARDENSILK,20190610,16.85,17.5,16.25,16.6,16307
GARFIBRES,20190610,1224.8,1224.8,1189,1208.75,5327
GATI,20190610,72.15,72.95,70.7,71.15,352691
GAYAHWS,20190610,0.85,0.85,0.75,0.75,24305
GAYAPROJ,20190610,174,176.75,171.1,174.55,23727
GDL,20190610,136.2,139.8,133.1,134.3,262983
GEECEE,20190610,117,118,115.35,116.9,3457
GENESYS,20190610,96.45,98.8,95.1,96.15,5035
GENUSPAPER,20190610,6.85,6.85,6.7,6.7,52541
GENUSPOWER,20190610,27.25,27.25,26.3,26.45,69752
GEOJITFSL,20190610,35.35,35.45,34.05,34.3,124561
GEPIL,20190610,880,880,835.6,865.25,15602
GESHIP,20190610,269,274.5,269,270.65,15629
GET&D,20190610,253.8,260.8,253.8,257.1,19555
GHCL,20190610,249.85,251.5,242.15,243.55,73321
GICHSGFIN,20190610,252,254,243.6,245.9,22280
GICRE,20190610,218.8,220.1,217.1,218.95,47686
GILLANDERS,20190610,44.6,45.3,43.4,44.65,2235
GILLETTE,20190610,7249.95,7398.6,7218.25,7379,2355
GINNIFILA,20190610,12.8,12.8,11.85,12.05,39446
GIPCL,20190610,75.6,76.25,73.6,74.35,50991
GKWLIMITED,20190610,685.05,685.05,645,650.8,126
GLAXO,20190610,1275,1275,1258,1270.15,21679
GLENMARK,20190610,527,536.05,526,533.3,296990
GLOBALVECT,20190610,72.65,72.65,65.75,67.45,8547
GLOBOFFS,20190610,9.85,9.9,9.3,9.4,12061
GLOBUSSPR,20190610,140.95,145.1,138.45,143.3,261780
GMBREW,20190610,508.7,517.9,506.8,509.5,10652
GMDCLTD,20190610,78.3,79.05,76,76.65,111409
GMMPFAUDLR,20190610,1390,1449.8,1362.35,1438.45,20866
GMRINFRA,20190610,14.8,14.95,14.6,14.75,13872131
GNA,20190610,289.9,291,282,283.35,13924
GNFC,20190610,279.4,280.9,263.75,266.75,292783
GOACARBON,20190610,397.85,400.7,385.5,390.2,36587
GOCLCORP,20190610,284.95,286.9,273.3,274.9,4537
GODFRYPHLP,20190610,899,908,886.25,891.05,104502
GODREJAGRO,20190610,506,512.35,497.35,500.25,45171
GODREJCP,20190610,692.25,705.7,691,691.9,501581
GODREJIND,20190610,484.55,488.4,477.6,479.5,137121
GODREJPROP,20190610,874.55,899,857,892.25,250395
GOKEX,20190610,98.65,101.85,94.25,97.15,88451
GOKUL,20190610,14.25,15,14.25,14.75,14746
GOKULAGRO,20190610,14.9,14.95,14.4,14.75,66094
GOLDBEES,20190610,2882.95,2899,2877,2879.55,17588
GOLDENTOBC,20190610,36,37.4,34.75,34.9,1689
GOLDIAM,20190610,107.7,114.9,106.55,112.3,177775
GOLDSHARE,20190610,2900,2910.05,2882,2889.45,862
GOLDTECH,20190610,12.8,12.8,10.8,11,27350
GOODLUCK,20190610,67.25,67.95,67.05,67.55,16725
GPIL,20190610,249.05,255,242.75,245.7,64513
GPPL,20190610,84.55,85.7,83,83.6,71402
GPTINFRA,20190610,54.8,54.8,47.15,48.6,2346
GRANULES,20190610,106.2,107.95,106,107.15,287768
GRAPHITE,20190610,417.6,421.2,410,412.15,626692
GRASIM,20190610,876.8,884.45,864.85,880.95,1270546
GRAVITA,20190610,69.25,70.15,66.05,66.55,48047
GREAVESCOT,20190610,152.4,152.9,149.25,150,171817
GREENLAM,20190610,859.95,862.45,840,840.45,1572
GREENPLY,20190610,158.65,167.8,158.65,165.55,46568
GREENPOWER,20190610,4.25,4.4,4.2,4.35,119232
GRINDWELL,20190610,600,607.5,590.45,594.05,2641
GROBTEA,20190610,397.8,397.85,361,370.45,96
GRPLTD,20190610,1028.4,1073.95,1028.4,1037.85,106
GRSE,20190610,118.25,119.5,117.1,118.6,302756
GRUH,20190610,309,311.3,299.3,300.95,505722
GSCLCEMENT,20190610,20.65,21.2,20.5,20.75,8158
GSFC,20190610,105.25,105.3,101.05,101.45,870524
GSKCONS,20190610,7720.1,7824,7705.55,7745.65,17755
GSPL,20190610,185.45,189.4,185,186.45,834083
GSS,20190610,134.2,135,121.25,124.8,210128
GTL,20190610,3.5,3.85,3.5,3.55,28512
GTLINFRA,20190610,0.85,0.85,0.75,0.8,524755
GTNIND,20190610,9.15,9.2,8.5,8.95,3437
GTPL,20190610,66.15,67.9,66.1,66.95,2750
GUFICBIO,20190610,76.75,77.55,75.5,75.6,17323
GUJALKALI,20190610,545.2,554.35,540.2,542.8,28649
GUJAPOLLO,20190610,136.5,141.05,134.5,136.55,1401
GUJFLUORO,20190610,1111.2,1132.2,1101,1117.95,48522
GUJGASLTD,20190610,183,187.7,178.05,185.7,396163
GUJRAFFIA,20190610,15.3,15.3,15.3,15.3,7
GULFOILLUB,20190610,905.85,909.95,896.2,900,204329
GULFPETRO,20190610,58,58.45,55,55.3,24212
GULPOLY,20190610,49,49.55,47.9,48.15,21685
GVKPIL,20190610,6.8,6.85,6.4,6.45,1512292
HAL,20190610,715.1,719.05,693.15,701.15,7535
HARITASEAT,20190610,444.45,464.8,431.2,433.75,2220
HARRMALAYA,20190610,65.35,66.2,62.45,64,10122
HATHWAY,20190610,24.6,25,24.05,24.4,54951
HATSUN,20190610,705,721,705,714.5,1934
HAVELLS,20190610,789.55,797.4,787.7,792.05,1193650
HAVISHA,20190610,0.8,0.85,0.75,0.85,5069
HBLPOWER,20190610,25.75,25.75,24.25,24.45,99228
HBSL,20190610,7.7,9.2,7.7,7.9,402
HCC,20190610,13.05,13.25,12.8,12.85,994432
HCG,20190610,185.3,192.9,184.7,185.1,11142
HCL-INSYS,20190610,14.45,15.25,13.4,14.25,578466
HCLTECH,20190610,1086.9,1101.8,1081.4,1091.2,1028004
HDFC,20190610,2215.25,2224.8,2175.45,2194.05,2484187
HDFCAMC,20190610,1836.8,1836.8,1813,1830.1,63927
HDFCBANK,20190610,2469.95,2469.95,2432.1,2440.2,1769285
HDFCLIFE,20190610,453,454,442.25,450.15,1453151
HDFCMFGETF,20190610,2964,2964,2945.1,2951.85,915
HDFCNIFETF,20190610,1247.97,1249,1240,1246.46,941
HDFCSENETF,20190610,4174.9,4174.9,4149.81,4155,69
HDIL,20190610,20.15,20.15,19.1,19.5,1561597
HEG,20190610,1622,1629.95,1584.2,1592,138758
HEIDELBERG,20190610,210.9,212.85,207.5,209.3,162460
HERCULES,20190610,105.95,106,101.65,103.35,7935
HERITGFOOD,20190610,423.75,423.75,414.4,418.75,62989
HEROMOTOCO,20190610,2794,2794,2717.2,2745,493407
HESTERBIO,20190610,1890,1899,1841.2,1882.55,4821
HEXATRADEX,20190610,14,14.85,14,14.4,7095
HEXAWARE,20190610,346.1,356.5,345.9,354.4,784891
HFCL,20190610,21.35,21.4,21,21.15,1423033
HGINFRA,20190610,300,304,281.4,282.85,24063
HGS,20190610,642.8,653.45,635,640.85,7333
HIGHGROUND,20190610,4.95,5,3.9,4,1575181
HIKAL,20190610,170.5,170.5,167.2,168.35,34516
HIL,20190610,1685,1705,1637.45,1649.1,7389
HILTON,20190610,15.9,15.9,14.75,15,549
HIMATSEIDE,20190610,175.65,181.85,174.1,175.05,177282
HINDALCO,20190610,196.8,198.6,195,198.25,3880878
HINDCOMPOS,20190610,202.6,208.85,200.05,207.2,1602
HINDCOPPER,20190610,42.75,43,41.25,41.7,550010
HINDMOTORS,20190610,7,7.15,6.75,6.95,91037
HINDNATGLS,20190610,56.75,58,43.5,44.55,25484
HINDOILEXP,20190610,124.9,124.9,121.5,122.6,95227
HINDPETRO,20190610,308.6,311.1,299.3,305.6,4409258
HINDSYNTEX,20190610,3.7,3.7,3.65,3.65,1525
HINDUJAVEN,20190610,397.9,397.9,374,377.3,2582
HINDUNILVR,20190610,1839.8,1864.95,1835,1852.5,814577
HINDZINC,20190610,239.95,243,237.5,241.8,862372
HIRECT,20190610,138,140.95,136,138.25,5276
HISARMETAL,20190610,57,57.9,51.5,57.55,12176
HITECH,20190610,310,312.9,288.45,304.15,21642
HITECHCORP,20190610,91.2,92.9,91.05,92.05,5286
HITECHGEAR,20190610,271.05,273.95,264.05,269.2,5478
HMVL,20190610,106.05,106.95,103.5,103.9,3371
HNGSNGBEES,20190610,2876.8,2940.75,2876.8,2887.93,28
HONAUT,20190610,25990,26345,25650.5,25846.7,727
HONDAPOWER,20190610,1006.05,1006.05,990,997.4,670
HOTELEELA,20190610,8.55,8.8,8.4,8.45,149352
HOTELRUGBY,20190610,1.2,1.2,1.2,1.2,80
HOVS,20190610,128,129.95,126.1,126.55,8025
HPL,20190610,65.8,66.6,62.85,63.5,69484
HSCL,20190610,111.7,114,111.4,113.7,621790
HSIL,20190610,270.5,274,265,267.05,25537
HTMEDIA,20190610,29.75,29.75,28.5,28.75,73461
HUBTOWN,20190610,27.05,27.05,24.65,25.15,29125
HUDCO,20190610,41.3,41.5,40.15,40.65,606542
IBMFNIFTY,20190610,118,119.5,117.01,117.35,2936
IBREALEST,20190610,127.9,129.55,123.2,126.65,7217304
IBULHSGFIN,20190610,748,755,723.5,733.35,7365637
IBULISL,20190610,281,281,249.9,253.2,111973
IBVENTURES,20190610,301.45,303.95,285.4,288.65,811285
ICICI500,20190610,161,161,156.25,156.83,233
ICICIB22,20190610,38.75,39.25,38.3,38.58,354009
ICICIBANK,20190610,418.9,422.75,413,416.1,13074522
ICICIGI,20190610,1199.1,1236.8,1181,1189.6,982236
ICICIGOLD,20190610,30.9,30.9,29.45,29.5,5742
ICICILIQ,20190610,1000,1000.01,999.96,999.99,528704
ICICILOVOL,20190610,92.09,92.09,91.59,91.59,131
ICICIMCAP,20190610,68,68,66.51,66.9,49121
ICICINF100,20190610,128.24,128.24,127.29,127.33,410
ICICINIFTY,20190610,123.51,125.16,123.51,124.68,83170
ICICINV20,20190610,58,58,57.4,57.67,7008
ICICINXT50,20190610,28,28.19,27.45,27.58,56493
ICICIPRULI,20190610,387.9,390,375.3,379,2072780
ICICISENSX,20190610,421,429,420.05,420.35,176
ICIL,20190610,37.5,38,35.2,36.45,120802
ICRA,20190610,2942.95,2969.95,2942.95,2949.9,276
ICSA,20190610,0.5,0.55,0.45,0.55,3504
IDBI,20190610,37.25,37.85,36.1,36.45,4961706
IDBIGOLD,20190610,3024,3024,2977.05,2980.65,145
IDEA,20190610,13.3,13.55,12.65,12.8,49800929
IDFC,20190610,36.5,36.85,35.4,36,4941709
IDFCFIRSTB,20190610,42.75,43.25,42,42.2,9677602
IDFNIFTYET,20190610,119.8,122.9,117.02,119,49
IEX,20190610,151,151.35,147.1,147.6,23362
IFBAGRO,20190610,409.05,410,400,401.35,2294
IFBIND,20190610,761.1,792,761.1,777.25,17875
IFCI,20190610,9.1,9.2,8.7,8.95,4912298
IFGLEXPOR,20190610,209,212.95,201.65,209.55,2361
IGARASHI,20190610,231,234.85,215.5,218.2,20063
IGL,20190610,338.95,342.8,336.5,340.45,1079969
IGPL,20190610,321,321,284,286.6,74370
IIFL,20190610,172.6,172.6,162.1,168.95,251233
IITL,20190610,75.1,78.8,75,76.4,9228
IMFA,20190610,210,211.2,205.05,206.35,9757
IMPAL,20190610,861,872,852.5,868.7,1326
IMPEXFERRO,20190610,0.45,0.55,0.45,0.45,1232
INDBANK,20190610,8.85,8.9,8.4,8.6,20144
INDHOTEL,20190610,149.15,149.7,146.2,146.55,732815
INDIACEM,20190610,98.2,100.05,95.1,97.5,8131104
INDIAGLYCO,20190610,259,261.05,249,250.75,38369
INDIANB,20190610,270,272.35,261.65,263.05,1140597
INDIANCARD,20190610,104.95,110,104.05,104.05,642
INDIANHUME,20190610,287.9,288.85,285.1,287.7,7338
INDIGO,20190610,1664.15,1673,1650,1657.5,659669
INDLMETER,20190610,35,35.9,35,35.8,2190
INDNIPPON,20190610,426.25,429.9,423,426.25,1224
INDOCO,20190610,174.6,175.5,170,172.65,5767
INDORAMA,20190610,28.35,28.4,27.2,28.15,2818
INDOSOLAR,20190610,1.55,1.55,1.5,1.5,203031
INDOSTAR,20190610,379,382.45,370.6,374.4,13126
INDOTECH,20190610,97.95,101.05,97.2,98.05,5873
INDOTHAI,20190610,30.45,30.45,29,29.55,9658
INDOWIND,20190610,4.8,4.8,4.5,4.55,17160
INDRAMEDCO,20190610,39.5,39.5,38.8,38.9,20116
INDSWFTLAB,20190610,35.95,36.35,35.2,36.2,28022
INDSWFTLTD,20190610,5.05,5.05,4.75,5.05,2063
INDTERRAIN,20190610,113.75,113.75,108,109.95,4353
INDUSINDBK,20190610,1564,1585.1,1536.15,1551.65,3211040
INEOSSTYRO,20190610,495.05,502.4,490,492.05,1087
INFIBEAM,20190610,48,48.45,44.75,44.95,5536606
INFRABEES,20190610,347,356.79,336.12,344.07,3878
INFRATEL,20190610,281.55,288.5,280,281.95,3384305
INFY,20190610,740.1,754.1,740.1,753.5,4435148
INGERRAND,20190610,619.4,625,616.9,620.45,3916
INOXLEISUR,20190610,350,351.85,328,329.55,485954
INOXWIND,20190610,70.25,71.5,66.3,67.45,79671
INSECTICID,20190610,698,698,683,684.9,5543
INSPIRISYS,20190610,50,50.9,48.4,49.65,1449
INTEGRA,20190610,0.8,0.8,0.7,0.7,500
INTELLECT,20190610,263.45,269,263.45,266.1,155591
INTENTECH,20190610,33.8,33.8,29.75,31.05,32419
INVENTURE,20190610,15,15,14.85,14.9,6300
IOB,20190610,12.1,12.1,11.65,11.65,519678
IOC,20190610,163.4,163.5,159.15,160.65,6905925
IOLCP,20190610,217.5,219.9,211.4,212.4,197905
IPAPPM,20190610,420,422.65,420,420.25,117933
IPCALAB,20190610,944.4,945.95,917,928.1,131945
IRB,20190610,117.3,119.35,114,115.65,2956376
IRCON,20190610,403,406.5,395,395.95,31919
ISEC,20190610,231,235.7,227.1,229.75,262121
ISFT,20190610,120.15,128.45,120.15,121,2742
ISMTLTD,20190610,6.45,6.85,6.2,6.2,16083
ITC,20190610,278.3,280.55,276.9,279.4,8615348
ITDC,20190610,274.9,276.2,269.05,269.9,12367
ITDCEM,20190610,113.65,113.9,110.6,110.85,36905
ITI,20190610,92.35,94,89.3,92.9,624647
IVC,20190610,5.35,5.35,5.25,5.35,124600
IVP,20190610,88.1,94.9,88,94.8,684
IVRCLINFRA,20190610,0.9,0.9,0.9,0.9,337932
IVZINGOLD,20190610,2960,3350,2955.05,2979.95,32
IVZINNIFTY,20190610,1278.6,1278.6,1278.6,1278.6,6
IZMO,20190610,52.95,53.7,52,52.05,5993
J&KBANK,20190610,49.1,52.9,47.55,52.05,8967269
JAGRAN,20190610,115.2,116.6,112.4,112.8,41521
JAGSNPHARM,20190610,27.8,29.95,27.8,28.5,16072
JAIBALAJI,20190610,29.1,31,29.1,29.55,2913
JAICORPLTD,20190610,114.75,115.65,110.5,111.35,464055
JAIHINDPRO,20190610,0.75,0.75,0.75,0.75,1
JAMNAAUTO,20190610,57.1,57.65,54,54.95,274063
JAYAGROGN,20190610,195.05,197.65,193.1,194.6,3430
JAYBARMARU,20190610,232,233,225.25,227.65,50309
JAYNECOIND,20190610,4.6,4.7,4.45,4.5,17413
JAYSREETEA,20190610,57.3,58.3,55.2,55.85,38703
JBCHEPHARM,20190610,374.4,381.65,368.15,370.45,27494
JBFIND,20190610,17.3,17.5,16.5,16.85,24975
JBMA,20190610,256.7,259,247,249.2,9101
JCHAC,20190610,1786.1,1848.5,1783,1804.55,2205
JETAIRWAYS,20190610,123.5,129.8,114.1,124.8,18375568
JHS,20190610,20.75,21.6,20.1,20.45,42430
JIKIND,20190610,0.9,0.95,0.85,0.85,105736
JINDALPHOT,20190610,18.6,19.5,17.25,19.05,2300
JINDALPOLY,20190610,241.1,241.1,232,233.55,7892
JINDALSAW,20190610,85.5,87,84.7,85.15,428057
JINDALSTEL,20190610,158.75,161.55,154.35,156.4,6757517
JINDCOT,20190610,2.8,3,2.8,2.8,2347
JINDRILL,20190610,101,104.75,100.05,100.3,12289
JINDWORLD,20190610,77.6,77.6,73.9,74.4,168369
JISLDVREQS,20190610,34.35,34.85,29.7,29.9,362358
JISLJALEQS,20190610,43,43.3,36.8,37.3,39517051
JITFINFRA,20190610,10.9,11.5,10.85,10.9,3716
JKCEMENT,20190610,1023.2,1025.9,1014.1,1024.6,17978
JKIL,20190610,164.9,171,163.8,164.7,199197
JKLAKSHMI,20190610,354.15,363.6,354.15,358.55,71211
JKPAPER,20190610,131.55,132.75,126.8,127.45,270646
JKTYRE,20190610,82.15,82.3,80,80.25,239801
JMA,20190610,30.4,30.9,29.6,30.55,1820
JMCPROJECT,20190610,139.75,139.75,135.45,138.65,25047
JMFINANCIL,20190610,89,90.5,88.1,89.6,404727
JMTAUTOLTD,20190610,2.1,2.15,2,2,139589
JOCIL,20190610,98.85,99.35,93,93.7,4917
JPASSOCIAT,20190610,4.3,4.45,4.15,4.2,9929339
JPINFRATEC,20190610,1.9,1.95,1.85,1.85,2471927
JPOLYINVST,20190610,30,30.6,29.2,30.2,2098
JPPOWER,20190610,2.25,2.35,2.25,2.35,1623116
JSL,20190610,37.95,38.45,36.2,36.55,233372
JSLHISAR,20190610,83.5,84.6,81.95,82.2,115694
JSWENERGY,20190610,70.9,71.2,69.65,70.45,355390
JSWHL,20190610,3000,3000,2801.5,2815.65,1380
JSWSTEEL,20190610,264.4,267.9,262.35,266.85,3704937
JTEKTINDIA,20190610,107,108.7,104.75,105.3,43306
JUBILANT,20190610,479.2,484.4,476,479.75,252912
JUBLFOOD,20190610,1322.4,1358.3,1320,1352.5,1176034
JUBLINDS,20190610,106,108.95,104,104.2,2680
JUNIORBEES,20190610,282,289.7,282,283.68,41203
JUSTDIAL,20190610,745,755.65,724.9,744.2,7180117
JYOTHYLAB,20190610,172,172.25,167.45,169.4,373947
KABRAEXTRU,20190610,80.95,81,79,79.6,5583
KAJARIACER,20190610,610.75,624.5,610.2,622.1,228670
KAKATCEM,20190610,193.05,199.45,190,192.4,20504
KALPATPOWR,20190610,510,510,477.4,490.35,42910
KALYANIFRG,20190610,270,270,262.05,262.05,27
KAMATHOTEL,20190610,46.95,47.45,46.5,46.95,10814
KAMDHENU,20190610,167.5,174.65,167.3,169.1,12222
KANANIIND,20190610,4.3,4.45,4.05,4.1,3395
KANORICHEM,20190610,61.85,62,60.1,60.75,25662
KANSAINER,20190610,443,446.9,440,443.8,291151
KARDA,20190610,203.4,204.95,201,204.25,53028
KARMAENG,20190610,15.1,15.8,13.55,14.1,2922
KARURVYSYA,20190610,78,78.75,77.5,78.3,258679
KAUSHALYA,20190610,0.55,0.55,0.55,0.55,172
KAVVERITEL,20190610,4.2,4.3,3.95,4.15,1345
KAYA,20190610,605.1,613,602.8,609.3,1787
KCP,20190610,90.7,90.7,86.5,86.8,23829
KCPSUGIND,20190610,16.5,16.7,15.75,15.85,160602
KDDL,20190610,468.4,468.4,436.55,450.05,673
KEC,20190610,315,320.95,313.1,317.85,161895
KECL,20190610,15.5,15.9,14.35,14.95,27985
KEI,20190610,487,492.8,476.05,480.2,69734
KELLTONTEC,20190610,31.25,33.5,28.7,28.95,534675
KERNEX,20190610,28,28,26.9,26.95,4023
KESARENT,20190610,54.8,54.8,54.8,54.8,26924
KESORAMIND,20190610,71,71,66.9,67.9,109386
KEYFINSERV,20190610,43.65,45.7,43.65,45.5,7
KGL,20190610,1.1,1.1,1.05,1.1,691764
KHADIM,20190610,331,344.8,321.1,323.9,4690
KHAITANELE,20190610,2.5,2.5,2.4,2.4,5043
KHAITANLTD,20190610,28.6,29.95,28.5,28.6,1141
KICL,20190610,1935,1935,1891.6,1896.4,160
KILITCH,20190610,175,178.2,170.25,171.85,31230
KINGFA,20190610,720,720,688.1,698.95,3618
KIOCL,20190610,134,135.6,125.6,127.5,10286
KIRIINDUS,20190610,513.9,521.8,505,515.4,142925
KIRLOSBROS,20190610,178.35,181.5,172.15,178.85,23122
KIRLOSENG,20190610,194,194.5,185.15,190.05,34620
KIRLOSIND,20190610,823.95,922,812.25,815.75,1109
KITEX,20190610,111.7,114.75,111.25,111.85,42196
KKCL,20190610,1264.95,1278.05,1238.95,1253.45,350
KMSUGAR,20190610,7.8,8.35,7.6,7.8,266143
KNRCON,20190610,286.9,287,283,285.75,384468
KOHINOOR,20190610,26.5,26.85,25.4,25.65,25469
KOKUYOCMLN,20190610,82.55,83,81.5,81.9,15464
KOLTEPATIL,20190610,228,228,210,211.9,58644
KOPRAN,20190610,38.45,38.45,37,37.2,23074
KOTAKBANK,20190610,1503.3,1510.9,1486.6,1502.6,1715150
KOTAKBKETF,20190610,340.2,359.3,316.16,317.23,61163
KOTAKGOLD,20190610,285,286.5,284,284.45,12249
KOTAKNIFTY,20190610,122.96,123.36,122.35,123.14,24095
KOTAKNV20,20190610,59,59.6,58.55,58.97,18573
KOTAKPSUBK,20190610,310,310.9,302.01,303.81,14660
KOTARISUG,20190610,10.55,11.15,10.5,10.7,5213
KOTHARIPET,20190610,18.2,18.5,17.7,18.1,6955
KOTHARIPRO,20190610,82,82.7,77.2,78.15,5702
KPITTECH,20190610,94.2,95.1,93.1,94.25,243762
KPRMILL,20190610,622.95,630,614.2,627.4,52079
KRBL,20190610,331.4,337.65,331.05,334.6,33647
KREBSBIO,20190610,83.65,88.7,83.65,88.7,1046
KRIDHANINF,20190610,18.65,19.7,17.85,17.85,81285
KSB,20190610,710.2,719,705.6,712.9,4322
KSCL,20190610,533.7,559.3,523.15,525.65,243842
KSERASERA,20190610,0.15,0.15,0.1,0.15,1468306
KSK,20190610,0.9,0.9,0.8,0.8,887184
KSL,20190610,221.55,225,219.6,220.85,15699
KTIL,20190610,50,51.7,48.85,49.2,1166
KTKBANK,20190610,107.9,109.3,104.8,107.75,2549340
KWALITY,20190610,4.75,4.9,4.65,4.7,1138964
L&TFH,20190610,126,127.1,123.3,124.1,5937938
LAKSHVILAS,20190610,74.45,75.65,72.4,72.75,1143388
LALPATHLAB,20190610,1040.3,1069.7,1025.5,1061.65,85138
LAMBODHARA,20190610,45.05,46,43.1,44.05,17761
LAOPALA,20190610,201.4,201.4,195.6,196.55,14569
LASA,20190610,19.5,19.5,17.55,18.05,60694
LAURUSLABS,20190610,353.5,357.35,346.15,349.65,72289
LAXMIMACH,20190610,5384.85,5460,5352.05,5386.35,1373
LEEL,20190610,7.4,7.5,7.4,7.4,102605
LEMONTREE,20190610,68.1,69.5,67.55,69.05,116674
LFIC,20190610,62.1,62.15,62.1,62.1,573
LGBBROSLTD,20190610,361.4,361.4,349,350.65,3424
LGBFORGE,20190610,2.8,2.9,2.8,2.9,1598
LIBERTSHOE,20190610,134,135.9,126.65,127.4,49966
LICHSGFIN,20190610,557.7,563.6,545.6,550.8,908190
LICNETFGSC,20190610,18.7,19.48,18.7,19.06,1218
LICNETFN50,20190610,124.95,124.95,124.05,124.35,28
LINCOLN,20190610,171.6,172.1,167.9,169.25,8082
LINCPEN,20190610,202,208,193,197.25,3126
LINDEINDIA,20190610,550,562.35,544.9,553.85,30846
LIQUIDBEES,20190610,1000,1000.01,999.99,1000,980975
LIQUIDETF,20190610,1000.01,1000.01,999.99,1000,10862
LOKESHMACH,20190610,44.6,46.05,44.55,45.2,4514
LOTUSEYE,20190610,20,20,18.95,19.85,5651
LOVABLE,20190610,87,89.5,86.25,86.7,13393
LPDC,20190610,3.3,3.35,3.15,3.25,13468
LSIL,20190610,0.6,0.6,0.5,0.55,883556
LT,20190610,1525,1542,1521.3,1532.1,1608705
LTI,20190610,1816,1817.25,1773.05,1797.4,149612
LTTS,20190610,1690,1699,1681.8,1688,105191
LUMAXIND,20190610,1440,1476.95,1380.85,1398.2,2847
LUMAXTECH,20190610,122.6,126,122.6,124.4,13049
LUPIN,20190610,730.1,734.5,721.8,727.55,1022190
LUXIND,20190610,1325,1325,1285.1,1300.65,41813
LYKALABS,20190610,25.45,25.45,23.55,24.45,3382
LYPSAGEMS,20190610,4.9,5.25,4.75,4.8,172027
M&M,20190610,643.4,649.4,638.2,646.95,2306052
M&MFIN,20190610,417.95,420.8,409.9,417.6,1904653
M100,20190610,18.6,18.74,18.5,18.55,63200
M50,20190610,116.99,117.5,114.54,116.31,2561
MAANALU,20190610,92.5,92.95,90.65,91.15,21685
MADHAV,20190610,37.5,39.75,37.2,39,3952
MADHUCON,20190610,7.4,7.85,7.4,7.4,68707
MADRASFERT,20190610,26.8,26.95,25.05,25.5,289360
MAGADSUGAR,20190610,188.8,190.95,175,180.1,50305
MAGMA,20190610,130.5,132,129,131.95,417233
MAGNUM,20190610,5,5.6,4.4,5.5,26900
MAHABANK,20190610,15.95,16.15,15.6,15.65,608703
MAHAPEXLTD,20190610,99.75,99.75,99.75,99.75,50
MAHASTEEL,20190610,212,217.95,211.35,213.75,61257
MAHESHWARI,20190610,260,270,249.9,250.1,34149
MAHINDCIE,20190610,243,247.75,240.05,246.85,49071
MAHLIFE,20190610,426.1,429.4,422.85,427.05,9341
MAHLOG,20190610,490,496.05,485.1,488.5,29895
MAHSCOOTER,20190610,4355,4400,4332.5,4369.1,4770
MAHSEAMLES,20190610,439.3,440.05,431,433.45,30958
MAITHANALL,20190610,651.8,652.8,606.45,609.3,41261
MAJESCO,20190610,496,503.25,489.2,494.85,14516
MALUPAPER,20190610,26.4,26.4,24,24,1514
MAN50ETF,20190610,120,120,119.55,119.59,205
MANAKALUCO,20190610,6.4,6.6,6.25,6.6,1231
MANAKCOAT,20190610,5.35,5.65,5.35,5.35,359
MANAKSIA,20190610,39.25,39.25,37.2,37.8,299214
MANAKSTEEL,20190610,18.5,18.75,17.8,18.2,4580
MANALIPETC,20190610,24.7,24.7,24,24.2,88091
MANAPPURAM,20190610,133.05,139.2,133.05,138.1,8158799
MANGALAM,20190610,40.25,42.75,39.6,40.9,10868
MANGCHEFER,20190610,41.45,42,39.2,39.35,48029
MANGLMCEM,20190610,262.9,262.9,251.05,252.65,55966
MANGTIMBER,20190610,12.5,12.7,11.6,12.4,5014
MANINDS,20190610,57.6,57.9,56.5,56.85,27045
MANINFRA,20190610,32.75,33.3,31.3,31.55,61806
MANPASAND,20190610,39.9,43.2,39.9,39.9,3096854
MANUGRAPH,20190610,19.35,19.95,18.75,18.95,3365
MARALOVER,20190610,23.35,23.85,22.05,22.6,7138
MARATHON,20190610,105.6,108,103,103.65,2833
MARICO,20190610,374.95,379.8,374.45,377.4,2323261
MARKSANS,20190610,22.85,22.9,21.8,21.95,604563
MARUTI,20190610,6980,7043.3,6922,6969.95,395116
MASFIN,20190610,594.1,605,585.05,600.55,10842
MASKINVEST,20190610,42.75,42.75,40.95,41,1205
MASTEK,20190610,479,481.45,471.4,476.35,32303
MATRIMONY,20190610,688,688,632,644.15,2818
MAWANASUG,20190610,51.9,52.4,49.55,49.75,189478
MAXINDIA,20190610,62,64.4,61.5,63.95,168690
MAXVIL,20190610,44.95,45,43.05,43.2,15896
MAYURUNIQ,20190610,297.9,302,293.3,295.95,16386
MAZDA,20190610,418.55,424.05,402.2,404.2,2010
MBECL,20190610,4.25,4.45,4.15,4.4,9135
MBLINFRA,20190610,9.5,9.7,8.65,8.65,82062
MCDHOLDING,20190610,23.35,23.35,21.5,22.1,7744
MCDOWELL-N,20190610,553.1,566.9,551,563.65,2199870
MCLEODRUSS,20190610,30.55,31.85,27.7,27.7,410983
MCX,20190610,808.8,813.95,798.25,804.45,170185
MEGASOFT,20190610,7.4,7.6,6.95,7.3,8803
MEGH,20190610,66.8,68.7,66.1,66.95,752832
MENONBE,20190610,78.2,78.2,75.05,75.55,4441
MEP,20190610,37.6,38,36.5,36.7,52124
MERCATOR,20190610,2.05,2.05,2.05,2.05,93034
MERCK,20190610,4024.55,4049.9,3965,3994.3,16940
METALFORGE,20190610,6.75,7.3,6.4,6.45,18861
METKORE,20190610,0.6,0.6,0.5,0.5,3479
METROPOLIS,20190610,962,965,927.4,962.45,15510
MFSL,20190610,433.95,443.3,432,438.25,434544
MGL,20190610,855,890.5,851.75,886.8,459314
MHRIL,20190610,224.7,228.5,220.1,226.15,24126
MIC,20190610,0.95,0.95,0.9,0.9,214946
MIDHANI,20190610,130.9,130.9,124.6,127.2,54976
MIL,20190610,2.55,2.55,2.55,2.55,856
MINDACORP,20190610,116.5,119.7,116.05,117.8,53770
MINDAIND,20190610,330,337,328.8,334.15,199724
MINDTECK,20190610,46.4,46.4,43.25,45.2,11599
MINDTREE,20190610,973.2,980,970.55,975.5,590097
MIRCELECTR,20190610,19.95,19.95,18.55,18.85,75507
MIRZAINT,20190610,59,59.35,55.6,56.3,181461
MMFL,20190610,534.95,535,524.35,533.25,1263
MMTC,20190610,25.6,25.7,25,25.2,287685
MODIRUBBER,20190610,42,42.05,42,42,210
MOHITIND,20190610,6.9,7.45,6.7,6.7,11252
MOHOTAIND,20190610,37.7,37.7,34.5,34.5,2124
MOIL,20190610,153.2,154.05,150.7,151.3,165652
MOLDTECH,20190610,54.7,56.75,54,54.4,12477
MOLDTKPAC,20190610,246.8,251.05,240,241,15444
MONSANTO,20190610,2389.95,2440,2331,2344.35,6440
MONTECARLO,20190610,314,319.1,305,309.55,6093
MORARJEE,20190610,17.65,18.65,17.1,17.45,1064
MOREPENLAB,20190610,19.85,20.25,19.15,19.25,325336
MOTHERSUMI,20190610,115.75,120,115.35,119.05,13373348
MOTILALOFS,20190610,748.15,758.15,726.65,731.4,36148
MOTOGENFIN,20190610,35.7,40,35,39.55,1892
MPHASIS,20190610,962.4,965.4,951.5,962.7,126641
MPSLTD,20190610,542.05,549.45,541.55,545.05,1478
MRF,20190610,55949,56000,55100,55594.55,4118
MRO-TEK,20190610,30.45,30.45,27.7,29.95,2051
MRPL,20190610,60.5,60.95,58.2,59.45,1057914
MSPL,20190610,8.6,8.75,8.5,8.5,38615
MSTCLTD,20190610,96.9,97.35,95,95.05,10618
MTEDUCARE,20190610,66.25,67,65.55,66.7,238037
MTNL,20190610,10.1,10.2,9.4,9.45,2023281
MUKANDENGG,20190610,15.8,16.25,14.35,15.05,809
MUKANDLTD,20190610,54.3,54.8,52.1,52.15,51460
MUKTAARTS,20190610,44,45.3,44,44.45,7746
MUNJALAU,20190610,48.6,48.85,47.5,47.75,23208
MUNJALSHOW,20190610,160.25,162,155,157.55,5360
MURUDCERA,20190610,19.75,20,19,19.2,13118
MUTHOOTCAP,20190610,745.15,746.35,738,741.75,4027
MUTHOOTFIN,20190610,616,645,616,641.7,1227154
MVL,20190610,0.2,0.25,0.2,0.2,37609
N100,20190610,524.9,524.9,504.35,507.2,3812
NACLIND,20190610,32.8,32.8,31.65,32,168619
NAGAFERT,20190610,6.1,6.3,5.75,5.8,274923
NAGAROIL,20190610,0.3,0.3,0.25,0.25,355494
NAGREEKCAP,20190610,10.85,11.4,10.75,11.4,430
NAGREEKEXP,20190610,21,21.1,20.3,20.35,1871
NAHARCAP,20190610,93.8,93.8,87.05,87.35,18726
NAHARINDUS,20190610,38.7,39.15,37.65,37.75,5035
NAHARPOLY,20190610,37,39.2,36.2,36.35,1472
NAHARSPING,20190610,78.5,78.65,75.75,76.05,12332
NATCOPHARM,20190610,545,548,538.4,547.3,155321
NATHBIOGEN,20190610,451.6,451.6,433.1,435.1,27689
NATIONALUM,20190610,49.25,49.6,48.35,49.2,5768022
NATNLSTEEL,20190610,4,4,3.45,3.85,33433
NAUKRI,20190610,2349.8,2350,2264,2278.45,183793
NAVINFLUOR,20190610,695,723,695,717.7,24576
NAVKARCORP,20190610,33.55,33.8,30.5,30.95,235821
NAVNETEDUL,20190610,111.75,112.8,109.35,110.15,85905
NBCC,20190610,61.6,61.95,58.3,58.65,8157583
NBIFIN,20190610,1345,1384.85,1345,1369,1370
NBVENTURES,20190610,92.7,95.5,91.9,94.9,182412
NCC,20190610,98.5,99.25,95.75,96.65,7509158
NCLIND,20190610,142,144.5,137.1,142.9,101157
NDGL,20190610,765.2,765.2,740,764.15,133
NDL,20190610,44.75,44.75,41.6,42.55,27528
NDTV,20190610,34.7,35,34.5,34.75,15706
NECCLTD,20190610,7.75,8.1,7.55,7.6,25939
NECLIFE,20190610,17.8,17.8,17,17.25,49380
NELCAST,20190610,57.55,58.7,55.1,55.55,52261
NELCO,20190610,295.5,301.55,287.05,292.55,33889
NEOGEN,20190610,310.65,310.7,295.1,299.6,30781
NESCO,20190610,547.05,556,530.45,542.3,34965
NESTLEIND,20190610,11607.1,11729,11376,11698.4,48341
NETWORK18,20190610,30.5,30.5,29.1,29.45,137153
NEULANDLAB,20190610,590,595,575,592.25,10106
NEWGEN,20190610,311.25,312.95,305.1,306.7,6379
NEXTMEDIA,20190610,15,15.95,15,15.8,885
NFL,20190610,39.55,39.95,38.7,38.8,351694
NH,20190610,230,230,224,226.25,6393
NHPC,20190610,25.05,25.05,24.6,24.75,2342404
NIACL,20190610,162.45,162.95,158.85,160.7,33636
NIBL,20190610,18,19.4,17.5,18,6017
NIFTYBEES,20190610,1253,1259.19,1249.43,1256.74,82980
NIFTYEES,20190610,14600,15000,14550,14550,6
NIITLTD,20190610,107.1,107.8,103.55,103.75,229342
NIITTECH,20190610,1323.95,1348.95,1323,1336.65,793989
NILAINFRA,20190610,7.25,7.25,7.05,7.1,98273
NILASPACES,20190610,1.75,1.75,1.7,1.7,62056
NILKAMAL,20190610,1217.3,1222.75,1191.95,1202.55,11853
NIPPOBATRY,20190610,471.65,472.05,451,454.8,3274
NITCO,20190610,38.25,39.1,36.3,36.95,39873
NITESHEST,20190610,2.85,2.9,2.75,2.85,59719
NITINFIRE,20190610,0.95,1,0.9,0.9,97444
NITINSPIN,20190610,79.25,79.7,75.6,76.15,22807
NKIND,20190610,57,57.4,49.5,49.5,45862
NLCINDIA,20190610,65.45,65.45,64.9,65.05,133092
NMDC,20190610,105,105.8,103.05,104.25,2430534
NOCIL,20190610,131.1,131.65,123.2,125.6,372075
NOIDATOLL,20190610,4.25,4.55,4.05,4.3,56792
NRAIL,20190610,254,260,231.55,236.65,29374
NRBBEARING,20190610,168.15,170.8,166.5,167.5,21663
NSIL,20190610,1094,1094,1060,1066.15,167
NTPC,20190610,135.2,137.1,134.35,135,7295669
NUCLEUS,20190610,362,362,345.7,349.45,5669
OBEROIRLTY,20190610,537.15,545,532.95,543.7,107292
OCCL,20190610,1155.65,1162.45,1145.45,1151.7,2044
OFSS,20190610,3290,3320,3279.9,3304.35,19586
OIL,20190610,179.6,182.45,179,180.35,1339945
OILCOUNTUB,20190610,11.8,12.5,11.05,11.3,208303
OISL,20190610,5.75,5.75,5.3,5.3,106350
OLECTRA,20190610,210,210,202.55,205.55,43946
OMAXAUTO,20190610,57.35,58.95,57.1,57.75,5932
OMAXE,20190610,203.4,203.4,200.45,201.75,343776
OMKARCHEM,20190610,11.7,12.7,10.5,10.5,80088
OMMETALS,20190610,27.3,27.9,26.9,27,25249
ONELIFECAP,20190610,9.95,9.95,9.5,9.95,2636
ONEPOINT,20190610,32.25,34.75,31.2,33.15,48705
ONGC,20190610,168.1,169,163.2,164.65,10866149
ONMOBILE,20190610,34.8,36,34.05,34.15,40729
ONWARDTEC,20190610,65.9,69,63.9,66.2,9637
OPTIEMUS,20190610,60.2,70.7,60.2,64.2,305107
OPTOCIRCUI,20190610,6.05,6.2,5.8,5.85,649104
ORBTEXP,20190610,116.2,117,115,115.5,7192
ORICONENT,20190610,23.9,24.3,22.5,22.9,48721
ORIENTABRA,20190610,22.45,22.95,21.45,22,9259
ORIENTALTL,20190610,11.55,11.95,11.5,11.7,146139
ORIENTBANK,20190610,92.5,94.4,89.75,90.8,4961616
ORIENTBELL,20190610,148.8,148.8,140.2,141.3,8841
ORIENTCEM,20190610,117,117.75,108.55,109.9,180478
ORIENTELEC,20190610,166.7,167.75,163.25,164,28512
ORIENTHOT,20190610,42.05,42.9,41.05,42,6033
ORIENTLTD,20190610,172,174,159,166.35,275
ORIENTPPR,20190610,31,31.4,30.05,30.3,251447
ORIENTREF,20190610,230.15,230.15,222.85,224.95,21244
ORISSAMINE,20190610,784,792,765.1,772.2,2647
ORTEL,20190610,2.35,2.35,2.35,2.35,1059
ORTINLABSS,20190610,14.65,15.25,13.7,15.25,33725
OSWALAGRO,20190610,7.7,8,7.1,7.15,13569
PAEL,20190610,2.4,2.4,2.4,2.4,100
PAGEIND,20190610,20178.85,20282.7,20007,20167,37907
PAISALO,20190610,382.75,382.75,372,372.3,2746
PALASHSECU,20190610,43.7,43.7,40.55,42.35,893
PALREDTEC,20190610,32.35,32.35,30.9,30.9,6059
PANACEABIO,20190610,177.1,177.55,162.5,165.05,29235
PANAMAPET,20190610,104.1,109.9,101,101.9,33408
PAPERPROD,20190610,259.85,269.4,259.05,260.3,15349
PARABDRUGS,20190610,1.25,1.3,1.2,1.2,10280
PARACABLES,20190610,12.6,12.8,12.35,12.6,31041
PARAGMILK,20190610,242.05,243.9,239.9,241.2,71463
PARSVNATH,20190610,4,4.2,3.8,3.8,60892
PATELENG,20190610,25.7,25.7,23.8,24.1,126528
PATINTLOG,20190610,38,38.25,37.3,37.35,11734
PATSPINLTD,20190610,9,9.45,8.45,8.75,5831
PCJEWELLER,20190610,61,61.5,54,55.7,42770459
PDMJEPAPER,20190610,14.85,14.85,13.45,13.85,23026
PDPL,20190610,6,6,5.3,5.6,3262
PDSMFL,20190610,263,266,259,263.1,1899
PEARLPOLY,20190610,14.3,14.85,14,14.3,15547
PEL,20190610,2115,2150.45,2094.2,2125.45,496755
PENIND,20190610,36.8,37.05,36.55,37,63890
PENINLAND,20190610,6.8,7,6.45,6.5,179623
PERSISTENT,20190610,615,618,605.6,609.15,101744
PETRONENGG,20190610,9.55,9.95,9.1,9.95,1777
PETRONET,20190610,238.8,240.9,237.05,238.5,1633239
PFC,20190610,135.1,136,130.65,131.75,9475586
PFIZER,20190610,3175,3182.95,3100,3147.6,13616
PFOCUS,20190610,58,60.5,55.5,56.45,7471
PFS,20190610,16.1,16.2,15.6,15.75,257513
PGEL,20190610,64.9,65.55,59.75,60.3,120889
PGHH,20190610,10914,11093.75,10851.05,10944.4,3068
PGIL,20190610,166,168,161.5,165.6,2462
PHILIPCARB,20190610,140.75,142.55,135,136,396740
PHOENIXLTD,20190610,657.95,662.45,645,649.25,39490
PIDILITIND,20190610,1264.8,1291.8,1261.5,1283.45,602858
PIIND,20190610,1105,1114.95,1060.25,1075.05,78432
PILANIINVS,20190610,2499.95,2499.95,2425,2438.3,5456
PILITA,20190610,9,9.5,8.6,9.15,462605
PIONDIST,20190610,122,129,122,124.5,18876
PIONEEREMB,20190610,24.7,24.7,24.7,24.7,40
PIRPHYTO,20190610,27.75,29.75,27.75,28,660
PITTIENG,20190610,47.2,47.2,43.2,43.6,31115
PKTEA,20190610,141,144.95,137,137,177
PLASTIBLEN,20190610,195.4,200,195.4,198.1,6019
PNB,20190610,80.4,80.7,76.7,77.35,29534574
PNBGILTS,20190610,34.55,34.6,34.05,34.15,77311
PNBHOUSING,20190610,815.85,820,808,813.35,194272
PNC,20190610,18,18.6,16,16.8,44423
PNCINFRA,20190610,202.95,207.75,197.55,200.3,372580
PODDARHOUS,20190610,518.4,525,518.4,525,282
PODDARMENT,20190610,175,189,175,176.9,718
POKARNA,20190610,161.6,170.05,161.6,164.25,19718
POLYCAB,20190610,605,609,597.6,602.5,46966
POLYMED,20190610,194.5,194.5,188.05,190.4,3031
POLYPLEX,20190610,572.1,578,552.5,555.8,51208
PONNIERODE,20190610,125.15,127.75,125,125.25,938
POWERGRID,20190610,192.95,195.95,192.4,194.3,6317937
POWERMECH,20190610,990,991.9,975.8,979.1,10504
PPAP,20190610,270,276,270,275,2808
PRABHAT,20190610,63.2,64.4,62.4,62.85,82668
PRADIP,20190610,0.85,0.85,0.85,0.85,440
PRAENG,20190610,7.65,8.4,7.35,8.2,16413
PRAJIND,20190610,148.35,149,143.5,145.6,738989
PRAKASH,20190610,69,69,64.85,66.1,1044393
PRAKASHCON,20190610,3.35,3.35,3.2,3.25,146411
PRAKASHSTL,20190610,0.25,0.25,0.2,0.2,77600
PRAXIS,20190610,118,118,100.15,108.35,32828
PRECAM,20190610,64.8,66.95,64.6,65,12975
PRECOT,20190610,37.25,37.25,34,34,4339
PRECWIRE,20190610,202.05,204.8,197,197.4,3827
PREMEXPLN,20190610,220.4,221.9,213,213.6,7554
PREMIER,20190610,4.9,5.25,4.75,5.05,934
PREMIERPOL,20190610,23.5,24.05,23.5,24.05,3026
PRESSMN,20190610,27.8,28.4,27.55,28,5273
PRESTIGE,20190610,271.95,279.5,268.55,270.8,162249
PRICOLLTD,20190610,40.4,42.8,38.25,38.55,91514
PRIMESECU,20190610,40.05,40.65,39.05,39.85,9852
PROSEED,20190610,0.4,0.45,0.4,0.45,31373
PROVOGE,20190610,1.05,1.05,1,1,52981
PROZONINTU,20190610,27.5,28.5,27,27,28938
PRSMJOHNSN,20190610,93.75,94.7,92.25,93.3,204643
PSB,20190610,26.9,27.25,26.3,26.4,36856
PSL,20190610,0.9,0.95,0.9,0.9,6632
PSPPROJECT,20190610,541.75,541.75,520.15,524.75,24533
PSUBNKBEES,20190610,347.8,347.8,336.91,338.27,7081
PTC,20190610,70.4,70.4,68.55,68.95,391760
PTL,20190610,41.05,41.95,40.65,40.85,6145
PUNJABCHEM,20190610,654.05,656.9,647.05,651.8,2419
PUNJLLOYD,20190610,1.65,1.7,1.6,1.6,602031
PURVA,20190610,78.45,79,76.15,76.7,110226
PVR,20190610,1762,1777,1736.65,1764,256427
QGOLDHALF,20190610,1438,1439.75,1432,1433.15,649
QNIFTY,20190610,1220,1220,1214,1214,5
QUESS,20190610,592.4,594.95,561.1,579.3,365228
QUICKHEAL,20190610,184.85,184.85,180,181.55,39426
QUINTEGRA,20190610,0.45,0.45,0.45,0.45,400
RADAAN,20190610,2.1,2.5,2,2.15,7130
RADICO,20190610,304.2,308,294.85,297.25,445698
RADIOCITY,20190610,57.7,59.35,57,57.05,36076
RAIN,20190610,110.8,111.4,103.85,105.65,982335
RAINBOWPAP,20190610,0.9,0.9,0.85,0.85,3892
RAJESHEXPO,20190610,657.6,659.8,656.4,658.6,267452
RAJSREESUG,20190610,24.8,24.8,23.65,23.95,9757
RALLIS,20190610,152.35,153.9,150,151.25,56473
RAMANEWS,20190610,20.55,20.9,19.9,20,10434
RAMASTEEL,20190610,94,97.8,92.7,95,81818
RAMCOCEM,20190610,795.75,805,783.75,801,244913
RAMCOIND,20190610,203.9,204.05,201.3,203.15,35437
RAMCOSYS,20190610,230,232.4,218.15,221.35,32793
RAMGOPOLY,20190610,1.95,1.95,1.95,1.95,1787
RAMKY,20190610,118.3,119.95,112.7,114.15,85367
RANASUG,20190610,3.15,3.2,3.05,3.05,180683
RANEENGINE,20190610,464.25,466.55,452.05,455.25,1938
RANEHOLDIN,20190610,1214.5,1217,1187,1195.7,1310
RATNAMANI,20190610,984.95,990,973,982,41833
RAYMOND,20190610,811.8,828.9,808.75,813.7,478376
RBL,20190610,632.05,657.8,629.05,635,6628
RBLBANK,20190610,675,679.45,659,669.65,1095860
RCF,20190610,65.5,65.95,63.8,64.55,1289922
RCOM,20190610,1.85,1.85,1.8,1.8,7198275
RECLTD,20190610,153.35,154.5,151.15,152.55,5461592
REDINGTON,20190610,100.8,104.4,100.8,101.6,186986
REFEX,20190610,73.95,74.75,71.5,74.75,50242
REGENCERAM,20190610,2.7,2.7,2.7,2.7,500
RELAXO,20190610,850,860,843.2,849.95,30907
RELCAPITAL,20190610,95.5,98.75,86.6,91.7,59463907
RELCNX100,20190610,123.04,123.74,122.23,123.39,318
RELCONS,20190610,51,53.69,51,51.9,2632
RELDIVOPP,20190610,31.13,31.19,31.01,31.05,624
RELIANCE,20190610,1320.9,1327,1310.1,1319.15,5380148
RELIGARE,20190610,26,26.2,25.65,25.95,61721
RELINFRA,20190610,68.65,73.9,61.3,64.05,66580085
RELNV20,20190610,585.5,592.79,585.5,589.75,882
REMSONSIND,20190610,83.4,92.8,77.8,90.3,17724
RENUKA,20190610,10.1,10.2,9.85,9.95,473216
REPCOHOME,20190610,387,392.6,382.25,387.3,193959
REPRO,20190610,562.4,569.95,531,535.95,34600
RESPONIND,20190610,91.05,93,90.15,91.65,101609
RETFMID150,20190610,64.26,64.26,63.8,63.9,136875
REVATHI,20190610,442.4,448.95,435,438.3,1301
RGL,20190610,287.3,289.9,281.7,285.05,2685
RHFL,20190610,18.6,18.6,15.4,16.35,965283
RICOAUTO,20190610,67.95,68.1,66,66.2,145824
RIIL,20190610,316.1,320,306.1,309.05,110167
RITES,20190610,284.6,285.95,278,279.75,336471
RKDL,20190610,7,7.6,7,7.6,12101
RKFORGE,20190610,489,489,455.05,458.15,6088
RMCL,20190610,9.4,9.65,8.95,8.95,131983
RML,20190610,341,346.65,335,338.75,3569
RNAM,20190610,218.95,219.85,215.2,215.65,2536822
RNAVAL,20190610,7.1,7.15,6.2,6.5,1961769
ROHITFERRO,20190610,1.35,1.35,1.35,1.35,151
ROHLTD,20190610,113.6,116.3,112.15,112.45,11538
ROLLT,20190610,2.05,2.25,2.05,2.2,13683
ROLTA,20190610,6,6.25,5.8,5.8,220232
ROSSELLIND,20190610,48.95,49,45.8,47.1,1137
RPGLIFE,20190610,253.95,257,253,255,9272
RPOWER,20190610,5.55,6.05,4.85,5.75,180723923
RPPINFRA,20190610,124,127.85,117.15,119.85,34340
RRSLGETF,20190610,19.16,19.16,19.06,19.09,68610
RSSOFTWARE,20190610,26.5,27,25.75,26.05,23146
RSWM,20190610,150.55,152.8,139,143.9,33772
RSYSTEMS,20190610,46.2,46.2,43.65,44.75,5531
RTNINFRA,20190610,2.05,2.25,2.05,2.15,547179
RTNPOWER,20190610,2.2,2.35,2.15,2.25,727238
RUBYMILLS,20190610,250.8,250.8,237.35,240.4,2680
RUCHINFRA,20190610,2.6,2.7,2.6,2.7,6455
RUCHIRA,20190610,97.8,97.85,94.7,95.5,18273
RUCHISOYA,20190610,6.8,6.8,6.5,6.55,1061642
RUPA,20190610,266.95,266.95,260.35,260.85,8068
RUSHIL,20190610,595,610,593,600.55,1930
RVNL,20190610,27.5,27.85,26.4,26.75,8182783
SABTN,20190610,3.5,3.5,3.35,3.45,4316
SADBHAV,20190610,262,264.95,254,259.25,98677
SADBHIN,20190610,78.15,81,78.15,80.1,14254
SAGARDEEP,20190610,51.3,51.3,48.5,50.95,13830
SAGCEM,20190610,672,681.4,642.7,651.9,2449
SAIL,20190610,48.65,49.4,47.55,48.2,15443180
SAKAR,20190610,55.5,60,54,57.4,2302
SAKHTISUG,20190610,10.35,10.35,9.8,10,38205
SAKSOFT,20190610,322.15,365.55,310.05,344.2,180818
SAKUMA,20190610,29.4,29.9,26.15,26.45,1054244
SALASAR,20190610,189.05,190.9,184.2,185.05,38506
SALONA,20190610,87.6,96.95,83.9,89.5,2024
SALSTEEL,20190610,4.3,4.45,4.05,4.1,12941
SALZERELEC,20190610,138.6,138.65,132.4,136.2,4230
SAMBHAAV,20190610,4,4.15,3.6,3.75,30789
SANCO,20190610,18.1,18.9,18.1,18.35,15569
SANDESH,20190610,718.45,724,705.15,721.55,112
SANDHAR,20190610,281.2,292.75,281.2,286.55,3886
SANGAMIND,20190610,61,61,57,57,3199
SANGHIIND,20190610,63.05,63.75,62.8,63.3,68128
SANGHVIFOR,20190610,19.8,19.9,19.8,19.9,73
SANGHVIMOV,20190610,123.65,124.3,117.25,118.35,5948
SANOFI,20190610,5475,5475,5411.2,5424.5,8416
SANWARIA,20190610,7.2,7.25,7,7.1,1198553
SARDAEN,20190610,260,264.55,245,247.7,35430
SAREGAMA,20190610,553.5,554.35,529.95,532.1,8039
SARLAPOLY,20190610,27.2,28.15,26.9,27.8,31970
SASKEN,20190610,714.7,715.7,707.75,709.25,2013
SASTASUNDR,20190610,110.8,113.9,108.25,113.1,7161
SATHAISPAT,20190610,7.65,7.65,7.3,7.3,429
SATIN,20190610,312.25,318.75,303.35,306.8,12692
SBIETFQLTY,20190610,98.68,101.5,96,98.19,1553
SBILIFE,20190610,697,700,695.15,699.1,449355
SBIN,20190610,346,347.3,340.15,344.3,20500542
SCAPDVR,20190610,0.65,0.75,0.65,0.75,2102
SCHAEFFLER,20190610,5036.1,5115.9,5036.1,5087.1,793
SCHAND,20190610,103.2,108.15,103.2,104.75,69026
SCHNEIDER,20190610,98.95,100.45,97,97.3,48433
SCI,20190610,32.55,32.8,31.25,31.4,282419
SEAMECLTD,20190610,457.4,488,457.4,476.85,15872
SELAN,20190610,173.7,174.8,171,171.9,20319
SELMCL,20190610,0.95,1,0.9,0.95,66692
SEPOWER,20190610,3.8,3.8,3.5,3.75,1402
SEQUENT,20190610,68.75,70.25,68.7,69.05,168057
SESHAPAPER,20190610,976.95,986.65,971.5,979.45,1123
SETCO,20190610,26,26,24.65,25,48889
SETF10GILT,20190610,186,186,176.51,180.07,191
SETFGOLD,20190610,2929.95,2933,2913.05,2918.05,3447
SETFNIF50,20190610,122,122.46,121.44,122.02,41428
SETFNIFBK,20190610,315.92,316.17,311.95,313.88,5096
SETFNN50,20190610,281,281.68,279.29,280.49,4680
SFL,20190610,1300,1325.05,1274.75,1275.1,10869
SGL,20190610,14.35,14.35,14.35,14.35,21533
SHAHALLOYS,20190610,14.75,16,13.15,15,4665
SHAKTIPUMP,20190610,423,432.65,423,426.45,22918
SHALBY,20190610,125,125.25,121,123.9,19037
SHALPAINTS,20190610,83.7,84,79,82.85,67467
SHANKARA,20190610,499.8,517,492.7,498.3,92891
SHANTIGEAR,20190610,118.45,119.05,117,118.8,14332
SHARDACROP,20190610,362.4,366.05,351,355.75,4925
SHARDAMOTR,20190610,1444.05,1467,1411.85,1448.05,927
SHARIABEES,20190610,259.32,269,256.01,265.95,21
SHEMAROO,20190610,381.95,381.95,352.6,360.15,8068
SHILPAMED,20190610,349.95,349.95,339.95,340.7,3923
SHIRPUR-G,20190610,19.3,19.7,19.2,19.7,160894
SHIVAMAUTO,20190610,34.2,34.35,33,33.15,30015
SHIVAMILLS,20190610,48.45,51.45,48.45,51.1,1268
SHIVATEX,20190610,124,133.9,124,132.65,1669
SHK,20190610,154.25,154.8,145.1,146.05,362014
SHOPERSTOP,20190610,478.4,487.95,477.7,486.1,15483
SHREECEM,20190610,20849.85,20972.25,20657.7,20807.65,26806
SHREEPUSHK,20190610,130.8,135,129.2,130.1,8266
SHREERAMA,20190610,5.5,5.8,5.05,5.1,37328
SHREYANIND,20190610,153.8,153.8,147.9,148.15,5770
SHREYAS,20190610,160.6,166,158.1,161.15,3222
SHRIPISTON,20190610,930,950,927.1,950,26
SHRIRAMCIT,20190610,1592,1595,1536.4,1553.65,2303
SHRIRAMEPC,20190610,9.45,9.5,7.9,8.2,151316
SHYAMCENT,20190610,5.55,5.6,5.15,5.2,3872
SICAGEN,20190610,23.4,25,22.7,23,7513
SICAL,20190610,119.75,125.3,119,120.85,8029
SIEMENS,20190610,1258.1,1283.7,1253,1269.95,436540
SIGIND,20190610,36,36,33.2,34.4,385
SIL,20190610,12.6,13,12.35,12.35,2027
SILINV,20190610,187,188.55,181.95,185.45,6680
SIMBHALS,20190610,9.5,9.5,8.3,8.45,40087
SIMPLEXINF,20190610,139.1,140,134,134.9,37627
SINTEX,20190610,5.6,5.6,4.95,5.05,3819979
SIS,20190610,922,947.8,922,942.05,3666
SITASHREE,20190610,0.55,0.55,0.45,0.45,55876
SITINET,20190610,3,3,2.9,3,82421
SIYSIL,20190610,337,342.3,329.95,330.15,31276
SJVN,20190610,25.6,25.65,25.05,25.15,573287
SKFINDIA,20190610,1860,1905.95,1850.05,1900.1,22126
SKIL,20190610,9.9,9.9,9.3,9.5,2681
SKIPPER,20190610,60.4,60.4,57.75,57.9,89664
SKMEGGPROD,20190610,45.05,45.5,43.1,43.3,20887
SMARTLINK,20190610,82.1,82.65,80,81.35,7343
SMLISUZU,20190610,854.9,854.95,843.25,851.25,12133
SMPL,20190610,0.4,0.4,0.35,0.35,7275
SMSLIFE,20190610,434.95,447,425,428.3,2733
SMSPHARMA,20190610,58.7,58.75,56.1,57.3,19983
SNOWMAN,20190610,33.2,34,32.95,33.7,168779
SOBHA,20190610,548.7,557.9,545.15,549.05,99983
SOLARA,20190610,458.8,470,450,461.3,7308
SOLARINDS,20190610,1165,1184.95,1165,1179.3,3065
SOMANYCERA,20190610,425.5,429.6,419.55,423.25,7839
SOMATEX,20190610,4.3,4.3,4.3,4.3,925
SOMICONVEY,20190610,21.4,21.8,19.6,19.9,4752
SONATSOFTW,20190610,355.1,359.6,352.5,354,58667
SORILINFRA,20190610,280,282,251.55,253.25,63628
SOTL,20190610,1300,1300.2,1270,1276.95,9176
SOUTHBANK,20190610,13.9,13.95,13.45,13.65,13341459
SOUTHWEST,20190610,24.4,26.25,24,25.4,8259
SPAL,20190610,285,285.25,276.1,276.5,1703
SPARC,20190610,136.9,141.7,131.05,138.3,400689
SPCENET,20190610,1.35,1.35,1.35,1.35,1
SPECIALITY,20190610,86.8,86.8,75.3,82.25,114517
SPENCERS,20190610,106,106.85,102.5,103.2,104252
SPENTEX,20190610,1.25,1.35,1.25,1.25,2505
SPIC,20190610,24.1,24.25,23.05,23.35,53284
SPICEMOBI,20190610,9.5,9.5,9.05,9.05,602
SPLIL,20190610,36.4,36.4,33.35,33.55,40140
SPMLINFRA,20190610,24,24.9,23.5,23.85,25060
SPTL,20190610,11.85,11.85,10.55,10.55,2457701
SPYL,20190610,0.25,0.25,0.2,0.2,63502
SREEL,20190610,191.35,194.7,190.65,191.75,16764
SREINFRA,20190610,23.1,23.4,22,22.2,667980
SRF,20190610,2876,2953.6,2876,2909.65,352424
SRHHYPOLTD,20190610,140,146,134.45,136.8,7795
SRIPIPES,20190610,177,180,173.5,174.15,27853
SRTRANSFIN,20190610,1094,1114.5,1049.1,1076.05,1354550
SSWL,20190610,803.8,803.85,791.05,794.15,1489
STAMPEDE,20190610,1.15,1.2,1.15,1.15,66888
STAR,20190610,415,431.55,414.5,429.1,1023746
STARCEMENT,20190610,128.5,130.65,125,126.25,1072412
STARPAPER,20190610,116.45,119,113.55,114.15,18393
STCINDIA,20190610,118,120.2,114.05,116.05,67659
STEELXIND,20190610,12.2,13,12.2,12.65,21568
STEL,20190610,90,91,89.15,89.45,5289
STERTOOLS,20190610,219.05,221.1,216,217.2,3670
STINDIA,20190610,8.95,8.95,8.95,8.95,1
STRTECH,20190610,172.65,175.1,169.8,173.55,984856
SUBCAPCITY,20190610,14,14,14,14,1
SUBEX,20190610,6.75,7,6.7,6.95,899420
SUBROS,20190610,256.05,258.5,245.1,248.55,23042
SUDARSCHEM,20190610,335,335,325.05,325.75,7754
SUJANAUNI,20190610,0.25,0.3,0.2,0.3,30180
SUMEETINDS,20190610,2.75,3.35,2.6,3.35,1512891
SUMMITSEC,20190610,540.1,545.9,532,534.85,684
SUNCLAYLTD,20190610,2644,2644,2486.1,2501.7,1008
SUNDARAM,20190610,1.85,1.85,1.75,1.8,137354
SUNDARMFIN,20190610,1650,1660,1632.25,1647.5,19061
SUNDARMHLD,20190610,93.95,94,91.55,92.45,12109
SUNDRMBRAK,20190610,323.05,337.95,310.25,322.4,2980
SUNDRMFAST,20190610,531.05,535,527.4,529.85,41549
SUNFLAG,20190610,39.65,40.2,39.05,39.1,37373
SUNILHITEC,20190610,0.7,0.8,0.7,0.75,143799
SUNPHARMA,20190610,402,405.8,394.05,402.05,4966075
SUNTECK,20190610,486.65,488.9,471.05,474.8,177973
SUNTV,20190610,550,559.7,520,528,4579245
SUPERHOUSE,20190610,105.55,108.6,105.1,105.5,2035
SUPERSPIN,20190610,6,6,5.55,5.65,7234
SUPPETRO,20190610,216.4,218.05,207.55,210.3,3411
SUPRAJIT,20190610,218.65,218.65,210.05,211.05,15286
SUPREMEIND,20190610,1060.05,1084.95,1060.05,1077.85,128624
SUPREMEINF,20190610,20.25,20.25,20.25,20.25,4137
SURANASOL,20190610,6.95,7.45,6.75,7.05,21810
SURANAT&P,20190610,3.95,4.1,3.75,3.9,16700
SURYALAXMI,20190610,27.4,27.6,26.9,27.4,1504
SURYAROSNI,20190610,252.75,255.35,249.35,250.3,27580
SUTLEJTEX,20190610,31.85,32.5,31.2,31.5,98020
SUVEN,20190610,273,274,270,273.15,103870
SUZLON,20190610,5.3,5.35,3.9,4.65,113780378
SWANENERGY,20190610,106.05,106.25,104.5,105.5,103680
SWARAJENG,20190610,1400.8,1419.75,1380.7,1394.1,3302
SWELECTES,20190610,237.25,237.3,225.15,225.95,1599
SYMPHONY,20190610,1343,1358.95,1303,1319.05,12383
SYNCOM,20190610,1.7,1.7,1.7,1.7,5139
SYNDIBANK,20190610,34.25,34.75,33.25,33.75,6413845
SYNGENE,20190610,675.9,678.8,651.5,658.4,487283
TAINWALCHM,20190610,60,63,59,61.4,1618
TAJGVK,20190610,189,194.65,183.25,184.6,12204
TAKE,20190610,150.1,150.8,140,141.1,109262
TALBROAUTO,20190610,182.8,182.8,173.45,177.2,12371
TALWALKARS,20190610,49.6,50.05,46.9,47.8,66292
TALWGYM,20190610,108.15,109.85,104.8,107.5,37337
TANLA,20190610,59.8,62.25,57.9,62.25,979302
TANTIACONS,20190610,2.8,2.8,2.75,2.75,324
TARAJEWELS,20190610,0.95,1,0.9,0.95,5436
TARMAT,20190610,37.65,37.9,37,37,1991
TASTYBITE,20190610,8150,8230.05,8110,8150,147
TATACHEM,20190610,629.3,634.35,622.95,627.25,328531
TATACOFFEE,20190610,72,89.75,72,86.65,693327
TATACOMM,20190610,527,527.55,502.25,505.3,569090
TATAELXSI,20190610,859.5,866.15,855,857.2,236516
TATAGLOBAL,20190610,257,259.05,250.65,252.7,3098985
TATAINVEST,20190610,875.05,884.95,875.05,880.55,7856
TATAMETALI,20190610,601.95,605,598.65,601.45,19154
TATAMOTORS,20190610,170.9,172.05,163.55,166.2,20209862
TATAMTRDVR,20190610,82.05,82.9,79.1,81.35,3433043
TATAPOWER,20190610,66.65,67.3,65.95,66.55,4586585
TATASPONGE,20190610,713.8,713.8,702.25,706.15,18748
TATASTEEL,20190610,489,494.8,483.1,486.05,6850917
TATASTLBSL,20190610,29.8,30.5,29.4,29.7,815954
TBZ,20190610,49.75,51.55,47.95,48.1,89548
TCI,20190610,299.5,302.35,299.5,300.35,19498
TCIDEVELOP,20190610,358,358,342,342,13
TCIEXP,20190610,668,674.05,660.65,667.8,7929
TCIFINANCE,20190610,14.75,14.8,14.15,14.3,11152
TCNSBRANDS,20190610,815,828.35,796.1,803.75,5823
TCPLPACK,20190610,370,370,356.5,359,951
TCS,20190610,2196.7,2235.85,2185.5,2231.5,2080593
TDPOWERSYS,20190610,152.05,152.05,149.15,150.95,5951
TEAMLEASE,20190610,2975,2975,2841.1,2859.6,5746
TECHIN,20190610,3.85,4.15,3.5,3.5,4345
TECHM,20190610,755.45,769.35,754.05,768.2,2539412
TECHNOE,20190610,250.1,256.3,250.1,253.5,154077
TECHNOFAB,20190610,39.4,39.4,36.4,38.05,37880
TEJASNET,20190610,169,171.9,164.4,165.9,39337
TERASOFT,20190610,39.25,40,38.2,38.9,7782
TEXINFRA,20190610,53.9,54,51.7,53.2,31855
TEXMOPIPES,20190610,18.5,18.7,17.95,18,37675
TEXRAIL,20190610,71.55,72.7,69.6,70,93196
TFCILTD,20190610,116,116.65,115.35,115.85,25352
TFL,20190610,8.2,8.2,7.5,7.5,19480
TGBHOTELS,20190610,9.3,9.45,8.55,8.65,29850
THANGAMAYL,20190610,311.5,312.4,308.6,309.5,5336
THEINVEST,20190610,150,150,143.05,144.95,4171
THEMISMED,20190610,258,264.95,258,264.4,103
THERMAX,20190610,1033.3,1083,1025.55,1069.25,185234
THOMASCOOK,20190610,234.2,236,227.6,230.5,128689
THYROCARE,20190610,467,470.7,464.95,466.45,11376
TI,20190610,15.05,16.05,15.05,15.75,181029
TIDEWATER,20190610,5015.8,5015.8,4878.8,4914.05,1432
TIIL,20190610,461.5,461.5,430.2,440,4901
TIINDIA,20190610,386,395.95,386,388.4,11593
TIJARIA,20190610,14.95,15.9,13.4,14.7,42325
TIL,20190610,263,271,262.5,263.8,6507
TIMESGTY,20190610,33.5,33.7,33.5,33.7,100
TIMETECHNO,20190610,96.1,97,95.95,96.15,68762
TIMKEN,20190610,692.05,698.75,680.1,694.1,14748
TINPLATE,20190610,138.5,140.7,134.7,136.4,134403
TIPSINDLTD,20190610,59.5,61.7,59.1,59.75,1015
TIRUMALCHM,20190610,87.05,87.85,81.95,82.95,212376
TITAN,20190610,1274.65,1289.2,1270,1277,1516266
TMRVL,20190610,18,18,16.15,16.55,20898
TNPETRO,20190610,37.65,37.65,36.05,36.45,34020
TNPL,20190610,193,193,184.9,187.4,242607
TNTELE,20190610,1.8,1.8,1.8,1.8,516
TOKYOPLAST,20190610,48,50,47.5,49.85,2818
TORNTPHARM,20190610,1524.05,1541.05,1504,1521.55,126892
TORNTPOWER,20190610,248.25,252,246.75,249.8,2886834
TPLPLASTEH,20190610,142.8,145.75,138.55,140.65,2153
TREEHOUSE,20190610,4.85,4.85,4.5,4.5,37383
TREJHARA,20190610,27.5,30.2,24.65,26.5,19555
TRENT,20190610,408,412,399.3,401.7,50708
TRF,20190610,121,121.4,116.8,117.5,9977
TRIDENT,20190610,68.4,69.1,65.8,66.4,1883084
TRIGYN,20190610,70.1,70.5,69.05,69.75,18256
TRIL,20190610,12.25,12.9,11.8,12.1,37820
TRITURBINE,20190610,110,111.9,106.5,107.25,9150
TRIVENI,20190610,74.65,75,73,73.4,735103
TTKHLTCARE,20190610,674,674,651.05,652.85,284
TTKPRESTIG,20190610,7164.8,7189.95,7120,7143.05,1362
TTL,20190610,47.65,48.85,45.05,45.85,5727
TTML,20190610,4.7,4.7,4.7,4.7,191703
TV18BRDCST,20190610,27.45,27.85,26.25,26.7,5499724
TVSELECT,20190610,188.55,193.8,183.8,185.6,86736
TVSMOTOR,20190610,482.7,486.6,474,475.65,745126
TVSSRICHAK,20190610,2030,2037.55,1995,1998.8,2993
TVTODAY,20190610,272.7,279.9,269.2,274.9,23690
TVVISION,20190610,2.8,2.8,2.7,2.7,923
TWL,20190610,66.9,67.95,65.45,65.9,138995
UBL,20190610,1316.15,1363.85,1315.1,1339.55,503169
UCALFUEL,20190610,162.1,163.65,158.1,161.1,11791
UCOBANK,20190610,17.3,17.5,17.2,17.4,640089
UFLEX,20190610,255,262.75,248.25,249.5,70425
UFO,20190610,210,216.5,195.1,198.1,109498
UGARSUGAR,20190610,15.65,15.85,14.4,14.8,242274
UJAAS,20190610,6.45,6.7,6.2,6.4,133104
UJJIVAN,20190610,361.5,362.45,345.25,348.3,1708075
ULTRACEMCO,20190610,4584.7,4620.1,4561.1,4597.85,436601
UMANGDAIRY,20190610,51.6,51.6,48,49.05,1927
UNICHEMLAB,20190610,184,185.5,172.6,175.3,51356
UNIENTER,20190610,103.85,103.85,96.5,100.9,5236
UNIONBANK,20190610,74.65,75.5,71.6,72.65,8537807
UNIPLY,20190610,56.75,56.8,56.25,56.8,278352
UNITECH,20190610,1.2,1.2,1.15,1.2,3955198
UNITEDBNK,20190610,10.75,10.75,10.4,10.45,246960
UNITEDTEA,20190610,313.9,313.9,302.1,302.3,153
UNIVCABLES,20190610,211.1,215.1,208.5,210.5,23490
UPL,20190610,1021,1026.65,1003.65,1016.4,1504225
URJA,20190610,2.45,2.5,2.25,2.35,1685120
USHAMART,20190610,31.8,31.85,30.55,30.65,219971
UTINEXT50,20190610,290,290,275.19,281.49,403
UTINIFTETF,20190610,1260.05,1300,1244,1300,96
UTISENSETF,20190610,420,439.9,415.05,422.17,833
UTISXN50,20190610,313,313,300.2,300.2,7
UTTAMSTL,20190610,9.5,9.55,9.3,9.3,36932
UTTAMSUGAR,20190610,128.3,129.7,122.6,125.5,86373
UVSL,20190610,0.1,0.1,0.05,0.1,724441
V2RETAIL,20190610,234.95,234.95,225,226.15,7221
VADILALIND,20190610,516.5,520,505.6,508,3689
VAIBHAVGBL,20190610,759.9,840,753.35,824.1,1343659
VAKRANGEE,20190610,46.6,46.6,44.1,44.7,5001134
VARDHACRLC,20190610,43.9,43.95,42.2,42.6,3031
VARDMNPOLY,20190610,5.9,6.05,5.55,5.6,6171
VARROC,20190610,461.9,476.95,461.9,471.8,57799
VASCONEQ,20190610,14.05,14.45,13.35,13.45,86390
VASWANI,20190610,10,11.5,9.95,11.2,102740
VBL,20190610,940,945,932.55,941.95,88159
VEDL,20190610,167.1,168.3,163.3,165.2,6315883
VENKEYS,20190610,1890,1955,1835,1933.45,202532
VENUSREM,20190610,28.9,28.95,27.6,27.9,11856
VESUVIUS,20190610,1173,1173,1141.95,1153.55,1469
VETO,20190610,67.5,67.95,65.1,67.05,18435
VGUARD,20190610,242.85,245.2,240.9,243.75,936700
VHL,20190610,2080,2150,2045,2094.15,285
VICEROY,20190610,2.4,2.6,2.4,2.5,11755
VIDHIING,20190610,72.55,72.7,69.1,71.8,18994
VIJIFIN,20190610,0.65,0.65,0.55,0.6,148193
VIKASECO,20190610,12.2,12.3,11.6,11.65,541178
VIKASMCORP,20190610,3.35,3.45,2.9,3.35,1972207
VIMTALABS,20190610,192,192,186.05,187,7121
VINATIORGA,20190610,2099,2149,2068,2078.35,22676
VINDHYATEL,20190610,1462.95,1463,1397.4,1401.55,2414
VINYLINDIA,20190610,72.9,73.9,71.35,72.2,5611
VIPCLOTHNG,20190610,16,16.1,15.6,15.85,38831
VIPIND,20190610,459.9,474.7,459,462.6,480374
VIPULLTD,20190610,48,48,36.15,38.55,203737
VISAKAIND,20190610,416,416.05,404,410.6,12663
VISASTEEL,20190610,6.4,6.8,6.25,6.45,8543
VISESHINFO,20190610,0.05,0.1,0.05,0.05,861646
VISHNU,20190610,138.05,143.75,136.35,141.35,1499
VIVIDHA,20190610,0.45,0.45,0.4,0.4,354075
VIVIMEDLAB,20190610,20.5,20.9,18.1,19.4,292978
VLSFINANCE,20190610,58.8,59.8,57.1,58.2,9013
VMART,20190610,2343.9,2343.9,2241.9,2264.75,10175
VOLTAMP,20190610,1210.1,1210.1,1175.1,1181.2,5348
VOLTAS,20190610,620.3,624.15,614.05,621.6,1742793
VRLLOG,20190610,289,294.7,284.2,285.9,32940
VSSL,20190610,97.95,97.95,94.5,95,11239
VSTIND,20190610,3510,3524.35,3450,3452.4,767
VSTTILLERS,20190610,1253.2,1291.8,1223.65,1244.75,1998
VTL,20190610,1102.05,1110,1087,1096.2,3850
WABAG,20190610,329.9,332.3,316.3,320.2,55178
WABCOINDIA,20190610,6172.9,6190,6150.2,6163.45,1353
WALCHANNAG,20190610,90.4,91.55,87.45,90.6,247564
WANBURY,20190610,18.1,18.9,17.2,17.4,4043
WEBELSOLAR,20190610,35,36.9,34.35,35,332532
WEIZFOREX,20190610,520.15,524.95,520.15,522.5,8632
WEIZMANIND,20190610,36.7,36.7,33,33.2,1298
WELCORP,20190610,139.9,142.3,138.95,141.15,146620
WELENT,20190610,129.8,129.9,126,126.95,133069
WELINV,20190610,146.75,158,146.75,158,137
WELSPUNIND,20190610,55.5,56,54.45,55.15,352057
WENDT,20190610,2680.05,2680.05,2630.1,2647.6,54
WHEELS,20190610,854.35,854.35,823.6,833.35,768
WHIRLPOOL,20190610,1525,1579,1525,1573.2,43765
WILLAMAGOR,20190610,27.5,27.5,25.25,25.25,1692
WINDMACHIN,20190610,62.45,63.05,49.9,49.9,209622
WIPRO,20190610,295.75,298,295.5,297.1,7481893
WOCKPHARMA,20190610,383.4,386.9,373.9,380.8,964917
WONDERLA,20190610,302.85,305,292.1,296.7,35235
WSI,20190610,0.7,0.8,0.7,0.8,1711
WSTCSTPAPR,20190610,261,263.4,257.8,259.2,73468
XCHANGING,20190610,46.6,47.15,45.3,45.45,835711
XELPMOC,20190610,68.8,68.85,64.8,67.85,1502
XLENERGY,20190610,0.75,0.75,0.75,0.75,2553
XPROINDIA,20190610,33.1,34.9,33.1,33.25,2676
YESBANK,20190610,141.9,145,132.55,135.9,86398912
ZEEL,20190610,343.9,346,329.4,335.35,7567914
ZEELEARN,20190610,26.5,27.45,26,26.15,81612
ZEEMEDIA,20190610,13.6,13.6,12.6,13.05,662913
ZENITHBIR,20190610,0.45,0.55,0.45,0.55,26959
ZENITHEXPO,20190610,54.2,54.2,54.15,54.15,183
ZENSARTECH,20190610,254,254,250.5,251.8,19482
ZENTEC,20190610,74.15,75.2,73,73.7,68532
ZICOM,20190610,2.15,2.25,2.1,2.1,10069
ZODIACLOTH,20190610,241,247.95,233.1,241,2695
ZODJRDMKJ,20190610,35.6,38.2,34.35,34.45,2529
ZUARI,20190610,167.95,169.85,161.05,162.2,24039
ZUARIGLOB,20190610,100.05,100.8,96.2,96.35,9459
ZYDUSWELL,20190610,1373,1373,1343,1359,4832
NSENIFTY,20190610,11934.90,11975.05,11871.75,11922.70,303329445,0
NIFTYJUNIOR,20190610,27490.20,27626.65,27400.75,27456.40,186054598,0
NIFTYMIDCAPLIQ15,20190610,4311.35,4326.95,4268.70,4282.50,99117324,0
NSE100,20190610,12019.50,12058.60,11959.55,12006.85,492817086,0
NIFTY200,20190610,6170.45,6189.75,6136.90,6161.65,1088425945,0
NSE500,20190610,9784.45,9813.65,9727.90,9765.85,1501544968,0
NSEMIDCAP150,20190610,6410.50,6431.00,6360.35,6391.60,602982286,0
MIDCAP50,20190610,4946.15,4965.35,4900.25,4922.65,293035608,0
NSEMIDCAP,20190610,17870.55,17931.10,17705.90,17791.30,595608859,0
NIFTYSMALLCAP250,20190610,-,-,-,5284.70,-,0
NIFTYSMALLCAP50,20190610,-,-,-,3088.60,-,0
NSESMLCAP100,20190610,6468.30,6485.10,6369.70,6398.20,-,0
NIFTYLARGEMIDCAP250,20190610,-,-,-,6012.98,1095799372,0
NIFTYMIDSMALLCAP400,20190610,-,-,-,6000.45,-,0
NIFTYAUTO,20190610,8239.25,8261.10,8163.65,8216.65,57218569,0
BANKNIFTY,20190610,31259.20,31367.40,30861.30,31034.00,208614002,0
NIFTYFINSERVICE,20190610,13540.50,13571.35,13381.80,13447.80,78752783,0
NIFTYFMGC,20190610,30161.40,30437.25,30117.60,30360.90,22483520,0
NSEIT,20190610,16176.85,16381.65,16152.20,16362.40,24741844,0
NIFTYMEDIA,20190610,2149.80,2156.70,2075.10,2095.35,53075032,0
NIFTYMETAL,20190610,2935.35,2954.10,2890.60,2912.25,57918434,0
NIFTYPHARMA,20190610,8215.05,8265.40,8185.40,8246.70,16511501,0
NIFTYPVTBANK,20190610,17461.95,17532.15,17242.60,17343.30,132664238,0
NIFTYPSUBANK,20190610,3132.20,3147.60,3038.80,3060.30,125953970,0
NIFTYREALTY,20190610,281.15,282.95,277.75,280.20,15800635,0
NIFTYCOMMODITIES,20190610,3654.05,3660.75,3613.25,3631.30,179444186,0
NIFTYCONSUMPTION,20190610,4868.95,4897.55,4861.95,4883.85,48511451,0
NIFTYCPSE,20190610,2376.30,2379.30,2324.30,2337.25,60400871,0
NIFTYENERGY,20190610,16268.65,16296.90,16039.20,16125.05,124904360,0
NIFTY100ESG,20190610,-,-,-,2218.55,417248748,0
NIFTY100ENHESG,20190610,-,-,-,2260.27,390024167,0
NIFTYINFRA,20190610,3327.20,3356.75,3325.80,3338.80,504875182,0
NIFTYMNC,20190610,13197.50,13289.05,13194.95,13271.05,33913207,0
NIFTYPSE,20190610,3634.75,3641.80,3572.00,3587.80,109887005,0
NIFTYSMEEMERGE,20190610,-,-,-,1507.48,995300,0
NIFTYSERVSECTOR,20190610,16919.25,16980.50,16810.65,16891.65,243393954,0
NIFTYSHARIAH25,20190610,-,-,-,4299.69,59382178,0
NIFTY50SHARIAH,20190610,-,-,-,2535.01,53842878,0
NIFTY500SHARIAH,20190610,-,-,-,2988.46,244560842,0
NIFTYABGROUP,20190610,-,-,-,3397.03,57331864,0
NIFTYMAHINDRA,20190610,-,-,-,11227.66,6865852,0
NIFTYTATA,20190610,-,-,-,7134.03,45862917,0
NIFTYTATA25CAP,20190610,-,-,-,4916.09,41198055,0
NIFTYABGROUP,20190610,-,-,-,3397.03,57331864,0
NIFTYLIQ15,20190610,4044.70,4057.85,4005.75,4034.05,180788388,0
NIFTY500VALUE50,20190610,-,-,-,4338.40,649085735,0
NIFTYALPHALOWVOL30,20190610,-,-,-,11991.43,67557398,0
NIFTYQUALLOWVOL30,20190610,-,-,-,8355.33,57834983,0
NIFTYALPHAQUALLOWVOL30,20190610,-,-,-,9530.48,62671045,0
NIFTYALPHAQUALVALLOWVOL30,20190610,-,-,-,7369.56,67352325,0
NIFTY50EQUALWEIGHT,20190610,12851.95,12890.35,12767.45,12824.05,303329445,0
NIFTY100EQUALWEIGHT,20190610,13406.45,13451.75,13336.70,13375.10,492817086,0
NIFTY100LOWVOL30,20190610,8957.40,9003.15,8940.35,8964.40,72673937,0
NSEDEFTY,20190610,-,-,-,5930.96,-,0
NIFTY50DIVPOINT,20190610,21.25,21.25,21.25,21.25,-,0
NIFTYDIVOPPS50,20190610,2713.15,2726.45,2703.55,2714.20,287325006,0
NIFTYALPHA50,20190610,12411.00,12502.55,12407.30,12469.85,72276095,0
NIFTY50ARBITRAGE,20190610,-,-,-,1819.87,-,0
NIFTY50FUTINDEX,20190610,-,-,-,4117.33,-,0
NIFTY50FUTTRINDEX,20190610,-,-,-,11945.41,-,0
NIFTYHIGHBETA50,20190610,-,-,-,1564.14,555282750,0
NIFTYLOWVOL50,20190610,-,-,-,10404.28,96920965,0
NIFTY200QUALITY30,20190610,-,-,-,9801.75,-,0
NIFTY50VALUE20,20190610,5563.85,5603.45,5552.40,5575.05,176544716,0
NIFTYGROWSECT15,20190610,6177.75,6205.55,6123.10,6159.15,107035303,0
NIFTY50TR2XLEV,20190610,6769.20,6814.00,6698.40,6755.40,-,0
NIFTY50PR2XLEV,20190610,5295.95,5331.00,5240.55,5285.15,-,0
NIFTY50TR1XINV,20190610,340.70,342.50,339.55,341.05,-,0
NIFTY50PR1XINV,20190610,385.15,387.20,383.85,385.55,-,0
NIFTY-GS-COMPSITE,20190610,1956.39,1956.47,1947.54,1946.28,-,0
NIFTY-GS-4-8YR,20190610,2037.56,2037.56,2029.93,2030.37,-,0
NIFTY-GS-8-13YR,20190610,1922.77,1922.88,1914.30,1911.45,-,0
NIFTY-GS-10YR,20190610,1776.24,1776.70,1764.77,1764.01,-,0
NIFTY-GS-10YR-CLN,20190610,930.91,931.16,924.72,924.32,-,0
NIFTY-GS-11-15YR,20190610,2040.88,2040.88,2028.95,2029.20,-,0
NIFTY-GS-15YRPLUS,20190610,2204.85,2209.91,2201.18,2200.00,-,0
VIX,20190610,14.86,15.45,13.45,14.98,0,0
