20MICRONS,20191223,32.95,33.15,32.1,32.25,13077
21STCENMGM,20191223,14,14,14,14,30
3IINFOTECH,20191223,2,2.1,1.95,2.05,1345850
3MINDIA,20191223,21489.9,21600,21255,21438.8,1045
5PAISA,20191223,184.95,185,179,180.45,4088
63MOONS,20191223,101.5,105.5,101.5,103,127143
A2ZINFRA,20191223,7.55,8.55,7.5,7.95,286434
AARTIDRUGS,20191223,515.45,521.85,506.15,518.2,109246
AARTIIND,20191223,768,785,764.3,781.9,165307
AARVEEDEN,20191223,16.8,17.7,15.15,15.65,153140
AAVAS,20191223,1800,1890,1800,1875.45,46303
ABAN,20191223,25.8,26.95,25.5,25.75,45994
ABB,20191223,1264,1279,1228.3,1261.3,49583
ABBOTINDIA,20191223,13000,13208.05,12859.95,13188.75,5564
ABCAPITAL,20191223,97.3,98.15,95.8,96.15,918158
ABFRL,20191223,233.9,236.9,228.8,232.05,238463
ABSLNN50ET,20191223,285.4,285.4,285.4,285.4,1
ACC,20191223,1443.5,1474.85,1441.25,1467.25,557537
ACCELYA,20191223,991,1049.9,989,1042.4,16246
ACE,20191223,71.05,71.2,68.95,70.4,49510
ADANIENT,20191223,217.75,220.8,212.4,214.55,3709426
ADANIGAS,20191223,150.7,150.85,148.75,150.05,551702
ADANIGREEN,20191223,135.1,141.85,134.75,141.85,2374429
ADANIPORTS,20191223,372.05,374.2,364.25,366.9,4275342
ADANIPOWER,20191223,61.7,62.15,60.45,61,4176895
ADANITRANS,20191223,341.95,344.9,331.25,332.4,275463
ADFFOODS,20191223,318.45,322,313.2,316.35,56308
ADHUNIKIND,20191223,39.35,39.35,39.35,39.35,9157
ADLABS,20191223,3.75,3.75,3.5,3.55,33557
ADORWELD,20191223,296.7,296.7,287,288.75,1505
ADSL,20191223,22,22.95,21.65,21.7,49654
ADVANIHOTR,20191223,58,58.35,55.05,55.55,75053
ADVENZYMES,20191223,162,167.8,162,162.85,53356
AEGISCHEM,20191223,175,177.15,168,168.4,95817
AFFLE,20191223,1444,1444.9,1415,1419.55,33514
AGARIND,20191223,77.05,79.65,75.4,78.45,3257
AGCNET,20191223,131.3,132,128.5,131.6,2952
AGRITECH,20191223,44.9,46,43.45,43.95,5370
AGROPHOS,20191223,151,152.3,151,152.25,1310660
AHLEAST,20191223,170.1,175.8,168.05,168.05,256
AHLUCONT,20191223,283.85,283.9,276.25,280.4,1253
AHLWEST,20191223,358.5,358.5,341.5,346.6,1572
AIAENG,20191223,1591.9,1634.45,1580,1618.75,16440
AIONJSW,20191223,10,10.1,9.95,10,101310
AIRAN,20191223,14.5,15.5,14.25,14.75,7198
AJANTPHARM,20191223,958,963.85,945.15,949.45,29471
AJMERA,20191223,113.2,129,113.15,120.55,199666
AKASH,20191223,62.1,70.25,62,65.5,366
AKSHARCHEM,20191223,186.05,188.95,178.85,179.2,16966
AKSHOPTFBR,20191223,6.6,6.8,6.5,6.55,112604
AKZOINDIA,20191223,1965,1990,1930.05,1972.75,11052
ALANKIT,20191223,12,12,11.6,11.85,27981
ALBERTDAVD,20191223,402,402,390.1,392.9,4080
ALBK,20191223,18.8,19.1,18.65,18.85,1533162
ALCHEM,20191223,0.8,0.8,0.75,0.75,9289
ALEMBICLTD,20191223,55.85,58.75,54.1,54.9,823641
ALICON,20191223,357.2,367.7,357.2,363.55,547
ALKALI,20191223,39.9,39.9,37.5,39.35,1096
ALKEM,20191223,2025.15,2043.9,2000,2003.3,12792
ALKYLAMINE,20191223,1098,1098,1055,1067.55,13423
ALLCARGO,20191223,94.45,95.5,93.95,95.15,121652
ALLSEC,20191223,269.1,285.3,269.05,276.75,41939
ALMONDZ,20191223,9.5,9.9,9.05,9.9,3581
ALOKTEXT,20191223,2.95,3.05,2.9,2.95,1567858
ALPA,20191223,15.5,16.5,15.5,15.8,22960
ALPHAGEO,20191223,167.15,169,162.05,164.95,3409
ALPSINDUS,20191223,2,2,2,2,3561
AMARAJABAT,20191223,722,729.9,714.65,717.35,506755
AMBER,20191223,1034.85,1034.85,1005,1017.75,9740
AMBIKCO,20191223,850,850.3,830.6,839.6,2960
AMBUJACEM,20191223,194,198.55,193.9,197.75,2275861
AMDIND,20191223,16.15,16.15,13.1,14.6,14870
AMJLAND,20191223,19.7,19.7,18.5,19,13173
AMRUTANJAN,20191223,433.9,433.9,420,421.45,17960
ANANTRAJ,20191223,31.45,31.9,31.05,31.2,131453
ANDHRABANK,20191223,17.8,17.8,17.4,17.45,281608
ANDHRACEMT,20191223,2.25,2.25,2.15,2.2,136565
ANDHRSUGAR,20191223,284.3,288,283,284.15,12687
ANIKINDS,20191223,8.4,8.4,7.75,7.75,1493
ANKITMETAL,20191223,0.6,0.6,0.55,0.6,56104
ANSALAPI,20191223,4.8,4.95,4.65,4.65,8097
ANSALHSG,20191223,5.15,5.25,4.8,5,8294
ANTGRAPHIC,20191223,0.55,0.6,0.55,0.6,27786
ANUP,20191223,455,464.75,455,457,4735
APARINDS,20191223,393.8,400.35,388.05,390.4,8096
APCL,20191223,146.2,149,138.55,140.4,3805
APCOTEXIND,20191223,160,160,145.6,148.9,22900
APEX,20191223,333.15,359.9,325.85,349.9,1851051
APLAPOLLO,20191223,1651,1704.2,1645.1,1693.55,88531
APLLTD,20191223,547.35,553.3,538.55,541.35,31696
APOLLO,20191223,73.2,73.2,70.5,70.85,23973
APOLLOHOSP,20191223,1378,1390,1365.55,1386.25,476672
APOLLOPIPE,20191223,337.5,348.7,334.95,339.45,3215
APOLLOTYRE,20191223,163.75,164.8,163.2,163.6,624872
APOLSINHOT,20191223,656.05,684.95,656,665.95,529
APTECHT,20191223,164.1,164.7,160.1,161.4,148780
ARCHIDPLY,20191223,26.05,26.15,25.5,25.95,3766
ARCHIES,20191223,18.75,19.45,18.5,18.85,76802
ARCOTECH,20191223,2.1,2.25,2.05,2.15,10577
ARIES,20191223,62,62.95,60.95,61.4,9554
ARIHANT,20191223,22.85,22.85,21.1,21.3,890
ARIHANTSUP,20191223,23.5,24.4,23,24,2796
ARMANFIN,20191223,618.05,643.9,618.05,639.75,5693
AROGRANITE,20191223,37.6,39.45,36.7,37,2685
ARROWGREEN,20191223,55.9,57.5,49.1,50.1,57129
ARROWTEX,20191223,11.9,11.95,11.2,11.2,44356
ARSHIYA,20191223,16,17.7,16,17.25,29038
ARSSINFRA,20191223,21.1,21.95,20.5,21.2,23542
ARVIND,20191223,39.6,39.9,38.15,38.35,990584
ARVINDFASN,20191223,414.05,424,393,397.7,50570
ARVSMART,20191223,87.3,93.4,87,87.3,4520
ASAHIINDIA,20191223,193.75,194.95,189.05,190.6,399108
ASAHISONG,20191223,148,148,141.8,142.25,6551
ASAL,20191223,31,31.65,31,31,151
ASHAPURMIN,20191223,27.15,27.15,25.5,25.6,24162
ASHIANA,20191223,93.25,94.2,92.65,92.85,45539
ASHIMASYN,20191223,6.15,6.35,6,6.05,23032
ASHOKA,20191223,95.9,98.5,95.25,97,1121035
ASHOKLEY,20191223,80.4,81.9,79.8,80.35,13804278
ASIANHOTNR,20191223,91.85,99.95,90.15,98.1,2396
ASIANPAINT,20191223,1795.8,1814.6,1786.2,1807.55,659899
ASIANTILES,20191223,225,231.7,221.35,224.8,60670
ASPINWALL,20191223,136,141.15,136,139.45,263
ASTEC,20191223,397.5,415,392.75,404.95,7918
ASTERDM,20191223,159.8,159.8,156.9,158.45,58944
ASTRAL,20191223,1135,1144.95,1129.95,1135.6,36717
ASTRAMICRO,20191223,82.6,83.75,82.1,82.4,48460
ASTRAZEN,20191223,2791.9,2820,2778.8,2789.55,7535
ASTRON,20191223,37.9,37.9,37,37.05,31402
ATFL,20191223,621.15,633,615.65,629.25,12645
ATLANTA,20191223,5.95,6.1,5.9,5.95,9311
ATLASCYCLE,20191223,43.25,43.25,40,41.95,668
ATNINTER,20191223,0.15,0.2,0.15,0.2,11203
ATUL,20191223,3973.7,3973.7,3907.35,3950.3,14265
ATULAUTO,20191223,242.7,242.7,236.7,238.1,9276
AUBANK,20191223,796.9,796.9,791,792.15,56448
AURIONPRO,20191223,61,63,61,62,837
AUROPHARMA,20191223,471.8,474.3,464,468.15,1949390
AUSOMENT,20191223,34.5,34.6,34.5,34.6,1951
AUTOAXLES,20191223,790.15,819,787.55,814.15,7972
AUTOIND,20191223,25.3,27.4,25.3,26.35,5973
AUTOLITIND,20191223,20.15,20.6,19.8,20.15,1294
AVADHSUGAR,20191223,254.1,256.1,250,252.6,54673
AVANTIFEED,20191223,563.05,593.8,563.05,583.75,1652552
AVTNPL,20191223,31.4,31.85,30.25,30.35,34398
AXISBANK,20191223,736.9,748.6,735,743.15,10250382
AXISCADES,20191223,58.85,58.85,55.05,56.85,85584
AXISGOLD,20191223,3341,3364,3333.35,3349.25,279
AXISNIFTY,20191223,1265,1270.4,1260,1260,45
AYMSYNTEX,20191223,30.9,30.95,28.8,28.85,6614
BAGFILMS,20191223,1.9,1.95,1.85,1.9,84617
BAJAJ-AUTO,20191223,3205,3225,3184.5,3219.5,242195
BAJAJCON,20191223,233.05,236,231,234.7,301122
BAJAJELEC,20191223,336,339,333.15,336.95,165119
BAJAJFINSV,20191223,9281.75,9370,9260.75,9304.05,169704
BAJAJHIND,20191223,6.4,6.45,6.25,6.4,1350500
BAJAJHLDNG,20191223,3277,3380,3255.05,3353.6,15657
BAJFINANCE,20191223,4138.6,4184,4130,4160,1137879
BALAJITELE,20191223,50.75,50.8,48.2,49,68308
BALAMINES,20191223,339.3,358,338.15,351.45,27301
BALAXI,20191223,84.2,89.15,78.6,84.55,2268
BALKRISHNA,20191223,17.45,17.45,16.65,16.9,2186
BALKRISIND,20191223,940.2,953,940,951.1,250346
BALLARPUR,20191223,0.45,0.45,0.35,0.45,2154360
BALMLAWRIE,20191223,190.7,191.95,189.6,190.95,153871
BALPHARMA,20191223,39.75,40.05,39.3,39.55,2985
BALRAMCHIN,20191223,174.2,175.95,173,175.25,647775
BANARBEADS,20191223,27.7,29.15,27.65,28.35,451
BANARISUG,20191223,1150,1175,1150,1160,323
BANCOINDIA,20191223,94.9,96.5,93.95,94.55,34670
BANDHANBNK,20191223,506.05,512,500.05,503.75,1455069
BANG,20191223,16.6,17.85,15.55,17.15,5494
BANKBARODA,20191223,100.6,101.1,99.2,99.7,19266221
BANKBEES,20191223,331,331.7,329.22,330.71,17645
BANKINDIA,20191223,69.9,70.3,68.85,69.6,1972983
BANSWRAS,20191223,93.4,96.05,92,93.2,5241
BARTRONICS,20191223,1.6,1.6,1.5,1.5,4436
BASF,20191223,945,1019,945,997.95,194195
BASML,20191223,111,114,111,113.85,822
BATAINDIA,20191223,1697,1724.5,1695.05,1708.25,473220
BAYERCROP,20191223,3528.2,3620,3475,3588.1,6494
BBL,20191223,799.85,804,770,774.15,7043
BBTC,20191223,1012.1,1025,997.15,1002.05,62518
BCG,20191223,6.3,6.3,6.3,6.3,277447
BCP,20191223,13.95,13.95,13.55,13.95,51985
BDL,20191223,282.8,291.15,282.75,285.1,56104
BEARDSELL,20191223,7.95,8.2,7.5,7.6,812
BEDMUTHA,20191223,15.8,16.5,15.8,16.5,194
BEL,20191223,98.7,100.05,98.5,98.85,7620889
BEML,20191223,973.9,998,971.2,984.65,666793
BEPL,20191223,42.65,43.2,41.05,41.3,311450
BERGEPAINT,20191223,507,521.7,505.6,520.1,2489923
BFINVEST,20191223,315.7,328,312.5,325.2,113343
BFUTILITIE,20191223,321.5,325.4,313,320.9,293169
BGLOBAL,20191223,1.75,1.75,1.75,1.75,1184
BGRENERGY,20191223,37.2,37.2,35.7,36,129042
BHAGERIA,20191223,94.75,94.75,93.15,94.35,4633
BHAGYANGR,20191223,19.65,19.7,19,19.15,3445
BHAGYAPROP,20191223,20.75,20.8,18.75,18.85,1456
BHANDARI,20191223,1.15,1.15,1.05,1.05,71374
BHARATFORG,20191223,492.2,505,489.65,500.5,2594353
BHARATGEAR,20191223,63.4,63.5,61.85,62.4,5186
BHARATRAS,20191223,6234.75,6390,6220,6241.15,16134
BHARATWIRE,20191223,24.35,24.85,24,24,4291
BHARTIARTL,20191223,449.05,459.15,446.45,454.8,10434970
BHEL,20191223,44.5,45.45,43.9,44.1,19016580
BIGBLOC,20191223,36,38,36,37.5,474
BIL,20191223,139,143.8,127,132.8,3810
BILENERGY,20191223,1,1.05,0.95,1,148662
BINDALAGRO,20191223,9.3,9.7,8.55,9.05,34604
BIOCON,20191223,290,291.4,284.95,285.65,2330310
BIOFILCHEM,20191223,17.95,17.95,17.95,17.95,9265
BIRLACABLE,20191223,59.7,59.8,56.6,57.1,37623
BIRLACORPN,20191223,595.6,608,592.8,596.25,35973
BIRLAMONEY,20191223,33.8,34.35,33.65,33.8,26965
BKMINDST,20191223,0.65,0.7,0.65,0.65,48262
BLBLIMITED,20191223,4.3,4.8,4.1,4.25,19654
BLISSGVS,20191223,150.7,152.9,146.55,149.2,243074
BLKASHYAP,20191223,9.25,9.3,9.15,9.15,8747
BLS,20191223,64.1,70.6,63.6,68.85,38312
BLUECHIP,20191223,0.25,0.25,0.25,0.25,10239
BLUECOAST,20191223,3.65,3.8,3.6,3.8,7285
BLUEDART,20191223,2252.7,2283.85,2208.65,2241.15,4369
BLUESTARCO,20191223,800,805.15,785.05,789.65,33794
BODALCHEM,20191223,55.5,56.1,54,54.15,121109
BOMDYEING,20191223,74.25,74.9,73.25,74.1,535493
BOROSIL,20191223,159.95,160.65,156.5,156.75,27866
BOSCHLTD,20191223,15054,15540,14956.05,15399.2,20770
BPCL,20191223,488,499.45,488,493,7428823
BPL,20191223,19.25,19.25,18.65,18.85,182730
BRIGADE,20191223,211.85,219.85,208.35,215.4,235032
BRITANNIA,20191223,3100,3129.7,3077.8,3091.8,259919
BRNL,20191223,59.35,61.9,57.2,58.5,20389
BROOKS,20191223,29.3,30.65,29.15,30,33297
BSE,20191223,487,489.85,481.35,481.95,75599
BSELINFRA,20191223,1,1.05,1,1,28271
BSL,20191223,26.85,26.85,26,26.25,2525
BSLGOLDETF,20191223,3510,3517,3510,3517,21
BSLNIFTY,20191223,135,135,133.46,133.46,71
BSOFT,20191223,67,68.95,66.7,68.5,239266
BURNPUR,20191223,1.35,1.35,1.35,1.35,7966
BUTTERFLY,20191223,203,203.8,194,196,25710
BVCL,20191223,12.1,12.85,12.1,12.85,406
BYKE,20191223,16.55,17.95,16.55,17.3,14581
CADILAHC,20191223,268.8,271,260.6,261.85,2772875
CALSOFT,20191223,14.35,14.4,13.6,14,3295
CAMLINFINE,20191223,73.7,73.7,70.2,70.7,123676
CANBK,20191223,229.2,232.85,224.3,225.95,7841796
CANFINHOME,20191223,391,402,389,398.05,624985
CANTABIL,20191223,275,279.45,273.5,278.25,27960
CAPACITE,20191223,182,184.65,180,180.3,10230
CAPLIPOINT,20191223,315,316.4,308.1,310.5,31754
CAPTRUST,20191223,108.55,108.55,108.55,108.55,496
CARBORUNIV,20191223,323.5,324.85,320.1,322.3,34725
CAREERP,20191223,106.1,108,105,106.95,34240
CARERATING,20191223,480,498,474.6,481.25,98652
CASTEXTECH,20191223,0.45,0.45,0.4,0.4,18513
CASTROLIND,20191223,129.15,131.95,128.75,131.45,1762538
CCHHL,20191223,3.1,3.25,3,3.15,8793
CCL,20191223,194.05,195.25,186.05,190,177064
CDSL,20191223,228.1,229,224.8,225.55,198524
CEATLTD,20191223,991.8,999,988,996.8,42451
CEBBCO,20191223,14.55,15,14.55,14.8,44932
CELEBRITY,20191223,6.1,6.1,5.75,6.1,23235
CELESTIAL,20191223,3.15,3.15,2.95,3,3443
CENTENKA,20191223,181.35,183.95,175.05,178.95,27336
CENTEXT,20191223,2.65,2.65,2.4,2.45,43682
CENTRALBK,20191223,18.4,18.4,17.9,18.05,847937
CENTRUM,20191223,19.75,20.5,19.75,19.8,76028
CENTUM,20191223,342.05,362.8,342.05,355,4843
CENTURYPLY,20191223,161,162.4,158.1,159.95,60890
CENTURYTEX,20191223,485,501.9,484.55,491.5,1018351
CERA,20191223,2622.9,2622.9,2501,2585.35,3338
CEREBRAINT,20191223,22.3,23.2,22.05,22.9,27382
CESC,20191223,748,748,738,740.3,171499
CESCVENT,20191223,290,300.85,290,298.75,8520
CGCL,20191223,200.8,206,196,201.7,338114
CGPOWER,20191223,10.7,11,10.65,10.9,472807
CHALET,20191223,334.4,350,334.4,340.75,1340
CHAMBLFERT,20191223,143,145.5,142.55,143.75,114750
CHEMBOND,20191223,220.95,220.95,204.05,204.2,154
CHEMFAB,20191223,161.1,168,160.1,161.7,3206
CHENNPETRO,20191223,112,114.45,112,113,57359
CHOLAFIN,20191223,305.85,310.9,302.75,303.8,729236
CHOLAHLDNG,20191223,484,497.05,483.2,494.95,72851
CHROMATIC,20191223,0.45,0.45,0.4,0.4,5503
CIGNITITEC,20191223,305,309.95,298,305.1,85447
CIMMCO,20191223,20.3,20.9,19.1,20.05,12160
CINELINE,20191223,29.45,29.8,28.55,28.95,3862
CINEVISTA,20191223,8.15,8.7,8.15,8.7,12688
CIPLA,20191223,467,469,464.5,467.85,866023
CKFSL,20191223,0.5,0.5,0.45,0.45,2118650
CLEDUCATE,20191223,72.75,72.8,71.5,72.35,461
CLNINDIA,20191223,368.9,377.8,366,369.8,75346
CMICABLES,20191223,52.15,53.4,50.3,50.9,11151
CNOVAPETRO,20191223,7.5,8,7.45,7.55,9146
COALINDIA,20191223,200.6,202.35,196.3,197.25,6665480
COCHINSHIP,20191223,388.1,397.45,388.1,392.95,73681
COFFEEDAY,20191223,40,43.9,40,41.5,677804
COLPAL,20191223,1470.1,1490.5,1465,1475.65,259371
COMPINFO,20191223,13.5,16.1,12.1,15.3,760788
COMPUSOFT,20191223,7.7,7.85,7.55,7.65,22366
CONCOR,20191223,584.9,588.6,577.25,581.85,1833114
CONFIPET,20191223,27,27.7,26.65,26.95,388946
CONSOFINVT,20191223,38.75,38.8,36,38.4,1463
CONTROLPR,20191223,229.1,233.55,228.1,229.3,1912
CORALFINAC,20191223,10.95,11.25,10.7,11,13724
CORDSCABLE,20191223,41.5,41.7,40.05,40.15,6882
COROMANDEL,20191223,514.6,518.45,505.7,515.05,113886
CORPBANK,20191223,25.65,25.7,24.75,25.1,1038440
COSMOFILMS,20191223,227.7,230.95,225.7,229.4,33374
COUNCODOS,20191223,1.8,1.8,1.75,1.75,1386
COX&KINGS,20191223,1.45,1.55,1.45,1.5,1962360
CPSEETF,20191223,22.9,23.06,22.74,22.79,1497237
CREATIVE,20191223,91,94.5,91,94.45,23192
CREDITACC,20191223,775.55,783.9,765.05,768.3,59231
CREST,20191223,87.35,87.35,83.35,86.4,2439
CRISIL,20191223,1805,2068,1800,1987.7,339157
CROMPTON,20191223,242.05,245.7,242,243.65,375728
CSBBANK,20191223,241,243.25,239,240.2,386104
CTE,20191223,24.45,24.45,22.05,22.95,548
CUB,20191223,223.3,228.5,222.05,226.7,379500
CUBEXTUB,20191223,11.55,12.75,11.55,12,516
CUMMINSIND,20191223,557,561.75,548.65,551.5,214842
CUPID,20191223,206,207.4,200,202.15,51489
CURATECH,20191223,1.8,1.8,1.8,1.8,2
CYBERMEDIA,20191223,2.85,2.85,2.85,2.85,3294
CYBERTECH,20191223,45.45,46.7,44.2,45.3,21540
CYIENT,20191223,428,429.75,420,421.8,46030
DAAWAT,20191223,20.7,20.8,19.75,19.85,1987516
DABUR,20191223,458,462.9,456.95,461,1339055
DALBHARAT,20191223,805.4,815,792,798.9,36636
DALMIASUG,20191223,88.35,88.7,87.1,87.6,67233
DAMODARIND,20191223,24.4,26.8,24.1,25,2554
DATAMATICS,20191223,71.95,73.7,71.5,72.1,23147
DBCORP,20191223,133,136,130.8,131.85,800051
DBL,20191223,409.8,412.5,398,399.85,153064
DBREALTY,20191223,11.7,11.8,10.75,11.6,169415
DBSTOCKBRO,20191223,8,8,8,8,5
DCAL,20191223,102.5,108,85.15,90.1,2079002
DCBBANK,20191223,166,171,166,169.35,672884
DCM,20191223,18.3,19.7,18.05,18.3,9325
DCMFINSERV,20191223,0.85,0.85,0.85,0.85,650
DCMNVL,20191223,29.05,31,27.95,30.1,24517
DCMSHRIRAM,20191223,356.1,359.5,351,357.7,36088
DCW,20191223,14.3,14.5,13.95,14.05,96024
DECCANCE,20191223,278,282.55,270.5,272.4,2753
DEEPAKFERT,20191223,90.35,92.45,90.35,90.65,166810
DEEPAKNTR,20191223,356,360.65,353.3,355.85,97252
DEEPIND,20191223,104.45,104.45,102,102.45,4015
DELTACORP,20191223,213.05,216.8,211.55,213.1,1390187
DELTAMAGNT,20191223,41.1,45,41.05,44.9,379
DEN,20191223,39,39,37.75,38.3,10582
DENORA,20191223,197.8,200.95,195.75,196.2,2686
DFMFOODS,20191223,296.3,299.7,282.2,285.45,76695
DGCONTENT,20191223,5.7,5.9,5.4,5.5,4278
DHAMPURSUG,20191223,207.95,211.4,207.1,209.5,344953
DHANBANK,20191223,14.1,14.25,14.05,14.1,95730
DHANUKA,20191223,373.5,379.95,367.2,377.15,27300
DHARSUGAR,20191223,6.85,7.05,6.65,6.7,9153
DHFL,20191223,16.35,16.4,15.35,15.45,1562137
DHUNINV,20191223,236,248.5,225.05,242.1,5591
DIAMONDYD,20191223,850,862,850,854.1,905
DICIND,20191223,316.6,316.6,306.65,307.8,3011
DIGISPICE,20191223,4.4,4.6,4.3,4.45,51130
DISHTV,20191223,14,14.25,13.55,13.85,59280111
DIVISLAB,20191223,1820.5,1837.95,1804,1808.1,328818
DIXON,20191223,3718,3749,3644.05,3740.55,40897
DLF,20191223,229,233,224.6,227.3,7458937
DLINKINDIA,20191223,97,100.95,96.3,97.95,51395
DMART,20191223,1920.3,1938.7,1911,1923.1,374711
DNAMEDIA,20191223,0.4,0.5,0.4,0.5,54558
DOLAT,20191223,67,67.25,65.05,65.75,40378
DOLLAR,20191223,141.9,141.9,136.1,139.6,5732
DONEAR,20191223,30.95,32.55,30.5,31.05,69825
DPSCLTD,20191223,9,9.5,8.35,8.65,18755
DQE,20191223,2.2,2.35,2.2,2.25,2406
DREDGECORP,20191223,333,336.2,330.1,332.65,112565
DRREDDY,20191223,2867.6,2918,2867.6,2908.4,392235
DSSL,20191223,23.85,23.85,22.85,23.55,2561
DTIL,20191223,169.25,172.45,169,170.05,1702
DUCON,20191223,4.6,4.8,4.5,4.7,54411
DVL,20191223,68.2,68.7,67.25,67.6,6566
DWARKESH,20191223,27.2,27.85,27.1,27.45,601505
DYNAMATECH,20191223,997.9,997.9,963,968.55,630
DYNPRO,20191223,135,135,131.25,132.45,8179
EASTSILK,20191223,1.2,1.2,1.2,1.2,5251
EBANK,20191223,3500,3942.02,3500,3942.02,10
ECLERX,20191223,552.5,566,548.55,562.85,45912
EDELWEISS,20191223,115.6,116.35,114,114.8,502008
EICHERMOT,20191223,22120.1,22440,22000,22176.15,93994
EIDPARRY,20191223,203.15,206.95,201.4,202.1,144308
EIHAHOTELS,20191223,304.2,304.2,296.1,298.8,542
EIHOTEL,20191223,141.05,143.25,141.05,141.65,65858
EIMCOELECO,20191223,309.5,339.8,296,296.35,1182
EKC,20191223,23.6,24.7,23.6,24.5,66936
ELECON,20191223,35.4,35.4,34,34.85,81112
ELECTCAST,20191223,11.5,11.7,11.4,11.6,185216
ELECTHERM,20191223,124,126,113.2,122.6,12129
ELGIEQUIP,20191223,252.85,259,250.2,255.5,14873
ELGIRUBCO,20191223,17.35,17.35,14.6,15.1,1153
EMAMILTD,20191223,310,310.7,304,304.95,260078
EMAMIPAP,20191223,74,75.45,71.15,74.5,2193
EMAMIREAL,20191223,40.15,42.3,40.05,42,18648
EMKAY,20191223,58.95,58.95,55.5,55.95,13695
EMMBI,20191223,97,99.9,97,99.1,1976
ENDURANCE,20191223,1042,1052.95,1027,1038.45,8294
ENERGYDEV,20191223,5.85,6.15,5.85,5.9,2933
ENGINERSIN,20191223,103,104.35,99.8,101.05,1905734
ENIL,20191223,235.5,242.05,227.05,238,2412
EON,20191223,13.8,13.8,13.35,13.45,2744
EQUITAS,20191223,103.5,104.25,102.1,102.65,2814317
ERIS,20191223,482.7,485.25,470.5,476.8,40670
EROSMEDIA,20191223,12.75,13.2,12.75,12.95,73080
ESABINDIA,20191223,1245.95,1268,1225.1,1254.95,3822
ESCORTS,20191223,623.75,631.6,622.05,624.9,1042745
ESSARSHPNG,20191223,7.4,7.4,6.85,6.9,10725
ESSELPACK,20191223,170.15,172.9,166.15,170.45,230610
ESTER,20191223,30.05,30.05,29.65,29.95,19267
EUROMULTI,20191223,0.55,0.6,0.55,0.55,1634
EUROTEXIND,20191223,11.4,11.7,11.4,11.7,5100
EVEREADY,20191223,54,54.65,53.4,53.5,662476
EVERESTIND,20191223,246,257.7,242,252.05,42636
EXCEL,20191223,1,1.05,0.95,1,46573
EXCELINDUS,20191223,820,834.8,811.9,820.7,4342
EXIDEIND,20191223,179,180.1,177.85,178.4,1605782
EXPLEOSOL,20191223,271.3,279.7,271,272.4,1744
FACT,20191223,38.15,38.7,38.15,38.3,14023
FAIRCHEM,20191223,507,510,502.95,503.95,15262
FCL,20191223,25.5,26.35,25.5,25.55,39561
FCONSUMER,20191223,23.1,23.35,22.75,23.15,917292
FCSSOFT,20191223,0.2,0.25,0.2,0.25,198658
FDC,20191223,201,204.5,200,204.15,26051
FEDERALBNK,20191223,87.35,87.35,85.5,85.9,5531385
FEL,20191223,21.05,21.8,21.05,21.15,140052
FELDVR,20191223,20.85,21.95,20.2,20.9,5930
FIEMIND,20191223,418.5,423.7,412.05,413.1,11088
FILATEX,20191223,36.5,37.35,36.5,37,176942
FINCABLES,20191223,363.1,364.9,357,359.8,32776
FINEORG,20191223,1949.9,1949.9,1896.85,1904.4,7013
FINPIPE,20191223,542.05,547.5,536,539.95,23752
FLEXITUFF,20191223,9.05,9.05,9.05,9.05,2450
FLFL,20191223,390.6,407.25,390.6,397.55,27777
FLUOROCHEM,20191223,592.2,604.95,583.5,603.7,13370
FMGOETZE,20191223,647.8,652.8,639.25,651.4,48806
FMNL,20191223,26.4,27.05,26.25,26.5,15180
FORCEMOT,20191223,992.8,996,981.05,989.4,17996
FORTIS,20191223,134.3,134.35,130.55,132.05,3146457
FOSECOIND,20191223,1285.2,1315,1285.2,1306.2,806
FRETAIL,20191223,334.5,342.35,334.4,340.05,951888
FSC,20191223,497,497,484.6,488.15,25130
FSL,20191223,40.1,41.7,40.1,41.05,1361476
GABRIEL,20191223,119.65,121.6,118.7,120.95,86443
GAEL,20191223,131.05,132,130,130.15,25783
GAIL,20191223,118.7,121.7,118.1,120.6,14636910
GAL,20191223,1.9,1.95,1.8,1.85,6340
GALAXYSURF,20191223,1465,1494,1440.1,1482.5,18026
GALLANTT,20191223,28.15,29,27.95,28,17097
GALLISPAT,20191223,20.5,21.2,20.5,21,2660
GAMMNINFRA,20191223,0.45,0.45,0.4,0.4,1064499
GANDHITUBE,20191223,289,289,274,274.55,679
GANECOS,20191223,240.45,244.05,237.95,243,6176
GANESHHOUC,20191223,30.25,31.65,30.25,31.25,9995
GANGESSECU,20191223,36.35,36.5,36.3,36.5,195
GARDENSILK,20191223,11.8,12.6,11.7,12.6,776601
GARFIBRES,20191223,1160.15,1191.9,1144,1152.4,28182
GATI,20191223,55.8,55.85,55.2,55.4,203257
GAYAHWS,20191223,0.6,0.6,0.6,0.6,146493
GAYAPROJ,20191223,80.05,81.9,79.05,80.85,161807
GBGLOBAL,20191223,9.85,9.85,9.85,9.85,90
GDL,20191223,95.8,97.4,95,96.85,37679
GEECEE,20191223,77.05,80.95,77,77.9,837
GENESYS,20191223,53.2,56.8,53.2,54.25,25768
GENUSPAPER,20191223,5,5.35,5,5,47399
GENUSPOWER,20191223,24.05,24.25,23.3,23.5,41482
GEOJITFSL,20191223,27.75,28.45,27.2,27.55,51783
GEPIL,20191223,709.8,709.8,693.1,697.35,13385
GESHIP,20191223,292.5,299.85,291.55,295.95,36121
GET&D,20191223,146.1,150.1,142.8,146.05,19576
GFLLIMITED,20191223,73.95,75.75,71.05,73.8,49774
GFSTEELS,20191223,3.5,3.5,3.5,3.5,255
GHCL,20191223,187.25,187.3,183.2,184.2,95068
GICHSGFIN,20191223,158.4,166.95,158,162.8,1768928
GICRE,20191223,232.8,239,231.1,233.4,311023
GILLANDERS,20191223,28.5,28.7,27.15,28.15,1059
GILLETTE,20191223,6609.2,6691,6593.45,6631.75,8490
GINNIFILA,20191223,8.4,8.4,8.05,8.15,7894
GIPCL,20191223,68.15,68.75,67.7,67.75,38629
GKWLIMITED,20191223,695.7,709.9,695.7,697.6,63
GLAXO,20191223,1647.1,1659.8,1631.2,1641.65,41858
GLENMARK,20191223,349.4,354.45,348.05,352.35,1459046
GLFL,20191223,0.8,0.8,0.8,0.8,100
GLOBALVECT,20191223,50.35,52.5,50,50.45,6626
GLOBOFFS,20191223,5.45,5.45,5,5.1,1506
GLOBUSSPR,20191223,130.65,138.55,129.1,137.5,121201
GMBREW,20191223,424.75,434.5,420,428.6,57911
GMDCLTD,20191223,58.95,63.9,58,63.25,2033857
GMMPFAUDLR,20191223,1766.95,1838,1766,1826.35,29159
GMRINFRA,20191223,21.75,21.95,21.3,21.45,9761305
GNA,20191223,253.5,257,252,255.45,17683
GNFC,20191223,168,169.2,166.5,166.95,211242
GOACARBON,20191223,228.3,234.4,217,223.8,135976
GOCLCORP,20191223,277.5,282.05,273.75,277.35,1017
GODFRYPHLP,20191223,1305,1319.85,1284,1293.25,59353
GODREJAGRO,20191223,503.4,503.4,484,487.5,93859
GODREJCP,20191223,703,708.95,691.05,698.4,850319
GODREJIND,20191223,416.9,421.2,415.8,419.15,67157
GODREJPROP,20191223,945.7,950.4,933.7,947.65,99467
GOKEX,20191223,74.5,74.5,73,73.1,10983
GOKUL,20191223,14.3,14.95,13.65,14.9,9462
GOKULAGRO,20191223,15.5,15.5,13.4,14.9,65587
GOLDBEES,20191223,33.7,33.7,33.55,33.65,909544
GOLDENTOBC,20191223,29.8,29.8,27.05,28.25,1052
GOLDIAM,20191223,148.4,149.75,139.65,143.25,58617
GOLDSHARE,20191223,3370,3388,3363.05,3380.95,726
GOLDTECH,20191223,9.1,9.1,8.6,8.7,12105
GOODLUCK,20191223,45.8,45.8,42.25,43.8,6174
GPIL,20191223,218,226.8,213,215.2,206908
GPPL,20191223,84.45,85.7,83.15,85.4,80723
GPTINFRA,20191223,39.05,40.25,39,40,287
GRANULES,20191223,126.95,128.25,125.6,127.15,391211
GRAPHITE,20191223,308,310.75,303,307,721539
GRASIM,20191223,744,753,735,742.35,2488969
GRAVITA,20191223,42.15,46.9,42,45.45,259601
GREAVESCOT,20191223,128.9,130.75,127.9,130.3,67878
GREENLAM,20191223,956,974.05,933,958.8,1852
GREENPANEL,20191223,43,45.8,43,44.05,241951
GREENPLY,20191223,159.5,162.8,159.5,161,30882
GREENPOWER,20191223,2.1,2.2,2.1,2.2,48127
GRINDWELL,20191223,583.9,586.05,575,580.6,9137
GROBTEA,20191223,528,528.7,479.25,526.3,910
GRPLTD,20191223,781.55,800,781.25,800,9
GRSE,20191223,200,211,199.7,205.15,431433
GSCLCEMENT,20191223,17.25,17.9,17.1,17.15,23027
GSFC,20191223,67.85,68.35,67.1,67.45,142693
GSKCONS,20191223,8300,8370.8,8202.25,8345.15,9960
GSPL,20191223,216.2,218.4,216.2,217.3,1324129
GSS,20191223,32.15,32.85,31.5,32,10369
GTL,20191223,1.5,1.6,1.5,1.6,51718
GTLINFRA,20191223,0.4,0.45,0.4,0.4,5248859
GTNIND,20191223,6.05,6.75,6.05,6.25,275
GTNTEX,20191223,5.6,5.6,5.6,5.6,200
GTPL,20191223,65.1,66.7,65.05,66.15,7906
GUFICBIO,20191223,59,60.7,58.4,58.75,24284
GUJALKALI,20191223,394.5,395.45,388,389.1,15224
GUJAPOLLO,20191223,125.95,128.5,121.55,124.7,2603
GUJGASLTD,20191223,226.8,231.45,225.1,225.9,313830
GUJRAFFIA,20191223,6.9,6.9,6.9,6.9,34
GULFOILLUB,20191223,829.35,834.9,819.05,834.05,3327
GULFPETRO,20191223,36.05,37,35.4,36.65,13402
GULPOLY,20191223,38.25,38.5,37.7,38.4,7979
GVKPIL,20191223,4.2,4.25,4.1,4.1,1018598
HAL,20191223,724,732.95,721.25,725.2,4470
HARITASEAT,20191223,441.1,452,441.1,443.15,1484
HARRMALAYA,20191223,56.35,58.4,55.25,55.65,77343
HATHWAY,20191223,19.4,19.5,19.05,19.3,126462
HATSUN,20191223,568.55,585,568.55,583.9,6653
HAVELLS,20191223,641.2,652,632.2,649.85,1613405
HAVISHA,20191223,0.55,0.55,0.45,0.5,33500
HBLPOWER,20191223,15.9,16.25,15.35,15.5,133235
HBSL,20191223,7.1,7.45,7.1,7.45,181
HCC,20191223,10.4,10.75,10.35,10.5,1583596
HCG,20191223,99.5,102.5,99,100.7,79172
HCL-INSYS,20191223,7.25,7.35,7.1,7.1,591403
HCLTECH,20191223,567.5,575.55,566.55,570.95,1591463
HDFC,20191223,2404,2433.8,2390,2422.65,1976677
HDFCAMC,20191223,3250,3270,3202,3226.15,534599
HDFCBANK,20191223,1299,1304,1288.8,1302.4,5097891
HDFCLIFE,20191223,615.1,621,609,616.15,2325450
HDFCMFGETF,20191223,3431.3,3443,3431,3440.5,970
HDFCNIFETF,20191223,1285.5,1288.89,1280.36,1284.6,396
HDFCSENETF,20191223,4396.95,4399.79,4378,4387.69,54
HDIL,20191223,3.2,3.5,3.2,3.3,662607
HEG,20191223,1130.1,1139.7,1113.15,1120.85,181708
HEIDELBERG,20191223,176.25,178.8,174.7,175.2,168524
HERCULES,20191223,88.65,89.9,88.5,88.9,1151
HERITGFOOD,20191223,325,351,324,348.45,54820
HEROMOTOCO,20191223,2400,2435.35,2381.4,2420.1,1192490
HESTERBIO,20191223,1496.6,1501.2,1458.2,1461.7,1859
HEXATRADEX,20191223,8.3,9.1,8.3,8.55,4050
HEXAWARE,20191223,335,335,327.75,329.2,320064
HFCL,20191223,17.15,17.25,17.05,17.05,1881150
HGINFRA,20191223,239.7,245,232.15,238.9,14751
HGS,20191223,624.65,624.65,615,615.25,1034
HIKAL,20191223,109.3,113,108.15,111.95,159147
HIL,20191223,1143.55,1156,1119.05,1126.05,4445
HILTON,20191223,10.4,11,10.4,10.7,1281
HIMATSEIDE,20191223,120.65,121.9,119.9,120.5,61534
HINDALCO,20191223,216.8,219.35,213.35,215.15,10295626
HINDCOMPOS,20191223,161,164.8,160.5,161.75,1499
HINDCOPPER,20191223,37.7,39.9,37.5,38.9,1714541
HINDMOTORS,20191223,5.85,5.85,5.5,5.65,49610
HINDNATGLS,20191223,32.05,32.05,32.05,32.05,340
HINDOILEXP,20191223,84,85,83.4,83.6,66876
HINDPETRO,20191223,264.35,268.65,264.2,265.95,2249100
HINDSYNTEX,20191223,1.65,1.65,1.65,1.65,8029
HINDUNILVR,20191223,1949.25,1962,1944.4,1950.4,807062
HINDZINC,20191223,208.4,212,208,211.5,361029
HIRECT,20191223,199.5,201,197,198.3,17095
HISARMETAL,20191223,48.95,48.95,46.75,48.05,1359
HITECH,20191223,138.7,141.35,135,135.9,5207
HITECHCORP,20191223,82,82.7,81.2,82,387
HITECHGEAR,20191223,162.5,164.5,158,158.1,907
HMVL,20191223,69.05,71.7,68.5,70.15,3341
HNDFDS,20191223,685.6,685.6,665,668.4,3347
HNGSNGBEES,20191223,368,368,337,351.39,705
HONAUT,20191223,27748,28027.35,26850,27004.25,3050
HONDAPOWER,20191223,1238.05,1269.8,1238.05,1244.35,2123
HOTELEELA,20191223,5.9,6,5.8,5.85,232267
HOVS,20191223,45.45,45.5,43,43.95,2893
HPL,20191223,37.2,39.2,37.2,37.45,26000
HSCL,20191223,56.65,57.45,55.9,56.2,436572
HSIL,20191223,44.8,45.2,43.8,43.95,94381
HTMEDIA,20191223,14.1,14.6,14.05,14.2,51784
HUBTOWN,20191223,14.1,14.6,14.1,14.15,5004
HUDCO,20191223,36.55,37.1,36.05,36.2,649500
IBMFNIFTY,20191223,124.79,125,122.03,125,238
IBREALEST,20191223,62.65,63.5,58.95,59.35,1542029
IBULHSGFIN,20191223,300,306.5,293.25,295.9,25547080
IBULISL,20191223,78.1,81.2,78,80.35,150291
IBVENTURES,20191223,181,185.8,170.2,178.15,2825757
ICICI500,20191223,160.2,160.9,159.5,160.2,3680
ICICIB22,20191223,34.18,34.35,33.95,34.03,219009
ICICIBANK,20191223,547,548.85,537.6,541.3,11521942
ICICIBANKN,20191223,324.04,325,322,323.51,2780
ICICIBANKP,20191223,178,185.5,178,178.05,20637
ICICIGI,20191223,1419.85,1420,1396.3,1409.5,388352
ICICIGOLD,20191223,33,40.5,33,34.55,14519
ICICILIQ,20191223,999.5,1000,999.5,1000,15314
ICICILOVOL,20191223,93.8,93.8,91.62,91.97,1030
ICICIMCAP,20191223,65.25,65.53,64.96,65.11,9493
ICICINF100,20191223,133,137,131.67,131.97,1851
ICICINIFTY,20191223,128,129.59,128,128.99,247136
ICICINV20,20191223,58.5,58.6,57.32,57.45,6608
ICICINXT50,20191223,28.11,28.84,28.11,28.74,339418
ICICIPRULI,20191223,499,506.9,498.2,502.95,3900583
ICICISENSX,20191223,448,448,432.08,435.15,2729
ICIL,20191223,45.1,47.8,45.1,47,153532
ICRA,20191223,2798,2798,2739.8,2757.15,2505
IDBI,20191223,37.7,38.3,37.2,37.75,4427338
IDBIGOLD,20191223,3540.05,3590,3540,3590,3
IDEA,20191223,6.45,6.6,6.3,6.4,142870617
IDFC,20191223,32.75,33.8,32.6,33.65,3322950
IDFCFIRSTB,20191223,43.2,43.6,42.85,43.05,6476588
IDFNIFTYET,20191223,123.99,125,123.95,125,84
IEX,20191223,141.5,143.5,140.4,142.95,65329
IFBAGRO,20191223,396.5,396.55,384.95,386.35,1685
IFBIND,20191223,662.65,679.65,652,673.75,15272
IFCI,20191223,6.3,6.4,6.25,6.3,1315102
IFGLEXPOR,20191223,140,141.25,131.65,133.2,2945
IGARASHI,20191223,247,291.4,247,281.15,2250284
IGL,20191223,432.5,436,429.05,433.4,958527
IGPL,20191223,136.55,137.95,133.4,134.45,9149
IIFL,20191223,141,142.3,138.65,140.95,139140
IIFLSEC,20191223,39.9,39.9,36.8,37.55,120265
IIFLWAM,20191223,1122.8,1128,1100,1112.75,6182
IITL,20191223,58,58,58,58,10
IMFA,20191223,181.5,185.4,180.05,182.1,15838
IMPAL,20191223,570,581,558.2,579.35,2965
IMPEXFERRO,20191223,0.35,0.35,0.35,0.35,33998
INDBANK,20191223,6.85,6.9,6.7,6.75,51472
INDHOTEL,20191223,140.3,144.8,139.3,143.65,1056867
INDIACEM,20191223,70.75,71.2,70.15,70.6,627436
INDIAGLYCO,20191223,208.1,210.45,206.1,207.45,27291
INDIAMART,20191223,2055,2175,2028,2140.55,221410
INDIANB,20191223,106.8,108.4,104,104.95,1715799
INDIANCARD,20191223,105.3,105.3,103.2,103.4,326
INDIANHUME,20191223,201.05,202.95,201,202.1,2057
INDIGO,20191223,1284,1315,1277.1,1300.35,1954266
INDLMETER,20191223,20.9,20.9,20.9,20.9,8
INDNIPPON,20191223,299.5,302.75,298.2,298.75,1927
INDOCO,20191223,173.2,174.3,168,170.15,27885
INDORAMA,20191223,26.95,27.5,26.25,27.05,5516
INDOSTAR,20191223,170.85,179.95,170.85,175.4,56745
INDOTECH,20191223,100.55,100.55,100.55,100.55,1112
INDOTHAI,20191223,22.85,23.5,22.5,23,2446
INDOWIND,20191223,2.9,3.3,2.8,2.95,63065
INDRAMEDCO,20191223,38.45,38.8,38.2,38.6,26592
INDSWFTLAB,20191223,24.5,24.7,23,23.2,85445
INDSWFTLTD,20191223,3.1,3.2,3.1,3.1,3595
INDTERRAIN,20191223,59.85,60.75,58.8,59.5,9816
INDUSINDBK,20191223,1488,1501.5,1479.35,1496.3,1584336
INEOSSTYRO,20191223,700.1,717.9,700.1,713.45,9025
INFIBEAM,20191223,46.85,47.15,46.35,46.8,1755985
INFOBEAN,20191223,65.8,65.8,61.6,63.5,2710
INFRABEES,20191223,336.39,339.1,336.39,338.49,138
INFRATEL,20191223,252.8,255.9,249,254.6,6088785
INFY,20191223,732.15,737.3,731.65,736,4975608
INGERRAND,20191223,666,683,663.5,675.7,76083
INOXLEISUR,20191223,370,373.95,365,372.4,132989
INOXWIND,20191223,33.8,34.05,33.4,33.9,118177
INSECTICID,20191223,481.25,481.25,468,470.2,4944
INSPIRISYS,20191223,37,37,35.6,36.55,2370
INTEGRA,20191223,0.25,0.35,0.25,0.35,30434
INTELLECT,20191223,149,150.7,146,146.8,76814
INTENTECH,20191223,26.25,26.8,24.85,26,20249
INVENTURE,20191223,13.3,13.4,12.75,13.3,56502
IOB,20191223,10.15,10.4,10.05,10.1,584666
IOC,20191223,127.45,129,126.05,126.45,8134964
IOLCP,20191223,168.2,171,168,169.45,80238
IPAPPM,20191223,293.1,298.95,285,286.5,5467
IPCALAB,20191223,1135.1,1136.75,1116.7,1129.05,59687
IRB,20191223,69,69.7,68,68.35,607957
IRCON,20191223,399.35,400.4,394,397.65,25715
IRCTC,20191223,868,870,861,864.75,328209
ISEC,20191223,349.95,357,345,354.95,83753
ISFT,20191223,74.95,74.95,72,74.95,1577
ISMTLTD,20191223,4.1,4.45,4,4.2,47827
ITC,20191223,242,242.8,238.65,238.9,19082124
ITDC,20191223,318.95,325,316.45,317.9,91722
ITDCEM,20191223,47.4,48.35,45.5,45.7,138646
ITI,20191223,92.6,96.15,91.85,95.6,2185190
IVC,20191223,3.35,3.45,3.3,3.3,46308
IVP,20191223,53,54,53,54,386
IVZINGOLD,20191223,3450,3450,3450,3450,20
IVZINNIFTY,20191223,1324.15,1324.15,1324.15,1324.15,1
IZMO,20191223,23,23.45,22.5,23.45,5557
J&KBANK,20191223,29.65,29.95,29.65,29.75,416009
JAGRAN,20191223,62.75,63.8,62.1,63.5,444403
JAGSNPHARM,20191223,26.6,26.6,24.7,25.05,3659
JAIBALAJI,20191223,22.6,24.7,22.6,23.55,3592
JAICORPLTD,20191223,93.85,95.2,92.15,92.9,773270
JAINSTUDIO,20191223,1.7,1.75,1.7,1.75,305
JAMNAAUTO,20191223,47.5,47.95,46.1,47.15,1690475
JASH,20191223,111,124,111,122.65,3521
JAYAGROGN,20191223,124.35,126.15,121,122.15,2492
JAYBARMARU,20191223,235.95,244.9,231.65,236.05,182687
JAYNECOIND,20191223,3.15,3.25,3.05,3.2,21613
JAYSREETEA,20191223,46.9,47.5,46.6,46.7,29322
JBCHEPHARM,20191223,426.5,432,423.05,430.55,123133
JBFIND,20191223,7.75,7.75,7.1,7.25,50731
JBMA,20191223,271.9,296,270,280.85,477548
JCHAC,20191223,1949,1949,1894,1907.4,234921
JHS,20191223,14.95,15.05,14.6,14.75,37397
JIKIND,20191223,0.3,0.35,0.25,0.3,37091
JINDALPHOT,20191223,14.8,14.8,13,14.05,2588
JINDALPOLY,20191223,228.1,232.9,224.55,228.2,6520
JINDALSAW,20191223,71.55,72.6,70.5,70.7,263199
JINDALSTEL,20191223,157,159.3,156.25,157.8,19904345
JINDCOT,20191223,1.85,1.85,1.8,1.8,512
JINDRILL,20191223,76.05,77,75.1,75.1,3380
JINDWORLD,20191223,62.8,64,59.4,60.2,164501
JISLDVREQS,20191223,7.7,8,7.7,7.7,131753
JISLJALEQS,20191223,8,8.2,7.9,8.05,2079371
JITFINFRA,20191223,6.15,6.25,5.85,6.15,8267
JIYAECO,20191223,32.2,34.05,31.85,32.4,575980
JKCEMENT,20191223,1156,1167,1153,1162.45,13177
JKIL,20191223,137,137,134.3,135.35,237214
JKLAKSHMI,20191223,272.4,272.6,270,270.55,21960
JKPAPER,20191223,125.95,127.1,124.5,125.35,657712
JKTYRE,20191223,71.9,72.95,71.1,72.35,455096
JMA,20191223,22.55,23.15,21.55,21.6,2008
JMCPROJECT,20191223,95.25,97.5,93.85,96.05,43590
JMFINANCIL,20191223,92.8,92.8,90.6,91.15,252730
JMTAUTOLTD,20191223,1.3,1.3,1.25,1.3,47844
JOCIL,20191223,108.85,108.85,105.95,106.1,873
JPASSOCIAT,20191223,2.2,2.2,2.2,2.2,1529085
JPINFRATEC,20191223,1.75,1.75,1.75,1.75,146239
JPOLYINVST,20191223,11.9,13.1,11.9,13.1,4505
JPPOWER,20191223,1.35,1.4,1.3,1.3,3740909
JSL,20191223,39.15,39.5,38.25,38.45,434063
JSLHISAR,20191223,67.8,68.9,66.55,66.95,77923
JSWENERGY,20191223,70.15,70.6,68.9,69.25,357749
JSWHL,20191223,2220,2268,2196.4,2244.6,301
JSWSTEEL,20191223,264.4,270.6,262.4,263.7,8467465
JTEKTINDIA,20191223,83.8,84.4,80.25,81.85,58422
JUBILANT,20191223,534.6,534.6,526.4,532.1,89164
JUBLFOOD,20191223,1579,1593,1563,1577.4,537029
JUBLINDS,20191223,95.9,99.65,94,96.35,20626
JUMPNET,20191223,58,59.15,58,58.7,271089
JUNIORBEES,20191223,294.78,295.88,292.66,295.35,106224
JUSTDIAL,20191223,588.65,594.4,583.15,587.35,1291820
JYOTHYLAB,20191223,150,150.3,147.45,147.9,118050
KABRAEXTRU,20191223,61,62.8,58.55,59.65,9875
KAJARIACER,20191223,506.25,511.6,501.2,504.2,216450
KAKATCEM,20191223,164,164.9,157.7,158.9,28011
KALPATPOWR,20191223,393,398.7,387,397.75,54172
KALYANIFRG,20191223,149.2,155.5,148.2,149.75,749
KAMATHOTEL,20191223,35.8,35.8,34.15,34.4,36938
KAMDHENU,20191223,103.7,104.7,98.9,99.15,20576
KANANIIND,20191223,3.25,3.4,3.25,3.4,3085
KANORICHEM,20191223,35.7,35.9,35.1,35.4,6316
KANSAINER,20191223,532.8,537.5,513.5,525.5,229529
KARDA,20191223,95,102,95,99.75,20714
KARMAENG,20191223,12.65,13.9,12.65,13.85,667
KARURVYSYA,20191223,60.9,60.9,59.6,59.8,364966
KAUSHALYA,20191223,0.4,0.45,0.4,0.4,3778
KAVVERITEL,20191223,2,2,2,2,5942
KAYA,20191223,326.85,341,322,326.3,3745
KCP,20191223,59,59,57.2,58.25,23784
KCPSUGIND,20191223,13,13.2,12.85,12.9,67585
KDDL,20191223,318.45,324.95,306.1,308.8,2277
KEC,20191223,308.4,308.4,302.85,304.2,805222
KECL,20191223,9.6,9.75,9.3,9.35,22947
KEI,20191223,439.25,449.45,438.05,447.95,224328
KELLTONTEC,20191223,17.6,18.2,17.35,17.6,75597
KENNAMET,20191223,993.75,993.75,964.85,974.15,1867
KERNEX,20191223,20,20,18.55,19.45,12154
KESARENT,20191223,32.3,32.3,29.35,31.6,13228
KESORAMIND,20191223,59,59.65,55.05,57.65,492519
KHADIM,20191223,176,178,165.8,168.55,72403
KHAITANLTD,20191223,19,19,17.35,17.65,56
KICL,20191223,1711.95,1712,1676.35,1697.25,635
KILITCH,20191223,125.9,126,119.6,120.75,7283
KINGFA,20191223,615,615,595,599.55,3949
KIOCL,20191223,112.95,112.95,110.25,110.75,2899
KIRIINDUS,20191223,357.75,380,357.7,368.75,255552
KIRLFER,20191223,63.3,63.3,61.35,61.35,2726
KIRLOSBROS,20191223,136.65,136.65,129,130.9,7648
KIRLOSENG,20191223,156,156.9,150.05,151.05,49595
KIRLOSIND,20191223,609.8,611.75,601.75,602.45,365
KITEX,20191223,95.4,96,93.1,95.25,29665
KKCL,20191223,960,999.95,950,988.75,549
KMSUGAR,20191223,6.8,6.8,6.25,6.35,38875
KNRCON,20191223,232.7,233,230,231.7,60082
KOHINOOR,20191223,8.5,9.25,8.5,8.7,6780
KOKUYOCMLN,20191223,73,74.7,72.5,73.35,16432
KOLTEPATIL,20191223,265.7,271,260,265,189160
KOPRAN,20191223,31.05,31.25,30.25,30.7,27809
KOTAKBANK,20191223,1699,1711.2,1695.1,1704.9,1745488
KOTAKBKETF,20191223,332.11,332.26,329.45,331.19,36414
KOTAKGOLD,20191223,336.15,338,336,337.6,9489
KOTAKNIFTY,20191223,140.4,149.3,126.1,126.44,29439
KOTAKNV20,20191223,58.9,59.15,58.33,59.09,11157
KOTAKPSUBK,20191223,254,255,251.55,252.99,1372
KOTARISUG,20191223,9.85,10.05,9.5,9.8,4166
KOTHARIPET,20191223,16,16,15.6,15.7,3381
KOTHARIPRO,20191223,62.45,62.45,60.3,60.85,1035
KPITTECH,20191223,85.7,90.9,85.7,90.45,141181
KPRMILL,20191223,660,661.2,650,653.9,4665
KRBL,20191223,277.5,284.75,270.5,282.8,489516
KREBSBIO,20191223,76.95,87,76.95,80.6,1548
KRIDHANINF,20191223,2.4,2.45,2.25,2.3,305592
KRISHANA,20191223,53,55.65,53,55.45,54
KSB,20191223,658.95,663.95,645.2,656.55,3254
KSCL,20191223,473.7,477.4,466.3,467.65,37220
KSERASERA,20191223,0.1,0.15,0.1,0.15,217329
KSK,20191223,0.6,0.6,0.5,0.55,245681
KSL,20191223,232.8,237.4,227.35,230.05,73265
KTIL,20191223,28.5,28.5,25.85,26.45,20383
KTKBANK,20191223,71.55,73.5,71.5,72.7,972096
KUANTUM,20191223,448.1,481.4,448.05,469.75,1597
KWALITY,20191223,2.35,2.5,2.35,2.45,174672
L&TFH,20191223,116.35,117.25,114.75,115.65,4445287
LAKSHVILAS,20191223,18,18.45,17.6,17.7,332725
LALPATHLAB,20191223,1474.6,1474.6,1451,1456.5,66468
LAMBODHARA,20191223,29.6,31.4,29,30.4,3801
LAOPALA,20191223,147,147,141.05,143.65,64766
LASA,20191223,17.7,17.85,17.05,17.2,9206
LAURUSLABS,20191223,380,384.6,364,366.15,92968
LAXMIMACH,20191223,3261,3318.7,3231.25,3250.35,1985
LEMONTREE,20191223,62.5,62.5,61.3,61.85,286112
LFIC,20191223,54,55,46.5,49.15,1365
LGBBROSLTD,20191223,264.95,264.95,242,244.05,42068
LGBFORGE,20191223,2.3,2.6,2.3,2.45,18452
LIBAS,20191223,48.05,51,46.75,50.9,6044
LIBERTSHOE,20191223,131.6,137,131.6,133.6,200733
LICHSGFIN,20191223,440,444.05,424.8,428.2,3573045
LICNETFGSC,20191223,19.8,20.23,19.7,19.98,6318
LICNETFN50,20191223,127.98,127.98,126.01,126.24,597
LICNETFSEN,20191223,524,525,479,496.78,13
LICNFNHGP,20191223,130.15,130.2,126.71,128.6,39
LINCOLN,20191223,179.8,184.4,179.2,183.85,23278
LINCPEN,20191223,193.8,194.95,185.1,192.15,9840
LINDEINDIA,20191223,659.7,674.4,658.15,660.55,28575
LIQUIDBEES,20191223,999.25,1000.01,999.25,1000,632959
LIQUIDETF,20191223,1000.01,1000.01,999.99,1000,20509
LOKESHMACH,20191223,33.9,34,33,33.3,4800
LOTUSEYE,20191223,23.4,23.5,22.15,23.25,3317
LOVABLE,20191223,75.15,77.7,73.35,74.25,89559
LPDC,20191223,1.45,1.55,1.45,1.5,3604
LSIL,20191223,0.5,0.55,0.45,0.45,544447
LT,20191223,1307.9,1322,1305,1311.25,3394916
LTI,20191223,1709.1,1764.95,1709.1,1756.15,145503
LTTS,20191223,1476,1499.8,1464.85,1469.2,84497
LUMAXIND,20191223,1207,1220.5,1177.05,1206.5,1811
LUMAXTECH,20191223,98.4,98.9,93,94.8,19421
LUPIN,20191223,768.95,777.3,756.7,767.7,799611
LUXIND,20191223,1382,1385,1286.6,1300.4,816811
LYKALABS,20191223,20.15,21.25,19.25,20.25,57464
LYPSAGEMS,20191223,4.2,4.25,3.6,3.85,20355
M&M,20191223,529.95,535.9,524.7,525.9,2963573
M&MFIN,20191223,323.5,325.6,319.5,320.55,1207560
M100,20191223,17.75,17.83,17.65,17.8,23387
M50,20191223,119,120,119,120,577
MAANALU,20191223,58.25,58.4,56,58,4073
MADHAV,20191223,27.05,27.05,25.3,25.8,345
MADHUCON,20191223,3.35,3.4,3.25,3.4,12155
MADRASFERT,20191223,18.85,19.1,18.7,18.9,48646
MAGADSUGAR,20191223,102.8,102.8,98.05,98.5,14497
MAGMA,20191223,52.4,54.05,52,52.6,118136
MAGNUM,20191223,3.8,3.85,3.8,3.8,711
MAHABANK,20191223,11.85,11.95,11.7,11.7,236371
MAHAPEXLTD,20191223,100,100,100,100,50
MAHASTEEL,20191223,98.5,102.15,98,99.6,5047
MAHESHWARI,20191223,228,245,220.3,235.8,52415
MAHINDCIE,20191223,159,163.25,156.6,161.35,148338
MAHLIFE,20191223,386.7,394.5,385,387.2,18249
MAHLOG,20191223,385,388,380.9,385.5,23879
MAHSCOOTER,20191223,4394.95,4495,4365.2,4480.15,2837
MAHSEAMLES,20191223,367.75,369.9,365.15,368.45,2374
MAITHANALL,20191223,451,462.55,450.1,454.2,8005
MAJESCO,20191223,370.3,382,364,376.2,40330
MALUPAPER,20191223,28.2,29,27.25,27.6,15871
MAN50ETF,20191223,124,124.6,123.95,124.12,1011
MANAKALUCO,20191223,4.6,4.85,4.35,4.45,12018
MANAKCOAT,20191223,3.8,4,3.7,3.75,6231
MANAKSIA,20191223,34.85,34.85,32.1,33.1,7095
MANAKSTEEL,20191223,13,13.05,12.5,13.05,70949
MANALIPETC,20191223,17.2,17.2,16.1,16.5,87681
MANAPPURAM,20191223,172.95,175.5,169.95,171.45,2274468
MANGALAM,20191223,28.2,28.65,27,27.5,4757
MANGCHEFER,20191223,27.3,28.8,27.2,28.15,9282
MANGLMCEM,20191223,280,281.5,268.3,270.9,9184
MANGTIMBER,20191223,9.25,9.7,9.25,9.4,2380
MANINDS,20191223,42.3,43.25,41.5,42.7,63592
MANINFRA,20191223,22.25,23,22.15,22.8,22516
MANUGRAPH,20191223,14.85,14.85,14.05,14.25,887
MARALOVER,20191223,13.85,15.1,13.85,14.95,2602
MARATHON,20191223,78.85,79,71.55,73.45,2331
MARICO,20191223,338,340.2,334.35,336.6,1944051
MARKSANS,20191223,17.4,17.4,16.65,16.85,986857
MARUTI,20191223,7275,7378.6,7250.1,7360.9,914067
MASFIN,20191223,820,839.65,812,817.7,11782
MASTEK,20191223,419.95,424.6,405,407.7,83819
MATRIMONY,20191223,465,470,444,451.35,6665
MAWANASUG,20191223,32.25,32.85,31.75,32.2,41917
MAXINDIA,20191223,77,78.75,76,77.45,88327
MAXVIL,20191223,57.9,58.85,51.6,53.15,803736
MAYURUNIQ,20191223,214,217.75,214,215.8,3893
MAZDA,20191223,387,400,383.05,397.55,13439
MBAPL,20191223,70,70,69,69,201
MBECL,20191223,4.95,4.95,4.6,4.8,439422
MBLINFRA,20191223,4.25,4.4,4,4.05,61731
MCDHOLDING,20191223,18.2,18.45,17.2,17.95,22270
MCDOWELL-N,20191223,599.9,601.85,590.7,594.15,554934
MCLEODRUSS,20191223,4.45,4.55,4.25,4.3,785012
MCX,20191223,1140,1155,1138.1,1145.5,118408
MEGASOFT,20191223,6.2,6.65,6.2,6.25,1340
MEGH,20191223,48.95,49.45,48.7,49.05,176946
MELSTAR,20191223,1.5,1.5,1.5,1.5,111
MENONBE,20191223,59.2,60.8,54.3,54.7,48528
MEP,20191223,39.3,39.7,38.15,38.5,85563
MERCATOR,20191223,0.8,0.8,0.8,0.8,366979
METALFORGE,20191223,4.75,4.95,4.7,4.85,16977
METROPOLIS,20191223,1325,1347.4,1302.6,1338.6,36675
MFSL,20191223,532.1,542,521.4,526.05,1440508
MGL,20191223,1070,1070.9,1047.55,1050.4,217004
MHRIL,20191223,223.05,228.3,219.25,225,51987
MIC,20191223,0.55,0.65,0.55,0.65,37884
MIDHANI,20191223,153.5,158.5,152.55,156.55,824072
MINDACORP,20191223,93.95,93.95,91,91.25,77488
MINDAIND,20191223,348,348,342,346.8,141974
MINDTECK,20191223,26.85,28.9,25.6,26.5,8372
MINDTREE,20191223,784,789,774,777.65,466092
MIRCELECTR,20191223,6.8,6.8,6.5,6.55,69541
MIRZAINT,20191223,56.1,56.95,55.25,55.85,135491
MMFL,20191223,338,344.8,337.1,343.5,4729
MMTC,20191223,19.05,19.45,18.85,19.05,758963
MOHOTAIND,20191223,10.2,10.7,9.7,10.15,28277
MOIL,20191223,144.8,144.9,141,141.95,131865
MOLDTECH,20191223,46.05,47.4,46.05,46.2,4548
MOLDTKPAC,20191223,288.15,294.4,286.55,288.95,27862
MONTECARLO,20191223,263.95,266,258.4,264.25,9095
MORARJEE,20191223,13.2,13.4,12.55,13.15,4580
MOREPENLAB,20191223,15.7,16.2,15.7,15.75,353773
MOTHERSUMI,20191223,145.35,148.65,145,147.95,6974532
MOTILALOFS,20191223,744.4,746.95,725,731.8,172986
MOTOGENFIN,20191223,39.15,39.15,33.5,35.2,2577
MPHASIS,20191223,872,882,858.15,880.05,120484
MPSLTD,20191223,454.05,467.7,454.05,466.2,3117
MRF,20191223,63600,63900,63387.6,63680.9,3576
MRO-TEK,20191223,34.15,34.15,31.1,33.9,10999
MRPL,20191223,41,41.45,40.8,41,158313
MSPL,20191223,6.2,6.2,5.3,5.85,3652
MSTCLTD,20191223,142.65,148.5,141.5,145.5,416444
MTEDUCARE,20191223,15.2,15.4,14.5,14.6,31367
MTNL,20191223,9.7,9.95,9.6,9.6,1650082
MUKANDENGG,20191223,12.35,12.45,11.8,12,7359
MUKANDLTD,20191223,27.4,28.6,27.35,27.85,4639
MUKTAARTS,20191223,36.95,37.4,35.2,35.7,16538
MUNJALAU,20191223,46.1,46.45,45,45.3,85676
MUNJALSHOW,20191223,122.4,123,121.05,122.4,6726
MURUDCERA,20191223,15.85,16.15,15.4,15.45,13324
MUTHOOTCAP,20191223,490.8,549.7,490.8,509.3,51511
MUTHOOTFIN,20191223,732.5,749.65,725.4,743.9,2266616
N100,20191223,614.9,627,602.87,606.71,7929
NACLIND,20191223,25.95,26.4,25.55,26,10375
NAGAFERT,20191223,3.15,3.4,3.1,3.4,54963
NAGREEKCAP,20191223,7.25,7.85,7.25,7.75,1630
NAGREEKEXP,20191223,13.2,13.3,13.15,13.3,22
NAHARCAP,20191223,69,70.95,66.5,67.8,3398
NAHARINDUS,20191223,20.4,23,20.4,20.85,966
NAHARPOLY,20191223,31.6,32,31.5,31.5,2999
NAHARSPING,20191223,41.35,42.15,41.35,41.55,7320
NATCOPHARM,20191223,574.4,578.3,568.15,573.45,185853
NATHBIOGEN,20191223,365,365,342,342.8,2578
NATIONALUM,20191223,42.15,42.45,40.9,41.15,21028996
NATNLSTEEL,20191223,1.9,1.9,1.8,1.9,8212
NAUKRI,20191223,2637.7,2645,2576,2592.55,163173
NAVINFLUOR,20191223,982,993.8,970,989.3,132976
NAVKARCORP,20191223,29.15,29.15,27.9,27.95,167910
NAVNETEDUL,20191223,90.7,91.95,87.6,88.65,74241
NBCC,20191223,35.75,36.1,34.5,34.75,19720113
NBIFIN,20191223,1451.9,1504.9,1451.9,1498.7,327
NBVENTURES,20191223,68.1,69.6,67.05,67.5,22565
NCC,20191223,53.95,54.7,53.8,54.2,9650975
NCLIND,20191223,83.9,83.9,82,82.6,42550
NDL,20191223,27,27.9,27,27.45,4250
NDTV,20191223,26.3,27.5,26.05,26.55,12366
NECCLTD,20191223,5.25,5.4,5.15,5.25,35885
NECLIFE,20191223,13,13.35,12.8,12.9,48555
NELCAST,20191223,51.9,52.85,50.25,50.7,77114
NELCO,20191223,226.95,230.5,226.95,228.55,17771
NEOGEN,20191223,350.2,363,350.2,355.7,4233
NESCO,20191223,635,694.7,635,686.9,458034
NESTLEIND,20191223,14786,14993.35,14490,14532.5,125031
NETF,20191223,124.71,124.71,124.2,124.2,27
NETFCONSUM,20191223,47.6,54.6,47.6,52.87,2130
NETFDIVOPP,20191223,29.53,29.53,29.25,29.41,261
NETFLTGILT,20191223,20.13,20.2,20.13,20.18,3656
NETFMID150,20191223,62.78,62.78,62.2,62.43,42039
NETFNIF100,20191223,127.73,127.73,126.73,126.83,937
NETFNV20,20191223,58.77,58.99,58.21,58.23,7792
NETWORK18,20191223,25.25,25.65,25.15,25.15,64816
NEULANDLAB,20191223,420.85,439.55,410.95,428.45,66302
NEWGEN,20191223,197.3,199.55,194.6,196.6,4581
NEXTMEDIA,20191223,9.05,9.85,9,9.2,4775
NFL,20191223,25.1,25.45,24.9,25.05,94448
NH,20191223,304.95,309,304.5,306.1,51907
NHPC,20191223,24.1,24.4,23.5,23.8,7751983
NIACL,20191223,143.4,147,142,144,306601
NIBL,20191223,6.95,6.95,6.65,6.95,4510
NIFTYBEES,20191223,131.2,131.25,129.28,129.93,318322
NIFTYEES,20191223,15652,15895.34,15000.01,15895.34,8
NIITLTD,20191223,96.05,96.85,93.15,93.8,378322
NIITTECH,20191223,1580,1604.95,1572.4,1578.55,440209
NILAINFRA,20191223,4.3,4.4,4,4.25,141694
NILASPACES,20191223,1.2,1.3,1.2,1.2,46403
NILKAMAL,20191223,1255.05,1280,1250.05,1258.9,8289
NIPPOBATRY,20191223,487.05,499.15,481.3,485.3,656
NITCO,20191223,29,30.1,29,29.9,28597
NITINSPIN,20191223,48.95,49,46.5,47.25,6009
NKIND,20191223,18.25,18.25,18.2,18.2,69
NLCINDIA,20191223,54.3,54.55,52.1,52.45,625929
NMDC,20191223,123.9,125.5,122.8,123.65,5320153
NOCIL,20191223,99.8,99.8,97.5,98.25,297077
NOIDATOLL,20191223,2.95,3.1,2.95,3.1,39390
NPBET,20191223,181.26,181.26,179.88,179.88,115
NRAIL,20191223,202.6,211,202.6,205.75,6600
NRBBEARING,20191223,93,95.95,89.1,91.4,36464
NSIL,20191223,725,752,705,749.35,4698
NTPC,20191223,114.2,115.4,113.8,114.6,13980109
NUCLEUS,20191223,277,285,275.15,278.3,10205
NXTDIGITAL,20191223,389.5,389.5,376.1,378.7,435
OAL,20191223,174,176.95,172,175.15,1135
OBEROIRLTY,20191223,517.9,523.65,515.45,522,68030
OCCL,20191223,1009.95,1015,1000.05,1001,529
OFSS,20191223,2888.3,2913.35,2871,2890.6,21776
OIL,20191223,150.85,151.8,150,150.2,500250
OILCOUNTUB,20191223,5.6,6.8,5.6,6.8,228186
OISL,20191223,2.95,2.95,2.8,2.95,15008
OLECTRA,20191223,185.9,187.5,177,179.05,109946
OMAXAUTO,20191223,44.75,45.8,44,44.9,4762
OMAXE,20191223,156,157.15,154,155.35,56742
OMKARCHEM,20191223,3.75,3.9,3.6,3.65,9243
OMMETALS,20191223,23.1,23.8,22.4,22.6,25821
ONELIFECAP,20191223,6,6,5.8,6,3835
ONEPOINT,20191223,16.05,16.05,15.85,16.05,30579
ONGC,20191223,124.9,126.3,124.05,124.65,10466423
ONMOBILE,20191223,30.8,31.3,30.35,30.45,154466
ONWARDTEC,20191223,65.35,66.4,64,65.15,1868
OPTIEMUS,20191223,29.55,30.4,28.1,28.6,1716
OPTOCIRCUI,20191223,2.85,2.95,2.75,2.85,422575
ORBTEXP,20191223,84,85.6,83,84.6,1663
ORICONENT,20191223,17.4,17.4,16.3,17,45671
ORIENTABRA,20191223,15.65,15.95,15.4,15.7,11301
ORIENTALTL,20191223,10.15,10.65,9.75,10.65,14032
ORIENTBANK,20191223,55.25,55.45,53.8,54.1,1017266
ORIENTBELL,20191223,131.4,131.4,130,130.45,790
ORIENTCEM,20191223,69.55,71.7,68.35,68.55,65826
ORIENTELEC,20191223,185.5,189.95,185,187.6,100048
ORIENTHOT,20191223,35.35,35.35,34.1,34.2,4244
ORIENTLTD,20191223,92.4,98.95,91.2,92.65,273
ORIENTPPR,20191223,26.5,27.25,26,26.15,398214
ORIENTREF,20191223,224.95,230,222.5,229.1,74739
ORISSAMINE,20191223,1305,1324.85,1280.1,1293.2,9297
ORTINLABSS,20191223,10.35,11.7,10.2,10.45,60518
OSWALAGRO,20191223,5.15,5.15,4.85,4.85,7995
PAEL,20191223,3.6,3.7,3.55,3.65,12249
PAGEIND,20191223,22049,22197.85,21851,22012.05,12889
PAISALO,20191223,445.05,447.6,428,438.15,54523
PALASHSECU,20191223,25.15,27.95,25.15,26.95,1426
PALREDTEC,20191223,16.6,16.6,15.55,15.65,3831
PANACEABIO,20191223,126,133,125.95,129.4,77230
PANAMAPET,20191223,60.45,60.45,58.4,59.65,6327
PAPERPROD,20191223,252.8,252.8,246.1,248.55,12986
PARABDRUGS,20191223,4.05,4.05,3.75,3.75,240711
PARACABLES,20191223,8.5,8.8,8.35,8.45,40070
PARAGMILK,20191223,140.75,142,137,137.35,140490
PARSVNATH,20191223,1.9,2,1.9,2,224019
PATELENG,20191223,14.1,14.5,14,14.1,52826
PATINTLOG,20191223,19.15,19.55,19.15,19.35,4197
PATSPINLTD,20191223,5.5,6.5,5.1,6.4,23709
PCJEWELLER,20191223,24.05,24.5,23.25,23.6,5249340
PDMJEPAPER,20191223,14.45,14.6,14.1,14.2,20330
PDPL,20191223,3.3,3.3,3.15,3.3,3801
PDSMFL,20191223,322,325,321,321.1,344
PEARLPOLY,20191223,15.2,15.9,15.2,15.75,1068
PEL,20191223,1633.45,1659,1633,1647.65,575398
PENIND,20191223,26,26.8,25.75,26.4,122756
PENINLAND,20191223,4.1,4.25,4,4.2,97796
PERSISTENT,20191223,677.45,681,663.1,670.8,125693
PETRONENGG,20191223,8,8.8,8,8.1,1321
PETRONET,20191223,275.05,275.9,272.45,275.05,1968035
PFC,20191223,113,113.95,111.4,111.85,2896269
PFIZER,20191223,4259,4292.9,4210.35,4249.55,9257
PFOCUS,20191223,43.2,43.2,41.5,41.9,25991
PFS,20191223,12.8,12.9,12.6,12.7,233228
PGEL,20191223,39.95,41.95,39.35,40.85,110521
PGHH,20191223,11280.1,11599,11252.6,11531.25,3489
PGHL,20191223,4148,4198,4140.1,4177.5,25187
PGIL,20191223,153.1,155.9,152.5,154,1016
PHILIPCARB,20191223,113,114.5,112.55,113.75,336712
PHOENIXLTD,20191223,774.5,782,757,762.55,19270
PIDILITIND,20191223,1376,1386.7,1361.65,1377.1,244310
PIIND,20191223,1486.6,1486.6,1470,1471,64022
PILANIINVS,20191223,1789,1789,1700,1705,4214
PILITA,20191223,5.75,6,5.75,5.9,27889
PIONDIST,20191223,122.2,130,120.2,127.7,15809
PIONEEREMB,20191223,29.2,29.2,27.05,27.85,12207
PITTIENG,20191223,42,42.85,40.55,40.9,18757
PKTEA,20191223,130,135.4,125.5,126.5,98
PLASTIBLEN,20191223,177.85,181.4,173.65,174.25,3709
PNB,20191223,64.1,64.7,63.25,63.65,13309646
PNBGILTS,20191223,28.1,28.25,27.9,27.95,50774
PNBHOUSING,20191223,433.9,441.9,429.2,432.3,313146
PNC,20191223,14.5,14.5,13.55,14.5,5004
PNCINFRA,20191223,194.85,197.2,193.55,195.55,85430
PODDARHOUS,20191223,319,319,319,319,3
PODDARMENT,20191223,162,162,153.15,153.75,11482
POKARNA,20191223,94.6,97.8,90,92.65,21135
POLYCAB,20191223,970.45,970.45,950.25,953.7,132362
POLYMED,20191223,215.1,218.8,205,207.45,16902
POLYPLEX,20191223,479.6,484,477,478.6,9875
PONNIERODE,20191223,165,165,157,160.65,3852
POWERGRID,20191223,185.65,187.5,184.75,185.8,9587858
POWERMECH,20191223,614.75,614.75,595.75,598.4,7714
PPAP,20191223,177.5,179.85,172.35,178.5,2680
PPL,20191223,65.5,69.75,65.5,68.05,10542
PRABHAT,20191223,85,85.1,83.7,84.2,7483
PRADIP,20191223,0.55,0.55,0.55,0.55,2
PRAENG,20191223,6.2,6.5,6,6.2,18238
PRAJIND,20191223,102.3,102.75,100.1,100.85,334263
PRAKASH,20191223,44.55,47.95,44.55,46.1,679850
PRAKASHSTL,20191223,0.25,0.25,0.2,0.2,6635
PRAXIS,20191223,60,60.9,58.65,60.9,8641
PRECAM,20191223,36.15,37.5,35,37,13373
PRECOT,20191223,25.95,25.95,23.65,24.2,1010
PRECWIRE,20191223,145.1,146,143.25,143.25,2028
PREMEXPLN,20191223,139.8,155,139.75,146.8,7842
PREMIER,20191223,2.6,2.6,2.5,2.5,2150
PREMIERPOL,20191223,17.7,18.6,17.65,17.85,364
PRESSMN,20191223,19.9,20.4,19.85,19.9,864
PRESTIGE,20191223,348.35,353.8,340.1,345.3,191025
PRICOLLTD,20191223,46.5,47.45,45.7,46.35,127735
PRIMESECU,20191223,42,42,40.1,40.25,8312
PROSEED,20191223,0.3,0.3,0.25,0.25,55692
PROZONINTU,20191223,18.25,18.85,18.2,18.25,19291
PRSMJOHNSN,20191223,61,61,60.05,60.25,66318
PSB,20191223,19.05,19.6,19.05,19.1,45394
PSL,20191223,0.6,0.6,0.55,0.55,26081
PSPPROJECT,20191223,516,518.7,505,508.6,25580
PSUBNKBEES,20191223,28.3,28.36,27.8,27.82,17456
PTC,20191223,54.3,54.4,53.65,53.8,256232
PTL,20191223,36.2,37.5,35.7,36.1,6170
PUNJABCHEM,20191223,469.8,520,458,509.4,16979
PURVA,20191223,55.6,57.5,55,55.1,54201
PVR,20191223,1821.65,1839.8,1812.3,1826.65,227337
QGOLDHALF,20191223,1667,1671,1666,1671,490
QNIFTY,20191223,1257.5,1257.5,1255,1257.48,525
QUESS,20191223,509,521,509,515.95,76346
QUICKHEAL,20191223,125.95,126.35,123.5,124.1,79952
RADAAN,20191223,1,1,0.95,1,1654
RADICO,20191223,300.5,301,296.5,298.75,147813
RADIOCITY,20191223,29,29.8,27.75,29.05,77643
RAIN,20191223,98.7,99.9,98,98.6,449355
RAJESHEXPO,20191223,685.4,691.5,684.05,687.5,351013
RAJSREESUG,20191223,17.3,17.3,16.95,17,1462
RAJTV,20191223,43,43.75,41.6,43.2,943
RALLIS,20191223,170,172.5,168.55,170.3,106473
RAMANEWS,20191223,14.5,14.5,13.3,13.6,13977
RAMASTEEL,20191223,42.15,46.25,41.1,45.6,24364
RAMCOCEM,20191223,754.6,764.9,748.85,752,232156
RAMCOIND,20191223,179,189.25,179,184.85,21884
RAMCOSYS,20191223,142.6,152.75,141.25,146.85,176287
RAMKY,20191223,31.25,32.35,31,31.1,82791
RANASUG,20191223,2.95,3.1,2.95,3.05,43506
RANEENGINE,20191223,215.1,219.9,211.05,212.85,2814
RANEHOLDIN,20191223,748.1,775.9,736.4,742.6,2313
RATNAMANI,20191223,1025,1027.7,1010.35,1020.3,44044
RAYMOND,20191223,663.8,666.75,648.3,656.15,326139
RBL,20191223,556,571.9,545,556.15,42598
RBLBANK,20191223,341.5,347,332.55,334,9747163
RCF,20191223,44.95,45.35,44.8,45.05,388765
RCOM,20191223,0.85,0.9,0.8,0.85,8652969
RECLTD,20191223,136.3,138.5,135.5,136.45,2426529
REDINGTON,20191223,115.85,117.95,114.7,115.25,56735
REFEX,20191223,54,55.35,51.45,51.6,94113
REGENCERAM,20191223,1.7,1.7,1.6,1.6,210
RELAXO,20191223,624.95,640,622,631.2,175826
RELCAPITAL,20191223,12.25,12.85,12.2,12.85,5233521
RELIANCE,20191223,1560.1,1577.55,1557.8,1571.4,11478429
RELIGARE,20191223,44.4,44.7,43.5,44.05,543423
RELINFRA,20191223,23.9,24.3,23.6,24.3,1167165
REMSONSIND,20191223,71.35,74.85,71.35,73.5,2552
RENUKA,20191223,7.6,7.65,7.4,7.45,656751
REPCOHOME,20191223,314.25,323.6,314.25,318.95,39303
REPRO,20191223,666.15,680.15,648,655.7,2186
RESPONIND,20191223,94.8,94.8,88.4,89.4,67080
REVATHI,20191223,340.4,378.95,340.4,356.8,839
RGL,20191223,324.9,325,315.1,323.7,13587
RHFL,20191223,2.4,2.5,2.35,2.35,1651486
RICOAUTO,20191223,46.35,47.75,45.9,46.35,400424
RIIL,20191223,302.5,303.35,295.7,297.1,152385
RITES,20191223,282.4,283.7,280.65,282.1,214995
RKDL,20191223,5.5,5.8,5.35,5.7,1324
RKFORGE,20191223,341,344.9,325.9,332.25,36758
RMCL,20191223,4.7,4.7,4.7,4.7,6317
RML,20191223,258.8,268,255,262,19362
RNAM,20191223,346.6,352,342.1,346.7,1389013
RNAVAL,20191223,4.7,4.7,4.7,4.7,109050
ROHITFERRO,20191223,0.75,0.75,0.75,0.75,100
ROHLTD,20191223,70,72.2,69.4,70.4,15402
ROLLT,20191223,1.55,1.65,1.45,1.45,4726
ROLTA,20191223,4.4,4.4,4.25,4.25,60511
ROSSELLIND,20191223,78.9,78.9,74,75.95,7728
RPGLIFE,20191223,329.35,334.45,315,319.75,80106
RPOWER,20191223,3.35,3.4,3.3,3.3,3609915
RPPINFRA,20191223,74.9,74.9,64.15,69.85,21957
RSSOFTWARE,20191223,17.95,18.6,17.75,18.1,29368
RSWM,20191223,86.5,89.5,86.5,88.05,5821
RSYSTEMS,20191223,71.8,71.8,66.1,67.1,33378
RTNINFRA,20191223,1.85,1.85,1.8,1.8,17504
RTNPOWER,20191223,1.95,1.95,1.85,1.85,783633
RUBYMILLS,20191223,184,189.9,184,187.05,371
RUCHINFRA,20191223,2.35,2.35,2.15,2.35,27019
RUCHIRA,20191223,81.95,81.95,79.3,80.1,50260
RUPA,20191223,189.15,194,188.35,189.1,19393
RUSHIL,20191223,126.95,126.95,120.3,121.95,1934
RVNL,20191223,22.9,23.65,22.8,22.95,3002955
SABTN,20191223,1.3,1.35,1.25,1.25,53884
SADBHAV,20191223,110.5,116,110.5,113.7,88847
SADBHIN,20191223,37.1,37.5,35.15,36,12167
SAFARI,20191223,614,640,612.05,619.25,7921
SAGARDEEP,20191223,76.95,76.95,76.95,76.95,11
SAGCEM,20191223,520.3,529.5,500.6,526.55,4248
SAIL,20191223,41.45,42.1,40.8,41,26796488
SAKAR,20191223,64,64.35,60.1,60.35,16565
SAKHTISUG,20191223,8.35,8.7,8.3,8.55,31758
SAKSOFT,20191223,201.1,204.85,200.2,202,4025
SAKUMA,20191223,7.1,7.1,6.8,7.05,177431
SALASAR,20191223,108.55,108.55,103.35,104.1,4410
SALONA,20191223,67,67,63.5,65,4
SALSTEEL,20191223,2.5,2.5,2.3,2.5,18193
SALZERELEC,20191223,104.25,105.65,100.3,101.4,12774
SAMBHAAV,20191223,2.85,2.9,2.8,2.8,35563
SANCO,20191223,13.1,13.5,12.8,13.2,95188
SANDESH,20191223,547.6,597,547.6,581.55,545
SANDHAR,20191223,242.9,242.9,231.85,234.65,4211
SANGAMIND,20191223,60.5,61,59.1,60.5,713
SANGHIIND,20191223,36.55,37.3,36.35,36.75,27834
SANGHVIFOR,20191223,21.55,23.2,21.4,22.35,2689
SANGHVIMOV,20191223,75.1,76.6,75.1,75.95,11897
SANGINITA,20191223,153,154.95,152.35,152.8,24986
SANOFI,20191223,6981.05,6988.65,6847,6881,4056
SANWARIA,20191223,1.8,1.85,1.75,1.8,1134371
SARDAEN,20191223,203.9,210.5,200.5,203.75,76522
SAREGAMA,20191223,430,430,419.25,422.55,41342
SARLAPOLY,20191223,22,22,21.1,21.25,33110
SASKEN,20191223,580.1,590,575,577.35,1567
SASTASUNDR,20191223,78,78,70.2,76.15,1116
SATHAISPAT,20191223,1.8,1.8,1.8,1.8,121081
SATIA,20191223,88,88.95,84.45,84.75,41755
SATIN,20191223,195,197.5,191,194.35,40547
SBIETFQLTY,20191223,99,99.9,98.01,99.35,551
SBILIFE,20191223,1002,1011.7,987.55,996.8,1347986
SBIN,20191223,335.7,338.85,330.35,332.4,30150335
SCAPDVR,20191223,0.2,0.25,0.15,0.2,463512
SCHAEFFLER,20191223,4548.1,4566.55,4412.05,4493.15,7891
SCHAND,20191223,84.2,87.85,84.2,86.65,3302
SCHNEIDER,20191223,62,64.9,61.5,63.55,108181
SCI,20191223,62.3,65.9,61.7,64.15,5361781
SDBL,20191223,110,110,106,108.75,6973
SEAMECLTD,20191223,487.45,489.8,480,481.95,9124
SELAN,20191223,136,140.05,136,138.8,9978
SELMCL,20191223,0.9,0.9,0.85,0.85,7491
SEPOWER,20191223,2.9,2.9,2.75,2.85,933
SEQUENT,20191223,71.5,73.75,71.5,73.1,258492
SESHAPAPER,20191223,171.45,171.5,168,168.05,9784
SETCO,20191223,13.65,13.7,13.2,13.35,49828
SETF10GILT,20191223,191,191,189.5,189.5,14
SETFGOLD,20191223,3448.5,3448.5,3425,3439.55,5930
SETFNIF50,20191223,126.25,126.47,125.76,125.94,44609
SETFNIFBK,20191223,334.9,335,326.5,327.89,706141
SETFNN50,20191223,291.01,294.44,290.2,292.93,3133
SETUINFRA,20191223,1,1,0.95,0.95,356649
SEYAIND,20191223,113,113,113,113,5889
SFL,20191223,1265.1,1280,1258.1,1271.8,2113
SGL,20191223,5.95,5.95,5.65,5.85,26353
SHAHALLOYS,20191223,7.75,7.95,7.4,7.5,7991
SHAKTIPUMP,20191223,205,215.65,205,207.75,36857
SHALBY,20191223,96.05,100.5,95.15,99.1,71103
SHALPAINTS,20191223,80.1,82.3,79.5,81.8,22334
SHANKARA,20191223,312,314.4,302,306.35,27569
SHANTIGEAR,20191223,97.8,99.15,97.8,97.95,2951
SHARDACROP,20191223,213,217.55,212.15,213.45,7189
SHARDAMOTR,20191223,978,990,957.1,984.95,4529
SHARIABEES,20191223,260,260.11,257.99,257.99,264
SHEMAROO,20191223,140,140,136.5,137.1,14317
SHILPAMED,20191223,287.5,292.25,285,287.65,6422
SHIRPUR-G,20191223,7.35,7.35,6.65,6.65,109365
SHIVAMAUTO,20191223,23,23,22,22.5,30927
SHIVAMILLS,20191223,27.5,28.8,27.1,28.5,1273
SHIVATEX,20191223,88.95,88.95,84.5,84.85,3976
SHK,20191223,108,108.15,105.5,106.4,40452
SHOPERSTOP,20191223,350,358.45,346.4,349.2,34959
SHREDIGCEM,20191223,24.5,24.9,23.9,24.2,184125
SHREECEM,20191223,20539.95,20607.7,20257.6,20298.65,18322
SHREEPUSHK,20191223,89.3,91.8,87.5,88.3,36526
SHREERAMA,20191223,4.7,4.75,4.5,4.5,8745
SHRENIK,20191223,38,38,36.5,37.35,155669
SHREYANIND,20191223,113.5,113.5,109.1,109.8,4239
SHREYAS,20191223,70.3,72.5,68.65,69.45,4627
SHRIPISTON,20191223,690,708.95,685,708.95,77
SHRIRAMCIT,20191223,1399.9,1403.3,1386.05,1399.35,27911
SHRIRAMEPC,20191223,4.7,4.7,4.5,4.55,65845
SHYAMCENT,20191223,3,3.15,2.8,3,16076
SHYAMTEL,20191223,9.5,9.5,9.4,9.4,455
SICAGEN,20191223,15.05,15.5,14.9,15.3,2957
SICAL,20191223,17.75,19.45,17.75,18.7,153225
SIEMENS,20191223,1539,1558,1524.25,1533.25,498731
SIGIND,20191223,20.25,20.25,18,18.7,6539
SIL,20191223,11.7,12,11.7,12,13533
SILINV,20191223,142.5,142.5,136.05,137.95,1490
SIMBHALS,20191223,6.1,6.1,5.9,5.95,2572
SIMPLEXINF,20191223,24.5,27,24.5,27,953851
SINTEX,20191223,1.1,1.1,1.1,1.1,303938
SIRCA,20191223,238.35,240,236,237.5,3013
SIS,20191223,920,949.6,919.25,938.9,9472
SITINET,20191223,2.05,2.05,1.95,2,35031
SIYSIL,20191223,222.55,228,221.5,225.65,8906
SJVN,20191223,25.5,25.6,24.65,24.7,1775423
SKFINDIA,20191223,2162.95,2162.95,2130,2133.55,106374
SKIL,20191223,4.45,4.45,4.45,4.45,30
SKIPPER,20191223,48.7,49.75,48,48.6,11289
SKMEGGPROD,20191223,39.5,40,37.35,38.15,112939
SMARTLINK,20191223,80.05,86.5,79.7,85.75,34025
SMLISUZU,20191223,558.95,558.95,536,539.85,9535
SMSLIFE,20191223,268.75,268.75,257.9,258.85,2517
SMSPHARMA,20191223,39.4,40.8,39.2,40.2,17163
SNOWMAN,20191223,40.4,41.9,40.25,41.5,321924
SOBHA,20191223,396,397.7,394.2,395.35,35559
SOLARA,20191223,421,442.95,420.5,438.5,19882
SOLARINDS,20191223,1065.5,1070,1050,1067.15,8800
SOMANYCERA,20191223,211.8,213.55,207.15,209.8,14815
SOMATEX,20191223,3.25,3.4,3.1,3.15,1203
SOMICONVEY,20191223,12.85,13.45,12.3,12.3,1244
SONATSOFTW,20191223,310,310,303,304.8,67306
SORILINFRA,20191223,112.1,114.85,108,109.95,57369
SOTL,20191223,839.35,857.6,839.3,847.15,574
SOUTHBANK,20191223,10.35,10.45,10.25,10.3,3494022
SOUTHWEST,20191223,17.75,20.55,17.2,17.95,5688
SPAL,20191223,205,209.9,201.7,205.7,19292
SPANDANA,20191223,1244.95,1262,1180.15,1184.9,40324
SPARC,20191223,161.1,163.65,157.7,159.45,445105
SPCENET,20191223,0.95,1,0.95,1,1598
SPECIALITY,20191223,62,64.45,61,64.1,17023
SPENCERS,20191223,61.4,62.8,58.75,59.35,310749
SPENTEX,20191223,0.3,0.3,0.25,0.3,110712
SPIC,20191223,18.25,18.75,18.1,18.6,28964
SPICEJET,20191223,94.9,96.4,92.25,92.85,2664710
SPLIL,20191223,37.85,37.85,35,35.15,71414
SPMLINFRA,20191223,13.35,13.35,12.8,13,13900
SPTL,20191223,1.3,1.3,1.3,1.3,262385
SPYL,20191223,0.35,0.4,0.35,0.4,34387
SREEL,20191223,166,169.95,166,166.35,2009
SREINFRA,20191223,8.1,8.1,7.7,7.85,538705
SRF,20191223,3322.9,3395.95,3301,3357.2,473685
SRHHYPOLTD,20191223,98.4,98.4,95.25,95.7,366
SRIPIPES,20191223,162.25,165,161.1,164.3,55471
SRTRANSFIN,20191223,1179.9,1183.85,1157.75,1162.65,778709
SSWL,20191223,756.1,768,756.1,764.05,1413
STAMPEDE,20191223,0.35,0.4,0.35,0.4,308839
STAR,20191223,373.85,373.85,370,370.65,112131
STARCEMENT,20191223,88.15,89.6,88.15,89.1,12263
STARPAPER,20191223,111.3,114.4,110.55,112.15,74576
STCINDIA,20191223,46.5,49.35,46.5,47.5,15101
STEELCITY,20191223,29.95,29.95,28.3,28.75,1234
STEELXIND,20191223,20.15,20.15,20.15,20.15,31697
STEL,20191223,61,62,59,60.2,3059
STERTOOLS,20191223,189,189,178,179.2,3609
STINDIA,20191223,4.8,4.8,4.8,4.8,1
STRTECH,20191223,113,114.3,110.65,111.6,894635
SUBCAPCITY,20191223,13.45,13.45,13.45,13.45,1
SUBEX,20191223,5.75,5.85,5.7,5.75,291893
SUBROS,20191223,236.5,244,236.5,238.6,40331
SUDARSCHEM,20191223,400,407.75,399.8,404.15,65491
SUMEETINDS,20191223,1.75,1.85,1.75,1.75,10137
SUMIT,20191223,19.4,19.8,19.4,19.8,30
SUMMITSEC,20191223,409,429,403,425.75,520
SUNCLAYLTD,20191223,2110,2121.3,2045,2056.25,2363
SUNDARAM,20191223,1.25,1.25,1.2,1.2,168716
SUNDARMFIN,20191223,1652,1658.3,1622.85,1629.25,12200
SUNDARMHLD,20191223,61.5,63,61.5,62.05,7706
SUNDRMBRAK,20191223,263,270,253,260.8,7804
SUNDRMFAST,20191223,433.05,439.9,431.3,435.6,29743
SUNFLAG,20191223,29.35,29.9,28.85,29.3,57365
SUNPHARMA,20191223,427.1,432,426.6,428.4,4534617
SUNTECK,20191223,415.35,429.5,413.4,424.65,149924
SUNTV,20191223,451,455.6,446.2,448.35,1347220
SUPERHOUSE,20191223,95,95,89,91.3,6087
SUPERSPIN,20191223,3.85,3.85,3.65,3.75,1693
SUPPETRO,20191223,158.7,159.9,152.1,153.05,12958
SUPRAJIT,20191223,179.4,190,173.35,184.85,91349
SUPREMEIND,20191223,1124.05,1130,1103.7,1124.4,21778
SUPREMEINF,20191223,6.8,7.5,6.8,7.5,16146
SURANASOL,20191223,5.8,5.9,5.55,5.8,21322
SURANAT&P,20191223,3.3,3.35,3.3,3.35,341
SURYALAXMI,20191223,16.55,18.25,16.55,18,3052
SURYAROSNI,20191223,155.8,155.8,152,152.8,42938
SUTLEJTEX,20191223,30.15,30.35,29.05,29.75,4784
SUVEN,20191223,298.15,298.9,294.25,296.35,192078
SUZLON,20191223,2,2.05,2,2.05,4836974
SWANENERGY,20191223,102.1,102.45,101.3,102.1,85987
SWARAJENG,20191223,1088,1088,1063.05,1072,4899
SWELECTES,20191223,105.6,111,105.6,109.3,2137
SWSOLAR,20191223,290,306.4,290,301.8,236314
SYMPHONY,20191223,1140,1170,1140,1158.8,7434
SYNCOM,20191223,0.8,0.9,0.8,0.9,26130
SYNDIBANK,20191223,29.25,29.65,28.7,29.2,511687
SYNGENE,20191223,312.3,313,307.85,310.1,60464
TAINWALCHM,20191223,50,55.7,49,53.5,6058
TAJGVK,20191223,162.1,162.85,161.3,161.75,11949
TAKE,20191223,100,100,97.85,99.15,114915
TALBROAUTO,20191223,112.5,114.05,111.45,113.25,4324
TALWALKARS,20191223,3.05,3.05,3,3.05,18409
TALWGYM,20191223,3,3,2.85,2.85,41149
TANLA,20191223,64.6,65.9,64.35,65.25,82526
TANTIACONS,20191223,1.55,1.6,1.55,1.6,301
TARMAT,20191223,23.85,25.65,23.85,24.35,1576
TASTYBITE,20191223,8490,8490,8240,8281.25,712
TATACHEM,20191223,652,673.35,652,667.9,1851768
TATACOFFEE,20191223,91,93.25,91,91.6,250063
TATACOMM,20191223,387.9,392,382.15,386.25,62094
TATAELXSI,20191223,858.5,871.4,852.25,855.65,821369
TATAGLOBAL,20191223,318.2,322.9,313.7,314.9,6065714
TATAINVEST,20191223,803.95,806.9,782.35,801.15,17825
TATAMETALI,20191223,601,614.9,597.05,611.8,49902
TATAMOTORS,20191223,176.85,179,174.15,176.05,27192195
TATAMTRDVR,20191223,72.9,74.05,71.6,73.5,5806029
TATAPOWER,20191223,55,56,55,55.75,6340544
TATASTEEL,20191223,461,467.5,457.05,462.15,18631143
TATASTLBSL,20191223,29.15,29.5,28.8,29.05,589486
TATASTLLP,20191223,393.65,399.5,385.55,388,49510
TBZ,20191223,35.5,38.3,35,37.85,298673
TCI,20191223,274,274,269.3,269.55,7340
TCIDEVELOP,20191223,362,370.05,345,359.5,7315
TCIEXP,20191223,768,782,751,759.85,11031
TCIFINANCE,20191223,9.85,9.85,9.25,9.3,46904
TCNSBRANDS,20191223,601.05,611.55,593.3,599.45,3095
TCPLPACK,20191223,257.9,257.9,246.1,250,6112
TCS,20191223,2210,2241.95,2210,2231.7,2247329
TDPOWERSYS,20191223,138.85,138.9,135,135.2,2263
TEAMLEASE,20191223,2465,2498.7,2425.6,2484,91601
TECHIN,20191223,2.9,3,2.8,2.8,1685
TECHM,20191223,778.6,787.4,774.95,775.95,1887292
TECHNOE,20191223,280.75,282.75,276,276.6,3851
TECHNOFAB,20191223,14.6,14.65,13.5,14.2,481
TEJASNET,20191223,78.7,79.3,77.8,78.4,26224
TERASOFT,20191223,24.65,24.65,23.75,23.85,8274
TEXINFRA,20191223,43.55,45,43.55,44.55,9113
TEXMOPIPES,20191223,14,14.75,14,14.15,17139
TEXRAIL,20191223,33.4,33.65,31.6,31.9,261248
TFCILTD,20191223,73.5,78.3,72.5,74.4,1189840
TFL,20191223,5.4,5.4,5.4,5.4,301
TGBHOTELS,20191223,3.9,3.9,3.9,3.9,4418
THANGAMAYL,20191223,332,337,330,332.6,5485
THEINVEST,20191223,123.95,123.95,116.05,117.1,540
THEMISMED,20191223,264.95,265,264.95,265,1173
THERMAX,20191223,1053.2,1063.6,1045.4,1056.45,11880
THOMASCOOK,20191223,69.2,71.65,68.5,69.05,330476
THOMASCOTT,20191223,4.2,4.2,4.1,4.15,2
THYROCARE,20191223,537,549.3,537,546.65,12695
TI,20191223,13.6,13.95,13.1,13.25,35286
TIDEWATER,20191223,4518.95,4544,4424,4483.45,620
TIIL,20191223,298,298,287.15,291.95,3759
TIINDIA,20191223,496,499.5,491.15,498.45,21743
TIJARIA,20191223,7.3,7.3,6.9,7,496
TIL,20191223,172.25,173,169.35,172.6,6994
TIMESGTY,20191223,28,30.7,28,29,237
TIMETECHNO,20191223,53.85,54.1,50.7,51.15,236446
TIMKEN,20191223,865,904,863.95,894.65,67424
TINPLATE,20191223,141.85,143.8,140.4,141.15,274595
TIPSINDLTD,20191223,84.05,86.55,84.05,86.5,5113
TIRUMALCHM,20191223,63.75,64,61.55,62,147563
TITAN,20191223,1206.1,1229,1201.1,1209.1,3980835
TMRVL,20191223,12.2,12.6,11.75,12.6,24652
TNPETRO,20191223,34,34.85,33.65,33.95,17589
TNPL,20191223,165.7,166.35,164,165.05,66313
TNTELE,20191223,0.95,0.95,0.95,0.95,201
TOKYOPLAST,20191223,68.3,70.7,67.75,70.35,3051
TORNTPHARM,20191223,1835.95,1883.25,1825.85,1867.5,316041
TORNTPOWER,20191223,286.1,289.9,282.1,283.75,1232406
TPLPLASTEH,20191223,119.15,125.15,117.55,118.7,1523
TREEHOUSE,20191223,4.85,5,4.65,4.9,24494
TREJHARA,20191223,13.05,14.5,12.6,12.75,9382
TRENT,20191223,527,538.4,515.05,519.7,186297
TRF,20191223,114.9,115.7,108.5,109.65,44460
TRIDENT,20191223,7,7.2,6.9,7,6367038
TRIGYN,20191223,42.1,43,41.05,41.25,62368
TRIL,20191223,6.75,6.8,6.55,6.55,34166
TRITURBINE,20191223,91.15,92.35,90.15,90.4,27669
TRIVENI,20191223,66,67.15,64.25,65.05,437082
TTKHLTCARE,20191223,483.95,485,480,480.7,1565
TTKPRESTIG,20191223,5805.4,5844.85,5743.85,5769.15,25200
TTL,20191223,40.7,41.55,39.65,39.65,413
TTML,20191223,2.35,2.4,2.25,2.35,712970
TV18BRDCST,20191223,22.15,22.15,21.55,21.75,1246273
TVSELECT,20191223,102.5,103,100.25,100.75,13675
TVSMOTOR,20191223,462,471.95,459.4,466.6,2089293
TVSSRICHAK,20191223,1640,1640,1598,1602.6,3112
TVTODAY,20191223,248,254.75,242.05,245.2,22469
TVVISION,20191223,1.05,1.05,1.05,1.05,100
TWL,20191223,45.65,46.7,45,45.45,312434
UBL,20191223,1230,1246.05,1225,1240.25,280816
UCALFUEL,20191223,127,132,124,124.95,6768
UCOBANK,20191223,16.4,16.5,16.05,16.1,1107446
UFLEX,20191223,191,194.5,191,193.75,24835
UFO,20191223,124.3,126.8,124.3,124.8,15610
UGARSUGAR,20191223,13,13.05,12.8,12.9,43381
UJAAS,20191223,2.95,3.2,2.95,3.15,257478
UJJIVAN,20191223,336,342.25,335.25,338.5,1465433
UJJIVANSFB,20191223,57.75,58.6,56.2,56.4,6044590
ULTRACEMCO,20191223,4115,4168,4068.2,4081.9,457733
UMANGDAIRY,20191223,40,40.75,39,40.15,6023
UMESLTD,20191223,0.9,0.95,0.9,0.9,14034
UNICHEMLAB,20191223,155.05,162,151.85,160.7,52369
UNIENTER,20191223,63.35,63.35,62.2,62.85,795
UNIONBANK,20191223,59,60.1,57.65,58.45,14498096
UNIPLY,20191223,10.85,10.85,10.85,10.85,68702
UNITECH,20191223,0.95,0.95,0.95,0.95,812897
UNITEDBNK,20191223,8.85,8.9,8.7,8.7,113865
UNITEDTEA,20191223,306,306.9,290,291.6,471
UNIVCABLES,20191223,160.3,165.3,160,164.25,10386
UPL,20191223,579.95,596.2,573.85,577.65,5469024
URJA,20191223,1.8,1.8,1.8,1.8,267530
USHAMART,20191223,28.15,28.85,27.9,28.1,111799
UTINEXT50,20191223,290.99,292.94,287.12,290.35,569
UTINIFTETF,20191223,1304,1334.7,1299.15,1299.15,1266
UTISENSETF,20191223,438.99,441.99,436.05,436.76,98
UTISXN50,20191223,320,320,320,320,7
UTTAMSTL,20191223,8.35,8.35,8.15,8.2,43224
UTTAMSUGAR,20191223,98,99.5,97.75,98.8,61300
UVSL,20191223,0.15,0.15,0.1,0.15,13972696
V2RETAIL,20191223,98.2,100.5,97,98.15,103583
VADILALIND,20191223,729,740,721.85,732.4,21025
VAIBHAVGBL,20191223,787,796.7,778.05,783.95,2302
VAKRANGEE,20191223,41.55,42,40.85,41.2,3092174
VARDHACRLC,20191223,35.4,35.4,34.25,34.8,4061
VARDMNPOLY,20191223,2.4,2.55,2.4,2.55,308
VARROC,20191223,419.45,428,412,417.6,41183
VASCONEQ,20191223,13.55,15,13.25,13.9,475453
VASWANI,20191223,5.5,5.65,5.35,5.35,15453
VBL,20191223,692.5,706.9,691.05,699.7,196928
VEDL,20191223,145,148,145,147.75,15357549
VENKEYS,20191223,1773.8,1828,1753,1791.1,389618
VENUSREM,20191223,22.55,22.55,21.85,22.05,6076
VESUVIUS,20191223,1128,1146.9,1100.85,1104.5,2306
VETO,20191223,35.2,36.95,35.15,36.2,11352
VGUARD,20191223,213.7,216.5,212,213.9,242773
VHL,20191223,1220,1305,1215,1296.4,1641
VICEROY,20191223,1.85,1.9,1.8,1.9,6537
VIDHIING,20191223,60.5,63,58.55,59.6,9759
VIJIFIN,20191223,0.4,0.45,0.4,0.4,115739
VIKASECO,20191223,3.35,3.4,3.15,3.15,259143
VIKASMCORP,20191223,3.4,3.55,3.35,3.45,1357827
VIKASPROP,20191223,6.4,6.4,6.4,6.4,40187
VIKASWSP,20191223,8.8,9.2,8.8,9,171822
VIMALOIL,20191223,3.75,3.75,3.75,3.75,10
VIMTALABS,20191223,92.55,93.8,91.05,92.05,20047
VINATIORGA,20191223,1905.1,1919.6,1891,1901.25,22730
VINDHYATEL,20191223,944.95,963.65,920.85,956.85,22079
VINYLINDIA,20191223,61.6,61.6,59.5,59.95,5745
VIPCLOTHNG,20191223,8.1,8.4,8,8,19366
VIPIND,20191223,422,425.45,417.5,419.05,88782
VIPULLTD,20191223,19,19.25,17.55,18.05,6765
VISAKAIND,20191223,244.8,245.9,237,239.3,21634
VISASTEEL,20191223,4.65,4.9,4.65,4.85,2656
VISESHINFO,20191223,0.05,0.1,0.05,0.1,1718768
VISHAL,20191223,249.5,249.5,249.5,249.5,2
VISHNU,20191223,109.15,109.25,106.05,107.15,1537
VISHWARAJ,20191223,86.75,86.75,82,84.75,31024
VIVIDHA,20191223,0.5,0.5,0.5,0.5,133789
VIVIMEDLAB,20191223,12.85,13.3,12.7,12.8,64648
VLSFINANCE,20191223,50.2,52.05,50.2,51.25,7758
VMART,20191223,1651.1,1660,1640,1645.65,10471
VOLTAMP,20191223,1218,1230.95,1183.3,1208.8,57739
VOLTAS,20191223,651.1,656.6,639,654,1698997
VRLLOG,20191223,265.85,271.15,265.1,268.6,20759
VSSL,20191223,66,66,63.2,64.05,11074
VSTIND,20191223,4200.95,4241.95,4161,4190.05,1384
VSTTILLERS,20191223,1061.05,1093,1060,1074.7,21341
VTL,20191223,911,934.95,908,918.3,4857
WABAG,20191223,166.25,172.4,165,168.5,150320
WABCOINDIA,20191223,6413.6,6491,6413.6,6477.85,2669
WALCHANNAG,20191223,59.1,59.6,58.3,58.7,86467
WANBURY,20191223,19.85,19.9,18.55,18.85,3637
WATERBASE,20191223,128,146.4,127.6,140.5,1735444
WEBELSOLAR,20191223,22.95,22.95,21.6,22.05,79418
WEIZFOREX,20191223,242.95,248,240.55,244.85,529
WEIZMANIND,20191223,19.1,23.9,19.1,21.1,10129
WELCORP,20191223,133.5,135.4,132.3,133.4,172690
WELENT,20191223,70.75,72.3,70,70.8,130274
WELINV,20191223,160.5,168,160.5,168,114
WELSPUNIND,20191223,48,48.4,47.5,47.85,217500
WENDT,20191223,2900.5,2988.8,2775.15,2790.35,198
WESTLIFE,20191223,349.95,350,342.95,345.55,10503
WHEELS,20191223,610,618,600,601.65,1349
WHIRLPOOL,20191223,2184,2230.95,2184,2197.5,43377
WILLAMAGOR,20191223,12.95,13.2,12.55,13.1,1834
WINDMACHIN,20191223,19.35,19.35,17.85,18.75,5436
WIPRO,20191223,252.8,254.7,251.6,253.85,1850652
WOCKPHARMA,20191223,248.8,249.75,244.6,246.15,331762
WONDERLA,20191223,240.4,242.45,239,239.95,9103
WSI,20191223,0.8,0.85,0.8,0.85,15302
WSTCSTPAPR,20191223,209,212.7,208.05,209.4,44489
XCHANGING,20191223,54.1,57.5,54.1,56.65,78660
XELPMOC,20191223,60.2,66.9,60.2,64.4,3043
XPROINDIA,20191223,22.7,22.7,19.5,20.6,1580
YESBANK,20191223,50.75,52.3,48.7,49.65,276776855
ZEEL,20191223,285,296.4,283.6,294.8,20771744
ZEELEARN,20191223,19.15,19.4,18.55,18.95,84408
ZEEMEDIA,20191223,6.25,6.6,6.25,6.35,444800
ZENITHBIR,20191223,0.6,0.6,0.5,0.6,17646
ZENITHEXPO,20191223,46.85,48,45.1,47.95,777
ZENSARTECH,20191223,175.8,176.9,172,172.9,24499
ZENTEC,20191223,56.55,56.95,54.75,54.85,22127
ZICOM,20191223,1.85,1.85,1.85,1.85,1046
ZODIACLOTH,20191223,164.55,164.55,160,160,885
ZODJRDMKJ,20191223,32,37.05,28.25,37.05,56131
ZOTA,20191223,193,195,188.5,189.2,22917
ZUARI,20191223,84.8,86.15,84.3,85.1,10922
ZUARIGLOB,20191223,42.3,43.4,40.6,41,61896
ZYDUSWELL,20191223,1444,1461.9,1438.85,1444.7,3994
NSENIFTY,20191223,12235.45,12287.15,12213.25,12262.75,604782354,0
NIFTYJUNIOR,20191223,28383.55,28523.10,28262.80,28395.75,291491248,0
NIFTYMIDCAPLIQ15,20191223,3972.30,3985.35,3948.60,3961.65,37166612,0
NSE100,20191223,12330.35,12381.40,12304.40,12354.95,902079631,0
NIFTY200,20191223,6275.90,6301.65,6261.30,6286.00,1153472023,0
NSE500,20191223,9882.95,9922.05,9861.40,9897.65,1346949483,0
NSEMIDCAP150,20191223,6237.30,6262.50,6215.05,6228.10,264432230,0
MIDCAP50,20191223,4638.80,4666.35,4614.50,4629.05,223844620,0
NSEMIDCAP,20191223,16907.65,16984.80,16829.65,16877.45,251392392,0
NSESMLCAP100,20191223,5687.50,5707.95,5671.15,5679.45,-,0
NIFTYLARGEMIDCAP250,20191223,-,-,-,6022.10,1166511861,0
NIFTYAUTO,20191223,8137.85,8212.45,8120.75,8180.50,60822725,0
BANKNIFTY,20191223,32381.00,32502.80,32196.85,32339.45,391458232,0
NIFTYFINSERVICE,20191223,14635.25,14680.60,14570.90,14648.80,104115717,0
NIFTYFMGC,20191223,30392.15,30548.50,30173.75,30217.95,32436149,0
NSEIT,20191223,15811.40,15936.00,15809.05,15865.50,15891898,0
NIFTYMEDIA,20191223,1789.45,1810.05,1782.85,1803.20,85095968,0
NIFTYMETAL,20191223,2711.00,2738.00,2694.55,2706.35,134979945,0
NIFTYPHARMA,20191223,8043.05,8096.00,8020.80,8051.50,16008323,0
NIFTYPVTBANK,20191223,17841.90,17905.30,17761.90,17840.60,329111530,0
NIFTYPSUBANK,20191223,2560.55,2580.75,2520.55,2536.40,93080937,0
NIFTYREALTY,20191223,291.70,294.25,288.45,290.70,9817522,0
NIFTYCOMMODITIES,20191223,3397.35,3426.75,3389.85,3398.75,214855237,0
NIFTYCONSUMPTION,20191223,4961.75,4984.30,4956.15,4973.30,83244017,0
NIFTYCPSE,20191223,1884.85,1899.50,1869.75,1872.70,72385849,0
NIFTYENERGY,20191223,15903.10,16033.30,15902.90,15971.60,84578623,0
NIFTY100ESG,20191223,-,-,-,2279.49,776291117,0
NIFTY100ENHESG,20191223,-,-,-,2302.11,756355471,0
NIFTYINFRA,20191223,3259.85,3284.25,3255.75,3270.70,145183663,0
NIFTYMNC,20191223,13739.45,13825.50,13722.70,13775.25,182342505,0
NIFTYPSE,20191223,3160.45,3188.90,3148.35,3158.05,168958542,0
NIFTYSMEEMERGE,20191223,-,-,-,1322.37,547010,0
NIFTYSERVSECTOR,20191223,17534.60,17609.85,17481.45,17573.70,479302733,0
NIFTYSHARIAH25,20191223,-,-,-,4336.02,68160856,0
NIFTY50SHARIAH,20191223,-,-,-,2511.48,69770961,0
NIFTY500SHARIAH,20191223,-,-,-,2984.74,224097772,0
NIFTYABGROUP,20191223,-,-,-,2978.23,157296531,0
NIFTYMAHINDRA,20191223,-,-,-,9835.26,6305777,0
NIFTYTATA,20191223,-,-,-,7129.64,76706030,0
NIFTYTATA25CAP,20191223,-,-,-,4945.69,69251689,0
NIFTYABGROUP,20191223,-,-,-,2978.23,157296531,0
NIFTYLIQ15,20191223,3793.70,3824.65,3782.45,3799.10,445248793,0
NIFTY500VALUE50,20191223,-,-,-,3607.72,271380328,0
NIFTYALPHALOWVOL30,20191223,-,-,-,12145.76,113232863,0
NIFTYQUALLOWVOL30,20191223,-,-,-,8530.21,65748992,0
NIFTYALPHAQUALLOWVOL30,20191223,-,-,-,9717.86,81258523,0
NIFTYALPHAQUALVALLOWVOL30,20191223,-,-,-,7306.35,108560011,0
NIFTY50EQUALWEIGHT,20191223,12388.45,12465.90,12361.00,12407.30,604782354,0
NIFTY100EQUALWEIGHT,20191223,13382.90,13456.95,13339.55,13395.95,902079631,0
NIFTY100LOWVOL30,20191223,8922.85,8960.55,8911.70,8940.45,98414402,0
NSEDEFTY,20191223,-,-,-,5969.21,-,0
NIFTY50DIVPOINT,20191223,118.39,118.39,118.39,118.39,-,0
NIFTYDIVOPPS50,20191223,2531.15,2546.25,2526.70,2533.05,226796116,0
NIFTYALPHA50,20191223,12900.55,12962.20,12871.85,12901.35,89649173,0
NIFTY50ARBITRAGE,20191223,-,-,-,1878.56,-,0
NIFTY50FUTINDEX,20191223,-,-,-,4139.43,-,0
NIFTY50FUTTRINDEX,20191223,-,-,-,12393.40,-,0
NIFTYHIGHBETA50,20191223,-,-,-,1371.33,767193476,0
NIFTYLOWVOL50,20191223,-,-,-,10568.65,116887432,0
NIFTY50VALUE20,20191223,5478.10,5514.85,5478.05,5502.30,416406099,0
NIFTYGROWSECT15,20191223,6436.25,6458.00,6426.55,6451.30,66820985,0
NIFTY50TR2XLEV,20191223,6956.25,7015.00,6931.55,6987.40,-,0
NIFTY50PR2XLEV,20191223,5350.80,5396.00,5331.80,5374.75,-,0
NIFTY50TR1XINV,20191223,335.15,335.75,333.75,334.45,-,0
NIFTY50PR1XINV,20191223,382.15,382.80,380.55,381.30,-,0
NIFTY-GS-COMPSITE,20191223,2052.31,2055.38,2052.31,2055.77,-,0
NIFTY-GS-4-8YR,20191223,2138.47,2140.30,2137.91,2140.34,-,0
NIFTY-GS-8-13YR,20191223,2017.78,2020.90,2017.78,2022.02,-,0
NIFTY-GS-10YR,20191223,1858.76,1862.65,1858.48,1863.49,-,0
NIFTY-GS-10YR-CLN,20191223,940.40,942.40,940.26,942.83,-,0
NIFTY-GS-11-15YR,20191223,2154.20,2159.84,2154.20,2161.06,-,0
NIFTY-GS-15YRPLUS,20191223,2334.26,2336.17,2334.26,2341.54,-,0
VIX,20191223,12.33,14.51,10.70,11.96,0,0
