20MICRONS,20200218,33.5,33.5,32.75,32.95,18324
21STCENMGM,20200218,12.9,12.9,12.65,12.65,1003
3IINFOTECH,20200218,2.1,2.1,2,2.05,1080977
3MINDIA,20200218,22350,22350,22001,22095.35,3707
3PLAND,20200218,4.75,5,4.75,4.75,998
5PAISA,20200218,184,193.95,177.6,187.25,10270
63MOONS,20200218,102,105,101.2,101.7,111757
A2ZINFRA,20200218,5.05,5.1,4.7,4.9,255843
AARTIDRUGS,20200218,640,655,622.55,637.2,27257
AARTIIND,20200218,995,1010.05,956,996.1,310879
AARVEEDEN,20200218,12.95,14.1,12.55,13.75,25999
AAVAS,20200218,1913.9,1944.25,1871,1934.9,51111
ABAN,20200218,22.5,22.7,21.5,21.9,84083
ABB,20200218,1220.5,1227,1200.7,1205.1,41542
ABBOTINDIA,20200218,14721.6,15692,14525,15452.6,21074
ABCAPITAL,20200218,86.4,89,85.1,88.55,1367363
ABFRL,20200218,265.9,271,259,261.85,671222
ABSLBANETF,20200218,304.7,304.7,302.09,302.09,17
ABSLNN50ET,20200218,283.7,283.7,270,281.31,3837
ACC,20200218,1425,1428.95,1402.6,1422.35,1094853
ACCELYA,20200218,1012.2,1059,1012.2,1051.7,11432
ACE,20200218,77.8,77.8,76,76.55,49431
ADANIENT,20200218,251.65,251.65,245.25,249.45,2430446
ADANIGAS,20200218,165.5,167.4,163.15,164.25,585429
ADANIGREEN,20200218,200.8,200.8,188.45,189.25,839722
ADANIPORTS,20200218,362.5,368.45,358.35,366.6,1693616
ADANIPOWER,20200218,56.1,57,55.25,56.75,9016531
ADANITRANS,20200218,313,313,296.95,301.2,147376
ADFFOODS,20200218,302.15,304,293,297.2,20775
ADHUNIKIND,20200218,35.15,36.4,34.75,35.5,150820
ADLABS,20200218,3.65,3.65,3.4,3.4,26434
ADORWELD,20200218,310,315,299.55,309.65,7449
ADROITINFO,20200218,5.5,5.5,5.5,5.5,36
ADSL,20200218,21.05,21.3,20.6,20.6,24152
ADVANIHOTR,20200218,56.55,58,55.8,56.4,2623
ADVENZYMES,20200218,161.85,161.85,157.05,159,37733
AEGISCHEM,20200218,251.5,258,246.6,255.8,377349
AFFLE,20200218,1972.45,2069,1922,2042.95,273166
AGARIND,20200218,84.95,84.95,74,76.4,17865
AGCNET,20200218,358.8,363.75,348,357.8,44903
AGRITECH,20200218,43.25,43.25,40.1,41.75,8295
AGROPHOS,20200218,12.35,12.35,12.35,12.35,886
AHLEAST,20200218,185,185.6,177.05,185.05,315
AHLUCONT,20200218,317.25,323.8,315.1,319.85,3530
AHLWEST,20200218,357,380,350,369.15,3063
AIAENG,20200218,1813,1828.1,1770.05,1804.95,111837
AIONJSW,20200218,15.4,15.85,14.85,15.5,109202
AIRAN,20200218,12.35,13,11.65,12.25,24761
AJANTPHARM,20200218,1334.7,1339.9,1275,1298.75,284090
AJMERA,20200218,114.9,114.9,111.8,113.05,19805
AKASH,20200218,96,96,96,96,1
AKSHARCHEM,20200218,308,332.95,297.75,318.2,66086
AKSHOPTFBR,20200218,5.9,5.9,5.8,5.8,120439
AKZOINDIA,20200218,2378,2405,2320,2334.05,12818
ALANKIT,20200218,15.6,15.75,13.7,14.7,220967
ALBERTDAVD,20200218,468.85,497,449,456.45,13495
ALBK,20200218,14.7,14.7,13.75,13.95,1454314
ALCHEM,20200218,1.1,1.1,1.1,1.1,1150
ALEMBICLTD,20200218,50,50.1,49,49.25,110556
ALICON,20200218,364.95,374.65,361.1,361.5,797
ALKALI,20200218,46,46.1,44.1,44.35,1804
ALKEM,20200218,2598.3,2643.9,2542,2618.2,141580
ALKYLAMINE,20200218,1550,1574.95,1532.5,1547.35,19000
ALLCARGO,20200218,110,110.75,107.5,109.75,800042
ALLSEC,20200218,269.1,272,255.95,263.1,1170
ALMONDZ,20200218,16,16.9,16,16.8,1201
ALPA,20200218,19.65,19.75,19.4,19.45,22002
ALPHAGEO,20200218,245.8,245.8,225.1,227.9,44594
ALPSINDUS,20200218,1,1,0.95,1,6560
AMARAJABAT,20200218,767.5,780.9,755.4,777.25,534062
AMBER,20200218,1567,1569,1530.5,1554.75,35875
AMBIKCO,20200218,817,823.3,804.4,818.2,2370
AMBUJACEM,20200218,203.25,203.6,197.75,200.85,4007197
AMDIND,20200218,15.85,15.85,15.25,15.85,251
AMJLAND,20200218,20,20.5,19.8,20.25,6368
AMRUTANJAN,20200218,500.95,500.95,480.55,487.2,34522
ANANTRAJ,20200218,32.45,32.5,31.1,31.8,144759
ANDHRABANK,20200218,15.15,15.15,14.5,14.75,616214
ANDHRACEMT,20200218,2.15,2.2,2.05,2.15,25645
ANDHRSUGAR,20200218,280.75,280.75,273.4,277.7,22137
ANDPAPER,20200218,269.95,272.8,265,271.95,2911
ANIKINDS,20200218,8.35,8.75,7.95,8.75,3160
ANKITMETAL,20200218,0.5,0.5,0.4,0.4,121909
ANSALAPI,20200218,5.5,5.5,4.9,5,106629
ANSALHSG,20200218,4.6,4.9,4.55,4.8,25254
ANTGRAPHIC,20200218,0.6,0.65,0.6,0.65,7101
ANUP,20200218,565,577.15,555,563.5,8992
APARINDS,20200218,397,397,387,390.8,13870
APCL,20200218,153.75,155,152.5,152.6,1281
APCOTEXIND,20200218,143.15,143.15,140,140.35,24228
APEX,20200218,352,378,349,362.5,568005
APLAPOLLO,20200218,2011.15,2030,1989,2016.6,34809
APLLTD,20200218,644,649,636.65,644.95,109830
APOLLO,20200218,78.65,78.65,73.9,75.4,27053
APOLLOHOSP,20200218,1716,1784.4,1704.8,1774.9,1860803
APOLLOPIPE,20200218,450.5,454,408.95,445.95,14936
APOLLOTYRE,20200218,154.9,154.9,150.35,151.35,3980792
APOLSINHOT,20200218,678.95,678.95,635,646.8,2638
APTECHT,20200218,148.6,149.7,144.1,145.6,142629
ARCHIDPLY,20200218,22,22,20.9,21,6084
ARCHIES,20200218,16.25,16.25,15.35,15.65,56986
ARCOTECH,20200218,1.45,1.5,1.45,1.45,15699
ARENTERP,20200218,12.6,12.6,12.3,12.3,98
ARIES,20200218,63.1,63.1,61.5,62.05,22809
ARIHANT,20200218,19.75,19.75,19.5,19.6,180
ARIHANTSUP,20200218,26,27,25.65,27,1580
ARMANFIN,20200218,885,968,880,946.1,23925
AROGRANITE,20200218,34.45,35,31.65,32.1,10272
ARROWGREEN,20200218,41.55,41.55,41.55,41.55,2956
ARSHIYA,20200218,16.8,16.8,15.65,16.2,3650
ARSSINFRA,20200218,16,16,13.7,13.95,60129
ARTEMISMED,20200218,212.35,218,212,212,747
ARVIND,20200218,38.55,38.7,38.05,38.4,1030931
ARVINDFASN,20200218,377.85,379.95,372.05,377.75,12297
ARVSMART,20200218,82.95,86,82,85.1,19607
ASAHIINDIA,20200218,258.1,258.2,240.6,245.6,50503
ASAHISONG,20200218,132.95,132.95,128.25,129.15,5390
ASAL,20200218,27.5,28.6,22.65,23.75,103260
ASALCBR,20200218,269,269.9,247.5,260.2,38558
ASHAPURMIN,20200218,40,40.4,37,39.5,58002
ASHIANA,20200218,106,106.8,103.5,105.5,25258
ASHIMASYN,20200218,6.4,6.4,6.05,6.3,18422
ASHOKA,20200218,98.7,99.55,94.75,97.25,485244
ASHOKLEY,20200218,81,81.5,79.15,80.25,18476820
ASIANHOTNR,20200218,86.95,86.95,79.45,82.8,1568
ASIANPAINT,20200218,1879.9,1879.9,1861,1863.65,683421
ASIANTILES,20200218,243,255,238,246.15,479250
ASPINWALL,20200218,135.05,140,130.25,138.7,11866
ASTEC,20200218,458.65,478.85,458,475.8,7227
ASTERDM,20200218,168.3,172.2,165.1,167.65,1844711
ASTRAL,20200218,1194,1196.8,1163.2,1179.85,78347
ASTRAMICRO,20200218,97.7,98.8,92.8,94.2,461897
ASTRAZEN,20200218,2730,2795,2672,2731.5,20960
ASTRON,20200218,38,38.85,37.9,38.55,47321
ATFL,20200218,679.9,699.7,676.45,696.15,5223
ATLANTA,20200218,5.5,5.7,5.35,5.55,12836
ATLASCYCLE,20200218,49.5,51.4,47,49,3000
ATUL,20200218,4957,5000,4921,4976.6,16646
ATULAUTO,20200218,238.05,241.95,227.65,239.25,62868
AUBANK,20200218,1139.9,1159,1130,1149.15,512951
AURIONPRO,20200218,43.35,44,40.35,43.2,18884
AUROPHARMA,20200218,490,503.35,482.3,500.4,4335390
AUSOMENT,20200218,38,38,38,38,772
AUTOAXLES,20200218,765.5,765.5,740,740.3,7031
AUTOIND,20200218,22.55,22.55,21.55,22.25,4905
AUTOLITIND,20200218,21.05,21.6,19.9,20.55,5939
AVADHSUGAR,20200218,259.1,262,249.05,254.45,95464
AVANTIFEED,20200218,580,598.4,562.25,564.7,1296758
AVTNPL,20200218,39,40.95,37.35,39.75,243761
AXISBANK,20200218,737.75,737.75,724.7,733.65,5215502
AXISCADES,20200218,57.2,59.95,57,57.8,8746
AXISGOLD,20200218,3596.45,3620,3591,3593.9,558
AXISNIFTY,20200218,1242.11,1242.62,1228.55,1236.38,118
AYMSYNTEX,20200218,35.5,35.5,33.1,34.3,14478
BAGFILMS,20200218,1.7,1.75,1.65,1.65,30770
BAJAJ-AUTO,20200218,3064.7,3090.55,3033.5,3082.5,337054
BAJAJCON,20200218,196,197.3,188.8,195.25,288808
BAJAJELEC,20200218,400.35,419.9,391.15,413.9,105283
BAJAJFINSV,20200218,9527,9564.95,9416,9529.5,266384
BAJAJHIND,20200218,6.1,6.1,5.75,5.95,1287179
BAJAJHLDNG,20200218,3718.25,3729,3680.3,3699.5,17582
BAJFINANCE,20200218,4769.4,4771.95,4701.6,4758,728611
BALAJITELE,20200218,58.7,58.7,53.65,55.25,1053918
BALAMINES,20200218,413.1,413.1,396.25,410.15,36689
BALAXI,20200218,124.9,124.9,112.6,118.3,4552
BALKRISHNA,20200218,15.4,16.6,15.4,15.7,3722
BALKRISIND,20200218,1265,1276.65,1229.05,1238.4,2575687
BALLARPUR,20200218,0.45,0.45,0.4,0.45,1011738
BALMLAWRIE,20200218,110.25,110.5,108.5,109,118582
BALPHARMA,20200218,40.3,41.15,39,39.7,6952
BALRAMCHIN,20200218,169.9,171.3,160.85,163.25,934358
BANARBEADS,20200218,34.15,35.9,34.15,34.25,463
BANARISUG,20200218,1495.45,1570,1439,1465.5,1827
BANCOINDIA,20200218,95.4,96,92.8,93.3,46916
BANDHANBNK,20200218,434.65,437.65,420.2,422.35,2735301
BANG,20200218,18.7,19.7,18.5,18.7,3768
BANKBARODA,20200218,82.25,82.4,78.2,81,28227097
BANKBEES,20200218,312.1,313.25,309.45,312.28,138748
BANKINDIA,20200218,60.6,60.8,58.45,60.3,1608057
BANSWRAS,20200218,137.1,141.15,137.1,141.15,24874
BARTRONICS,20200218,1,1.05,1,1,790
BASF,20200218,865,871.5,832.45,848.3,34775
BASML,20200218,128.95,128.95,114,118.4,526
BATAINDIA,20200218,1782.8,1817.95,1781,1797.05,766674
BAYERCROP,20200218,4294.8,4294.8,4216,4257.55,3798
BBL,20200218,811,811,795.1,799.8,8266
BBTC,20200218,1130,1135,1106.4,1120.1,41761
BCG,20200218,4.85,4.85,4.8,4.85,442536
BCP,20200218,19.65,19.7,18.75,19.6,263897
BDL,20200218,271.4,271.5,260.1,268.55,83581
BEARDSELL,20200218,7.55,8,7.55,7.85,5450
BEDMUTHA,20200218,14.7,16,14.7,14.95,930
BEL,20200218,80.75,83.9,79.55,82.8,15218831
BEML,20200218,919.8,919.8,870.2,877.7,422722
BEPL,20200218,43.5,43.95,42,43.05,266054
BERGEPAINT,20200218,578.55,580.45,570.2,579.5,935551
BFINVEST,20200218,315.1,323.6,315,320.05,39513
BFUTILITIE,20200218,314,314.5,306,309.5,169813
BGLOBAL,20200218,1.4,1.4,1.35,1.35,13966
BGRENERGY,20200218,43.35,43.5,39.7,41.05,559627
BHAGERIA,20200218,149.75,149.75,142,146.45,78794
BHAGYANGR,20200218,19,19.6,18.7,19.15,3715
BHAGYAPROP,20200218,24,24,23.05,23.55,435
BHANDARI,20200218,1.2,1.25,1.1,1.15,147184
BHARATFORG,20200218,482.1,482.65,473,480.4,949344
BHARATGEAR,20200218,51,51,48.8,51,6644
BHARATRAS,20200218,6852,7272,6810.05,7216.75,8326
BHARATWIRE,20200218,27.45,27.65,25.25,25.7,88135
BHARTIARTL,20200218,563.35,568.85,537.3,548.25,21462600
BHEL,20200218,34.3,34.9,33.4,34.7,34528421
BIGBLOC,20200218,35.25,35.25,34.25,34.25,266
BIL,20200218,150,150,137.2,137.2,4065
BILENERGY,20200218,0.6,0.6,0.6,0.6,332617
BINDALAGRO,20200218,11.65,12,11.25,11.55,5449
BIOCON,20200218,303.1,304.4,295.05,300.65,3625458
BIOFILCHEM,20200218,10.9,11,10.4,10.4,845
BIRLACABLE,20200218,50.2,51.7,47.35,49.05,57968
BIRLACORPN,20200218,747,749.6,735.5,744.45,28380
BIRLAMONEY,20200218,34.1,34.1,33.15,33.75,46825
BIRLATYRE,20200218,10.6,10.6,10.6,10.6,2664
BKMINDST,20200218,0.4,0.45,0.4,0.45,8230
BLBLIMITED,20200218,3.8,4.15,3.8,3.9,6606
BLISSGVS,20200218,141.6,141.75,139.35,140.65,251054
BLKASHYAP,20200218,7.9,9.35,7,7.35,198600
BLS,20200218,69.05,69.05,66.5,67.25,15537
BLUEBLENDS,20200218,0.7,0.7,0.65,0.65,391
BLUEDART,20200218,2900,2925,2850.1,2898.65,2907
BLUESTARCO,20200218,850,854,817.05,834.5,52301
BODALCHEM,20200218,85.2,88.65,81.8,82.75,833895
BOMDYEING,20200218,82.75,82.9,78.7,81.45,1462056
BOROSIL,20200218,203.05,223.4,203.05,211.9,1363348
BOSCHLTD,20200218,14870.6,14899,14435,14552.9,20019
BPCL,20200218,461.75,472.5,456,470.75,5970296
BPL,20200218,20.95,21,18.9,19.35,233705
BRFL,20200218,4.05,4.1,4,4,123574
BRIGADE,20200218,228.95,229,223,226.2,36601
BRITANNIA,20200218,3080,3080,3020,3066.45,453173
BRNL,20200218,59.65,59.8,55.15,56.9,8226
BROOKS,20200218,29.25,29.25,25,25.4,78868
BSE,20200218,505,511.95,492.6,507.6,144436
BSELINFRA,20200218,0.9,0.9,0.9,0.9,5000
BSL,20200218,28.65,31.4,28.65,30.65,2482
BSLGOLDETF,20200218,3763.05,4157.3,3638.7,3770,740
BSLNIFTY,20200218,130.5,130.75,130.02,130.71,171
BSOFT,20200218,93.75,94.15,90.8,92.3,791490
BURNPUR,20200218,1,1.1,1,1,26865
BUTTERFLY,20200218,191,201.95,182.3,195.65,176708
BVCL,20200218,13.05,13.05,12.75,13.05,201789
BYKE,20200218,18.95,18.95,15.55,16.7,134468
CADILAHC,20200218,266.6,269.5,261.1,268,1305723
CALSOFT,20200218,12.95,13.25,11.65,12.95,20038
CAMLINFINE,20200218,67.75,67.75,65.1,66.5,403765
CANBK,20200218,175,175,167.55,172.8,9137114
CANFINHOME,20200218,507,512.7,504.15,509.85,475940
CANTABIL,20200218,352.2,354,335.35,346.2,76114
CAPACITE,20200218,180.2,180.8,175.55,177,228526
CAPLIPOINT,20200218,330,351,324,344.55,117975
CAPTRUST,20200218,110.4,119,109.3,110.25,4639
CARBORUNIV,20200218,335.15,340.5,331,340.15,33738
CAREERP,20200218,126.4,130,125.5,128.85,47762
CARERATING,20200218,506.05,514.95,485,488.45,304671
CASTEXTECH,20200218,0.3,0.4,0.3,0.3,25587
CASTROLIND,20200218,154.85,157.85,150.2,155.5,1664696
CCHHL,20200218,2.9,2.9,2.7,2.75,27023
CCL,20200218,240.2,247.4,234.6,244.9,287572
CDSL,20200218,273.3,276.5,266,274.65,609375
CEATLTD,20200218,1017.95,1065,998,1048.45,175461
CEBBCO,20200218,13.5,13.95,12.2,13.3,185773
CELEBRITY,20200218,5.05,5.35,4.65,4.85,12742
CELESTIAL,20200218,2,2,1.9,1.9,4193
CENTENKA,20200218,173.9,174,167,172.55,42434
CENTEXT,20200218,2.4,2.6,2.4,2.55,76340
CENTRALBK,20200218,16.7,16.9,16.25,16.5,374658
CENTRUM,20200218,19.5,20.05,18.45,19.55,141762
CENTUM,20200218,370.1,372,361,366.7,911
CENTURYPLY,20200218,153.75,154.35,150.9,152.8,177554
CENTURYTEX,20200218,579.9,585.8,568,583.4,683231
CERA,20200218,2418,2425,2375,2384.2,5979
CEREBRAINT,20200218,35.15,36.8,35.15,36.1,389943
CESC,20200218,682.9,691.5,673.1,685.55,362902
CESCVENT,20200218,300,301,287,296.55,19675
CGCL,20200218,214,215.4,212,213.8,326854
CGPOWER,20200218,8.65,8.7,8.35,8.35,376357
CHALET,20200218,343.1,355,340,351.3,4236
CHAMBLFERT,20200218,162,162,151.75,154.25,413790
CHEMBOND,20200218,205,206.95,189.15,204.9,6783
CHEMFAB,20200218,167.05,173,157.95,166.5,8677
CHENNPETRO,20200218,117.45,117.9,112,114.85,188119
CHOLAFIN,20200218,331.45,331.45,322,327.9,833069
CHOLAHLDNG,20200218,530,545,506,540.65,93604
CHROMATIC,20200218,0.55,0.55,0.55,0.55,1110
CIGNITITEC,20200218,290,290,274.1,276.65,11857
CIMMCO,20200218,19.5,19.85,18.8,19.4,15342
CINELINE,20200218,37.45,37.45,36,36.2,25814
CINEVISTA,20200218,6,6.9,5.85,6.2,26341
CIPLA,20200218,433,437.65,428.1,436,2453801
CKFSL,20200218,0.35,0.35,0.3,0.35,104612
CLEDUCATE,20200218,67.75,69,67.5,68.55,3719
CLNINDIA,20200218,363,370,350.2,357.5,77322
CMICABLES,20200218,34.1,35.8,33.15,34.75,24500
CNOVAPETRO,20200218,7.45,7.45,7.45,7.45,2257
COALINDIA,20200218,168.1,173.95,165,171.85,27643844
COCHINSHIP,20200218,342.8,349,337.4,340.6,320689
COLPAL,20200218,1332.35,1334,1306.6,1325.7,365859
COMPINFO,20200218,15,15.35,14.55,15.05,64804
COMPUSOFT,20200218,6,6,4.9,5.05,115723
CONCOR,20200218,551.35,552.55,531.7,535.5,799197
CONFIPET,20200218,25.85,26,24.95,25.4,57549
CONSOFINVT,20200218,34.35,34.35,34.1,34.1,998
CONTROLPR,20200218,270,282.95,264.85,278.3,15503
CORALFINAC,20200218,14.95,14.95,13.9,14.7,74888
CORDSCABLE,20200218,45.2,45.2,44.4,44.8,3972
COROMANDEL,20200218,623.9,628.7,604.35,623.75,179790
CORPBANK,20200218,21.65,21.7,20.3,20.75,531389
COSMOFILMS,20200218,328,330.95,318.1,320.7,93149
COUNCODOS,20200218,1.6,1.6,1.6,1.6,1307
CPSEETF,20200218,19.54,19.74,19.1,19.57,8549558
CREATIVE,20200218,115,115,112,113.5,3275
CREDITACC,20200218,831.65,901,829.75,887,305238
CREST,20200218,98.05,101,98,99.05,2037
CRISIL,20200218,1590.45,1597.55,1540,1585.5,40921
CROMPTON,20200218,290.9,296.75,281.55,286.2,1157302
CSBBANK,20200218,166,166.15,160.5,161.95,220263
CTE,20200218,21.25,22,20.6,21.95,7457
CUB,20200218,219.95,222.1,219.25,220.6,997111
CUBEXTUB,20200218,11.35,11.85,10.9,11.1,4590
CUMMINSIND,20200218,536.35,536.5,523.55,530.4,464714
CUPID,20200218,219.9,224.8,218,220.75,61963
CURATECH,20200218,1.7,1.7,1.7,1.7,1
CYBERTECH,20200218,46,46.75,44.7,44.95,14240
CYIENT,20200218,440.55,446.6,437.45,445.9,101852
DAAWAT,20200218,27.6,27.9,27.1,27.25,609168
DABUR,20200218,499,507.2,496,504.55,2041114
DALBHARAT,20200218,860,861.7,837,840.1,77193
DALMIASUG,20200218,113.2,113.8,107.55,108.5,138828
DAMODARIND,20200218,27,28.9,25,26.2,3294
DATAMATICS,20200218,67.55,68.2,65.75,66.15,17474
DBCORP,20200218,124.9,125.8,123.25,125.3,20288
DBL,20200218,362,362.15,343,352.8,182589
DBREALTY,20200218,9,9.3,8.55,8.55,60970
DBSTOCKBRO,20200218,8.55,8.55,8.55,8.55,100
DCAL,20200218,88.25,95.6,87.4,95.2,1403789
DCBBANK,20200218,168.5,173,166.25,171.25,473634
DCM,20200218,19.6,21.45,19.6,20.55,12569
DCMNVL,20200218,29.2,31.1,29.05,30.8,7428
DCMSHRIRAM,20200218,359.1,359.1,339.95,349.5,76215
DCW,20200218,13.75,13.95,13.45,13.8,199151
DECCANCE,20200218,272,272.75,258.5,261.5,3694
DEEPAKFERT,20200218,97.45,97.45,94.15,95.9,178972
DEEPAKNTR,20200218,453.7,491.55,431.75,482.7,1436290
DEEPIND,20200218,93.35,94.7,92.4,93,10788
DELTACORP,20200218,156.1,156.3,146.5,149.9,1412806
DELTAMAGNT,20200218,29.1,33,29.1,32.65,4573
DEN,20200218,59.55,59.55,57.1,59.55,570479
DENORA,20200218,211.3,214.75,205.45,210.9,7125
DFMFOODS,20200218,265,294,262.55,290.35,294621
DGCONTENT,20200218,5,5,4.75,4.75,3615
DHAMPURSUG,20200218,190.65,191.95,183.35,188.6,362848
DHANBANK,20200218,13.5,13.5,13.2,13.25,233660
DHANUKA,20200218,520.05,524.85,505.1,517.35,24687
DHARSUGAR,20200218,6.85,7.1,6.4,6.85,23715
DHFL,20200218,10.25,10.25,9.9,10.25,2038385
DHUNINV,20200218,229.5,231.6,220.55,223,1449
DIAMONDYD,20200218,749,754,745,751.3,636
DICIND,20200218,368,374.9,361.85,374.3,2273
DIGISPICE,20200218,4.85,4.9,4.85,4.9,1410
DISHTV,20200218,11.35,11.4,10.75,10.95,6640571
DIVISLAB,20200218,2154.85,2180.2,2142.5,2175.25,532206
DIXON,20200218,4530,4572.15,4457,4503.55,60633
DLF,20200218,217.2,219.35,216.55,217.95,6678150
DLINKINDIA,20200218,104.8,105.45,99.3,101.45,66217
DMART,20200218,2334.95,2384.6,2305.05,2364.9,2017080
DNAMEDIA,20200218,0.35,0.4,0.35,0.4,8857
DOLAT,20200218,57.9,58.55,56,57.8,51213
DOLLAR,20200218,151.95,151.95,146.65,150.45,6866
DONEAR,20200218,30,30.4,29.6,29.9,28011
DPSCLTD,20200218,6.8,6.8,5.95,6,23229
DPWIRES,20200218,88,88,80.15,83.5,2151
DQE,20200218,0.85,0.85,0.85,0.85,173572
DREDGECORP,20200218,334,335.5,325.2,328.65,122870
DRREDDY,20200218,3288,3288,3233.25,3251.35,697366
DSSL,20200218,25,25.7,23.5,24.25,9728
DTIL,20200218,162.85,169.35,162.05,164.95,853
DUCON,20200218,5.85,6,5.85,5.85,21116
DVL,20200218,65.15,66.65,63,63.35,7525
DWARKESH,20200218,35.15,35.8,34.55,35,805939
DYNAMATECH,20200218,930,930,856,869.45,5922
DYNPRO,20200218,156.05,159.3,144.25,155.8,23002
EASTSILK,20200218,0.8,0.8,0.8,0.8,2797
EBBETF0423,20200218,1015,1020.4,1015,1020,38478
EBBETF0430,20200218,1032,1035.84,1031.5,1035.08,30046
ECLERX,20200218,619,623.9,598,602.6,27166
EDELWEISS,20200218,85,89.95,84.65,89.15,1883498
EICHERMOT,20200218,18500,18791.95,18339.6,18760.35,180650
EIDPARRY,20200218,208.9,210.45,197.55,205.45,408696
EIHAHOTELS,20200218,299,299,286.2,288.2,1939
EIHOTEL,20200218,137,138,133.35,135.05,57583
EIMCOELECO,20200218,310.35,310.35,300,310,487
EKC,20200218,25.8,25.8,24.1,24.9,91951
ELECON,20200218,32.3,33,30.8,32.5,49312
ELECTCAST,20200218,14.95,15.35,14.3,15,665006
ELECTHERM,20200218,138.5,145,135.3,138.3,43146
ELGIEQUIP,20200218,228,228,224,225,16474
ELGIRUBCO,20200218,17.8,18,16.5,17.85,22368
EMAMILTD,20200218,285.15,285.15,266.5,274.05,957214
EMAMIPAP,20200218,89.5,92.45,88.9,89.35,19297
EMAMIREAL,20200218,49.65,49.65,49.65,49.65,4058
EMKAY,20200218,60.05,61,57,58.05,7755
EMMBI,20200218,103.6,103.6,98,99.05,9957
ENDURANCE,20200218,1050.6,1058.95,1030,1048.8,18977
ENERGYDEV,20200218,5.2,5.3,5,5.25,12026
ENGINERSIN,20200218,81.85,81.85,78.3,78.85,1630331
ENIL,20200218,230.25,235,215.45,220.35,34892
EON,20200218,12.5,12.75,12,12.45,3899
EQ30,20200218,343,343,341,342.8,86
EQUITAS,20200218,106.4,107.4,104.5,106.25,1831999
ERIS,20200218,432.55,454.7,430,445.8,89062
EROSMEDIA,20200218,13.15,14.2,12.7,13.55,178965
ESABINDIA,20200218,1660.35,1660.35,1588,1606,6271
ESCORTS,20200218,884.1,896.2,872.6,888.65,1671898
ESSARSHPNG,20200218,6.5,6.7,6.5,6.55,1286
ESSELPACK,20200218,185.15,186.75,177.75,180.75,253676
ESTER,20200218,39,39,37.5,37.9,65513
EUROMULTI,20200218,0.45,0.45,0.45,0.45,900
EUROTEXIND,20200218,7.4,8.8,7.4,7.55,1636
EVEREADY,20200218,68.9,69.35,66,68.05,327467
EVERESTIND,20200218,239,239,222.05,230.5,78062
EXCEL,20200218,1.15,1.15,1.1,1.1,32698
EXCELINDUS,20200218,757.4,773.9,728.55,739.3,13386
EXIDEIND,20200218,177.25,178,173.75,177.55,1142860
EXPLEOSOL,20200218,300.7,301,293,293.5,1967
FACT,20200218,36,36,34.25,35.3,118401
FAIRCHEM,20200218,632.95,643.5,605,616.85,144262
FCL,20200218,25.9,25.9,24.4,24.95,212493
FCONSUMER,20200218,21.4,21.6,21.15,21.25,700018
FCSSOFT,20200218,0.15,0.2,0.15,0.2,439793
FDC,20200218,244,247,237,238.85,72662
FEDERALBNK,20200218,84.4,84.4,81,81.85,12149745
FEL,20200218,22.5,22.9,21.8,22.1,111027
FELDVR,20200218,21.4,22.8,21.4,21.6,2667
FIEMIND,20200218,481.1,483.55,464,471.55,8120
FILATEX,20200218,39.9,40.45,38.2,40,266199
FINCABLES,20200218,370,372,360,364.05,219835
FINEORG,20200218,2172,2197.6,2155,2184.65,46875
FINPIPE,20200218,554,560,445.8,549.05,43533
FLEXITUFF,20200218,6.9,7.1,6.65,6.65,1734
FLFL,20200218,399,400,388,390.4,35913
FLUOROCHEM,20200218,546.5,556,522.8,548.15,17936
FMGOETZE,20200218,557.55,565,550,557,622
FMNL,20200218,25.3,25.9,23.55,24.15,10667
FORCEMOT,20200218,1274,1278,1232.55,1251.6,42435
FORTIS,20200218,150.6,155.45,149.55,151.8,903732
FOSECOIND,20200218,1368,1370.8,1322.05,1326.7,778
FRETAIL,20200218,376.1,377.2,352.15,363.65,1114058
FSC,20200218,434,459,424,441.05,51730
FSL,20200218,43.1,45.45,42.85,44.85,3066845
GABRIEL,20200218,108,108.8,104,105.1,81975
GAEL,20200218,148,149,145,147.35,17190
GAIL,20200218,118,119.75,116.75,119.45,14994097
GAL,20200218,2,2,1.9,1.9,4133
GALAXYSURF,20200218,1605,1640,1500,1623.9,47334
GALLANTT,20200218,27.05,28.9,26.6,27.6,4571
GALLISPAT,20200218,22.05,23.35,21.45,22.2,18407
GAMMNINFRA,20200218,0.3,0.35,0.3,0.3,280615
GANDHITUBE,20200218,230,242,221.4,235.55,3684
GANECOS,20200218,353,374.8,345,366.65,82942
GANESHHOUC,20200218,32.5,32.5,31,31.2,23341
GANGESSECU,20200218,36,36.6,33,35.5,1012
GARDENSILK,20200218,8.8,8.8,8.8,8.8,25427
GARFIBRES,20200218,1477,1515.55,1477,1505.9,3721
GATI,20200218,66.85,67,65.75,66.35,239389
GAYAHWS,20200218,0.25,0.3,0.25,0.3,841140
GAYAPROJ,20200218,28,28,28,28,146869
GBGLOBAL,20200218,5.9,5.9,5.9,5.9,483
GDL,20200218,123.25,127.7,123.2,126.85,81285
GEECEE,20200218,79.8,80.5,77.25,80.5,2673
GENESYS,20200218,53.1,54.7,52.5,53.4,6647
GENUSPAPER,20200218,5.4,5.4,5,5.15,41968
GENUSPOWER,20200218,25.7,26.3,25.7,26,103106
GEOJITFSL,20200218,26.4,26.9,26,26.3,153545
GEPIL,20200218,760,780.15,760,766.2,10775
GESHIP,20200218,275,276.35,268.7,274,67745
GET&D,20200218,146.3,146.3,139.8,141.3,1115022
GFLLIMITED,20200218,152,154.9,145.25,153.05,183587
GHCL,20200218,175.55,177.35,170.15,171.85,394414
GICHSGFIN,20200218,120,121.55,116,117.2,159209
GICRE,20200218,211.3,212.9,205.6,207.85,166329
GILLANDERS,20200218,26.8,28.3,26.25,27.7,507
GILLETTE,20200218,6130.3,6130.3,5845.55,5917.35,19136
GINNIFILA,20200218,7.9,8.05,7.85,7.95,12918
GIPCL,20200218,69.1,70.4,68.5,69.15,103480
GKWLIMITED,20200218,656,668.85,651,657.25,42
GLAXO,20200218,1321.1,1350,1319,1344.9,105761
GLENMARK,20200218,312.3,314,303.15,311.95,2593163
GLFL,20200218,0.5,0.5,0.5,0.5,1
GLOBALVECT,20200218,52.25,54.4,51.15,51.75,5212
GLOBOFFS,20200218,4.3,4.55,4.2,4.5,3242
GLOBUSSPR,20200218,139,145.4,138.25,143.15,156678
GMBREW,20200218,438,450,432.1,445.5,39952
GMDCLTD,20200218,56.8,57.9,55.4,57.05,117505
GMMPFAUDLR,20200218,3287,3297.1,3221.3,3256.45,22092
GMRINFRA,20200218,22.95,23.1,22,22.55,7161469
GNA,20200218,247.5,248.9,232.1,235.6,52399
GNFC,20200218,175,176.5,170.65,173.2,404330
GOACARBON,20200218,235,236,226.9,231.4,15620
GOCLCORP,20200218,276.4,278,272,273.7,5120
GODFRYPHLP,20200218,1342,1345.35,1292,1301.85,60016
GODREJAGRO,20200218,532,541,523.25,529.9,170633
GODREJCP,20200218,626,626.7,613,620.75,993432
GODREJIND,20200218,409.45,420,403,417.55,199603
GODREJPROP,20200218,1126,1137.95,1096.5,1113,79664
GOKEX,20200218,63.15,63.9,60.4,61.7,45841
GOKUL,20200218,9.7,10.5,9.7,10.3,6518
GOKULAGRO,20200218,14.1,14.1,13.05,13.35,15038
GOLDBEES,20200218,36.14,36.18,36.05,36.14,864267
GOLDENTOBC,20200218,25.5,26.6,24.4,25.05,4115
GOLDIAM,20200218,153.15,154.95,149,152.25,41048
GOLDSHARE,20200218,3618,3632.45,3618,3628.8,550
GOLDTECH,20200218,8.2,8.6,8,8.45,17067
GOODLUCK,20200218,47.15,47.15,45.3,46.2,12733
GPIL,20200218,196.4,207,194.8,205.8,47027
GPPL,20200218,79.8,80.15,77.55,78.1,161843
GPTINFRA,20200218,35.75,35.75,32.6,34.15,1597
GRANULES,20200218,173.65,180.5,172.5,179,1864779
GRAPHITE,20200218,266,266,260,263.55,859605
GRASIM,20200218,737.35,741.2,715.55,723.9,1750918
GRAVITA,20200218,66.3,67.45,64.5,65.7,151150
GREAVESCOT,20200218,139.1,145.7,137.7,142.7,404417
GREENLAM,20200218,1003.85,1003.85,972.45,983.5,5241
GREENPANEL,20200218,54.15,55.85,53.3,54.15,137912
GREENPLY,20200218,138,139.8,132.65,135.55,22573
GREENPOWER,20200218,2.1,2.1,1.95,2,56012
GRINDWELL,20200218,627.05,628.8,615.2,622.7,24356
GROBTEA,20200218,373.85,373.85,369.7,369.7,154
GRPLTD,20200218,766.05,792.95,743.55,784.4,160
GRSE,20200218,165.8,179,165.05,172.05,301732
GSCLCEMENT,20200218,23.8,23.8,22.4,23.2,36771
GSFC,20200218,71.4,71.4,67.95,69.3,361317
GSKCONS,20200218,9705,9721.05,9575,9623.1,9006
GSPL,20200218,242,243.65,228.7,233.35,944499
GSS,20200218,41.6,41.65,39.5,39.5,12318
GTL,20200218,1.6,1.65,1.55,1.55,56113
GTLINFRA,20200218,0.35,0.4,0.35,0.35,4975752
GTNTEX,20200218,6.35,6.9,6.35,6.9,29
GTPL,20200218,71,77,70.5,71.1,303360
GUFICBIO,20200218,65.5,69,65,67.5,44957
GUJALKALI,20200218,365,371.85,356.95,360.65,41544
GUJAPOLLO,20200218,121,123.8,116.05,118.8,2216
GUJGASLTD,20200218,285.9,289.65,277.2,286.25,1294394
GUJRAFFIA,20200218,10,10.5,10,10.5,5606
GULFOILLUB,20200218,756,756.25,741.15,743.75,3113
GULFPETRO,20200218,46.05,55.95,45.55,50.95,154309
GULPOLY,20200218,42.55,44,42.5,42.6,4186
GVKPIL,20200218,4,4.05,3.95,4,815376
HAL,20200218,709,723.7,698.75,704.85,30844
HARITASEAT,20200218,508,508,471.3,485.3,3537
HARRMALAYA,20200218,62.85,62.85,61.1,62,65545
HATHWAY,20200218,22.4,23.1,21.65,23.1,2643615
HATSUN,20200218,650,650,611.95,615.95,14567
HAVELLS,20200218,602.5,603.45,589,600.5,2800102
HAVISHA,20200218,0.65,0.65,0.65,0.65,19
HBLPOWER,20200218,17,17,16,16.25,95441
HCC,20200218,9.3,9.35,8.75,8.95,2432417
HCG,20200218,118.5,118.95,113.5,113.95,12160
HCL-INSYS,20200218,6.25,6.25,5.95,6.05,355594
HCLTECH,20200218,613.45,615.8,605.15,607.05,5237465
HDFC,20200218,2349,2349,2304,2318.8,2345063
HDFCAMC,20200218,3245,3246,3182,3220.65,198514
HDFCBANK,20200218,1216.9,1218.5,1203.5,1213.25,5264558
HDFCLIFE,20200218,564.8,565.35,556,562.6,1231246
HDFCMFGETF,20200218,3703.9,3703.9,3690,3695.05,2577
HDFCNIFETF,20200218,1264.3,1264.3,1256,1261.92,1410
HDFCSENETF,20200218,4300,4315,4269.73,4315,262
HDIL,20200218,2.2,2.2,2.2,2.2,215709
HEG,20200218,998,1010,965.45,999.8,286337
HEIDELBERG,20200218,195.1,201.7,195.1,199,310038
HERCULES,20200218,90.05,92,85.6,88.05,10805
HERITGFOOD,20200218,348,349,327.65,332.6,17110
HEROMOTOCO,20200218,2283.2,2283.2,2225,2252.65,839607
HESTERBIO,20200218,1510.55,1530,1485.95,1498.55,3452
HEXATRADEX,20200218,11.5,11.75,10.95,10.95,9123
HEXAWARE,20200218,365.55,394,365.55,386.95,334815
HFCL,20200218,16.9,17.15,16.75,16.9,1037202
HGINFRA,20200218,252.5,253.15,239.45,240,57427
HGS,20200218,899.9,916.95,883,888.4,18225
HIKAL,20200218,117.9,121.85,116.85,121.05,181440
HIL,20200218,1139.85,1139.85,1110.7,1117.45,13193
HILTON,20200218,10.75,10.85,10.25,10.25,207
HIMATSEIDE,20200218,102,102,97.6,99.6,111390
HINDALCO,20200218,189.15,189.45,181.75,184.35,8152961
HINDCOMPOS,20200218,189.85,194.8,183.3,184.85,5205
HINDCOPPER,20200218,35.6,35.6,34.55,35.1,822581
HINDMOTORS,20200218,5.1,5.4,4.9,5.15,105717
HINDNATGLS,20200218,36.6,36.6,35.5,35.5,1010
HINDOILEXP,20200218,92.5,92.5,89.75,90.4,111335
HINDPETRO,20200218,228.7,230.2,222.25,224.95,5379083
HINDSYNTEX,20200218,1.55,1.55,1.55,1.55,133
HINDUNILVR,20200218,2252.6,2262.95,2222.1,2234.4,1194605
HINDZINC,20200218,190,190,184.1,185.55,324413
HIRECT,20200218,175.2,179,167.5,171.2,38180
HISARMETAL,20200218,59.45,63.8,59,59.8,6649
HITECH,20200218,172,179.4,165.7,176.45,41753
HITECHCORP,20200218,79.1,79.95,76.1,76.5,483
HITECHGEAR,20200218,159.85,162.9,153.75,161.2,2606
HLVLTD,20200218,4.85,4.85,4.4,4.5,344928
HMVL,20200218,73.1,73.1,70.05,71.55,8773
HNDFDS,20200218,724.95,742,711.1,728.4,10215
HNGSNGBEES,20200218,359.99,359.99,342.01,348.91,640
HONAUT,20200218,36645,36650,35200,35579.55,1816
HONDAPOWER,20200218,1245,1255,1195.95,1204.85,4008
HOVS,20200218,37.45,40.2,36.2,39.75,12693
HPL,20200218,37.65,38.25,36.1,36.7,30894
HSCL,20200218,52,52.1,49.7,51.2,829778
HSIL,20200218,59,59,55.1,56.1,449823
HTMEDIA,20200218,15.15,15.45,13.7,14.1,303682
HUBTOWN,20200218,12.1,12.1,11.75,12,13527
HUDCO,20200218,33.05,33.9,32.5,33.8,795745
IBMFNIFTY,20200218,120,120.55,115.5,120.55,215
IBREALEST,20200218,87.2,88,82.85,86.9,2171990
IBULHSGFIN,20200218,307.95,307.95,293.3,300.05,18991374
IBULISL,20200218,100,103,97.75,97.75,120297
IBVENTURES,20200218,189.5,189.5,182.8,184.05,824833
ICICI500,20200218,150.8,159.79,145,159.76,1855
ICICIB22,20200218,32.24,32.24,31.41,31.72,453205
ICICIBANK,20200218,541,544.4,536,541.2,15918303
ICICIBANKN,20200218,305.62,307.7,304,306.62,693
ICICIBANKP,20200218,167.8,167.85,166.3,166.96,693
ICICIGI,20200218,1339,1345,1326.05,1339.4,202026
ICICIGOLD,20200218,37.45,37.45,36.25,37.03,38608
ICICILIQ,20200218,999.95,1000.01,999.95,999.99,16527
ICICILOVOL,20200218,93.97,93.97,90.55,91.4,855
ICICIM150,20200218,66.31,66.31,65.48,65.68,2498
ICICIMCAP,20200218,68.7,68.7,66.3,67.2,6270
ICICINF100,20200218,129.84,129.88,129,129.63,2748
ICICINIFTY,20200218,127.26,127.46,125.7,126.77,264076
ICICINV20,20200218,58.6,58.6,57.02,57.64,2731
ICICINXT50,20200218,28.51,29.25,27.96,28.4,25458
ICICIPRULI,20200218,470.1,473.9,466,471.85,859469
ICICISENSX,20200218,442,442,432.09,436.79,1503
ICIL,20200218,55.5,56.9,55.5,56.1,199704
ICRA,20200218,3000,3025.8,2999,3019.7,25797
IDBI,20200218,34.3,34.8,33.25,34.1,1560176
IDBIGOLD,20200218,3767,3767,3742,3760,94
IDEA,20200218,3.25,3.25,2.8,3,642554754
IDFC,20200218,34,34.15,33.4,33.85,969736
IDFCFIRSTB,20200218,38.75,38.8,37.75,38.45,17612378
IDFNIFTYET,20200218,123,124.5,123,124.5,80
IEX,20200218,188.05,189.35,181.1,185.75,137732
IFBAGRO,20200218,353.3,357.05,336.45,345.2,19678
IFBIND,20200218,528.45,528.45,514.85,521.7,9485
IFCI,20200218,6.05,6.1,5.75,5.9,1972403
IFGLEXPOR,20200218,157.5,161.7,157.5,159.9,3419
IGARASHI,20200218,340,347,330.1,333.8,175799
IGL,20200218,465.9,479.7,461.6,471,6979020
IGPL,20200218,173.05,173.1,166.05,171.9,20229
IIFL,20200218,199.8,203,185.1,193.2,493627
IIFLSEC,20200218,52,56.55,51.3,56.55,583226
IIFLWAM,20200218,1549.95,1575,1449.95,1564.55,10236
IITL,20200218,82.05,82.05,82,82,1064
IMFA,20200218,202.65,202.65,197.45,199.4,14924
IMPAL,20200218,565,570,560,565.35,1602
IMPEXFERRO,20200218,0.35,0.35,0.35,0.35,1300
INDBANK,20200218,7.5,7.5,7.25,7.3,17069
INDHOTEL,20200218,131,132.8,126.7,130.9,788349
INDIACEM,20200218,73,73.1,69.6,71.7,1335939
INDIAGLYCO,20200218,309,364.9,309,356.05,3535536
INDIAMART,20200218,2450,2488.3,2364.75,2468.2,97499
INDIANB,20200218,81.8,81.8,77.85,80.25,1379257
INDIANCARD,20200218,116.55,116.55,112.8,112.8,22
INDIANHUME,20200218,216.1,219.6,205.2,207.5,35689
INDIGO,20200218,1447.4,1478.8,1426.75,1471.05,744044
INDLMETER,20200218,17.75,17.75,17.7,17.7,14
INDNIPPON,20200218,356.95,359.9,337.55,345.05,15987
INDOCO,20200218,256.2,256.2,247.85,252.2,341812
INDORAMA,20200218,22.05,22.05,20.75,21,17526
INDOSTAR,20200218,286.6,286.6,281.75,282.2,29067
INDOTECH,20200218,114.05,114.5,114,114.1,1830
INDOTHAI,20200218,23.4,23.4,22.5,22.65,2024
INDOWIND,20200218,2.8,2.85,2.7,2.7,20537
INDRAMEDCO,20200218,41.55,41.6,40.3,41,69960
INDSWFTLAB,20200218,22.9,22.9,20.7,20.9,16426
INDSWFTLTD,20200218,2.75,2.85,2.75,2.85,3547
INDTERRAIN,20200218,55,55,51.5,53,6870
INDUSINDBK,20200218,1172.7,1172.7,1108.45,1140.7,11207411
INEOSSTYRO,20200218,756.3,760,755.25,758.9,1419
INFIBEAM,20200218,57.4,57.65,55.5,56.85,1014524
INFOBEAN,20200218,113,124.25,111.85,121.05,61807
INFRABEES,20200218,333.58,336,328.19,331.96,1014
INFRATEL,20200218,235.4,235.4,200.7,210,23923588
INFY,20200218,785,799.05,783.65,797.65,5083346
INGERRAND,20200218,658,658,641,645.65,10861
INOXLEISUR,20200218,469,477.3,460,473.05,187999
INOXWIND,20200218,38,38.25,37,37.55,101905
INSECTICID,20200218,481.05,481.05,470.1,472.7,8381
INSPIRISYS,20200218,33,33.5,31.05,32.65,15226
INTEGRA,20200218,0.6,0.6,0.6,0.6,971
INTELLECT,20200218,135,140.9,134.25,138,169819
INTENTECH,20200218,19.85,20.95,18,19.05,22500
INVENTURE,20200218,13.25,13.7,12.55,12.55,24363
IOB,20200218,9.15,9.25,9,9.1,1074479
IOC,20200218,111.9,115.1,110.45,112.65,14517328
IOLCP,20200218,210.25,246.2,210.15,234.75,6495921
IPCALAB,20200218,1373,1389.9,1305.1,1315.4,207405
IRB,20200218,96.5,101.3,94.4,99.9,2054356
IRCON,20200218,520,564,510.6,555.4,2050792
IRCTC,20200218,1515,1648,1485,1638.6,7586511
ISEC,20200218,465.1,499,465.1,490.45,647937
ISFT,20200218,63,64.4,61.15,63,304
ISMTLTD,20200218,4.05,4.05,3.75,3.75,69376
ITC,20200218,204.55,204.6,200.5,203.85,20934864
ITDC,20200218,307,307,293,295.4,79350
ITDCEM,20200218,58.9,58.95,54.75,56.2,309529
ITI,20200218,80.95,82.8,80,81.65,350942
IVC,20200218,3.05,3.1,2.95,3,101568
IVP,20200218,44.95,48.7,43.05,45.4,1037
IVZINGOLD,20200218,3710,3710,3710,3710,3
IZMO,20200218,28.9,29.9,25.1,26.6,111825
J&KBANK,20200218,17.15,19.85,17.15,18.15,2936581
JAGRAN,20200218,70.1,70.25,67.65,68.8,810963
JAGSNPHARM,20200218,26.2,26.9,25.6,26.35,4974
JAIBALAJI,20200218,26.45,27.2,26.25,27,29297
JAICORPLTD,20200218,98.15,98.15,92.25,96.35,1231463
JAINSTUDIO,20200218,1.45,1.45,1.45,1.45,280
JAMNAAUTO,20200218,40.5,40.9,39,39.75,445125
JASH,20200218,183.5,186,172,177.4,114133
JAYAGROGN,20200218,94.5,97.7,92,94.3,28218
JAYBARMARU,20200218,226.65,237,222.8,231.8,37045
JAYNECOIND,20200218,3.75,3.8,3.7,3.7,14041
JAYSREETEA,20200218,49,49.05,47.1,47.6,30620
JBCHEPHARM,20200218,555.9,555.9,523.8,535.2,96478
JBFIND,20200218,16.5,16.5,16.5,16.5,153878
JBMA,20200218,229.7,230,222.6,227.15,17167
JCHAC,20200218,2875,2939.9,2755,2909.6,7171
JHS,20200218,11.55,12.45,11.55,12,43022
JIKIND,20200218,0.3,0.35,0.3,0.3,311
JINDALPHOT,20200218,13.6,13.7,12.9,13.5,3169
JINDALPOLY,20200218,265,265,254.1,261.9,16989
JINDALSAW,20200218,91.95,93.25,87.35,89.1,2074454
JINDALSTEL,20200218,188.7,189.3,181.7,185.25,14228234
JINDCOT,20200218,1.55,1.55,1.5,1.55,5281
JINDRILL,20200218,95.4,95.4,91.25,92.15,16661
JINDWORLD,20200218,61.9,61.9,60,60.45,98875
JISLDVREQS,20200218,6,6.3,5.4,5.45,65634
JISLJALEQS,20200218,6.55,6.65,6.35,6.35,1450735
JITFINFRA,20200218,8.6,8.6,8.55,8.6,530
JIYAECO,20200218,16.65,16.65,16.25,16.65,298841
JKCEMENT,20200218,1425,1425,1382.3,1403.75,67443
JKIL,20200218,142.85,143.7,137.15,141.1,172170
JKLAKSHMI,20200218,330.65,331,322.55,325.45,58850
JKPAPER,20200218,122.75,123,120.4,122,1043560
JKTYRE,20200218,67.25,67.75,65.3,66.25,409024
JMA,20200218,25,25,24,24.1,1212
JMCPROJECT,20200218,84.1,87.5,78.3,80.55,208098
JMFINANCIL,20200218,108.6,111.7,103,110.15,501680
JMTAUTOLTD,20200218,1.4,1.4,1.4,1.4,75551
JOCIL,20200218,119.95,119.95,116.15,118.75,989
JPASSOCIAT,20200218,1.55,1.75,1.45,1.75,12068622
JPINFRATEC,20200218,1,1.05,0.95,1.05,2363942
JPOLYINVST,20200218,12,12,12,12,92
JPPOWER,20200218,1.6,1.6,1.6,1.6,333138
JSL,20200218,39.85,40.05,38.8,39.1,833303
JSLHISAR,20200218,75.65,75.95,72.65,75.5,119529
JSWENERGY,20200218,65.25,68.4,64.8,65.7,5556529
JSWHL,20200218,2725.7,2725.7,2690,2698.65,480
JSWSTEEL,20200218,289,289.15,281.1,284.8,5463097
JTEKTINDIA,20200218,80.25,80.55,77.25,79.2,38272
JUBILANT,20200218,510.1,514.7,488.55,495.4,251956
JUBLFOOD,20200218,1833,1857.9,1812,1832.4,957386
JUBLINDS,20200218,128,128.85,126,128,8619
JUMPNET,20200218,51.85,53.9,51.85,53,655234
JUNIORBEES,20200218,293.95,294,289,292.05,94735
JUSTDIAL,20200218,493,497.55,480.25,488.45,2539160
JYOTHYLAB,20200218,129.65,132,127.55,130.25,162671
KABRAEXTRU,20200218,73.55,73.8,71.4,72.7,12565
KAJARIACER,20200218,530.1,533.4,527.1,527.8,78206
KAKATCEM,20200218,180.2,181.95,177.6,178.05,11638
KALPATPOWR,20200218,378.7,379.75,367.5,370.85,190382
KALYANIFRG,20200218,131.05,135,130.55,131.1,726
KAMATHOTEL,20200218,37.5,37.5,34.5,35.3,17797
KAMDHENU,20200218,87.35,87.35,83,83.6,13364
KANANIIND,20200218,2.6,2.6,2.6,2.6,1100
KANORICHEM,20200218,36.8,38.7,36.1,37.9,25822
KANSAINER,20200218,504.9,509.45,498.05,503.1,180956
KARDA,20200218,145,146.95,144.4,145.45,53199
KARMAENG,20200218,12.35,12.35,12.35,12.35,10
KARURVYSYA,20200218,48.6,48.6,46.6,47.5,331917
KAUSHALYA,20200218,0.4,0.45,0.4,0.45,1575
KAVVERITEL,20200218,1.85,1.85,1.85,1.85,200
KAYA,20200218,306.95,307,290,301.85,11200
KCP,20200218,61.1,62.3,60,60.35,64066
KCPSUGIND,20200218,14,14,13.25,13.5,112146
KDDL,20200218,299.4,299.4,282,288.85,2083
KEC,20200218,339.9,339.95,330,333.7,370419
KECL,20200218,17.05,17.05,15.7,16.55,142439
KEI,20200218,531.9,534.45,527.25,529.95,98666
KELLTONTEC,20200218,16.35,17,16,16.2,137720
KENNAMET,20200218,998.95,999,979.8,985,1408
KERNEX,20200218,19,19.5,19,19,10302
KESORAMIND,20200218,43.1,45.45,42.6,43.9,243650
KEYFINSERV,20200218,42.9,42.9,42.9,42.9,10
KHADIM,20200218,117,118.35,112.35,113.9,86196
KHAITANLTD,20200218,19.8,20.8,19.4,19.4,1058
KHANDSE,20200218,13.9,13.9,13.9,13.9,4000
KICL,20200218,1664.85,1664.9,1610,1610.05,342
KILITCH,20200218,117,117,112.45,115.35,13530
KINGFA,20200218,581,589.75,570,573.8,3475
KIOCL,20200218,109,113.95,106.5,107.2,9999
KIRIINDUS,20200218,389.9,406.9,389.1,402.15,255760
KIRLFER,20200218,68.15,70.4,67.55,67.65,21629
KIRLOSBROS,20200218,166.25,176.3,162.3,173.5,474794
KIRLOSENG,20200218,137,138.95,135.55,137.3,23769
KIRLOSIND,20200218,612.1,630.3,605,609,1088
KITEX,20200218,151.9,154.35,148.05,152.6,237978
KKCL,20200218,976.25,1000,976.25,997.3,308
KMSUGAR,20200218,8.35,8.35,7.9,7.9,38444
KNRCON,20200218,283.05,286.55,265.8,285.6,129961
KOHINOOR,20200218,8.35,8.35,7.95,8,8633
KOKUYOCMLN,20200218,71.1,73.5,70.05,73,16507
KOLTEPATIL,20200218,226.05,228,220.55,223.3,26035
KOPRAN,20200218,28.05,28.35,26.95,27.95,63088
KOTAKBANK,20200218,1682.5,1699.8,1678.3,1691,2219039
KOTAKBKETF,20200218,314.52,314.52,310.5,312.53,218586
KOTAKGOLD,20200218,360.95,362.65,360.2,361.9,14639
KOTAKNIFTY,20200218,124.7,124.79,123.77,124.41,44508
KOTAKNV20,20200218,58.79,59.5,58.11,58.79,10433
KOTAKPSUBK,20200218,211.7,215,204.01,209.11,6786
KOTARISUG,20200218,12.9,12.95,12.3,12.4,40382
KOTHARIPET,20200218,16.05,17.35,16,16.9,7222
KOTHARIPRO,20200218,60,61,58.85,59.85,3716
KPITTECH,20200218,87.2,88.5,84.55,85.45,124666
KPRMILL,20200218,635.5,635.5,622.6,628.35,3880
KRBL,20200218,301.95,308.55,296.45,299.3,164439
KREBSBIO,20200218,90.4,95.75,88.8,88.8,3964
KRIDHANINF,20200218,1.9,2.05,1.9,2,72567
KRISHANA,20200218,50.6,51,50.6,51,1802
KSB,20200218,705.1,711.5,693.15,700.15,8160
KSCL,20200218,472.85,473.65,451,461,78126
KSERASERA,20200218,0.05,0.15,0.05,0.15,286215
KSK,20200218,0.45,0.45,0.4,0.4,383472
KSL,20200218,227,235.5,223.25,232.15,27624
KTKBANK,20200218,76.75,77.2,75,76.55,675155
KUANTUM,20200218,510,510.05,488.05,499.75,4390
KWALITY,20200218,1.75,1.75,1.75,1.75,93554
L&TFH,20200218,123.55,123.6,119.9,122.3,5018644
LAKSHVILAS,20200218,17.05,17.35,17.05,17.05,873604
LALPATHLAB,20200218,1660,1660.6,1580,1628.15,116906
LAMBODHARA,20200218,33.5,33.5,31.55,32.85,5587
LAOPALA,20200218,196.8,214.9,193.25,210.25,265373
LASA,20200218,39.35,40,39.2,39.2,12028
LAURUSLABS,20200218,439.1,439.1,422.55,430.1,99956
LAXMIMACH,20200218,3264.95,3299.05,3201.25,3263.3,15714
LEMONTREE,20200218,59,59.45,57.65,59,913527
LFIC,20200218,53.6,53.6,50,50.35,3
LGBBROSLTD,20200218,282.4,283.9,276,280.95,19825
LGBFORGE,20200218,2.45,2.65,2.45,2.65,7306
LIBAS,20200218,48,48,45,48,171
LIBERTSHOE,20200218,128.1,128.65,124.05,125.4,63388
LICHSGFIN,20200218,380,382,354.3,363.95,18284085
LICNETFGSC,20200218,20.2,20.38,19.82,19.84,935
LICNETFN50,20200218,125.99,125.99,124.01,124.65,175
LICNETFSEN,20200218,520,520,486,491.31,98
LICNFNHGP,20200218,125.7,133,123.5,132.99,110
LINCOLN,20200218,178.75,178.75,173.5,174.75,55000
LINCPEN,20200218,223,223,221.1,222,1126
LINDEINDIA,20200218,758.95,780,752.4,760.15,50004
LIQUIDBEES,20200218,999.99,1000.01,999.3,999.99,932630
LIQUIDETF,20200218,1000.04,1000.04,999.99,999.99,13532
LOKESHMACH,20200218,29.65,30.15,28.2,30.05,18805
LOTUSEYE,20200218,24.75,25.5,22.85,23.8,14535
LOVABLE,20200218,69.9,69.9,67.65,68.4,15387
LSIL,20200218,0.45,0.5,0.4,0.45,1865292
LT,20200218,1281.5,1289.8,1266.45,1286.35,2347917
LTI,20200218,1997,2025,1935,1962.6,91588
LTTS,20200218,1713,1730,1665,1690.75,59519
LUMAXIND,20200218,1476,1524.65,1455.2,1478.2,1885
LUMAXTECH,20200218,101.5,118.1,99,105.9,73440
LUPIN,20200218,710.8,710.95,694,706.05,1225756
LUXIND,20200218,1617.6,1617.6,1570,1577.85,67785
LYKALABS,20200218,19.8,19.95,17.85,18.05,26384
LYPSAGEMS,20200218,4.35,4.35,4.25,4.25,7691
M&M,20200218,520.5,524.9,514.1,523.2,2868873
M&MFIN,20200218,372.2,373.5,364.75,369.75,1253105
M100,20200218,18.94,18.95,18.51,18.55,71748
M50,20200218,117.5,117.99,116.81,117.15,270
MAANALU,20200218,58.9,61.9,55.55,60,17921
MADHAV,20200218,30,30.95,29.6,30.25,5797
MADHUCON,20200218,3.05,3.3,3,3,20380
MADRASFERT,20200218,16.85,16.9,16.2,16.5,119445
MAGADSUGAR,20200218,130.25,130.25,122.6,127.45,40015
MAGMA,20200218,51.4,51.9,49.9,50.55,131252
MAGNUM,20200218,2.95,2.95,2.8,2.8,226
MAHABANK,20200218,11.9,11.9,11.45,11.7,299154
MAHAPEXLTD,20200218,93,98,93,98,51
MAHASTEEL,20200218,119,120,111.9,115.75,24477
MAHEPC,20200218,139.15,139.85,134.4,137.1,22063
MAHESHWARI,20200218,254.95,255.8,248.2,251.85,27057
MAHINDCIE,20200218,165.65,165.65,132.6,159.25,337375
MAHLIFE,20200218,388,388,365.15,378,27472
MAHLOG,20200218,405.95,415,398.1,401.45,380253
MAHSCOOTER,20200218,4806.65,4833.2,4651.2,4666.45,3616
MAHSEAMLES,20200218,342.15,346,333,338.2,16228
MAITHANALL,20200218,577.95,577.95,563,565.75,14559
MAJESCO,20200218,399.9,404.75,396.2,397.9,19640
MALUPAPER,20200218,30.6,30.6,29.1,30.1,31950
MAN50ETF,20200218,122.65,122.75,120.75,121.44,12889
MANAKALUCO,20200218,4.3,4.3,3.95,4.05,26539
MANAKCOAT,20200218,3.7,3.75,3.6,3.6,1402
MANAKSIA,20200218,43.5,49,43.1,45.85,72850
MANAKSTEEL,20200218,10.25,10.7,9.75,10.45,21236
MANALIPETC,20200218,17.55,17.55,16.45,17,188894
MANAPPURAM,20200218,168.2,171.4,166.65,170.55,11525656
MANGALAM,20200218,28.15,30.3,28.15,30.3,12927
MANGCHEFER,20200218,31.4,32.8,31.4,31.9,100699
MANGLMCEM,20200218,271.1,277.95,270,271.55,6665
MANGTIMBER,20200218,10,10.35,10,10.2,50332
MANINDS,20200218,54.5,54.9,53.4,54.7,46240
MANINFRA,20200218,29.6,29.6,27.75,28.1,76289
MANUGRAPH,20200218,12.85,13.7,12.85,13.6,376
MANXT50,20200218,281,281.5,278,279.59,27433
MARALOVER,20200218,14.4,15.7,14.4,14.75,2148
MARATHON,20200218,83.65,83.7,76.05,78.1,21738
MARICO,20200218,298,301,292.15,299.75,2608197
MARKSANS,20200218,19,19.8,18.6,19.1,1429891
MARUTI,20200218,6925,6930,6735.8,6781.1,830678
MASFIN,20200218,980,1050,950,1016.3,152335
MASTEK,20200218,398,406.85,395,398.3,31858
MATRIMONY,20200218,456,456,440.05,445.85,7277
MAWANASUG,20200218,40.5,40.5,38.2,38.75,191209
MAXINDIA,20200218,85,85.7,83.1,84.9,75681
MAXVIL,20200218,48.85,49.5,46.6,47.85,84079
MAYURUNIQ,20200218,243.75,249.5,233.5,245.95,138991
MAZDA,20200218,490,502.65,480,497.4,10483
MBAPL,20200218,70,70,68,68,6000
MBECL,20200218,3.5,3.5,3.25,3.45,32277
MBLINFRA,20200218,4.05,4.25,3.95,3.95,23550
MCDHOLDING,20200218,19.6,20.5,19.6,19.6,14661
MCDOWELL-N,20200218,699.95,729.9,690,722.1,2267917
MCLEODRUSS,20200218,4.15,4.15,3.85,3.9,137182
MCX,20200218,1266.7,1305,1257.5,1297.05,403539
MEGASOFT,20200218,7.3,7.75,7.25,7.25,14451
MEGH,20200218,55.45,58.9,54.5,58.15,965110
MENONBE,20200218,54.95,54.95,50.3,51.05,11593
MEP,20200218,35,37.85,33,37.1,308730
MERCATOR,20200218,0.7,0.75,0.65,0.75,1393581
METALFORGE,20200218,4.55,4.9,4.55,4.8,12511
METROPOLIS,20200218,1750,1848,1739.95,1825.5,59062
MFSL,20200218,491.55,505.75,486.3,502.15,1809725
MGL,20200218,1134,1174,1117.35,1138,1526981
MHRIL,20200218,225.05,225.25,222.35,224.3,13530
MIC,20200218,0.5,0.6,0.5,0.6,65936
MIDHANI,20200218,226,237.4,213.7,218.75,7433690
MINDACORP,20200218,112.85,113.4,107.15,111.6,171096
MINDAIND,20200218,374.9,379.9,370.55,375.2,71001
MINDTECK,20200218,24.95,24.95,22.1,23.7,12139
MINDTREE,20200218,985.45,1000.7,982.8,997,1165787
MIRCELECTR,20200218,9,9.1,8.45,8.9,173303
MIRZAINT,20200218,60.9,60.9,58.3,59.15,188445
MMFL,20200218,389,392,380,389.15,2167
MMP,20200218,109.4,109.4,97,100.9,1009
MMTC,20200218,19.3,19.5,18.75,19.3,729120
MODIRUBBER,20200218,26.1,26.1,26.1,26.1,100
MOHOTAIND,20200218,8.25,8.25,7.85,7.85,835
MOIL,20200218,139.05,141,137.05,137.55,99564
MOLDTECH,20200218,46.25,46.7,45.85,46,6971
MOLDTKPAC,20200218,275,275,264.2,268.5,35128
MONTECARLO,20200218,252,252.2,245.1,246.55,6798
MORARJEE,20200218,16.9,16.9,15.1,15.15,6353
MOREPENLAB,20200218,15.1,15.1,14.2,14.3,411629
MOTHERSUMI,20200218,121.85,124.4,116.5,123.3,9936304
MOTILALOFS,20200218,770.1,783.9,754.2,775.5,46086
MOTOGENFIN,20200218,33.05,36.8,30.95,33.1,1599
MPHASIS,20200218,916.95,921,886.1,895.15,115579
MPSLTD,20200218,336.35,347.75,332.55,338.7,5549
MRF,20200218,71500,71500,69525,69693.6,9604
MRPL,20200218,41.15,41.2,39.6,40.25,452457
MSPL,20200218,5.6,5.9,5.6,5.6,8744
MSTCLTD,20200218,171.2,174.65,158,162.1,912573
MTEDUCARE,20200218,14.9,15.25,14.15,14.75,190541
MTNL,20200218,9.3,9.35,9,9.1,656137
MUKANDENGG,20200218,11,11.3,10.65,10.9,8249
MUKANDLTD,20200218,26.4,26.6,25.25,25.75,19778
MUKTAARTS,20200218,37.05,38,36,36.65,9978
MUNJALAU,20200218,43.75,43.8,42.25,42.95,84949
MUNJALSHOW,20200218,117,118,114.2,117.25,12375
MURUDCERA,20200218,17,17,16,16.6,34403
MUTHOOTCAP,20200218,594,604.7,570.2,574.9,27340
MUTHOOTFIN,20200218,870,898.85,846,869.3,19323677
N100,20200218,695,695,671,674.64,31093
NACLIND,20200218,32.85,32.85,30.6,31.55,86950
NAGAFERT,20200218,3.5,3.65,3.5,3.5,97729
NAGREEKCAP,20200218,6.55,6.95,6.55,6.95,260
NAGREEKEXP,20200218,13.75,13.75,12.6,12.85,3962
NAHARCAP,20200218,73.7,73.7,67.5,68.15,9184
NAHARINDUS,20200218,25.45,26.75,25,26.4,20583
NAHARPOLY,20200218,40.05,40.45,37.45,38.8,9396
NAHARSPING,20200218,38.65,39.8,38,39.5,11618
NAM-INDIA,20200218,376.7,394.8,372.3,391.95,2005888
NATCOPHARM,20200218,660.15,665,634.1,636.35,149956
NATHBIOGEN,20200218,310,323.5,310,314.65,11347
NATIONALUM,20200218,38.95,39.2,38.1,39,8795325
NAUKRI,20200218,2815.95,2911.05,2751.1,2787.1,252278
NAVINFLUOR,20200218,1203.1,1287.4,1195,1277.05,261185
NAVKARCORP,20200218,30.15,30.15,27.65,29.1,177026
NAVNETEDUL,20200218,88,89.25,85.3,85.95,68417
NBCC,20200218,30.6,30.6,28.5,28.95,15335519
NBIFIN,20200218,1735.6,1798.95,1735,1798.45,311
NBVENTURES,20200218,70.6,71.55,67.3,68.15,73472
NCC,20200218,42.55,42.55,37.75,41.4,57426864
NCLIND,20200218,86.9,87,82.35,82.95,39741
NDGL,20200218,564.9,564.9,542,550,57
NDL,20200218,20.1,20.5,19.1,19.85,56065
NDTV,20200218,33,34.55,32,33.25,56553
NECCLTD,20200218,5.45,5.45,4.9,4.95,49389
NECLIFE,20200218,12.5,12.5,12.05,12.3,75177
NELCAST,20200218,45.75,45.75,44.25,45.35,43650
NELCO,20200218,218,220,216,218.8,45712
NEOGEN,20200218,485.9,494.5,475.2,477.65,28255
NESCO,20200218,735.2,744,716.3,741.45,85052
NESTLEIND,20200218,16569.9,16569.9,16385.05,16403.85,90013
NETF,20200218,121.3,121.3,120.4,120.55,22
NETFCONSUM,20200218,54.2,54.62,53.95,54.2,4726
NETFDIVOPP,20200218,28.9,28.9,28.3,28.87,1391
NETFLTGILT,20200218,20.74,20.74,20.69,20.74,2371
NETFMID150,20200218,66.85,68,65.1,66.06,76749
NETFNIF100,20200218,124.8,124.8,123.07,123.87,212
NETFNV20,20200218,58.71,59.06,57.92,58.97,5888
NETWORK18,20200218,30.15,30.15,30.15,30.15,99424
NEULANDLAB,20200218,452.6,461,437.35,442.9,29686
NEWGEN,20200218,195.05,200.15,195,199.9,20654
NEXTMEDIA,20200218,6.65,7.35,6.65,7.35,25956
NFL,20200218,23.55,23.85,23.25,23.65,276985
NH,20200218,339.8,352,335,347.4,113129
NHPC,20200218,22,22.15,21.1,21.3,21892432
NIACL,20200218,133.6,133.6,127.55,129.55,186280
NIBL,20200218,4.7,4.7,4.3,4.5,677
NIFTYBEES,20200218,126.95,128.5,126.55,127.34,569499
NIFTYEES,20200218,15707.37,15707.37,15350,15690,4
NIITLTD,20200218,106.2,108.7,104.4,106.75,897414
NIITTECH,20200218,1827.9,1853.7,1806,1848.55,278478
NILAINFRA,20200218,4.6,4.7,4.3,4.4,197115
NILASPACES,20200218,1,1.05,0.95,1,53985
NILKAMAL,20200218,1494,1524,1460,1501.3,22321
NIPPOBATRY,20200218,572.25,575,549.05,557.55,3982
NITCO,20200218,24,24.6,22.65,23.05,47189
NITINSPIN,20200218,50,51.95,49.6,50.95,17056
NKIND,20200218,15.1,15.1,15.1,15.1,100
NLCINDIA,20200218,52.3,53.9,50.5,52.4,1891231
NMDC,20200218,99.9,100.85,96.9,99.35,11774181
NOCIL,20200218,87,88.5,84.9,88,928800
NOIDATOLL,20200218,3.75,3.85,3.65,3.7,58955
NPBET,20200218,170.7,170.7,168,168.9,162
NRAIL,20200218,235,240,226,237.15,18578
NRBBEARING,20200218,93.05,93.65,90,90.6,23897
NSIL,20200218,745,750,700.05,738.5,377
NTL,20200218,0.35,0.35,0.35,0.35,1020
NTPC,20200218,109.6,110.9,103.8,109.6,34458578
NUCLEUS,20200218,306.9,306.9,292.35,300.85,8993
NXTDIGITAL,20200218,410.5,430.9,402.35,406.85,4079
OAL,20200218,197.9,200,195.3,199.65,3179
OBEROIRLTY,20200218,499.9,519.8,499,510.55,772348
OCCL,20200218,965.8,965.8,947.55,950.1,1126
OFSS,20200218,2885.8,2899.55,2855,2859.65,4879
OIL,20200218,130,133.35,126.85,131.75,4994789
OILCOUNTUB,20200218,3.4,3.65,3.35,3.5,9061
OISL,20200218,2.7,2.7,2.6,2.6,1834
OLECTRA,20200218,155,155.65,151,152.2,50779
OMAXAUTO,20200218,39.15,39.15,36.75,37.3,17884
OMAXE,20200218,155.75,157,154.7,154.95,195237
OMKARCHEM,20200218,4.05,4.25,3.9,4.05,5876
OMMETALS,20200218,22.5,23.45,22,23,72578
ONELIFECAP,20200218,6.2,6.5,6.2,6.2,556
ONEPOINT,20200218,20.1,21.9,20.1,21.05,75706
ONGC,20200218,99.95,100.25,96.55,99.3,35575369
ONMOBILE,20200218,27.4,27.4,26.2,26.65,573051
ONWARDTEC,20200218,62.05,62.65,58.35,60.4,10122
OPTIEMUS,20200218,27.75,29.6,25.45,26,35417
OPTOCIRCUI,20200218,2.85,2.85,2.6,2.65,164820
ORBTEXP,20200218,79.5,80.05,78,78.2,18027
ORICONENT,20200218,16.2,16.2,14.7,15.55,44227
ORIENTABRA,20200218,18.2,18.2,17.05,17.4,10635
ORIENTALTL,20200218,10.05,10.05,10.05,10.05,450
ORIENTBANK,20200218,43.55,43.6,40.2,41.8,1501868
ORIENTBELL,20200218,113.95,113.95,108.5,109.75,13029
ORIENTCEM,20200218,80.45,80.6,78.6,79.9,194761
ORIENTELEC,20200218,267.75,269.45,257.1,260.65,304185
ORIENTHOT,20200218,28.05,28.8,27.25,27.8,15423
ORIENTLTD,20200218,92,93.7,84.65,86.5,209
ORIENTPPR,20200218,22.75,22.75,21.75,22.1,390199
ORIENTREF,20200218,242,242,233,236.35,44082
ORISSAMINE,20200218,2351,2419.95,2213,2300,46954
ORTINLABSS,20200218,8.5,8.5,8.1,8.15,6912
OSWALAGRO,20200218,6.65,6.9,6.5,6.6,4893
PAEL,20200218,2.7,2.7,2.7,2.7,3
PAGEIND,20200218,22500,22970,22201.5,22793.95,29307
PAISALO,20200218,271,273,262.1,269.85,4008
PALASHSECU,20200218,25.75,26.8,24.5,26.8,678
PALREDTEC,20200218,17.3,17.3,17.2,17.2,6743
PANACEABIO,20200218,120.25,120.3,110.75,113.45,36800
PANACHE,20200218,53,54.5,50.25,50.65,3243
PANAMAPET,20200218,56.4,57,52.65,54.25,19251
PAPERPROD,20200218,274,287.8,265.9,276.2,1171551
PARABDRUGS,20200218,1.35,1.35,1.35,1.35,10441
PARACABLES,20200218,7,7.3,6.9,7.05,52425
PARAGMILK,20200218,102.5,103.5,98,101.2,370705
PARSVNATH,20200218,2,2.1,1.95,2,71246
PATELENG,20200218,15.3,16.55,15.3,16.35,236236
PATINTLOG,20200218,18.35,18.65,18,18.1,14886
PATSPINLTD,20200218,3.95,3.95,3.95,3.95,100
PCJEWELLER,20200218,17.6,17.95,16.95,17.1,4476999
PDMJEPAPER,20200218,17.3,17.3,16.3,16.55,36470
PDPL,20200218,3.3,3.3,3.3,3.3,4562
PDSMFL,20200218,391.5,391.5,384.05,386.3,6230
PEARLPOLY,20200218,13.65,14,13.65,13.75,25611
PEL,20200218,1526.95,1533.7,1473.05,1522.1,1644541
PENIND,20200218,24.75,24.8,23.8,24.2,206222
PENINLAND,20200218,3.95,4.05,3.8,3.8,145182
PERSISTENT,20200218,700,713.6,695.85,706.6,68611
PETRONENGG,20200218,5.45,5.45,5.25,5.25,86
PETRONET,20200218,255.6,260.8,254.6,259.95,2789199
PFC,20200218,126.05,128.25,123.15,127.65,7190254
PFIZER,20200218,4040,4180,4012.1,4129.75,58290
PFOCUS,20200218,40.1,44.8,38,41.5,51452
PFS,20200218,13,13,12.4,12.75,495431
PGEL,20200218,61.5,67.5,61,64.75,86164
PGHH,20200218,11400,11400,11210,11256.8,2996
PGHL,20200218,4207.8,4248.75,4103.7,4237.55,9965
PGIL,20200218,140.95,141.6,132.05,134.45,984
PHILIPCARB,20200218,125.4,126.9,122.25,125.9,402838
PHOENIXLTD,20200218,870,870,845.45,854.75,30421
PIDILITIND,20200218,1605,1605,1567.5,1579.85,372394
PIIND,20200218,1531,1544.15,1501,1537.6,182677
PILANIINVS,20200218,1767,1767,1739,1740.75,2554
PILITA,20200218,5.85,5.85,5.5,5.75,59635
PIONDIST,20200218,144.05,151.7,142.1,149.65,29404
PIONEEREMB,20200218,29,29.35,27.55,28.25,3692
PITTIENG,20200218,38.25,38.6,36.8,37.15,26968
PKTEA,20200218,125,128.9,123.95,124,75
PLASTIBLEN,20200218,192,192,187.1,189.4,1387
PNB,20200218,51.9,52.5,49.9,52,22621843
PNBGILTS,20200218,29.5,29.55,28.5,28.6,89789
PNBHOUSING,20200218,411.1,412,403.75,407.55,313456
PNC,20200218,14.5,15.2,14.15,14.3,1207
PNCINFRA,20200218,207.2,208.7,194.4,201.85,564905
PODDARHOUS,20200218,289,290.45,277,280,234
PODDARMENT,20200218,192.5,193.95,184.1,192.8,24970
POKARNA,20200218,84.9,84.9,80.4,81.55,38036
POLYCAB,20200218,1050,1077.95,1030.6,1068.85,153599
POLYMED,20200218,292.05,299,287.5,294,38042
POLYPLEX,20200218,536.4,536.8,513.5,522.65,89790
PONNIERODE,20200218,141.2,141.2,136,139.25,1236
POWERGRID,20200218,182.6,186.35,180.85,185,17369937
POWERMECH,20200218,744.95,745,711.1,729.15,19185
PPAP,20200218,179.15,187.7,179.1,184.35,28528
PPL,20200218,55.05,58.4,54.05,57.55,20603
PRABHAT,20200218,81.1,81.4,80.1,81,53259
PRADIP,20200218,0.4,0.4,0.4,0.4,1
PRAENG,20200218,6,6.3,5.9,6,18221
PRAJIND,20200218,104.3,109.5,101.35,106.9,2683891
PRAKASH,20200218,42.3,42.3,40,41.2,467135
PRAKASHSTL,20200218,0.2,0.2,0.2,0.2,800
PRECAM,20200218,39.05,39.25,38.05,38.6,4771
PRECOT,20200218,31.5,32.5,31.2,31.95,1918
PRECWIRE,20200218,140.25,140.25,136,136.95,13125
PREMEXPLN,20200218,119.9,123.9,115.45,120.15,8859
PREMIER,20200218,1.7,1.7,1.7,1.7,500
PREMIERPOL,20200218,22.35,27.45,22.35,23.15,11802
PRESSMN,20200218,22,24,22,23.65,20121
PRESTIGE,20200218,359.8,359.8,341.05,348.35,178175
PRICOLLTD,20200218,47.2,47.25,44.2,44.9,132720
PRIMESECU,20200218,40,40,37.6,37.9,21047
PRINCEPIPE,20200218,189,192,182,185.85,512784
PROSEED,20200218,0.3,0.3,0.25,0.25,11821
PROZONINTU,20200218,18.5,18.7,17.75,17.8,37396
PRSMJOHNSN,20200218,63.3,65.15,63.1,63.75,280844
PSB,20200218,16.9,17.05,16.55,16.8,28943
PSL,20200218,0.55,0.55,0.5,0.5,3809
PSPPROJECT,20200218,524.9,524.9,515,519.6,23374
PSUBNKBEES,20200218,23.8,23.8,22.9,23.48,147634
PTC,20200218,50.55,51.3,50,51,446811
PTL,20200218,35.5,37.4,33.45,36,13509
PUNJABCHEM,20200218,450,460,440,454.3,3035
PURVA,20200218,57,57.4,55.25,56.2,50140
PVR,20200218,2098.65,2098.65,2051.9,2086.5,140563
QGOLDHALF,20200218,1794,1797,1793,1796.05,297
QNIFTY,20200218,1233,1233,1227.5,1229.76,34
QUESS,20200218,587.55,588.4,572,579.85,68025
QUICKHEAL,20200218,130.9,130.9,125.1,126.2,218629
RADICO,20200218,407,422.8,401.05,419.55,567719
RADIOCITY,20200218,27.6,29,26.75,26.95,290019
RAIN,20200218,103.4,104.5,98.9,103.55,935446
RAJESHEXPO,20200218,714,723.9,705.25,711.75,158548
RAJSREESUG,20200218,17,17,16,16.5,12583
RAJTV,20200218,43.4,46.5,41.4,43.3,118720
RALLIS,20200218,231,231.05,225.25,229.95,322747
RAMANEWS,20200218,14,14,13.3,13.75,20207
RAMASTEEL,20200218,40,40.05,38.15,39.95,6023
RAMCOCEM,20200218,786.15,790.1,776.5,788.55,149529
RAMCOIND,20200218,173,179,171.05,176.85,50626
RAMCOSYS,20200218,158.5,159,151.7,155.7,57281
RAMKY,20200218,30.35,31.35,29.25,30.65,39097
RANASUG,20200218,4.8,4.8,4.45,4.6,192132
RANEENGINE,20200218,216,219.65,210,210.65,871
RANEHOLDIN,20200218,685.5,706,681.2,688.6,6815
RATNAMANI,20200218,1329.8,1329.8,1298.1,1313.9,8700
RAYMOND,20200218,586.9,587.2,570,577.3,160569
RBL,20200218,574,578,563.55,573.25,11040
RBLBANK,20200218,308.4,308.5,292.35,302.05,10772240
RCF,20200218,41.6,43.75,41.1,43.55,1330305
RCOM,20200218,0.7,0.7,0.65,0.7,4631974
RECLTD,20200218,137.7,137.7,134.1,136.95,3213852
REDINGTON,20200218,117.55,119,112,118.2,222951
REFEX,20200218,75.55,76.9,74.1,76.9,402053
REGENCERAM,20200218,1,1,0.95,0.95,560
RELAXO,20200218,819.6,826.1,810,816.2,307228
RELCAPITAL,20200218,7,7.15,6.75,6.9,3280225
RELIANCE,20200218,1475.9,1475.9,1457.4,1467.4,5086964
RELIGARE,20200218,41.5,41.9,40.4,41.25,243001
RELINFRA,20200218,21.7,22.3,20.9,21.9,5533960
REMSONSIND,20200218,73,81.4,72.65,77.35,650
RENUKA,20200218,7,7.15,6.9,7.15,925224
REPCOHOME,20200218,300,303.15,288,292.3,64013
REPRO,20200218,557.5,564.5,551.6,555.55,5814
RESPONIND,20200218,90,90.95,88.05,89,91341
REVATHI,20200218,483.35,486.2,464.6,484.5,3919
RGL,20200218,393.85,399.95,312.95,374.95,62123
RHFL,20200218,0.9,0.9,0.9,0.9,1241993
RICOAUTO,20200218,40.8,40.8,39.55,39.95,212616
RIIL,20200218,358,360.95,342,355.8,375726
RITES,20200218,307,319.8,300,313.1,1412163
RKDL,20200218,5.75,5.85,5.25,5.55,7698
RKFORGE,20200218,320.05,339.8,316,334.95,10359
RMCL,20200218,5.35,5.35,5.15,5.15,28056
RML,20200218,271.8,271.8,254.35,259.1,13512
RNAVAL,20200218,1.6,1.6,1.6,1.6,371171
ROHITFERRO,20200218,0.45,0.45,0.45,0.45,629
ROHLTD,20200218,68.15,70.9,67.85,70.05,70048
ROLLT,20200218,1.5,1.65,1.4,1.45,12213
ROLTA,20200218,3.6,3.65,3.55,3.55,46528
ROSSELLIND,20200218,58.6,61.95,56.45,61.75,12781
RPGLIFE,20200218,282.5,282.5,268.5,274.85,13797
RPOWER,20200218,1.8,1.8,1.7,1.7,12484282
RPPINFRA,20200218,59,62,50,51.5,109744
RSSOFTWARE,20200218,18.65,19.35,18.6,19.1,6370
RSWM,20200218,122.9,123.5,110.4,115.3,65969
RSYSTEMS,20200218,95.9,98,95.9,95.95,50453
RTNPOWER,20200218,2.65,2.65,2.65,2.65,313052
RUBYMILLS,20200218,192.1,208,192.1,204.05,1231
RUCHI,20200218,44.15,44.15,44.15,44.15,946
RUCHINFRA,20200218,2.9,2.9,2.9,2.9,11834
RUCHIRA,20200218,61,61,57,58.35,50552
RUPA,20200218,215.15,218.3,212,214.85,28328
RUSHIL,20200218,138.2,139.75,135.25,137.65,9974
RVNL,20200218,22.35,22.95,21.9,22.5,5523476
SABTN,20200218,1.4,1.4,1.25,1.3,9957
SADBHAV,20200218,98,99.8,86.85,89.65,812026
SADBHIN,20200218,32,32.4,31.3,31.85,164489
SAFARI,20200218,646.7,646.7,631,635.6,6705
SAGARDEEP,20200218,82.2,82.2,79.3,79.3,2205
SAGCEM,20200218,526.55,529.8,513.5,516.2,2037
SAIL,20200218,42.5,42.6,40.7,41.95,23914632
SAKAR,20200218,62.9,63.9,59.2,60.35,4583
SAKHTISUG,20200218,9,9.05,8.7,8.9,74366
SAKSOFT,20200218,204,204,195.05,200.1,5113
SAKUMA,20200218,5.95,6.45,5.55,6.1,322805
SALASAR,20200218,115.05,120.7,114.5,119.55,40455
SALONA,20200218,64.6,67.8,64.6,65.95,33
SALSTEEL,20200218,2.9,3,2.9,2.95,13508
SALZERELEC,20200218,105,106.8,103.65,106,10760
SAMBHAAV,20200218,2.05,2.25,1.9,2.05,36559
SANCO,20200218,14.85,15.45,12.95,14.95,483168
SANDESH,20200218,595.05,613.95,595,595.9,806
SANDHAR,20200218,273.45,273.85,263.25,269.75,4074
SANGAMIND,20200218,50.1,51.95,50,51.85,5220
SANGHIIND,20200218,31.95,31.95,29.5,30.5,324877
SANGHVIFOR,20200218,15.55,16,15.4,15.45,6153
SANGHVIMOV,20200218,103.2,106.5,101.25,104.75,13332
SANGINITA,20200218,142.95,157.95,142.95,156.95,80584
SANOFI,20200218,7250,7261.3,6990,7177.05,8836
SANWARIA,20200218,1.45,1.55,1.45,1.5,6959776
SARDAEN,20200218,202,203.9,198.8,199.7,27285
SAREGAMA,20200218,411.95,411.95,390.2,393.95,2511
SARLAPOLY,20200218,20.95,20.95,19.8,20.2,27206
SASKEN,20200218,581.15,584.2,575.3,577.8,2526
SASTASUNDR,20200218,68.2,73.8,68.2,71.5,5894
SATHAISPAT,20200218,1.9,1.9,1.85,1.85,113
SATIA,20200218,98,100.5,94,96.4,78427
SATIN,20200218,192,193,188.05,188.65,48939
SBIETFQLTY,20200218,103,103,99.45,100.69,236
SBILIFE,20200218,915,921.45,907.1,916.05,901858
SBIN,20200218,315.4,319.2,309.4,317.55,38588583
SCAPDVR,20200218,0.15,0.2,0.15,0.2,167560
SCHAEFFLER,20200218,4440,4578.25,4364.2,4524.7,3931
SCHAND,20200218,72,73.95,70.15,71,30406
SCHNEIDER,20200218,102.8,105,99.45,101.2,224966
SCI,20200218,54.9,57,52.7,56.05,2051552
SDBL,20200218,104.4,104.4,99.1,101.45,12238
SEAMECLTD,20200218,430,439.4,425.5,429.05,1297
SELAN,20200218,141,141.15,137.4,138.55,18521
SELMCL,20200218,0.65,0.7,0.65,0.65,75867
SEPOWER,20200218,2.3,2.4,2.2,2.4,10746
SEQUENT,20200218,92.5,95.95,92.2,92.75,297872
SESHAPAPER,20200218,151.6,153.7,150.5,150.9,8227
SETCO,20200218,10.45,10.9,10.2,10.9,485794
SETF10GILT,20200218,180.7,189.5,179.5,189.5,95
SETFGOLD,20200218,3684.5,3702,3684.5,3699.4,3281
SETFNIF50,20200218,124,124.08,123.08,123.79,330346
SETFNIFBK,20200218,316,316,305.51,308.85,55718
SETFNN50,20200218,290,294.74,285.3,289.78,7315
SETUINFRA,20200218,0.8,0.85,0.8,0.8,98094
SEYAIND,20200218,88.45,88.45,88.45,88.45,1727
SFL,20200218,1636.5,1660,1614,1649.35,11931
SGL,20200218,6.95,6.95,6.5,6.65,5585
SHAHALLOYS,20200218,7.85,7.85,7.85,7.85,45
SHAKTIPUMP,20200218,246.25,263.65,246.25,253,233958
SHALBY,20200218,98.25,99.85,96.25,97.45,27285
SHALPAINTS,20200218,95.3,96.75,95,95.6,52702
SHANKARA,20200218,486.7,502.5,486.7,487.7,90387
SHANTIGEAR,20200218,94.75,96.25,93.3,93.7,1973
SHARDACROP,20200218,210.1,216.3,208.3,214.15,11836
SHARDAMOTR,20200218,867.8,906.15,867.8,897.95,1018
SHARIABEES,20200218,266.52,267.24,266.52,266.94,26
SHEMAROO,20200218,76.6,76.6,74.6,74.6,39000
SHIL,20200218,148.95,149.5,139,143.35,45097
SHILPAMED,20200218,423,448,408.85,439.05,192790
SHIRPUR-G,20200218,9.5,9.5,9.5,9.5,4386
SHIVAMAUTO,20200218,19.25,19.9,18.55,19.3,91947
SHIVAMILLS,20200218,30.5,31.8,30.5,30.95,1290
SHIVATEX,20200218,89,90.3,87.4,90,264
SHK,20200218,116,116.05,109.65,110.55,41248
SHOPERSTOP,20200218,384.35,386.9,376.7,383.2,6016
SHREDIGCEM,20200218,26.65,26.95,25.8,26.4,263225
SHREECEM,20200218,24000,24000,23300.75,23777.25,39818
SHREEPUSHK,20200218,117.3,121.8,112.85,114.5,54807
SHREERAMA,20200218,5.7,5.7,5.7,5.7,9939
SHRENIK,20200218,37,37,35.1,36.05,47534
SHREYANIND,20200218,110.05,110.85,108.5,109.05,7583
SHREYAS,20200218,80,80,74.5,75.2,7531
SHRIPISTON,20200218,688,703.9,675,693.75,369
SHRIRAMCIT,20200218,1468.5,1468.5,1412.3,1444.1,16765
SHRIRAMEPC,20200218,3.9,3.9,3.8,3.8,95093
SHYAMCENT,20200218,2.95,2.95,2.95,2.95,3387
SICAGEN,20200218,15.05,15.6,14.35,14.75,12026
SICAL,20200218,8.9,8.9,8.9,8.9,73545
SIEMENS,20200218,1379.65,1398.9,1362.1,1394.1,280577
SIGIND,20200218,18.4,19.7,18.4,19.3,8302
SIL,20200218,10.85,11,10.85,11,102
SILINV,20200218,131.1,143.7,131.05,140.1,340
SIMBHALS,20200218,6.6,6.75,6.45,6.5,9485
SIMPLEXINF,20200218,46.35,51.15,46.35,49.2,1232765
SINTEX,20200218,0.7,0.7,0.65,0.7,1779076
SIRCA,20200218,320.6,333,309,319.5,23731
SIS,20200218,570,593,543.25,586.2,45020
SITINET,20200218,1.2,1.2,1.15,1.15,60985
SIYSIL,20200218,224.5,228.5,221,225.3,15012
SJVN,20200218,25.2,25.7,24.75,25.35,4423355
SKFINDIA,20200218,1959.6,1971,1944.05,1951.95,5024
SKIL,20200218,4.1,4.4,4.05,4.4,5850
SKIPPER,20200218,37.5,37.95,35.5,35.95,102322
SKMEGGPROD,20200218,31,31,29.55,30.45,15479
SMARTLINK,20200218,81.45,81.45,78.5,78.95,3287
SMLISUZU,20200218,575.5,591,570.15,573.2,63714
SMSLIFE,20200218,252.5,267.2,241.4,247.95,3571
SMSPHARMA,20200218,39.9,41.85,38.4,41,44077
SNOWMAN,20200218,43.35,43.55,43.3,43.45,1016337
SOBHA,20200218,376.3,377.2,363.1,364.65,108238
SOLARA,20200218,642,665,601,649.9,143691
SOLARINDS,20200218,1153.35,1200,1135,1175.15,681540
SOMANYCERA,20200218,209.95,210.6,203,205.9,139188
SOMATEX,20200218,2.2,2.2,2.2,2.2,72
SOMICONVEY,20200218,14.05,14.05,13,13.25,4133
SONATSOFTW,20200218,336,340.65,332.1,336.8,103216
SORILINFRA,20200218,101.5,103.5,97.85,98.15,43340
SOTL,20200218,832,832.05,792.8,802.6,1559
SOUTHBANK,20200218,9.85,9.85,9.6,9.7,4988783
SOUTHWEST,20200218,17.5,18.55,16.75,18.25,5010
SPAL,20200218,175,175,159.6,164.05,42922
SPANDANA,20200218,998.1,1040,998.1,1028,26480
SPARC,20200218,165.9,166.4,160.3,163.65,385863
SPCENET,20200218,0.85,0.85,0.85,0.85,502
SPECIALITY,20200218,55,58,54.45,55.85,91924
SPENCERS,20200218,78.5,79.75,76,79,674050
SPENTEX,20200218,0.25,0.3,0.25,0.25,2063
SPIC,20200218,17.8,17.8,16.4,17.45,62009
SPICEJET,20200218,86.5,86.7,82.6,84.05,1339142
SPLIL,20200218,29.35,29.9,28,28.65,45565
SPMLINFRA,20200218,8.35,8.8,8.35,8.7,23086
SPTL,20200218,0.85,0.85,0.8,0.8,2531290
SPYL,20200218,0.25,0.3,0.25,0.25,2136
SREEL,20200218,159.35,159.9,153,159.2,9147
SREINFRA,20200218,8.45,8.5,8,8.1,579672
SRF,20200218,4157.2,4174.8,4122.45,4163.8,245271
SRHHYPOLTD,20200218,119.55,119.55,111.15,114.45,13834
SRIPIPES,20200218,223.9,224.85,214,218.95,146375
SRTRANSFIN,20200218,1277,1281.75,1245.35,1274,1027026
SSWL,20200218,748.3,749,742.55,747.5,3041
STAMPEDE,20200218,0.4,0.4,0.35,0.35,138947
STAR,20200218,504.6,504.6,483,487.9,483193
STARCEMENT,20200218,85.3,87.2,84.9,85.4,47747
STARPAPER,20200218,117,122.25,113.35,120.45,155912
STCINDIA,20200218,49.55,50.35,46.1,47.8,20576
STEELCITY,20200218,28.6,29.35,28.5,28.55,1162
STEELXIND,20200218,24.3,24.9,23.9,24,25495
STEL,20200218,62.6,62.6,60.3,60.55,4826
STERTOOLS,20200218,194,199.7,183.9,195.9,19180
STRTECH,20200218,112.3,112.75,108.15,109.1,775501
SUBCAPCITY,20200218,5.7,5.7,5.7,5.7,1
SUBEX,20200218,5.6,6.7,5.5,6.55,7145447
SUBROS,20200218,236,270.85,234,263.7,85342
SUDARSCHEM,20200218,466.5,481.6,456.7,469.35,258665
SUJANAUNI,20200218,0.1,0.15,0.1,0.1,92823
SUMEETINDS,20200218,1.55,1.55,1.5,1.55,57467
SUMICHEM,20200218,253,253.95,245,247.25,185817
SUMIT,20200218,16.2,16.2,16.2,16.2,6020
SUMMITSEC,20200218,443.05,443.05,410.2,420.05,2734
SUNCLAYLTD,20200218,2016,2016.05,1963.1,1987.35,936
SUNDARAM,20200218,1.55,1.55,1.55,1.55,171002
SUNDARMFIN,20200218,1635,1654.7,1620,1626,24070
SUNDARMHLD,20200218,63.5,64.8,60.8,61.85,23997
SUNDRMBRAK,20200218,304.4,304.4,291,294.55,649
SUNDRMFAST,20200218,453,454,445.1,447.15,855271
SUNFLAG,20200218,36.1,37,35.1,36.35,105502
SUNPHARMA,20200218,407,410.85,399.05,408.65,4187206
SUNTECK,20200218,392.5,392.5,380.75,389.95,128977
SUNTV,20200218,478.7,480.7,464,471.75,2419197
SUPERHOUSE,20200218,92.95,93,87.1,89.4,6943
SUPERSPIN,20200218,3.05,3.25,3.05,3.15,4707
SUPPETRO,20200218,173.7,174,164.3,170.65,6429
SUPRAJIT,20200218,191.6,197,187,194.75,39506
SUPREMEIND,20200218,1390,1399.7,1382.1,1394.05,33499
SUPREMEINF,20200218,19.65,20.1,19.65,19.65,5947
SURANASOL,20200218,7.8,7.8,7.3,7.55,16778
SURANAT&P,20200218,3.7,4,3.65,3.85,12174
SURYALAXMI,20200218,18.65,19.9,17.85,19.5,5099
SURYAROSNI,20200218,165,165,154.1,162.7,69067
SUTLEJTEX,20200218,32.4,32.4,26.3,28.45,57955
SUVEN,20200218,48.75,48.75,48.75,48.75,59649
SUZLON,20200218,2.3,2.3,2.2,2.25,8833504
SWANENERGY,20200218,127.1,128,121.45,122.8,12345
SWARAJENG,20200218,1155.6,1155.6,1130,1145.35,3502
SWELECTES,20200218,128.1,128.15,121.25,121.65,5336
SWSOLAR,20200218,259,261.85,249,249.9,245176
SYMPHONY,20200218,1360,1364.9,1334.2,1350.5,35357
SYNCOM,20200218,0.65,0.65,0.6,0.6,1408
SYNDIBANK,20200218,22.05,22.4,21.3,21.75,1206369
SYNGENE,20200218,307.45,308,304,307.45,50139
TAINWALCHM,20200218,54.25,54.25,49.3,53.2,4074
TAJGVK,20200218,177.9,177.9,171.3,173.6,18280
TAKE,20200218,99.55,100.8,97.05,98.7,132800
TALBROAUTO,20200218,118.45,119.65,115,117.65,11404
TALWALKARS,20200218,2,2,1.95,1.95,40923
TALWGYM,20200218,1.4,1.4,1.4,1.4,4800
TANLA,20200218,76.1,76.6,73.3,74.4,246232
TANTIACONS,20200218,2.2,2.2,2.05,2.05,3424
TARAPUR,20200218,3.55,3.55,3.55,3.55,10
TARMAT,20200218,27.95,30.45,27.95,30.35,16798
TASTYBITE,20200218,11268,11300,10640.9,11242.3,2493
TATACHEM,20200218,755,757,743.1,749.6,573449
TATACOFFEE,20200218,91.5,91.75,89.55,91.05,267750
TATACOMM,20200218,387.5,393.2,383.35,390.25,57884
TATAELXSI,20200218,980,992,934.8,970.05,912440
TATAGLOBAL,20200218,380,386.5,373.2,382,7402772
TATAINVEST,20200218,929.9,939,916,933.05,29597
TATAMETALI,20200218,582.75,595,570,590.85,21007
TATAMOTORS,20200218,168,168,158.6,161.6,52744122
TATAMTRDVR,20200218,68.7,68.7,64.55,66.4,3652643
TATAPOWER,20200218,51.75,51.95,50.6,51.55,5096324
TATASTEEL,20200218,434,435.15,421.3,431.4,11502423
TATASTLBSL,20200218,27.5,27.6,26.55,27.15,1299392
TATASTLLP,20200218,369.9,371.65,362.5,364.45,14759
TBZ,20200218,37.45,37.9,36,36.6,33595
TCI,20200218,260.3,261.3,257.15,260.05,14096
TCIDEVELOP,20200218,350,354,336.85,351.25,160
TCIEXP,20200218,901,919,886,907.95,21629
TCIFINANCE,20200218,6.35,6.7,6,6.35,26170
TCNSBRANDS,20200218,570.05,570.05,551.05,556.75,1736
TCPLPACK,20200218,283,290,276.1,277.75,7883
TCS,20200218,2199.95,2221,2186.05,2215.75,2486223
TDPOWERSYS,20200218,167,171.1,166.1,168.45,14017
TEAMLEASE,20200218,2363.6,2498,2338.15,2438.7,77715
TECHIN,20200218,2.75,2.75,2.75,2.75,20
TECHM,20200218,825.35,840,825.35,838.8,1507814
TECHNOE,20200218,290,298,277.05,292.8,23308
TECHNOFAB,20200218,13.8,13.8,13.8,13.8,3766
TEJASNET,20200218,69,70.5,66.65,67.45,144451
TERASOFT,20200218,25,27.1,23.7,24.05,25124
TEXINFRA,20200218,44.7,44.7,41.65,42,21779
TEXMOPIPES,20200218,14.2,14.4,13.6,14.1,36264
TEXRAIL,20200218,31.85,31.95,30.1,30.55,380692
TFCILTD,20200218,71.4,72.45,70.05,70.65,181069
TFL,20200218,4,4.35,4,4.35,125
TGBHOTELS,20200218,3.3,3.4,3.2,3.25,5276
THANGAMAYL,20200218,490,490,435,451.85,12634
THEINVEST,20200218,117.5,119.35,115,117.9,8193
THEMISMED,20200218,420,420,399,401.75,1548
THERMAX,20200218,989,989,955,968.05,196013
THOMASCOOK,20200218,42.05,43.25,42.05,42.85,330559
THYROCARE,20200218,627,631.9,611.3,617.9,97564
TI,20200218,18.75,18.8,18.25,18.8,27751
TIDEWATER,20200218,4951,4951,4826,4860.35,924
TIIL,20200218,326.7,326.7,306.05,308.4,5589
TIINDIA,20200218,501.95,501.95,480.1,486.05,46719
TIJARIA,20200218,5.05,5.05,4.8,4.95,5688
TIL,20200218,180.5,186.95,176,183.9,1765
TIMESGTY,20200218,28.65,31.35,24.1,29,1020
TIMETECHNO,20200218,51.2,52.1,49.5,50.25,169860
TIMKEN,20200218,1058,1058,928,1038.8,75033
TINPLATE,20200218,136.1,136.9,132.5,133.65,243175
TIPSINDLTD,20200218,122.5,125.25,122.5,125,9305
TIRUMALCHM,20200218,61.95,65.9,59.35,65.05,581556
TITAN,20200218,1314,1318.9,1301.25,1311,1761012
TMRVL,20200218,8.8,8.8,8.1,8.3,57229
TNPETRO,20200218,35.45,35.45,34.5,35.05,29153
TNPL,20200218,170,170.25,164.75,167.2,91478
TNTELE,20200218,1.4,1.4,1.4,1.4,49
TOKYOPLAST,20200218,57.5,63.55,57.5,61.4,1472
TORNTPHARM,20200218,2143,2158,2113.4,2131.9,168303
TORNTPOWER,20200218,319.65,321.4,306,309.6,2666620
TOUCHWOOD,20200218,78.8,78.8,66.2,73.75,11376
TPLPLASTEH,20200218,125.15,127.8,122,124.15,5347
TREEHOUSE,20200218,5.15,5.3,4.85,4.85,10966
TREJHARA,20200218,9.3,9.3,8.35,8.95,3448
TRENT,20200218,751,764.6,715.8,727.4,538830
TRF,20200218,110.8,111.95,107.35,108.45,29874
TRIDENT,20200218,5.65,5.7,5.55,5.6,2531460
TRIGYN,20200218,46.3,46.8,42.3,44.65,105912
TRIL,20200218,9.65,9.65,8.5,8.9,250376
TRITURBINE,20200218,90.8,92,90,91.15,74134
TRIVENI,20200218,79.7,79.7,76.35,78.8,389244
TTKHLTCARE,20200218,488.4,490.95,470.4,487.95,3394
TTKPRESTIG,20200218,5969,5969,5811,5844.1,1851
TTL,20200218,40.15,42.05,38.1,41,4270
TTML,20200218,3.55,3.55,3.2,3.2,2522540
TV18BRDCST,20200218,27.45,30.05,27.05,28.9,37255168
TVSELECT,20200218,105,105,101.25,103.4,48248
TVSMOTOR,20200218,429,443,424,438.4,1737719
TVSSRICHAK,20200218,1606.25,1620,1590,1594,3327
TVTODAY,20200218,260,260,242.5,247.85,72529
TWL,20200218,46,47.55,44.25,46.55,623178
UBL,20200218,1276.9,1276.9,1256,1269.45,141097
UCALFUEL,20200218,119.75,122.2,116.85,117.45,14790
UCOBANK,20200218,14,14,13.5,13.6,423782
UFLEX,20200218,226,226.35,217.25,220.85,36143
UFO,20200218,121.7,124,116.8,118.7,39034
UGARSUGAR,20200218,14.65,14.7,14.25,14.3,57152
UJAAS,20200218,4.05,4.15,4.05,4.05,260045
UJJIVAN,20200218,388.85,388.85,374.95,385.5,1379860
UJJIVANSFB,20200218,53.05,53.5,52.2,52.8,1124779
ULTRACEMCO,20200218,4433.6,4488.2,4370.1,4475.7,510062
UMANGDAIRY,20200218,41.8,42.55,41.8,42.1,116244
UMESLTD,20200218,0.8,0.8,0.8,0.8,162
UNICHEMLAB,20200218,142,143.9,136.1,137.15,26265
UNIENTER,20200218,74,74,67.45,68.05,3801
UNIONBANK,20200218,46.5,46.8,40.05,43.25,5665324
UNIPLY,20200218,8.5,8.5,8.5,8.5,53087
UNITECH,20200218,2.6,2.6,2.6,2.6,691459
UNITEDBNK,20200218,7.8,7.85,7.45,7.65,418197
UNITEDTEA,20200218,256.25,264.95,256.25,260.5,43
UNIVCABLES,20200218,150,150.8,145.25,148.05,15929
UNIVPHOTO,20200218,62.8,63,62.8,63,629
UPL,20200218,592,592,574,585.2,2972328
URJA,20200218,1.55,1.55,1.5,1.5,509035
USHAMART,20200218,24.5,24.75,23.5,24.65,194401
UTINEXT50,20200218,292.7,296,289.7,296,217
UTINIFTETF,20200218,1282,1282,1267,1267.05,5090
UTISENSETF,20200218,440,440,430.01,434.43,840
UTISXN50,20200218,320.71,320.71,315,315,13
UTTAMSTL,20200218,6.1,6.3,6,6.05,68003
UTTAMSUGAR,20200218,114,114.15,106.2,108.7,92697
UVSL,20200218,0.1,0.15,0.05,0.1,5862807
V2RETAIL,20200218,82.35,83.35,78,80.8,131924
VADILALIND,20200218,845,845.95,795.1,821.65,12754
VAIBHAVGBL,20200218,1130,1139,1125.05,1128.55,14118
VAISHALI,20200218,51.5,53.4,51.5,52.35,29778
VAKRANGEE,20200218,46.4,46.65,44.7,45.55,2240081
VARDHACRLC,20200218,34.3,34.3,33.6,33.7,489
VARDMNPOLY,20200218,1.95,2,1.95,2,230
VARROC,20200218,408,408,385.55,401.05,70456
VASCONEQ,20200218,15.25,15.25,14.6,14.65,133836
VASWANI,20200218,3.3,3.75,3.2,3.7,13485
VBL,20200218,806,821.75,781.05,808.15,100944
VEDL,20200218,141.75,141.75,137.5,140.55,13205238
VENKEYS,20200218,1397.2,1485,1365.35,1413.3,226741
VENUSREM,20200218,24.85,25.7,24.1,24.6,11537
VESUVIUS,20200218,1105,1155,1090,1124.5,1180
VETO,20200218,54.3,56,52.1,53.7,30552
VGUARD,20200218,204.85,204.85,199.3,202.05,176142
VHL,20200218,1307,1320,1300,1310.25,596
VICEROY,20200218,1.2,1.25,1.2,1.2,16799
VIDHIING,20200218,66,66,64.3,65.05,42301
VIJIFIN,20200218,0.35,0.4,0.3,0.3,100545
VIKASECO,20200218,2.3,2.35,2.2,2.25,458023
VIKASMCORP,20200218,2.65,2.65,2.45,2.55,1045764
VIKASPROP,20200218,11.15,11.3,10.9,10.9,1554498
VIKASWSP,20200218,8.2,8.2,7.8,7.85,192335
VIMTALABS,20200218,104,104,99.7,100.05,12740
VINATIORGA,20200218,980.3,981.95,960.9,970.75,36430
VINDHYATEL,20200218,875,880,858,864.95,3487
VINYLINDIA,20200218,61.25,62,59.5,61.1,8659
VIPCLOTHNG,20200218,7.4,7.45,6.75,6.8,46046
VIPIND,20200218,454,468,448.25,450.9,259156
VIPULLTD,20200218,20.6,21.6,20,20.05,7575
VISAKAIND,20200218,251.5,251.95,241.5,248.3,32482
VISASTEEL,20200218,4.05,4.35,4,4,3901
VISESHINFO,20200218,0.05,0.1,0.05,0.1,8412544
VISHAL,20200218,230,237,230,230,27501
VISHNU,20200218,124.9,128.7,118.2,122.35,6843
VISHWARAJ,20200218,75.9,78,75.1,76.1,4548
VIVIDHA,20200218,0.25,0.3,0.25,0.3,4860
VIVIMEDLAB,20200218,10.25,10.35,9.9,10.1,75510
VLSFINANCE,20200218,54.8,54.8,53.4,54.2,7956
VMART,20200218,2200,2299,2200,2281.7,32476
VOLTAMP,20200218,1380,1400,1372,1393.05,4419
VOLTAS,20200218,694.75,700.55,684.05,697.1,1369375
VRLLOG,20200218,248.95,249.45,245,245.25,24961
VSSL,20200218,68,68.95,67,67.55,2147
VSTIND,20200218,4344,4375,4289.15,4338.3,21311
VSTTILLERS,20200218,1298.7,1298.7,1240.05,1268.95,7496
VTL,20200218,1030,1038.75,1020,1030.95,17887
WABAG,20200218,209.35,209.4,200,202.3,133020
WABCOINDIA,20200218,6824.85,6878.8,6780,6797.6,2080
WALCHANNAG,20200218,57.1,57.7,55.5,57.3,69312
WANBURY,20200218,25.1,25.1,23.95,25.1,35891
WATERBASE,20200218,134.9,141.3,133.55,134.45,464058
WEBELSOLAR,20200218,26.85,27,25.9,26.2,32134
WEIZFOREX,20200218,392.75,392.75,392.75,392.75,926
WEIZMANIND,20200218,26.6,26.6,24.55,26.2,13165
WELCORP,20200218,202.85,209.6,200,206.45,1314912
WELENT,20200218,74.65,74.9,71.1,73.3,254594
WELINV,20200218,214,214.95,202.7,206,828
WELSPUNIND,20200218,45.4,45.75,43.35,44.35,1439825
WENDT,20200218,2677.05,2788.8,2677.05,2753.75,130
WESTLIFE,20200218,459,469,447.35,465.4,208175
WHEELS,20200218,579,579,555.25,563.65,2005
WHIRLPOOL,20200218,2214.6,2309.95,2207.7,2298.2,154281
WILLAMAGOR,20200218,15.35,16.4,15.3,15.4,2797
WINDMACHIN,20200218,20.25,22.2,20.25,20.55,28871
WIPRO,20200218,243.75,244.85,241.25,244.05,1252637
WOCKPHARMA,20200218,349.7,352.8,324.3,335.4,1399261
WONDERLA,20200218,238,239.5,234,235.95,13713
WSI,20200218,1.45,1.45,1.45,1.45,3005
WSTCSTPAPR,20200218,214.2,215.9,207,209.65,53043
XCHANGING,20200218,54.05,54.05,51.5,52,16315
XELPMOC,20200218,60.05,62.6,60.05,61.1,2199
XPROINDIA,20200218,23.85,23.85,22.7,22.75,775
YESBANK,20200218,37.35,37.5,33.65,35.05,229070225
ZEEL,20200218,240,247.55,238.65,245.6,12058654
ZEELEARN,20200218,17.7,17.7,16.35,16.9,88547
ZEEMEDIA,20200218,5.2,5.25,4.9,5,267677
ZENITHBIR,20200218,0.4,0.5,0.4,0.5,13753
ZENITHEXPO,20200218,41.65,41.65,41.65,41.65,2
ZENSARTECH,20200218,141.8,143.95,138.05,141.2,58914
ZENTEC,20200218,56.15,56.2,54,54.65,29503
ZICOM,20200218,1.4,1.4,1.35,1.35,1050
ZODIACLOTH,20200218,171.05,176.8,170,174.15,229
ZODJRDMKJ,20200218,29.65,29.65,26.35,29.5,1063
ZOTA,20200218,183.6,183.6,178.6,181.75,23118
ZUARI,20200218,91,91,85.1,87.2,36636
ZUARIGLOB,20200218,48.4,48.4,45,46,49785
ZYDUSWELL,20200218,1481.95,1488,1458.05,1481.25,21808
NSENIFTY,20200218,12028.25,12030.75,11908.05,11992.50,677307424,0
NIFTYJUNIOR,20200218,28116.45,28116.45,27750.75,28060.35,843614883,0
NIFTYMIDCAPLIQ15,20200218,4171.85,4178.85,4106.45,4169.10,78671394,0
NSE100,20200218,12133.60,12134.45,12009.55,12098.90,1524574950,0
NIFTY200,20200218,6220.80,6221.35,6155.90,6202.30,1854482055,0
NSE500,20200218,9876.70,9877.60,9768.45,9845.55,2126824758,0
NSEMIDCAP150,20200218,6622.15,6623.25,6529.60,6592.60,345709683,0
MIDCAP50,20200218,4836.00,4836.60,4762.20,4823.25,297430354,0
NSEMIDCAP,20200218,17794.75,17799.20,17560.75,17725.60,329907105,0
NSESMLCAP100,20200218,6076.85,6080.55,5972.35,6059.70,-,0
NIFTYLARGEMIDCAP250,20200218,-,-,-,6134.11,1870284633,0
NIFTYAUTO,20200218,7758.00,7758.00,7620.50,7692.30,94588508,0
BANKNIFTY,20200218,30661.50,30692.75,30252.45,30562.50,398866924,0
NIFTYFINSERVICE,20200218,14356.30,14367.35,14214.05,14315.70,108150402,0
NIFTYFMGC,20200218,30463.00,30471.35,30076.65,30360.60,40610242,0
NSEIT,20200218,16586.90,16773.20,16526.40,16748.75,20798165,0
NIFTYMEDIA,20200218,1840.20,1851.15,1820.55,1845.90,61684696,0
NIFTYMETAL,20200218,2572.40,2573.30,2514.00,2556.05,127284914,0
NIFTYPHARMA,20200218,8190.85,8213.00,8068.20,8198.30,22600610,0
NIFTYPVTBANK,20200218,16790.40,16807.85,16538.05,16689.40,310426512,0
NIFTYPSUBANK,20200218,2145.50,2145.85,2074.55,2128.20,112364872,0
NIFTYREALTY,20200218,304.60,305.35,300.35,302.85,10212036,0
NIFTYCOMMODITIES,20200218,3291.95,3292.55,3229.35,3278.55,269443359,0
NIFTYCONSUMPTION,20200218,5127.75,5127.75,5057.80,5101.55,91318696,0
NIFTYCPSE,20200218,1602.45,1626.75,1564.10,1611.60,190898755,0
NIFTYENERGY,20200218,14782.45,14826.60,14568.60,14789.85,138595352,0
NIFTY100ESG,20200218,-,-,-,2261.89,1345647500,0
NIFTY100ENHESG,20200218,-,-,-,2286.24,1332250665,0
NIFTYINFRA,20200218,3242.20,3242.20,3194.10,3229.70,235368998,0
NIFTYMNC,20200218,14055.30,14057.55,13876.45,13995.30,688457370,0
NIFTYPSE,20200218,2906.75,2934.40,2855.05,2919.35,288583055,0
NIFTYSMEEMERGE,20200218,-,-,-,1360.86,610050,0
NIFTYSERVSECTOR,20200218,17360.00,17367.80,17201.25,17330.15,495374616,0
NIFTYSHARIAH25,20200218,-,-,-,4383.77,97166420,0
NIFTY50SHARIAH,20200218,-,-,-,2607.44,91903815,0
NIFTY500SHARIAH,20200218,-,-,-,3115.71,346423967,0
NIFTYABGROUP,20200218,-,-,-,2913.07,655054105,0
NIFTYMAHINDRA,20200218,-,-,-,10331.23,6391924,0
NIFTYTATA,20200218,-,-,-,7174.62,89366097,0
NIFTYTATA25CAP,20200218,-,-,-,5079.93,84601870,0
NIFTYABGROUP,20200218,-,-,-,2913.07,655054105,0
NIFTYLIQ15,20200218,3607.35,3607.65,3532.50,3577.75,446210647,0
NIFTY500VALUE50,20200218,-,-,-,3366.29,643624095,0
NIFTYALPHALOWVOL30,20200218,-,-,-,12341.71,135539093,0
NIFTYQUALLOWVOL30,20200218,-,-,-,8567.78,91690129,0
NIFTYALPHAQUALLOWVOL30,20200218,-,-,-,9937.79,125193074,0
NIFTYALPHAQUALVALLOWVOL30,20200218,-,-,-,7366.02,207026826,0
NIFTY50EQUALWEIGHT,20200218,12131.85,12131.85,11963.10,12070.10,677307424,0
NIFTY100EQUALWEIGHT,20200218,13102.50,13102.50,12916.00,13042.05,1524574950,0
NIFTY100LOWVOL30,20200218,8873.00,8885.35,8791.00,8867.55,150001972,0
NSEDEFTY,20200218,-,-,-,5807.28,-,0
NIFTY50DIVPOINT,20200218,123.38,123.38,123.38,123.38,-,0
NIFTYDIVOPPS50,20200218,2475.15,2482.85,2448.20,2478.05,385033041,0
NIFTYALPHA50,20200218,14137.65,14144.00,13944.50,14100.30,107402032,0
NIFTY50ARBITRAGE,20200218,-,-,-,1893.32,-,0
NIFTY50FUTINDEX,20200218,-,-,-,4016.63,-,0
NIFTY50FUTTRINDEX,20200218,-,-,-,12129.91,-,0
NIFTYHIGHBETA50,20200218,-,-,-,1319.16,1380052096,0
NIFTYLOWVOL50,20200218,-,-,-,10916.44,165267267,0
NIFTY50VALUE20,20200218,5479.95,5511.30,5437.65,5500.00,439767837,0
NIFTYGROWSECT15,20200218,6234.75,6236.10,6154.45,6197.85,73180236,0
NIFTY50TR2XLEV,20200218,6656.65,6657.35,6523.65,6617.00,-,0
NIFTY50PR2XLEV,20200218,5116.10,5116.65,5013.90,5085.65,-,0
NIFTY50TR1XINV,20200218,342.40,345.85,342.40,343.45,-,0
NIFTY50PR1XINV,20200218,390.50,394.40,390.50,391.65,-,0
NIFTY-GS-COMPSITE,20200218,2111.53,2111.85,2109.37,2111.31,-,0
NIFTY-GS-4-8YR,20200218,2203.06,2203.58,2200.58,2203.52,-,0
NIFTY-GS-8-13YR,20200218,2073.83,2074.78,2071.68,2073.00,-,0
NIFTY-GS-10YR,20200218,1905.39,1906.41,1902.61,1905.81,-,0
NIFTY-GS-10YR-CLN,20200218,954.95,955.47,953.52,955.17,-,0
NIFTY-GS-11-15YR,20200218,2234.79,2235.21,2231.93,2232.84,-,0
NIFTY-GS-15YRPLUS,20200218,2409.30,2411.72,2409.30,2414.45,-,0
VIX,20200218,14.42,14.82,11.38,14.51,0,0
