20MICRONS,20200224,34.55,34.8,33.8,33.85,11210
21STCENMGM,20200224,12.6,12.6,12.6,12.6,258
3IINFOTECH,20200224,2.15,2.2,2.1,2.15,1074100
3MINDIA,20200224,21744,21744.25,20902,21287.5,5741
3PLAND,20200224,5.4,5.4,4.95,4.95,5272
5PAISA,20200224,189.5,189.5,175,176.35,14916
63MOONS,20200224,100,100.2,97.1,97.35,111386
A2ZINFRA,20200224,5.2,5.25,4.45,4.65,732837
AARTIDRUGS,20200224,672.9,690,660,675.7,30650
AARTIIND,20200224,1039,1071,1014,1022.45,270036
AARVEEDEN,20200224,14,14,12.5,13.5,12472
AAVAS,20200224,1949,1971.15,1911.1,1934.55,39171
ABAN,20200224,22.65,23.2,22.1,22.3,31667
ABB,20200224,1225,1225,1190,1191.95,44916
ABBOTINDIA,20200224,15799,16279.9,15400,15943.9,12236
ABCAPITAL,20200224,89,89.4,86.5,87.05,956112
ABFRL,20200224,275.8,285.5,272.05,278.25,948980
ABSLBANETF,20200224,304.7,304.7,304.6,304.7,16
ABSLNN50ET,20200224,287.68,287.68,287.68,287.68,2
ACC,20200224,1419.9,1438,1401,1407.2,627609
ACCELYA,20200224,1075,1075,1050.15,1066.6,2563
ACE,20200224,76,76,73.65,73.95,78518
ADANIENT,20200224,254.8,255.85,244.1,247.25,3309214
ADANIGAS,20200224,189.95,193,163.05,164.65,7758117
ADANIGREEN,20200224,191.45,191.45,185.2,185.9,959369
ADANIPORTS,20200224,367.65,371.4,361.5,362.25,2070656
ADANIPOWER,20200224,57,57.75,55.8,56.05,2857286
ADANITRANS,20200224,324.7,324.7,300.75,302.2,229525
ADFFOODS,20200224,298.05,299,292,293.65,14531
ADHUNIKIND,20200224,35.55,36.8,35.25,35.25,124846
ADLABS,20200224,3.65,3.7,3.45,3.7,50828
ADORWELD,20200224,320,320,302,317.25,5339
ADROITINFO,20200224,5.85,6.05,5.55,5.75,8272
ADSL,20200224,21.4,21.4,20.4,20.5,12765
ADVANIHOTR,20200224,57,57.1,54,54.45,2893
ADVENZYMES,20200224,161.9,161.9,157.1,157.8,56796
AEGISCHEM,20200224,243.95,259.4,238,241.65,237612
AFFLE,20200224,2186,2260,2140,2182,247705
AGARIND,20200224,82.35,82.4,76.55,79.4,9162
AGCNET,20200224,414.1,414.1,414.1,414.1,6281
AGRITECH,20200224,44,44,41.1,42.35,15385
AGROPHOS,20200224,12.9,12.9,12.9,12.9,77236
AHLEAST,20200224,186.05,195,178,190.7,1670
AHLUCONT,20200224,322.05,332.7,320,330.8,5932
AHLWEST,20200224,370,377.95,370,370.1,820
AIAENG,20200224,1900,1920,1792,1814.8,40844
AIONJSW,20200224,15.25,15.25,14.55,14.55,66945
AIRAN,20200224,12.6,12.6,11.3,11.45,10208
AJANTPHARM,20200224,1448,1490,1391.25,1413.1,477712
AJMERA,20200224,112.5,113.8,109,110.15,22549
AKSHARCHEM,20200224,300,318.95,292.2,297.2,22152
AKSHOPTFBR,20200224,6.55,6.6,6.3,6.6,328010
AKZOINDIA,20200224,2390,2414.45,2340,2365.65,22657
ALANKIT,20200224,15,15.85,14.75,15.15,158486
ALBERTDAVD,20200224,452.4,461.15,441.9,445.1,7511
ALBK,20200224,14.25,14.25,13.8,13.9,501225
ALCHEM,20200224,0.95,0.95,0.95,0.95,962
ALEMBICLTD,20200224,52,52.85,50.5,50.75,66276
ALICON,20200224,369.35,369.35,357.05,357.7,1657
ALKALI,20200224,45.7,45.7,43.35,44.25,3644
ALKEM,20200224,2628,2666,2573.5,2599.7,85246
ALKYLAMINE,20200224,1639,1708.95,1611,1656.45,54047
ALLCARGO,20200224,113.7,114.95,109.3,109.9,274048
ALLSEC,20200224,264.7,267.6,256.95,264.5,1780
ALOKINDS,20200224,15.25,15.25,15.25,15.25,134852
ALPA,20200224,19.25,19.3,18.5,18.7,12947
ALPHAGEO,20200224,218.3,223.95,205.15,207.25,24165
ALPSINDUS,20200224,0.95,0.95,0.85,0.9,19890
AMARAJABAT,20200224,772.95,772.95,734.1,740.45,694796
AMBER,20200224,1590,1620,1537.65,1550.65,57603
AMBIKCO,20200224,810,824.95,807.7,815.65,2645
AMBUJACEM,20200224,206.85,212.7,202,209.9,7946307
AMDIND,20200224,15.75,16.7,15.55,16,11682
AMJLAND,20200224,20.45,20.5,19.6,19.65,12584
AMRUTANJAN,20200224,513.95,539,505,519.85,68019
ANANTRAJ,20200224,31.5,31.6,31,31.1,139733
ANDHRABANK,20200224,14.9,15,14.65,14.9,328147
ANDHRACEMT,20200224,2.1,2.2,2,2.1,37206
ANDHRSUGAR,20200224,278,278,267.05,268.85,24066
ANDPAPER,20200224,273.4,276,259,261.35,8351
ANIKINDS,20200224,8.3,8.45,8,8.35,634
ANKITMETAL,20200224,0.5,0.5,0.45,0.5,54930
ANSALAPI,20200224,5.7,6.2,5.45,6.2,158174
ANSALHSG,20200224,4.8,5.05,4.8,5,29679
ANTGRAPHIC,20200224,0.65,0.65,0.6,0.65,14100
ANUP,20200224,570.5,570.5,527,529.7,162759
APARINDS,20200224,396.65,396.65,382,383.55,20600
APCL,20200224,152.4,152.4,145.6,147.4,3450
APCOTEXIND,20200224,140,143.95,135.1,135.6,87184
APEX,20200224,352.95,358.95,345,346.3,216413
APLAPOLLO,20200224,2121,2145,2021,2032.6,29196
APLLTD,20200224,660,662.95,643.05,650.55,141948
APOLLO,20200224,84.4,87.8,80.8,81.3,99027
APOLLOHOSP,20200224,1796,1813.55,1764.25,1797.45,708469
APOLLOPIPE,20200224,476,476,446,450.55,21168
APOLLOTYRE,20200224,157.95,157.95,151.5,151.95,2427071
APOLSINHOT,20200224,615,628,592,602.85,1412
APTECHT,20200224,141,143.7,137.1,138.65,173608
ARCHIDPLY,20200224,20.9,21.6,20,20.35,22853
ARCHIES,20200224,14.55,14.6,14,14.2,39222
ARCOTECH,20200224,1.3,1.3,1.3,1.3,18603
ARENTERP,20200224,14.15,14.15,14.15,14.15,515
ARIES,20200224,61,61.9,58.2,58.55,30193
ARIHANT,20200224,18.5,20,18.05,19,454
ARIHANTSUP,20200224,26.8,26.8,26.8,26.8,1978
ARMANFIN,20200224,967.6,1044.9,942.55,994.65,23178
AROGRANITE,20200224,32,32.4,31.15,31.4,8555
ARROWGREEN,20200224,43.9,43.9,39.85,41.8,10250
ARSHIYA,20200224,16.1,16.1,14.25,15.1,39264
ARSSINFRA,20200224,16.5,16.5,15.55,15.95,27571
ARTEMISMED,20200224,222.4,231,219,220.95,216
ARVIND,20200224,39.3,39.3,38.45,38.6,417094
ARVINDFASN,20200224,370,379,357.85,363.6,198746
ARVSMART,20200224,85.25,88,83.6,84.25,11334
ASAHIINDIA,20200224,261,264,252.4,259.65,22809
ASAHISONG,20200224,128.05,131.5,125.45,126.5,5441
ASAL,20200224,22.85,22.85,21.8,22.5,8856
ASALCBR,20200224,261.4,261.4,246.05,248.65,15553
ASHAPURMIN,20200224,38.55,38.55,36.55,37,52631
ASHIANA,20200224,103.05,104.5,102.15,102.4,27836
ASHIMASYN,20200224,6.2,6.6,6,6.25,95794
ASHOKA,20200224,98.9,98.9,95.15,95.6,275722
ASHOKLEY,20200224,83,86.2,82.6,84.95,30055176
ASIANHOTNR,20200224,71.1,80.2,71.1,78,3725
ASIANPAINT,20200224,1845.25,1853,1814,1818.95,1310832
ASIANTILES,20200224,248.25,250.9,245.45,249.4,78320
ASPINWALL,20200224,141.95,142,136,136.05,93
ASTEC,20200224,475.2,480.9,467.05,478.3,3157
ASTERDM,20200224,171.5,179,168.3,170.6,209044
ASTRAL,20200224,1194.85,1201.95,1180,1198.2,71958
ASTRAMICRO,20200224,97.9,103.5,97.1,98,2542104
ASTRAZEN,20200224,2810.25,2863,2735,2757.7,10760
ASTRON,20200224,38.2,38.35,37.5,38.05,62239
ATFL,20200224,683,704,678.55,687.35,4327
ATLANTA,20200224,5.2,5.4,5,5.15,10542
ATLASCYCLE,20200224,48.95,48.95,45.25,45.95,2873
ATNINTER,20200224,0.1,0.1,0.1,0.1,890
ATUL,20200224,5200,5258,4948,4988.8,25811
ATULAUTO,20200224,240.4,245.95,238.05,241.85,23060
AUBANK,20200224,1170.95,1190,1146.3,1159.2,617652
AURIONPRO,20200224,45.4,46.8,43.25,44.75,55648
AUROPHARMA,20200224,539.8,539.8,489.4,504,17116979
AUSOMENT,20200224,38.25,40.15,38.25,39.85,13
AUTOAXLES,20200224,745,745,726,733.65,4697
AUTOIND,20200224,21.7,22,20.6,20.85,4730
AUTOLITIND,20200224,19.85,20.8,19.5,20,2688
AVADHSUGAR,20200224,259.9,259.9,251.5,253.25,45265
AVANTIFEED,20200224,552,570,532.45,547.45,891151
AVTNPL,20200224,42.65,42.65,40.3,40.5,202884
AXISBANK,20200224,737.95,738.4,723,725.45,6589087
AXISCADES,20200224,61,61,58.1,59.1,9635
AXISGOLD,20200224,3705,3849.95,3705,3820.45,1665
AXISNIFTY,20200224,1240,1240.1,1223.84,1224.85,217
AYMSYNTEX,20200224,34.05,35,32.2,32.6,8170
BAGFILMS,20200224,1.7,1.75,1.65,1.65,39633
BAJAJ-AUTO,20200224,3077,3084.65,2970.05,2980.5,499562
BAJAJCON,20200224,200,202,195.75,196.45,112412
BAJAJELEC,20200224,407.9,417,401.1,414.15,98659
BAJAJFINSV,20200224,9680,9680,9448.3,9466.9,199329
BAJAJHIND,20200224,5.9,6,5.8,5.85,1262418
BAJAJHLDNG,20200224,3691.6,3740,3660.2,3695.1,22169
BAJFINANCE,20200224,4840,4876,4751.2,4803.95,1263389
BALAJITELE,20200224,54.1,54.5,52,52.55,59256
BALAMINES,20200224,416,432.3,412,414.75,44177
BALAXI,20200224,111,120,107.3,112.65,3210
BALKRISHNA,20200224,16.25,16.65,15.45,16,3469
BALKRISIND,20200224,1246.9,1251.6,1220,1227.55,697178
BALLARPUR,20200224,0.45,0.5,0.45,0.5,1085815
BALMLAWRIE,20200224,109.65,109.65,107.75,108.35,65871
BALPHARMA,20200224,38.25,38.95,37.5,37.6,8159
BALRAMCHIN,20200224,162.2,163.5,160,160.65,426475
BANARBEADS,20200224,33.4,35.9,33.4,33.6,1675
BANARISUG,20200224,1453.8,1465,1423,1438.7,523
BANCOINDIA,20200224,94.85,96,93.15,93.75,28482
BANDHANBNK,20200224,414.7,424.5,406.25,408.25,2221943
BANG,20200224,18.05,18.6,18,18.45,4269
BANKBARODA,20200224,80.9,82.1,79.7,79.9,15685366
BANKBEES,20200224,314.94,314.99,309.55,309.67,583995
BANKINDIA,20200224,59,59.7,58.5,58.8,1024784
BANSWRAS,20200224,132.1,137.95,132.1,134.1,7690
BARTRONICS,20200224,1,1.05,1,1,6732
BASF,20200224,835.05,840,827,830.2,19512
BASML,20200224,116.55,116.55,111.55,112.75,1554
BATAINDIA,20200224,1797,1806.6,1752.75,1759.35,481816
BAYERCROP,20200224,4266,4549,4250.8,4467,28111
BBL,20200224,804.3,809,791,792.7,6274
BBTC,20200224,1082,1108,1082,1092.25,50294
BCG,20200224,5.35,5.35,5,5.25,846977
BCP,20200224,18.5,18.9,18.2,18.2,17085
BDL,20200224,281.2,304.5,281.2,289,191736
BEARDSELL,20200224,7.6,7.65,7.25,7.5,4907
BEDMUTHA,20200224,14.5,14.5,14.2,14.2,1076
BEL,20200224,85.7,85.7,81.25,81.95,8530763
BEML,20200224,870,870,850.3,851.8,253075
BEPL,20200224,43.45,44.65,42.55,42.8,233944
BERGEPAINT,20200224,570,575.6,564.55,568.3,1017719
BFINVEST,20200224,315.1,321,312,316.7,40682
BFUTILITIE,20200224,310.8,312.75,300.1,302.8,103984
BGLOBAL,20200224,1.3,1.3,1.25,1.3,1164
BGRENERGY,20200224,39.1,39.65,37.9,38.05,165242
BHAGERIA,20200224,142.5,151,140.3,143.15,96661
BHAGYANGR,20200224,19,19.3,18.65,19,10583
BHAGYAPROP,20200224,24,24,22.95,23.95,10192
BHANDARI,20200224,1.15,1.15,1.1,1.15,57119
BHARATFORG,20200224,482.55,482.55,458.25,462.3,1341865
BHARATGEAR,20200224,48,49,46.65,48.1,4252
BHARATRAS,20200224,7765,7877,7565.05,7685.8,4172
BHARATWIRE,20200224,27,29,26.3,27.2,47400
BHARTIARTL,20200224,542,542.05,527.1,529.9,9653196
BHEL,20200224,34.3,34.75,33.7,33.9,13344620
BIGBLOC,20200224,34.5,35.9,32.55,35.9,17955
BIL,20200224,145.35,145.35,130.85,137,8829
BILENERGY,20200224,0.55,0.6,0.5,0.5,2340446
BINDALAGRO,20200224,11.5,11.5,11,11.05,12030
BIOCON,20200224,306,323.5,303.3,314.25,9992600
BIOFILCHEM,20200224,9.35,9.8,9.35,9.45,3597
BIRLACABLE,20200224,49.55,49.55,47.8,48.05,25851
BIRLACORPN,20200224,738,749.9,721,725.15,47439
BIRLAMONEY,20200224,37.2,40.5,36.85,37.25,673695
BIRLATYRE,20200224,9.15,9.15,9.15,9.15,7002
BKMINDST,20200224,0.45,0.45,0.45,0.45,4559
BLBLIMITED,20200224,3.8,4.15,3.35,3.8,29958
BLISSGVS,20200224,138.8,141.6,136,137.35,168133
BLKASHYAP,20200224,8,8.4,7.7,7.95,17930
BLS,20200224,68,70.5,62.6,69.6,49281
BLUEBLENDS,20200224,0.7,0.8,0.7,0.8,8725
BLUECHIP,20200224,0.1,0.15,0.1,0.1,48655
BLUEDART,20200224,2970,2991,2900.3,2914.7,6456
BLUESTARCO,20200224,845.7,852,821.55,825.65,55505
BODALCHEM,20200224,81,81.9,74.1,77.45,378117
BOMDYEING,20200224,80,82.45,78.5,78.8,1183798
BORORENEW,20200224,204.05,209,198.1,199.85,115868
BOSCHLTD,20200224,14434.6,14540.5,14001,14059.45,11390
BPCL,20200224,471,475.7,463,464.65,6191443
BPL,20200224,19,19.2,18.05,18.2,87621
BRFL,20200224,4.05,4.15,4,4,4410
BRIGADE,20200224,235.55,240,223.4,228.55,115568
BRITANNIA,20200224,3059,3065,3005,3036.2,427352
BRNL,20200224,57.8,58.5,56.1,56.75,4048
BROOKS,20200224,26.3,26.3,24.4,24.55,50336
BSE,20200224,515,524.65,512,514.7,101150
BSELINFRA,20200224,0.9,0.9,0.9,0.9,3075
BSL,20200224,33,33,30,30.75,1612
BSLGOLDETF,20200224,3900.2,4091.4,3900.2,3949.05,849
BSLNIFTY,20200224,136.5,136.5,128.58,129.28,312
BSOFT,20200224,99.7,105.8,99.1,100.3,3390715
BURNPUR,20200224,1,1.1,1,1,25403
BUTTERFLY,20200224,198.7,200,192.05,193.4,46271
BVCL,20200224,12.5,12.5,12.5,12.5,181
BYKE,20200224,16.55,17.3,15.7,16.15,46646
CADILAHC,20200224,277,280.45,272.55,274.9,1577897
CALSOFT,20200224,13.95,13.95,12.7,13.3,12539
CAMLINFINE,20200224,68.9,68.9,66.65,67.35,260261
CANBK,20200224,171,171.7,164.45,165.55,5910514
CANFINHOME,20200224,509.7,514,504,510.4,274934
CANTABIL,20200224,347,347,326,326.8,72423
CAPACITE,20200224,177.15,178.95,170.2,171.9,91609
CAPLIPOINT,20200224,350,352.6,303.65,313.2,240380
CAPTRUST,20200224,111,122,110.7,112.6,11103
CARBORUNIV,20200224,346,347.9,340,343.2,33965
CAREERP,20200224,142.9,158.5,140.75,152.1,430310
CARERATING,20200224,527.5,529.9,508,511.4,138982
CASTEXTECH,20200224,0.4,0.45,0.35,0.35,34760
CASTROLIND,20200224,153.95,156.6,151.1,155.1,799908
CCHHL,20200224,2.95,2.95,2.75,2.8,20548
CCL,20200224,244.3,247.8,241.35,242.85,149067
CDSL,20200224,288.6,301.8,286.5,289.3,2839265
CEATLTD,20200224,1039.5,1043,1001.1,1009.2,70632
CEBBCO,20200224,13.7,13.7,13.05,13.25,49374
CELEBRITY,20200224,5.85,5.9,5.35,5.75,16955
CELESTIAL,20200224,1.95,1.95,1.9,1.95,2332
CENTENKA,20200224,169.85,174.75,167.2,170.1,29156
CENTEXT,20200224,2.5,2.6,2.5,2.5,65567
CENTRALBK,20200224,16.9,16.9,16.5,16.65,279003
CENTRUM,20200224,19.45,19.45,19,19.05,139541
CENTUM,20200224,351.55,360,336,343.5,6706
CENTURYPLY,20200224,156,157.95,151,152.5,118406
CENTURYTEX,20200224,595,595,567.2,571.4,822920
CERA,20200224,2448,2468,2416,2430.45,5612
CEREBRAINT,20200224,41.7,41.7,39.6,39.85,63092
CESC,20200224,692,694,676.35,678.6,262936
CESCVENT,20200224,294.85,295.05,285,293.2,22727
CGCL,20200224,213,213,205.4,208.2,324866
CGPOWER,20200224,8.2,8.5,8.05,8.05,356190
CHALET,20200224,340.7,345.3,334.95,336.8,10250
CHAMBLFERT,20200224,151,153.6,149,149.2,217678
CHEMBOND,20200224,232,232,190.4,197.6,3465
CHEMFAB,20200224,167.05,170,159.85,163.55,7156
CHENNPETRO,20200224,112.95,115.5,110.15,111.45,168032
CHOLAFIN,20200224,332,332,321.9,323.25,1356324
CHOLAHLDNG,20200224,541.6,542,532.25,537.9,18132
CHROMATIC,20200224,0.5,0.5,0.5,0.5,2473
CIGNITITEC,20200224,274.2,274.8,265.75,267.8,12407
CIMMCO,20200224,19.05,19.7,18.2,18.4,21268
CINELINE,20200224,36,36.5,34.1,34.9,30641
CINEVISTA,20200224,6.05,6.45,5.9,5.95,8261
CIPLA,20200224,436,436.7,426.55,430.15,2569563
CKFSL,20200224,0.35,0.35,0.3,0.3,170074
CLEDUCATE,20200224,66,68,65.55,65.7,2810
CLNINDIA,20200224,361.95,361.95,345,347.1,34837
CMICABLES,20200224,34.4,36.8,33.35,33.45,23589
CNOVAPETRO,20200224,6.45,6.45,6.45,6.45,1204
COALINDIA,20200224,178.75,178.9,173.3,174.85,9952676
COCHINSHIP,20200224,343.95,347.9,342.5,345.2,134746
COLPAL,20200224,1342,1361.9,1326,1333.65,425905
COMPINFO,20200224,14.15,14.15,13.5,13.55,18660
COMPUSOFT,20200224,5.7,5.9,5.5,5.55,15904
CONCOR,20200224,549,563.95,541.25,548,777678
CONFIPET,20200224,25.75,25.75,25,25.2,138570
CONSOFINVT,20200224,34.5,35,34.5,34.5,181
CONTROLPR,20200224,275,286.55,269.65,279.95,5350
CORALFINAC,20200224,14.25,14.6,13.75,13.85,19029
CORDSCABLE,20200224,43.5,44.1,41.55,42.6,15739
COROMANDEL,20200224,619,629,611.05,624.7,139972
CORPBANK,20200224,19.4,19.9,19.1,19.25,473480
COSMOFILMS,20200224,306,320.25,295,305.45,111751
COUNCODOS,20200224,1.5,1.5,1.5,1.5,62
CPSEETF,20200224,19.93,19.98,19.6,19.65,4661843
CREATIVE,20200224,118,118,116,117.75,20521
CREDITACC,20200224,983.9,991.6,948,960.7,174466
CREST,20200224,99,101.9,94.3,99.9,21203
CRISIL,20200224,1698,1698,1650.1,1665.8,31656
CROMPTON,20200224,288,299,282.65,287.7,4029951
CSBBANK,20200224,163,166,160.15,164.65,194823
CTE,20200224,19.7,20.85,19.7,19.7,7653
CUB,20200224,222.8,224.25,220.05,221.85,1240074
CUBEXTUB,20200224,17.9,19.1,16.75,19.1,51713
CUMMINSIND,20200224,555,559.4,542.1,545,501427
CUPID,20200224,229.55,230,215.1,218.05,69907
CURATECH,20200224,1.65,1.65,1.65,1.65,3000
CYBERMEDIA,20200224,2.1,2.2,2.1,2.2,266
CYBERTECH,20200224,44.5,46.3,43.15,44.1,7461
CYIENT,20200224,437.9,438.95,425.3,436.55,247213
DAAWAT,20200224,27.05,27.2,26.25,26.45,476667
DABUR,20200224,503.55,513.4,498.5,501,3415189
DALBHARAT,20200224,869,869.9,828.75,837.95,64573
DALMIASUG,20200224,110.2,110.2,107.6,108.35,94244
DAMODARIND,20200224,26.9,30.3,26.9,28.25,24840
DATAMATICS,20200224,67.4,68.5,65.35,65.85,30828
DBCORP,20200224,122.1,122.1,120.15,120.65,36590
DBL,20200224,343.5,346.8,333.3,336.05,190739
DBREALTY,20200224,8.3,8.6,7.9,8.25,93653
DCAL,20200224,91,91.05,88.15,88.15,404202
DCBBANK,20200224,168.1,169.95,164.4,165.35,689681
DCM,20200224,21.45,21.55,21.45,21.55,2057
DCMNVL,20200224,32.3,32.3,30.5,30.65,3895
DCMSHRIRAM,20200224,341.05,346.1,339,342.8,48074
DCW,20200224,16.4,18.1,15.4,17.15,2039583
DECCANCE,20200224,280.7,280.7,267.3,269.55,4171
DEEPAKFERT,20200224,95,96.15,92.4,93.25,187976
DEEPAKNTR,20200224,481.7,489.75,465,467.75,533632
DEEPIND,20200224,90,90.05,74.65,77.2,204280
DELTACORP,20200224,155.9,163,153.1,155.05,4746534
DELTAMAGNT,20200224,28.05,31.5,28.05,30.95,920
DEN,20200224,59.2,59.2,59.15,59.15,5296
DENORA,20200224,213.7,215.9,208,209.8,6354
DFMFOODS,20200224,284.15,298.25,284.15,292.9,99269
DGCONTENT,20200224,4.75,5.15,4.75,4.95,8599
DHAMPURSUG,20200224,187.05,190.1,182,183.5,270573
DHANBANK,20200224,13.2,15.55,13.1,14.95,1551524
DHANUKA,20200224,519,534.5,500.1,510.55,35011
DHARSUGAR,20200224,7.2,7.2,6.65,7,2165
DHFL,20200224,11.8,11.8,11.8,11.8,546165
DHUNINV,20200224,211.05,226.8,211.05,214.45,1374
DIAMONDYD,20200224,743,748,734.9,736.95,884
DICIND,20200224,357,365.35,348,356.05,1219
DIGISPICE,20200224,5.5,5.5,5.05,5.3,2007
DISHTV,20200224,11.15,11.15,10.8,10.85,4441445
DIVISLAB,20200224,2171.9,2184.8,2147.3,2160.45,419664
DIXON,20200224,4287.5,4287.5,4080,4123.3,85073
DLF,20200224,215,219,211.25,212.5,7761069
DLINKINDIA,20200224,101,113.75,98,107.65,287633
DMART,20200224,2448.8,2448.8,2370,2389.7,651480
DNAMEDIA,20200224,0.35,0.35,0.3,0.3,68080
DOLAT,20200224,58.4,58.4,55.05,55.45,32057
DOLLAR,20200224,164.4,175,163,167.8,164853
DONEAR,20200224,29.9,30.2,29.35,29.6,16238
DPSCLTD,20200224,5.95,6.35,5.55,6.35,33309
DQE,20200224,1,1,1,1,35292
DREDGECORP,20200224,329.5,329.95,320.15,321.15,92643
DRREDDY,20200224,3257,3257,3166.35,3176.3,628617
DSSL,20200224,23.8,23.95,22.45,23.35,3838
DTIL,20200224,159.05,166,157.1,158.15,3284
DUCON,20200224,5.1,5.6,5.1,5.1,18881
DVL,20200224,60.95,63.3,58.1,60,4236
DWARKESH,20200224,34.8,34.85,33.5,33.8,745390
DYNAMATECH,20200224,911,922.9,864.95,877.05,1427
DYNPRO,20200224,153.5,154,151,152.6,9065
EASTSILK,20200224,0.8,0.9,0.8,0.85,17170
EBBETF0423,20200224,1019.5,1020.98,1019.5,1020.89,15418
EBBETF0430,20200224,1035,1036.97,1034.5,1035.3,37206
ECLERX,20200224,615,632.45,613.25,616.95,25660
EDELWEISS,20200224,88.95,93.5,87.55,92.8,1641195
EICHERMOT,20200224,18700,18700,17800.1,17949.95,192821
EIDPARRY,20200224,204,204.5,197.6,198.75,237740
EIHAHOTELS,20200224,291,300,286.25,292.75,1386
EIHOTEL,20200224,144,144,139.55,140.2,36503
EIMCOELECO,20200224,302.4,309,300.9,302.4,334
EKC,20200224,24.8,24.8,24.3,24.45,22274
ELECON,20200224,32.75,32.75,31.05,31.4,32881
ELECTCAST,20200224,15.2,15.6,15,15.15,148379
ELECTHERM,20200224,137.7,137.7,125.1,133.1,8164
ELGIEQUIP,20200224,220,221.65,216.45,220.1,13794
ELGIRUBCO,20200224,17.05,17.8,16.6,17.1,269
EMAMILTD,20200224,268,271.9,264.3,269.3,342578
EMAMIPAP,20200224,99.9,99.9,93.55,93.95,20565
EMAMIREAL,20200224,45.45,48.9,45.45,46,5466
EMKAY,20200224,61.05,61.05,59.55,60.45,10607
EMMBI,20200224,98.5,99.8,96.5,98.05,8757
ENDURANCE,20200224,1049.45,1051.7,1015,1027.5,17925
ENERGYDEV,20200224,5.25,5.35,5.05,5.1,14582
ENGINERSIN,20200224,81.9,82.65,80.6,81.75,645029
ENIL,20200224,211.95,215,208,213.25,7303
EON,20200224,12.2,13.3,12,12.75,1964
EQ30,20200224,334.05,348,329,333.21,130
EQUITAS,20200224,112.9,116.4,110.8,113.85,4916775
ERIS,20200224,430,434.35,418.3,423.25,86203
EROSMEDIA,20200224,13.7,14,13.3,13.65,108858
ESABINDIA,20200224,1546,1614.05,1525,1564.45,6541
ESCORTS,20200224,869,871.75,832.85,836.85,3789594
ESSARSHPNG,20200224,6.75,6.95,6.6,6.75,6853
ESSELPACK,20200224,186,203.9,183.1,190.7,806037
ESTER,20200224,39,39.4,37.3,37.75,62337
EUROMULTI,20200224,0.4,0.4,0.4,0.4,4350
EUROTEXIND,20200224,7.6,7.6,7.6,7.6,10
EVEREADY,20200224,67.25,68.2,64.75,65.25,158189
EVERESTIND,20200224,230.9,235.5,226,227.9,42336
EXCEL,20200224,1.05,1.15,1.05,1.1,33092
EXCELINDUS,20200224,690.1,695.05,676.1,678.4,11628
EXIDEIND,20200224,177.95,177.95,172.8,173.55,1076209
EXPLEOSOL,20200224,295,304.85,290.05,296.35,4272
FACT,20200224,37.05,37.7,36.25,36.5,123705
FAIRCHEM,20200224,628,645,603,609.25,55617
FCL,20200224,24.8,25.3,24.55,24.85,93148
FCONSUMER,20200224,20.9,21,18.5,18.8,4873883
FCSSOFT,20200224,0.2,0.25,0.2,0.2,1096996
FDC,20200224,245.7,269,245.7,256.55,409402
FEDERALBNK,20200224,86.9,87.3,85.7,86.65,5429905
FEL,20200224,22.1,22.1,21.1,21.35,156793
FELDVR,20200224,20.55,20.95,19.6,20.25,9561
FIEMIND,20200224,489,489.95,479.1,480.5,5794
FILATEX,20200224,39.4,39.95,38.3,38.75,69249
FINCABLES,20200224,361,361,354.35,356.25,27106
FINEORG,20200224,2186,2285,2186,2230.95,8431
FINPIPE,20200224,565.9,577.8,548,564.25,52028
FLEXITUFF,20200224,6.8,6.95,6.6,6.75,738
FLFL,20200224,377.6,382,363.2,372.1,36845
FLUOROCHEM,20200224,547.9,560.95,540.25,555.15,6782
FMGOETZE,20200224,560,560,540,542.4,899
FMNL,20200224,24.75,24.85,23.25,23.55,9308
FORCEMOT,20200224,1259,1294.35,1231.25,1240.2,41240
FORTIS,20200224,156,156.4,152.4,153.3,731574
FOSECOIND,20200224,1399,1410,1366,1375.4,924
FRETAIL,20200224,340.85,344.7,333.1,339.5,309711
FSC,20200224,445,447.7,432,444,18971
FSL,20200224,47.7,48.15,45.8,46.45,1470345
GABRIEL,20200224,100,103.55,98.1,100.1,160051
GAEL,20200224,158.05,167.2,158.05,160.45,44973
GAIL,20200224,118.5,119.3,116.3,116.8,6213574
GAL,20200224,1.9,1.95,1.9,1.95,18343
GALAXYSURF,20200224,1668,1700,1609.65,1629.8,13886
GALLANTT,20200224,26.5,27.45,26,26,1876
GALLISPAT,20200224,21.5,24.95,21.5,22.4,3745
GAMMNINFRA,20200224,0.35,0.35,0.3,0.3,529989
GANDHITUBE,20200224,236.5,249,235.5,235.75,803
GANECOS,20200224,374,374,344.15,351.4,21857
GANESHHOUC,20200224,32.6,32.6,31.3,31.35,17769
GANGESSECU,20200224,33.55,38,33.55,34,233
GARDENSILK,20200224,8.85,8.85,8.85,8.85,7669
GARFIBRES,20200224,1386,1539.95,1365.15,1497.4,26169
GATI,20200224,66.85,67,65.75,66.4,214219
GAYAHWS,20200224,0.3,0.3,0.25,0.3,57080
GAYAPROJ,20200224,24.05,24.05,24.05,24.05,22920
GBGLOBAL,20200224,5.4,5.4,5.4,5.4,40
GDL,20200224,127,127,122.9,123.1,33322
GEECEE,20200224,76,78.65,75.2,76.5,1161
GENESYS,20200224,60.8,63.8,55.4,58.1,19630
GENUSPAPER,20200224,5.05,5.2,5.05,5.05,33785
GENUSPOWER,20200224,26.2,26.25,25.65,25.75,100970
GEOJITFSL,20200224,28,28.9,26.8,27,453757
GEPIL,20200224,775.05,790.35,750,758.05,15677
GESHIP,20200224,270,270.9,260.05,261.55,86040
GET&D,20200224,138.75,138.75,135.15,136.25,19979
GFLLIMITED,20200224,155.9,155.95,148,152.6,74993
GFSTEELS,20200224,2.4,2.5,2.4,2.4,17251
GHCL,20200224,171.1,179,170.1,174.55,413153
GICHSGFIN,20200224,119.7,119.7,111.15,113.2,145195
GICRE,20200224,210,212.9,199,200.45,363721
GILLANDERS,20200224,27.1,28,27.1,27.3,2398
GILLETTE,20200224,5944,5944,5850,5858.5,4530
GINNIFILA,20200224,9.3,9.35,8.5,8.95,79954
GIPCL,20200224,69.9,69.9,68.4,68.85,40361
GKWLIMITED,20200224,635,667.95,632.05,659.9,144
GLAXO,20200224,1351,1353,1325,1338.65,29355
GLENMARK,20200224,318,318,299.85,300.9,2466283
GLFL,20200224,0.65,0.65,0.65,0.65,425
GLOBALVECT,20200224,54,61.8,53,55.75,87290
GLOBOFFS,20200224,4.5,4.6,4.3,4.5,3018
GLOBUSSPR,20200224,142.6,142.6,135.05,136.25,135945
GMBREW,20200224,441.6,441.6,426,427.9,15804
GMDCLTD,20200224,58.25,58.25,56.1,56.5,80271
GMMPFAUDLR,20200224,3308.9,3422.2,3245,3281.95,42002
GMRINFRA,20200224,26,26.5,24.3,25.45,75911140
GNA,20200224,228.8,238,226.3,229.3,36158
GNFC,20200224,175,175.85,169.9,170.45,259355
GOACARBON,20200224,235.9,235.9,222.6,228.35,5686
GOCLCORP,20200224,274.8,278.75,266.1,267.7,3736
GODFRYPHLP,20200224,1335,1335,1261.05,1273.55,102324
GODREJAGRO,20200224,526,535,516.2,529.15,44847
GODREJCP,20200224,629,634,613,614.85,902809
GODREJIND,20200224,415.8,423.2,415.8,419.85,120955
GODREJPROP,20200224,1115,1131.05,1095,1103.1,111267
GOKEX,20200224,63.25,66,62.9,63.5,72537
GOKUL,20200224,10.55,10.55,9.8,9.8,5956
GOKULAGRO,20200224,12.8,13.4,12.4,12.5,27431
GOLDBEES,20200224,37.81,39,37.8,38.58,11623173
GOLDENTOBC,20200224,25,25.5,24,24.2,1401
GOLDIAM,20200224,150,150,147.5,147.65,16242
GOLDSHARE,20200224,3937.6,3937.6,3751.1,3858.9,3095
GOLDTECH,20200224,8.4,8.5,8.05,8.4,10119
GOODLUCK,20200224,45.2,45.8,44.05,44.35,16802
GPIL,20200224,197.9,197.9,184,186.55,34774
GPPL,20200224,77.6,80.2,77.15,77.3,169546
GPTINFRA,20200224,35.75,35.75,31.4,32.7,10684
GRANULES,20200224,182.1,183,172.75,173.5,1128127
GRAPHITE,20200224,266,266.85,260.15,260.95,490735
GRASIM,20200224,748,748,722.2,724.9,2357961
GRAVITA,20200224,66.75,67.6,63.9,65.3,64696
GREAVESCOT,20200224,138.2,143,138,141.8,220733
GREENLAM,20200224,973,979.9,938,967.5,3706
GREENPANEL,20200224,54.85,54.85,52.5,53.3,64330
GREENPLY,20200224,133,133,127,129,120057
GREENPOWER,20200224,2.05,2.05,1.95,1.95,50428
GRINDWELL,20200224,614.65,629,611.05,613.75,199472
GROBTEA,20200224,378,378,345.05,346.05,39
GRPLTD,20200224,814,814,752.3,756.95,111
GRSE,20200224,180,186.85,173.1,174.2,192272
GSCLCEMENT,20200224,23,23.5,22.25,22.55,42991
GSFC,20200224,69.2,69.8,68,68.2,212371
GSKCONS,20200224,9678.2,9730.8,9506.55,9541.2,15097
GSPL,20200224,238,239,232.05,237.1,300116
GSS,20200224,34.35,36.5,34.35,35.15,5595
GTL,20200224,1.65,1.65,1.6,1.65,35179
GTLINFRA,20200224,0.4,0.4,0.35,0.35,8311596
GTPL,20200224,68.65,68.65,66.55,67.35,74482
GUFICBIO,20200224,72.5,72.5,70,70.35,30672
GUJALKALI,20200224,362,374,359,370.05,47696
GUJAPOLLO,20200224,128.2,130.7,124.1,125.8,1838
GUJGASLTD,20200224,286.8,286.8,282.05,285.05,1238802
GUJRAFFIA,20200224,10.5,10.5,10.5,10.5,6
GULFOILLUB,20200224,750,767.25,744.85,753.4,2286
GULFPETRO,20200224,46.85,46.9,45.05,45.55,32308
GULPOLY,20200224,43.95,47.5,43.95,46.65,34182
GVKPIL,20200224,4,4.25,3.95,4.05,2330521
HAL,20200224,737.9,744.7,705,712.95,84937
HARITASEAT,20200224,480.25,487.45,463.05,479.95,3767
HARRMALAYA,20200224,62.55,63.1,60.1,61,14040
HATHWAY,20200224,22.65,22.65,21.05,21.25,867886
HATSUN,20200224,673,673,655.55,665.4,13307
HAVELLS,20200224,619.95,633.95,614,626.65,1965644
HBLPOWER,20200224,16.9,16.9,16.05,16.2,78355
HBSL,20200224,6.2,6.2,6.2,6.2,2
HCC,20200224,9.15,9.2,8.9,8.95,1550144
HCG,20200224,111,111,107.05,107.85,3818
HCL-INSYS,20200224,6.25,6.25,5.95,6.05,427668
HCLTECH,20200224,608,609,591.5,595.15,4070143
HDFC,20200224,2355,2365.2,2280.1,2292.3,4238039
HDFCAMC,20200224,3360,3389.95,3262.1,3278.25,275139
HDFCBANK,20200224,1208.95,1214.75,1200,1209.95,8284042
HDFCLIFE,20200224,572.25,578.4,556,560.8,1576359
HDFCMFGETF,20200224,3810.1,3943.95,3810.1,3925.35,9152
HDFCNIFETF,20200224,1271.92,1271.92,1244.9,1246.58,1413
HDFCSENETF,20200224,4349.12,4349.12,4278,4281.71,392
HDIL,20200224,2.5,2.5,2.5,2.5,209064
HEG,20200224,993.05,995,971,975.3,168651
HEIDELBERG,20200224,198.8,201.9,195.65,200.95,223835
HERCULES,20200224,84.25,85.9,81.2,82.6,14592
HERITGFOOD,20200224,369.9,370,351,354.75,38855
HEROMOTOCO,20200224,2220,2220,2175,2184.2,808263
HESTERBIO,20200224,1546,1546,1480,1486.5,3210
HEXATRADEX,20200224,10.95,11.4,10.45,10.45,4935
HEXAWARE,20200224,360.15,365.75,359.7,362.35,357104
HFCL,20200224,16.95,16.95,16.85,16.9,1943738
HGINFRA,20200224,252,252,246.75,248.35,115200
HGS,20200224,899,906,873.55,885.3,10714
HIKAL,20200224,123.05,133.4,123.05,131.4,695924
HIL,20200224,1149,1170,1095.5,1102.75,16568
HILTON,20200224,10,10.1,9.7,9.8,1506
HIMATSEIDE,20200224,106.5,114,105.25,108.35,279399
HINDALCO,20200224,186.9,186.9,177.9,179.05,14690243
HINDCOMPOS,20200224,187.9,187.9,170.8,175.1,5858
HINDCOPPER,20200224,36.5,36.5,34.6,34.9,598255
HINDMOTORS,20200224,5,5,4.9,4.95,71494
HINDOILEXP,20200224,90,91.7,89.9,90.75,765360
HINDPETRO,20200224,222.2,222.6,213.9,216.2,3931405
HINDSYNTEX,20200224,1.5,1.5,1.5,1.5,400
HINDUNILVR,20200224,2236.8,2262,2210.1,2215.15,1409245
HINDZINC,20200224,181.5,183.2,179.5,180.15,705058
HIRECT,20200224,183,183.9,172,173.3,29116
HISARMETAL,20200224,59.4,60.95,57.3,60,4359
HITECH,20200224,171.5,173.45,168,169.95,2447
HITECHCORP,20200224,72,79.85,71.15,76.15,1262
HITECHGEAR,20200224,161.95,162.7,158,158.05,479
HLVLTD,20200224,4.2,4.2,4.05,4.1,220826
HMVL,20200224,68.25,70,67.6,68.1,9397
HNDFDS,20200224,723.5,737.95,700,715.7,3944
HNGSNGBEES,20200224,355.5,356.99,343.1,354.79,571
HONAUT,20200224,34986.9,35250,33750,34028.95,2018
HONDAPOWER,20200224,1194.95,1194.95,1135.45,1148.65,8270
HOTELRUGBY,20200224,1.1,1.1,1.1,1.1,9
HOVS,20200224,40.05,40.05,37.1,37.65,11763
HPL,20200224,36.3,37.35,35.3,35.5,110911
HSCL,20200224,52.95,53.5,50.7,51.2,463094
HSIL,20200224,55.35,55.35,52.5,52.8,186278
HTMEDIA,20200224,14,14.1,13.9,13.9,57946
HUBTOWN,20200224,11.55,11.8,11.5,11.5,11592
HUDCO,20200224,33.3,33.4,32.15,32.25,675513
IBMFNIFTY,20200224,120,120.9,118.65,120.89,96
IBREALEST,20200224,88.4,90.7,84.75,85.4,1637439
IBULHSGFIN,20200224,335,350.8,326,330.85,40567458
IBULISL,20200224,109.9,113.05,107.5,112.2,246737
IBVENTURES,20200224,215.7,229.6,207.6,209.6,3776274
ICICI500,20200224,159.86,160.3,157.84,158.33,5127
ICICIB22,20200224,32.11,32.19,31.8,31.85,141457
ICICIBANK,20200224,539.5,541.85,527.55,529.85,16940750
ICICIBANKN,20200224,322.4,322.4,305.11,305.49,1442
ICICIBANKP,20200224,168.85,169,166.17,167.31,122059
ICICIGI,20200224,1346,1350.95,1282.85,1305.1,276331
ICICIGOLD,20200224,37.88,39.4,37.88,39.09,67965
ICICILIQ,20200224,999,1001,999,999.99,71069
ICICILOVOL,20200224,100,100,86.8,93.75,21622
ICICIM150,20200224,67.65,67.65,66.49,66.62,757
ICICIMCAP,20200224,69.7,70,67.2,67.47,15289
ICICINF100,20200224,130.25,130.25,128.25,128.54,2664
ICICINIFTY,20200224,130,136.39,124.8,125.09,264801
ICICINV20,20200224,59.5,59.5,55,56.97,359719
ICICINXT50,20200224,28,29.5,28,28.4,27014
ICICIPRULI,20200224,489,501,483.5,486.45,947108
ICICISENSX,20200224,436,436.16,430.1,430.88,622
ICIL,20200224,63.1,64.25,59.5,60.5,501168
ICRA,20200224,3045.75,3063.55,2890.1,2940.8,11083
IDBI,20200224,34.5,34.6,34.05,34.2,808635
IDBIGOLD,20200224,3866.8,3965,3866,3945.25,299
IDEA,20200224,4.8,5.05,3.8,3.85,679574901
IDFC,20200224,35.55,35.6,33.7,34.45,1092949
IDFCFIRSTB,20200224,39.95,40.15,39.2,39.3,11688001
IDFNIFTYET,20200224,121.35,125.48,120,124,222
IEX,20200224,181,196.3,177.05,193.55,1000652
IFBAGRO,20200224,346,347.1,330,333.3,7268
IFBIND,20200224,528,528,500.1,505.6,18692
IFCI,20200224,5.9,5.95,5.75,5.8,2121480
IFGLEXPOR,20200224,151.15,157.7,148,153.15,2420
IGARASHI,20200224,337.9,341.9,320.05,321.5,157531
IGL,20200224,459.95,465.35,451.6,452.8,3313963
IGPL,20200224,173.3,178.2,168.35,170,25464
IIFL,20200224,187,196.7,183.15,184.7,411749
IIFLSEC,20200224,57,57,53.4,53.4,443028
IIFLWAM,20200224,1609,1609,1520,1539.25,14674
IITL,20200224,87.95,87.95,85.25,85.25,252
IMFA,20200224,208.15,208.15,203,203.2,9236
IMPAL,20200224,568,568,563.95,565,732
IMPEXFERRO,20200224,0.3,0.35,0.3,0.35,2826
INDBANK,20200224,7.1,7.4,7,7.2,28363
INDHOTEL,20200224,139.9,139.9,137,138,1243878
INDIACEM,20200224,75.7,76.7,74,74.25,1687523
INDIAGLYCO,20200224,352.5,396.4,346.8,373.55,1837726
INDIAMART,20200224,2616,2727.45,2600.05,2662.85,206450
INDIANB,20200224,82.6,82.75,79.3,80.35,682348
INDIANCARD,20200224,114.55,117,108.9,116.85,356
INDIANHUME,20200224,213.6,218.7,208.3,210.1,17129
INDIGO,20200224,1458,1478,1418,1444.5,998276
INDLMETER,20200224,15.25,16.5,15.25,15.95,406
INDNIPPON,20200224,345,345,333,334.35,7070
INDOCO,20200224,261.75,265,255.3,261.3,61060
INDORAMA,20200224,21.05,21.5,20.75,21.05,14439
INDOSTAR,20200224,281.55,283,280.3,280.45,135990
INDOTECH,20200224,114.25,114.5,114.25,114.4,3009
INDOTHAI,20200224,23.7,24.45,22.3,22.6,1916
INDOWIND,20200224,2.65,2.65,2.45,2.6,63179
INDRAMEDCO,20200224,42.15,42.4,41.55,41.7,49991
INDSWFTLAB,20200224,21.15,21.7,20,20.8,10171
INDSWFTLTD,20200224,2.8,2.8,2.7,2.7,6911
INDTERRAIN,20200224,46.6,54.9,46.35,49.6,30525
INDUSINDBK,20200224,1170,1189.5,1146.55,1170.25,7179792
INEOSSTYRO,20200224,751.6,765,750.1,757.35,4332
INFIBEAM,20200224,58.8,59.3,57.5,58.05,840828
INFOBEAN,20200224,145,149.8,132.7,140.75,91417
INFRABEES,20200224,334.8,334.8,329,330.16,164
INFRATEL,20200224,242,242,207.5,215.95,19291593
INFY,20200224,800.1,811.6,792.15,795.85,6627536
INGERRAND,20200224,636.05,643,636.05,638.65,11865
INOXLEISUR,20200224,484,509.7,476,495.05,558509
INOXWIND,20200224,37.5,38.8,36.8,37.3,171686
INSECTICID,20200224,482.05,496.7,477,478.65,9171
INSPIRISYS,20200224,33.65,33.65,31.95,32.65,6460
INTELLECT,20200224,141.75,142.35,137.5,137.7,79305
INTENTECH,20200224,22.45,22.45,18,19.25,31756
INVENTURE,20200224,13,13.05,12.5,12.9,89034
IOB,20200224,9,9,8.8,8.85,1470759
IOC,20200224,112.8,113.1,110.15,110.55,7926996
IOLCP,20200224,238,263.7,238,254.75,4133436
IPCALAB,20200224,1453,1494.75,1360.15,1465.6,435215
IRB,20200224,99.4,99.7,92.5,93.35,1734368
IRCON,20200224,563.5,586.3,557.5,565.4,873299
IRCTC,20200224,1900,1989.9,1812,1923.5,9857426
ISEC,20200224,505,524.65,498,503.35,781705
ISFT,20200224,59,62,57.95,57.95,14628
ISMTLTD,20200224,4.15,4.15,3.85,3.95,26886
ITC,20200224,207,207.45,201.8,203,16594046
ITDC,20200224,295.5,302.9,290.15,291.35,70137
ITDCEM,20200224,56.35,58.9,55.1,56,110733
ITI,20200224,82.2,83.6,81.1,81.6,358959
IVC,20200224,3,3.1,2.95,2.95,101466
IVP,20200224,45.5,47,44.35,46.9,772
IVZINGOLD,20200224,3802,4184,3802,4000,30
IZMO,20200224,25.85,27.9,25.85,26.3,7383
J&KBANK,20200224,19.9,20.05,18.8,19.25,1029282
JAGRAN,20200224,71.9,74.35,69.75,70.85,1091163
JAGSNPHARM,20200224,26.9,31,26.5,28.25,69229
JAIBALAJI,20200224,27.1,27.3,26.25,27.05,17330
JAICORPLTD,20200224,97.05,98.8,95.1,95.55,978489
JAINSTUDIO,20200224,1.35,1.35,1.35,1.35,1145
JAMNAAUTO,20200224,39.45,39.5,38.1,38.8,667759
JASH,20200224,180,182.5,169,173.85,22635
JAYAGROGN,20200224,91.8,91.8,85.3,86.1,13988
JAYBARMARU,20200224,231.3,231.95,224.5,225.55,17958
JAYNECOIND,20200224,3.45,3.6,3.4,3.4,30264
JAYSREETEA,20200224,49.15,49.4,48,48.15,39426
JBCHEPHARM,20200224,540,540,526.3,535.15,105101
JBFIND,20200224,19.05,19.05,18.95,19.05,99378
JBMA,20200224,226,230,217.35,224.25,23444
JCHAC,20200224,2985.4,2985.4,2704.05,2793.45,15380
JHS,20200224,11.65,11.7,10.6,11,75658
JIKIND,20200224,0.4,0.4,0.35,0.35,2954
JINDALPHOT,20200224,13.05,13.85,12.5,12.7,3242
JINDALPOLY,20200224,250,259.95,250,251.15,11107
JINDALSAW,20200224,88.9,89.4,85.15,85.45,458181
JINDALSTEL,20200224,190.4,190.4,172.85,174.9,19898510
JINDCOT,20200224,1.55,1.55,1.5,1.55,1353
JINDRILL,20200224,94.3,94.65,90.55,92.9,10519
JINDWORLD,20200224,60.1,61,59.65,60,122878
JISLDVREQS,20200224,6.45,6.45,5.55,5.55,33788
JISLJALEQS,20200224,6.6,6.6,6.15,6.2,1692511
JITFINFRA,20200224,7.8,7.8,7.45,7.45,955
JIYAECO,20200224,16.85,16.95,16.75,16.75,68707
JKCEMENT,20200224,1466,1499,1453.9,1494.1,155675
JKIL,20200224,137.75,139.9,135,136.3,55085
JKLAKSHMI,20200224,326,326,318.2,321.05,57510
JKPAPER,20200224,127.45,127.65,123.1,123.55,521393
JKTYRE,20200224,67.2,67.4,65.65,66.05,260696
JMCPROJECT,20200224,74.5,79.8,74,79.25,164505
JMFINANCIL,20200224,120.8,120.8,113.5,114.3,1245892
JMTAUTOLTD,20200224,1.45,1.5,1.3,1.35,108928
JOCIL,20200224,119.2,122.9,115.2,117.15,1051
JPASSOCIAT,20200224,2.25,2.25,2,2.25,49110459
JPINFRATEC,20200224,1.2,1.2,1.1,1.1,3172866
JPOLYINVST,20200224,10.8,11.35,10.8,10.8,785
JPPOWER,20200224,1.45,1.45,1.45,1.45,299318
JSL,20200224,41,41.9,40.25,40.6,793916
JSLHISAR,20200224,71.85,73.05,69.3,70.25,176592
JSWENERGY,20200224,63,63.4,62.2,62.9,393742
JSWHL,20200224,2849,2849,2682,2732.65,1609
JSWSTEEL,20200224,277.95,277.95,256,258.95,10565578
JTEKTINDIA,20200224,76.5,80,75.75,77.1,48052
JUBILANT,20200224,547.8,547.8,515.8,524.05,121934
JUBLFOOD,20200224,1876.7,1922.9,1857.6,1864.35,1122387
JUBLINDS,20200224,126,132.45,126,128.5,5610
JUMPNET,20200224,54.35,55.45,53.7,55,631516
JUNIORBEES,20200224,291.05,298.95,291.05,292.68,147536
JUSTDIAL,20200224,496,498.5,483.8,485.75,1396363
JYOTHYLAB,20200224,132.8,133.7,130.3,131,2392172
KABRAEXTRU,20200224,74.15,74.15,68,68.5,10220
KAJARIACER,20200224,551.95,558,545,546.9,119507
KAKATCEM,20200224,180.8,184.6,178.05,180.1,17890
KALPATPOWR,20200224,367,369,364,365.1,64745
KALYANIFRG,20200224,135.15,142.25,132,132,567
KAMATHOTEL,20200224,35,35.95,34.3,34.65,27247
KAMDHENU,20200224,81,81,74.5,76.4,11424
KANANIIND,20200224,2.5,2.55,2.45,2.45,11421
KANORICHEM,20200224,41.3,48.85,41.3,45.7,188841
KANSAINER,20200224,505.5,515.8,498,507.4,193937
KARDA,20200224,152.5,152.5,150.2,151.2,5614
KARURVYSYA,20200224,47.65,47.65,45.6,45.8,460330
KAUSHALYA,20200224,0.4,0.45,0.4,0.45,4129
KAVVERITEL,20200224,1.8,1.85,1.8,1.85,1000
KAYA,20200224,311,311,296.2,302.7,7448
KCP,20200224,60.7,60.8,59.1,60,55287
KCPSUGIND,20200224,13.95,13.95,13.65,13.7,28162
KDDL,20200224,275,283.3,270.05,276.05,2962
KEC,20200224,341.4,348,338.7,342.75,377068
KECL,20200224,15.2,15.2,14.45,14.45,26634
KEI,20200224,524.5,524.5,504,506.15,516956
KELLTONTEC,20200224,15.6,16.25,14.5,14.8,320668
KENNAMET,20200224,992,1008,979.85,984.3,3362
KERNEX,20200224,19.6,19.7,18.15,19.6,18125
KESORAMIND,20200224,42.65,42.65,40.65,41.1,85440
KEYFINSERV,20200224,40.8,40.8,40.8,40.8,30
KHADIM,20200224,121.7,126.15,120.25,122.9,32051
KHAITANLTD,20200224,19.7,19.7,19.7,19.7,5
KICL,20200224,1600,1628.05,1533.1,1566.75,602
KILITCH,20200224,108,117.4,107,113.35,36256
KINGFA,20200224,640.85,640.85,599.8,608,4064
KIOCL,20200224,106.5,111.55,104.65,109.75,15691
KIRIINDUS,20200224,426.7,463.95,426,440.35,853201
KIRLFER,20200224,68.2,71.4,68.2,69.75,8356
KIRLOSBROS,20200224,176,177.6,167.95,169.7,16412
KIRLOSENG,20200224,138,138.5,132.05,133.75,27860
KIRLOSIND,20200224,616.15,644.95,605.05,620,745
KITEX,20200224,160.2,165,156.9,157.65,289997
KKCL,20200224,983,1000.95,954,965,923
KMSUGAR,20200224,8.45,8.45,7.8,7.9,46916
KNRCON,20200224,280.05,282.55,276,278.5,258563
KOHINOOR,20200224,8.2,8.2,7.65,7.8,12994
KOKUYOCMLN,20200224,72,73.1,69,69.5,20353
KOLTEPATIL,20200224,225.95,230,225.95,226.75,17462
KOPRAN,20200224,29.1,30,28.2,28.45,47054
KOTAKBANK,20200224,1672,1683.75,1662.3,1678.25,1926133
KOTAKBKETF,20200224,310,314.5,310,312.23,70965
KOTAKGOLD,20200224,375.5,385.9,375.2,384.8,56195
KOTAKNIFTY,20200224,127.9,130.5,122.75,123.09,60991
KOTAKNV20,20200224,58.89,58.89,58.1,58.49,10854
KOTAKPSUBK,20200224,212,214,208.51,208.88,4657
KOTARISUG,20200224,12.8,12.8,12,12.15,20653
KOTHARIPET,20200224,16,16.7,15.25,15.95,23488
KOTHARIPRO,20200224,63.4,63.4,59,61.75,4106
KPITTECH,20200224,86.15,89.75,85.55,87.55,222363
KPRMILL,20200224,620,623.9,606.05,611.05,3114
KRBL,20200224,289,292.5,276,277.85,102754
KREBSBIO,20200224,102.2,105,97,102.7,4273
KRIDHANINF,20200224,2.05,2.1,1.95,1.95,41936
KRISHANA,20200224,50.2,51.05,50.2,51.05,121
KSB,20200224,700,706,691,691.9,2771
KSCL,20200224,454.6,459.75,448.2,451.4,77011
KSERASERA,20200224,0.1,0.15,0.1,0.1,543869
KSK,20200224,0.45,0.45,0.4,0.4,503586
KSL,20200224,231.9,231.9,222.05,225.25,25953
KTKBANK,20200224,75.6,75.95,73.45,73.7,577414
KUANTUM,20200224,478.55,506.9,469.95,474.6,9869
KWALITY,20200224,1.8,1.8,1.75,1.8,251285
L&TFH,20200224,122.5,122.5,117.95,118.2,4941523
LAKSHVILAS,20200224,17,17.35,16.15,16.15,1416280
LALPATHLAB,20200224,1610,1655.5,1590.65,1641.05,62749
LAMBODHARA,20200224,33.5,33.5,32,32.5,1947
LAOPALA,20200224,206.3,218.9,206.3,209.15,64757
LASA,20200224,41.05,41.05,41.05,41.05,23365
LAURUSLABS,20200224,442,442,431.65,436.2,60421
LAXMIMACH,20200224,3250,3257.95,3200,3204.9,2720
LEMONTREE,20200224,63.45,63.75,61.1,62.95,1167057
LFIC,20200224,52,61.5,52,61.05,8270
LGBBROSLTD,20200224,281,281,270,275.55,13163
LGBFORGE,20200224,2.6,2.65,2.45,2.65,2318
LIBAS,20200224,41.2,45.5,41.2,42.05,6128
LIBERTSHOE,20200224,126.8,128,123,123.85,60258
LICHSGFIN,20200224,357.95,361.7,346.4,348.3,6748965
LICNETFGSC,20200224,20.99,20.99,20.2,20.5,1810
LICNETFN50,20200224,121.5,125.3,121.5,124.4,317
LICNETFSEN,20200224,491,513,491,505,84
LICNFNHGP,20200224,126.7,126.7,124.1,125.01,640
LINCOLN,20200224,174.5,182.8,170.4,177.55,87254
LINCPEN,20200224,228,235.45,217.05,218.05,4528
LINDEINDIA,20200224,780,801,768,770.75,117034
LIQUIDBEES,20200224,1000,1001,999.99,1000,770992
LIQUIDETF,20200224,999.99,1000.01,999.99,999.99,35016
LOKESHMACH,20200224,30.05,30.05,28.2,28.8,52826
LOTUSEYE,20200224,23.6,25.35,23.6,25,6013
LOVABLE,20200224,69.05,69.5,66.95,67.65,9387
LPDC,20200224,1.2,1.2,1.2,1.2,215
LSIL,20200224,0.45,0.5,0.4,0.45,1171873
LT,20200224,1271.9,1271.9,1252.65,1259.7,3414064
LTI,20200224,2010,2020,1982.8,1999.25,77015
LTTS,20200224,1745.1,1778,1700,1711.9,97590
LUMAXIND,20200224,1458.75,1498.95,1443.3,1474.75,2800
LUMAXTECH,20200224,105,105.05,100.1,102.35,49147
LUPIN,20200224,695,697,669,672.85,1771815
LUXIND,20200224,1560,1563.9,1517,1534.5,44029
LYKALABS,20200224,19.1,19.1,17.7,18.15,16275
LYPSAGEMS,20200224,3.95,4.35,3.95,4.15,24127
M&M,20200224,522,522,511.1,513.2,1911411
M&MFIN,20200224,375,381.85,362.35,366.65,1616366
M100,20200224,18.93,18.95,18.6,18.77,41478
M50,20200224,118.25,118.8,115.55,116.29,2577
MAANALU,20200224,58.05,59.95,57.4,57.65,3385
MADHAV,20200224,31.7,32,30.1,30.35,5844
MADHUCON,20200224,3.05,3.05,2.85,2.95,30483
MADRASFERT,20200224,16.7,16.7,16.2,16.2,67131
MAGADSUGAR,20200224,128.5,129.7,126,126.4,16036
MAGMA,20200224,50.1,50.45,47.5,48.95,75921
MAGNUM,20200224,2.95,3,2.95,3,3340
MAHABANK,20200224,11.45,11.5,11.2,11.25,226984
MAHAPEXLTD,20200224,91,92.8,90,92.8,233
MAHASTEEL,20200224,115,120,114.9,118.35,5084
MAHEPC,20200224,141.7,141.75,136.55,137.45,22992
MAHESHWARI,20200224,241.55,251.9,241.15,251.45,4773
MAHINDCIE,20200224,152.6,155,148,149.2,55365
MAHLIFE,20200224,392.65,395,382,389.85,21534
MAHLOG,20200224,415.75,420,400,406.85,45265
MAHSCOOTER,20200224,4757.45,4774.8,4610,4633.8,3162
MAHSEAMLES,20200224,349.9,358.7,338.25,340.5,15527
MAITHANALL,20200224,555,583,554.95,562.9,25153
MAJESCO,20200224,386,394.4,382.6,384.1,21967
MALUPAPER,20200224,34.5,35,33.5,33.7,40279
MAN50ETF,20200224,121.5,121.5,120,120.23,4558
MANAKALUCO,20200224,4.15,4.25,4.05,4.15,1831
MANAKCOAT,20200224,3.5,4,3.45,3.6,7650
MANAKSIA,20200224,46,46,42.5,43.4,14525
MANAKSTEEL,20200224,10.4,10.4,9.9,9.9,17950
MANALIPETC,20200224,17.9,17.9,16.9,17.15,138058
MANAPPURAM,20200224,174.9,181.4,172.35,175.9,9678931
MANGALAM,20200224,30.15,30.7,29.25,29.95,12948
MANGCHEFER,20200224,30.6,30.7,29,29.35,47634
MANGLMCEM,20200224,271,279.5,270.5,271.95,5542
MANGTIMBER,20200224,10.4,10.4,10,10,505
MANINDS,20200224,57,58.5,55.8,56.55,192905
MANINFRA,20200224,28.1,29,27.4,28.15,93033
MANUGRAPH,20200224,12.9,13,12.4,12.6,15664
MANXT50,20200224,284.5,286,281,281.64,634
MARALOVER,20200224,14.95,15,14.3,14.55,1079
MARATHON,20200224,86,86,81.05,84.3,19151
MARICO,20200224,307,308.1,302.2,304.25,2922212
MARKSANS,20200224,19.35,19.95,19.3,19.35,475451
MARUTI,20200224,6710,6710,6439.8,6470.4,1091346
MASFIN,20200224,1100.5,1176,1100,1122.4,127072
MASKINVEST,20200224,28.7,28.7,27.3,27.3,66
MASTEK,20200224,416,420.8,402.45,412.6,34057
MATRIMONY,20200224,441.15,449,438,439,2577
MAWANASUG,20200224,38.6,40.25,38.6,39.55,85905
MAXINDIA,20200224,86.1,89.85,84.5,86.3,315110
MAXVIL,20200224,50.8,53,49.55,49.9,87591
MAYURUNIQ,20200224,274.9,300.5,270,295.65,309466
MAZDA,20200224,498,498,483.7,491.9,3461
MBAPL,20200224,68,68,68,68,1030
MBECL,20200224,3.4,3.4,3.15,3.2,4889
MBLINFRA,20200224,3.85,3.85,3.7,3.75,35717
MCDHOLDING,20200224,19.4,19.4,17.65,17.9,15226
MCDOWELL-N,20200224,719.95,723.9,698.05,702.85,1852203
MCLEODRUSS,20200224,3.65,3.7,3.5,3.5,875813
MCX,20200224,1358,1398.6,1316.4,1328.4,468473
MEGASOFT,20200224,7.3,7.45,7,7.15,35412
MEGH,20200224,58.75,60.35,58,58.25,816573
MELSTAR,20200224,4.6,4.6,4.6,4.6,6510
MENONBE,20200224,51.5,53.4,50,52.95,53940
MEP,20200224,39.25,41.35,37.7,40.2,524225
MERCATOR,20200224,0.8,0.8,0.75,0.75,1348125
METALFORGE,20200224,4.9,5.35,4.9,5.35,34408
METROPOLIS,20200224,1815,1854.95,1765.1,1780.95,22857
MFSL,20200224,554.9,609.65,548.3,592.2,16452997
MGL,20200224,1119,1132.85,1095.8,1101.5,636816
MHRIL,20200224,224.4,224.55,216,217.4,30665
MIC,20200224,0.65,0.7,0.6,0.7,57206
MIDHANI,20200224,228.8,241.95,226.15,229.75,2213536
MINDACORP,20200224,114.2,120.9,113.5,116.95,947522
MINDAIND,20200224,383.4,383.4,375.65,380.2,88037
MINDTECK,20200224,24.65,26,23.35,24.05,10261
MINDTREE,20200224,1044.8,1049,1010.15,1015.55,586531
MIRCELECTR,20200224,9.05,9.45,8.95,9,81192
MIRZAINT,20200224,59.7,61.5,58.75,59.45,163289
MMFL,20200224,383.6,399,383.6,393.7,3238
MMP,20200224,92.3,100,92.3,99.95,301
MMTC,20200224,19.2,19.6,18.9,19,505399
MODIRUBBER,20200224,27.6,27.6,25,25,498
MOHITIND,20200224,3.4,3.5,3.4,3.5,6000
MOHOTAIND,20200224,7.5,7.5,6.8,6.95,5002
MOIL,20200224,137,137.5,133,133.85,98731
MOLDTECH,20200224,45.65,46.35,44.5,45.2,5018
MOLDTKPAC,20200224,272.05,275,262.3,263.75,42579
MONTECARLO,20200224,240.95,240.95,225,228.45,17280
MORARJEE,20200224,14.55,14.55,13.75,13.95,10866
MOREPENLAB,20200224,14,14.2,14,14.05,397027
MOTHERSUMI,20200224,121.5,121.5,113.95,114.6,8237103
MOTILALOFS,20200224,831.65,834.75,775.55,786.75,259464
MOTOGENFIN,20200224,35.95,36,32.6,33.05,2584
MPHASIS,20200224,900,904.95,885,886.15,30909
MPSLTD,20200224,357.75,359,347,357.15,4649
MRF,20200224,70888,70888,68500.15,68874.7,4295
MRPL,20200224,40.6,41.5,40.55,40.95,445891
MSPL,20200224,5.6,5.95,5.6,5.6,7078
MSTCLTD,20200224,192.95,213.85,187.95,213.85,1469254
MTEDUCARE,20200224,13.35,13.9,12.9,13.05,88934
MTNL,20200224,9,9.1,8.65,8.8,692224
MUKANDENGG,20200224,11.4,11.4,10.4,10.6,1168
MUKANDLTD,20200224,26.3,27.95,26,26.75,22595
MUKTAARTS,20200224,36.3,36.3,34.6,34.7,10621
MUNJALAU,20200224,42.2,43,42.05,42.15,57180
MUNJALSHOW,20200224,117,117,114.05,115.2,16870
MURUDCERA,20200224,16.8,17.5,15.9,16.8,124089
MUTHOOTCAP,20200224,575.3,578.95,560,566.35,9101
MUTHOOTFIN,20200224,901.9,945,893.4,933.45,6900742
N100,20200224,685,690,642,659.7,43681
NACLIND,20200224,33.8,33.8,31.7,32,53676
NAGAFERT,20200224,3.95,3.95,3.95,3.95,41784
NAGREEKCAP,20200224,6.4,7.4,6.4,7.4,303
NAGREEKEXP,20200224,13.35,13.8,13.35,13.8,356
NAHARCAP,20200224,68.2,71,68,69.15,1735
NAHARINDUS,20200224,25.7,28.8,25.65,26.55,9390
NAHARPOLY,20200224,39.35,40.5,39,39,2252
NAHARSPING,20200224,39.7,40.2,38.7,38.8,7029
NAM-INDIA,20200224,434.45,440.8,422.6,426.05,2107594
NATCOPHARM,20200224,650.1,664.9,638,642.05,75646
NATHBIOGEN,20200224,357.8,369.6,352.15,356.25,103198
NATIONALUM,20200224,38.6,38.6,36.75,36.95,9327552
NATNLSTEEL,20200224,1.7,1.7,1.7,1.7,100
NAUKRI,20200224,2839.55,2839.55,2694.55,2709.15,226097
NAVINFLUOR,20200224,1284.3,1284.3,1185.1,1211.95,68046
NAVKARCORP,20200224,32.15,32.15,30.25,30.95,157028
NAVNETEDUL,20200224,88.85,89.9,86.1,86.5,35619
NBCC,20200224,28.45,28.45,27.25,27.4,11108047
NBIFIN,20200224,1725.55,1823,1725.55,1754.85,11
NBVENTURES,20200224,69.1,69.8,67.55,67.9,46113
NCC,20200224,41.3,43.45,40.4,41.25,24432319
NCLIND,20200224,82.15,84.75,80.6,81.6,20140
NDGL,20200224,531.05,531.05,531,531,5
NDL,20200224,20,21.95,19.8,20.65,65366
NDTV,20200224,34.95,34.95,32.3,32.95,9986
NECCLTD,20200224,5,5.3,5,5.2,16640
NECLIFE,20200224,12.1,12.5,12,12.3,91192
NELCAST,20200224,43,43.75,42.25,42.55,31027
NELCO,20200224,231.2,255.95,225.15,239.35,382447
NEOGEN,20200224,489.95,499.9,466.55,473.25,40374
NESCO,20200224,724,746,711.25,725.25,69956
NESTLEIND,20200224,16499,16576.75,16317,16337.25,66516
NETF,20200224,121.05,121.5,119.36,119.67,24
NETFCONSUM,20200224,54.49,54.55,54.16,54.16,2365
NETFDIVOPP,20200224,28.97,28.97,28.36,28.57,1114
NETFLTGILT,20200224,20.75,20.81,20.7,20.75,24169
NETFMID150,20200224,69,69.3,66.02,66.1,39834
NETFNIF100,20200224,125.3,125.3,122.29,122.66,142
NETFNV20,20200224,58,58.92,57.9,58,3592
NETWORK18,20200224,30.45,30.45,29.1,29.45,638385
NEULANDLAB,20200224,449,451.85,433,436.95,16281
NEWGEN,20200224,210.8,220.15,205.95,206.65,18534
NEXTMEDIA,20200224,7,7.4,7,7,7836
NFL,20200224,23.7,23.95,23.45,23.55,171181
NH,20200224,345.2,351,337,339.55,71209
NHPC,20200224,21.5,21.8,21.2,21.55,9131616
NIACL,20200224,132,133.5,128.6,129.25,165604
NIBL,20200224,3.7,4,3.7,4,445006
NIFTYBEES,20200224,128.41,128.41,125.5,125.73,3544077
NIFTYEES,20200224,15150,15727,15150,15500,7
NIITLTD,20200224,110,111.65,108.15,109.4,1107120
NIITTECH,20200224,1854.45,1869.35,1829.15,1838.8,266476
NILAINFRA,20200224,4.35,4.35,4.1,4.15,121579
NILASPACES,20200224,1,1.1,1,1.05,108888
NILKAMAL,20200224,1484.25,1529.5,1430,1447.35,19009
NIPPOBATRY,20200224,585,590,545.05,548.7,5566
NITCO,20200224,24.3,25.75,23.9,24.7,82402
NITINSPIN,20200224,52.3,52.3,48.2,49.1,41036
NKIND,20200224,14,14,13.85,13.85,200
NLCINDIA,20200224,52.75,54.25,52.6,53.25,975363
NMDC,20200224,104,105,101.05,101.7,5391719
NOCIL,20200224,94.9,94.9,91.25,91.85,728869
NOIDATOLL,20200224,3.8,3.85,3.6,3.8,43745
NORBTEAEXP,20200224,3.85,3.85,3.85,3.85,1
NPBET,20200224,169.59,169.74,169.59,169.59,3
NRAIL,20200224,253.95,253.95,237.1,238.55,14837
NRBBEARING,20200224,95.5,95.5,92.25,92.95,11224
NSIL,20200224,736,754,714,721.05,317
NTL,20200224,0.35,0.35,0.35,0.35,35300
NTPC,20200224,110.75,110.75,108.85,109.7,11370193
NUCLEUS,20200224,300.35,310,300,305.65,14324
NXTDIGITAL,20200224,388.2,400,374.2,393.55,3131
OAL,20200224,191.15,198,185.1,189,3618
OBEROIRLTY,20200224,516.9,531,512.3,518.15,195129
OCCL,20200224,954.1,963.55,940.05,948.15,2374
OFSS,20200224,2810.05,2851.45,2762.05,2777.85,5483
OIL,20200224,123.05,124.45,120,120.45,3202556
OILCOUNTUB,20200224,3.4,3.55,3.4,3.4,6577
OISL,20200224,2.9,2.9,2.55,2.7,9316
OLECTRA,20200224,148.05,148.05,140.4,141.2,61352
OMAXAUTO,20200224,36.25,37.95,35.85,36.75,20318
OMAXE,20200224,157,157,154.75,155.75,238830
OMKARCHEM,20200224,4,4.3,3.95,4.15,25496
OMMETALS,20200224,22.1,22.4,20.65,20.8,75954
ONELIFECAP,20200224,6.25,6.25,5.95,5.95,201
ONEPOINT,20200224,22.5,23,21.75,22.65,65925
ONGC,20200224,102.5,102.5,97.2,98.05,20167769
ONMOBILE,20200224,27,27.4,25.8,26.05,61960
ONWARDTEC,20200224,59.85,59.85,56.6,57.35,6914
OPTIEMUS,20200224,25.4,25.4,21.85,21.85,28064
OPTOCIRCUI,20200224,2.8,2.8,2.6,2.65,169536
ORBTEXP,20200224,80,86.5,76,83.85,44952
ORICONENT,20200224,16.75,17,15.1,15.55,78979
ORIENTABRA,20200224,17.45,17.8,17.25,17.4,24574
ORIENTALTL,20200224,9.5,10.2,9.5,10.2,2913
ORIENTBANK,20200224,41.7,41.9,40.45,40.6,543923
ORIENTBELL,20200224,109,111.9,108,109.45,8494
ORIENTCEM,20200224,82.95,82.95,80.1,80.9,86016
ORIENTELEC,20200224,274,274,255.05,257.85,276793
ORIENTHOT,20200224,27.05,27.9,27,27,22105
ORIENTLTD,20200224,93.15,96,86.6,95.05,285
ORIENTPPR,20200224,23.6,23.6,21.55,22.25,476071
ORIENTREF,20200224,222.15,236.95,220.75,226.45,133715
ORISSAMINE,20200224,2230,2264,2125.6,2144.25,27548
ORTINLABSS,20200224,8.2,8.35,8.1,8.15,6084
OSWALAGRO,20200224,6.5,6.5,6.2,6.35,19919
PAEL,20200224,2.45,2.45,2.45,2.45,149
PAGEIND,20200224,23030,23384.8,22934.25,23018.4,19440
PAISALO,20200224,271,278,258.15,270.75,7790
PALREDTEC,20200224,15.9,16.95,15.75,15.75,783
PANACEABIO,20200224,113.15,116.35,112,112.55,9306
PANACHE,20200224,51,52.2,49.85,50,15350
PANAMAPET,20200224,58,59,55.7,57.85,9113
PAPERPROD,20200224,284.4,295.6,277,285.05,166978
PARABDRUGS,20200224,1.35,1.4,1.3,1.4,21118
PARACABLES,20200224,6.65,7.3,6.65,7,60857
PARAGMILK,20200224,102.4,102.45,98.5,99.1,464805
PARSVNATH,20200224,1.95,2,1.9,1.95,61882
PATELENG,20200224,16.8,17.5,16.35,16.75,239309
PATINTLOG,20200224,17.5,18.4,16.9,17.15,9794
PATSPINLTD,20200224,3.5,3.5,3.5,3.5,2563
PCJEWELLER,20200224,17.65,18.9,17.15,17.8,5585628
PDMJEPAPER,20200224,17.55,17.55,16.15,16.5,53677
PDPL,20200224,3,3,2.85,2.85,601
PDSMFL,20200224,411,414,394.4,397.2,8314
PEARLPOLY,20200224,14,15,14,14,2037
PEL,20200224,1586.5,1599.05,1547.9,1567.95,1276422
PENIND,20200224,24.75,24.9,24.1,24.25,195690
PENINLAND,20200224,4.15,4.3,4,4.3,92810
PERSISTENT,20200224,719,734,711.1,721.45,82096
PETRONET,20200224,266.5,270.45,264,264.85,4170580
PFC,20200224,131.65,133.15,129,129.4,6075291
PFIZER,20200224,4180,4214.95,4126,4158.5,34676
PFOCUS,20200224,47,47,44.3,45.05,26097
PFS,20200224,13,13.7,12.95,13.3,519293
PGEL,20200224,65,73.7,65,71.9,202608
PGHH,20200224,11176,11293.45,11000,11184.15,3253
PGHL,20200224,4150.5,4195,4031.5,4107.35,29657
PGIL,20200224,139.95,143.35,137.3,139,1668
PHILIPCARB,20200224,129,130.45,127.45,127.9,497487
PHOENIXLTD,20200224,869.8,874.95,856.45,865.95,47298
PIDILITIND,20200224,1576,1583.95,1551.5,1555.5,292191
PIIND,20200224,1546,1555,1528.05,1543.05,87521
PILANIINVS,20200224,1745,1751.15,1685,1695.55,5103
PILITA,20200224,5.55,5.7,5.25,5.35,72944
PIONDIST,20200224,140.6,145.2,140.6,142.85,33593
PIONEEREMB,20200224,27.95,28,27.25,27.4,5408
PITTIENG,20200224,36,37.15,36,37,8617
PKTEA,20200224,123.25,130.9,123.2,125,221
PLASTIBLEN,20200224,208,214.4,201.1,202.2,27488
PNB,20200224,51.85,51.85,50.1,50.35,20135592
PNBGILTS,20200224,28.9,31.35,28.9,30.2,329252
PNBHOUSING,20200224,412,417,403.55,406,312415
PNC,20200224,14,15,14,14.2,12232
PNCINFRA,20200224,196.5,200.5,192.6,194.3,238898
PODDARHOUS,20200224,280.1,303.95,275.1,291,596
PODDARMENT,20200224,200,210,191.65,196.25,12498
POKARNA,20200224,83,85.8,82.25,84.7,14148
POLYCAB,20200224,1132,1182,1068,1088.55,556919
POLYMED,20200224,318.45,339,317,327.15,251946
POLYPLEX,20200224,531.15,534.95,510,514.2,53143
PONNIERODE,20200224,144,151.9,142,150.45,4025
POWERGRID,20200224,189,189.2,185.05,186.1,8393319
POWERMECH,20200224,732,753.05,726.55,734.2,12948
PPAP,20200224,195,197,188.9,191.25,13982
PPL,20200224,57.85,57.85,55.7,57.55,20511
PRABHAT,20200224,81,81.45,74.05,80.45,64123
PRADIP,20200224,0.4,0.45,0.4,0.45,12681
PRAENG,20200224,6.3,6.3,5.7,5.95,12192
PRAJIND,20200224,103.25,104.45,100.6,101.15,1085150
PRAKASH,20200224,42.7,42.7,41,41.3,285040
PRAKASHSTL,20200224,0.2,0.2,0.15,0.2,16059
PRAXIS,20200224,72.75,72.75,69.15,69.15,321
PRECAM,20200224,39.35,39.35,38,38.3,2233
PRECOT,20200224,31.5,31.5,31.35,31.5,1664
PRECWIRE,20200224,136.75,140.95,135,136.8,6242
PREMEXPLN,20200224,125,126.5,114.3,116.65,30344
PREMIER,20200224,1.7,1.75,1.7,1.75,1118
PREMIERPOL,20200224,23.35,23.35,21.8,22,657
PRESSMN,20200224,23,23,21.5,21.6,11311
PRESTIGE,20200224,365,365.7,347,350.7,119362
PRICOLLTD,20200224,46.7,46.7,43,43.1,66649
PRIMESECU,20200224,39.1,39.4,38.1,38.7,8769
PRINCEPIPE,20200224,179.95,181.7,175.8,179.55,331633
PROSEED,20200224,0.25,0.3,0.25,0.25,42988
PROZONINTU,20200224,17.1,17.55,16.75,16.9,37842
PRSMJOHNSN,20200224,63.3,63.4,60.2,60.75,120946
PSB,20200224,17.1,17.1,16.2,16.6,22312
PSL,20200224,0.45,0.45,0.4,0.45,18745
PSPPROJECT,20200224,517.7,521,511.8,513.7,23158
PSUBNKBEES,20200224,23.6,24.3,23,23.24,63077
PTC,20200224,51.2,53.4,51.2,52,543145
PTL,20200224,37.05,38,37.05,37.35,12250
PUNJABCHEM,20200224,455,468,453,460.1,2229
PURVA,20200224,55.7,58.25,54.75,57.25,219235
PVR,20200224,2071.8,2073.9,2028.8,2045.35,196646
QGOLDHALF,20200224,1862.7,1926,1862.7,1915.75,6234
QNIFTY,20200224,1228.7,1228.7,1219.5,1219.87,72
QUESS,20200224,538.8,548.85,531.15,536.05,103057
QUICKHEAL,20200224,126.25,130,125.5,127.55,209292
RADICO,20200224,421,433.6,415,419.15,346753
RADIOCITY,20200224,27.2,27.2,26.55,26.9,136172
RAIN,20200224,99.5,102.7,99.4,99.75,527753
RAJESHEXPO,20200224,664.55,672.7,651.1,655.15,146206
RAJSREESUG,20200224,15.5,16.5,15.25,15.55,9798
RAJTV,20200224,40.35,41.5,39.6,39.9,5228
RALLIS,20200224,242.5,243.2,230,232.25,367209
RAMANEWS,20200224,14.1,14.8,13.6,14,6243
RAMASTEEL,20200224,40.6,40.6,39.05,39.65,864
RAMCOCEM,20200224,801.5,801.5,786.05,793.5,193204
RAMCOIND,20200224,181,192.45,181,186.4,60609
RAMCOSYS,20200224,155,157.2,151.15,153.05,22980
RAMKY,20200224,29.85,30.05,29.05,29.45,33241
RANASUG,20200224,4.4,4.8,4.4,4.55,69944
RANEENGINE,20200224,217.25,217.25,201.1,208.4,582
RANEHOLDIN,20200224,683,698.2,663.6,679.9,2639
RATNAMANI,20200224,1314,1335,1301,1322.4,9204
RAYMOND,20200224,583.65,585.9,571.4,578.55,154887
RBL,20200224,563,564.75,547.65,552.85,5902
RBLBANK,20200224,305,307.45,298.2,301.45,9251535
RCF,20200224,42.6,43.25,42.1,42.35,888504
RCOM,20200224,0.75,0.8,0.7,0.8,12819274
RECLTD,20200224,138.35,141.05,135.9,136.2,3343427
REDINGTON,20200224,120.9,121.6,116.4,117.1,210464
REFEX,20200224,68.1,73.4,66.8,67.15,211959
REGENCERAM,20200224,0.9,0.9,0.9,0.9,10
RELAXO,20200224,807,810.1,795,799.25,209131
RELCAPITAL,20200224,7.7,7.8,7.25,7.45,4004739
RELIANCE,20200224,1469.75,1477,1439.55,1444.95,9769743
RELIGARE,20200224,46.3,46.3,43.2,43.25,283612
RELINFRA,20200224,22.9,23.8,22.55,22.8,3074470
REMSONSIND,20200224,81.7,82,77.65,78.25,1892
RENUKA,20200224,7.05,7.15,6.9,7.05,744937
REPCOHOME,20200224,308.1,308.1,295.15,296.7,65967
REPRO,20200224,556,558,536.75,541.6,5079
RESPONIND,20200224,89.9,91.5,85.15,85.9,98640
REVATHI,20200224,505,509,486.05,492.2,1520
RGL,20200224,385.15,396.5,385.15,395.15,2339
RHFL,20200224,1.05,1.05,0.95,1.05,7518184
RICOAUTO,20200224,40,40.35,38.6,38.85,149685
RIIL,20200224,360,361.4,346.15,348.5,206586
RITES,20200224,311.35,326.95,311,318.95,1111755
RKDL,20200224,5.85,5.85,5.5,5.65,4422
RKFORGE,20200224,352.2,352.2,328.3,330.3,8763
RMCL,20200224,4.95,4.95,4.6,4.65,5632
RML,20200224,255.15,255.15,246.8,250.15,5290
RNAVAL,20200224,1.6,1.65,1.55,1.55,3828098
ROHITFERRO,20200224,0.4,0.4,0.35,0.35,74934
ROHLTD,20200224,70.8,70.8,67.8,68.15,34615
ROLLT,20200224,1.45,1.55,1.4,1.55,5724
ROLTA,20200224,3.5,3.55,3.35,3.4,132388
ROSSELLIND,20200224,56.55,60.45,56.55,58.1,1102
RPGLIFE,20200224,271,284.25,271,279.35,11654
RPOWER,20200224,1.85,1.85,1.8,1.85,10726490
RPPINFRA,20200224,50,57.2,49,55.65,389628
RSSOFTWARE,20200224,19.55,19.55,18.35,18.8,10244
RSWM,20200224,114.25,116.1,107.1,108.15,22660
RSYSTEMS,20200224,97.25,97.35,95.9,95.95,42259
RTNINFRA,20200224,2.95,2.95,2.85,2.95,253504
RTNPOWER,20200224,2.95,2.95,2.85,2.95,1632596
RUBYMILLS,20200224,200.8,202.9,195,196.55,3028
RUCHI,20200224,51.05,51.05,51.05,51.05,523
RUCHINFRA,20200224,2.8,2.8,2.6,2.6,12306
RUCHIRA,20200224,59,60.3,57.4,58.45,35626
RUPA,20200224,218.5,225,213,214.5,36496
RUSHIL,20200224,128.4,131.25,128,128.85,7279
RVNL,20200224,23.55,23.8,22.75,22.95,4677013
SABTN,20200224,1.2,1.35,1.2,1.3,21306
SADBHAV,20200224,83,85.7,79,79.6,552462
SADBHIN,20200224,28.5,29.45,27.2,27.55,90734
SAFARI,20200224,631.2,639.9,610.15,619.3,19115
SAGCEM,20200224,515,515,505,507.85,1748
SAIL,20200224,41.45,41.45,39.05,39.25,22757603
SAKAR,20200224,63,63,61.9,61.9,3430
SAKHTISUG,20200224,8.9,9.2,8.85,8.9,19501
SAKSOFT,20200224,201,201.6,198,199.75,4168
SAKUMA,20200224,6.2,6.25,5.7,5.8,188142
SALASAR,20200224,121.4,129.9,121.4,126.6,55849
SALONA,20200224,66.75,66.8,63.2,63.95,136
SALSTEEL,20200224,2.85,3,2.85,2.9,8204
SALZERELEC,20200224,106.95,107.35,104.15,105.3,10068
SAMBHAAV,20200224,2,2.15,1.95,1.95,48266
SANCO,20200224,13.95,14.15,13.3,13.5,122958
SANDESH,20200224,588,607,584,591.5,381
SANDHAR,20200224,262,268.6,255.55,257.95,2720
SANGAMIND,20200224,51.2,54.45,51,53,1319
SANGHIIND,20200224,32.95,33.5,32.2,32.5,68583
SANGHVIFOR,20200224,15.45,16,14.9,15.95,290
SANGHVIMOV,20200224,111,118.3,103.65,115.3,53989
SANGINITA,20200224,160.6,163,160,161.8,18952
SANOFI,20200224,7320,7475,7025.1,7084.5,22755
SANWARIA,20200224,1.55,1.55,1.45,1.45,1905158
SARDAEN,20200224,199.9,200,191,192.75,14254
SAREGAMA,20200224,380,382.9,372,374.05,6348
SARLAPOLY,20200224,20.45,20.8,18.1,20.45,36677
SASKEN,20200224,580,592.35,566.05,573.05,7051
SASTASUNDR,20200224,71,71.5,68,71.1,1966
SATHAISPAT,20200224,1.75,1.75,1.75,1.75,20
SATIA,20200224,103,103,99.7,100.15,41842
SATIN,20200224,179.5,181.9,164.1,177.25,45175
SBIETFQLTY,20200224,102.9,102.9,99,99.62,1588
SBILIFE,20200224,923.6,941.5,910,916.6,493211
SBIN,20200224,325.75,331.3,321.85,322.95,45273936
SCAPDVR,20200224,0.2,0.2,0.15,0.2,175995
SCHAEFFLER,20200224,4601.15,4687.15,4557.7,4600.2,5701
SCHAND,20200224,70.55,73,69.6,71.95,9183
SCHNEIDER,20200224,100,104.9,99.05,102.9,414179
SCI,20200224,55.1,55.25,52,52.7,723735
SDBL,20200224,106.8,106.8,101.1,104,6382
SEAMECLTD,20200224,459,459,418.25,421.4,2835
SELAN,20200224,135.1,135.95,134,134.3,20333
SELMCL,20200224,0.7,0.7,0.65,0.65,197956
SEPOWER,20200224,2.3,2.4,2.2,2.3,8240
SEQUENT,20200224,93.15,99.25,92.45,94.65,513493
SESHAPAPER,20200224,158,158.3,151.2,151.75,8042
SETCO,20200224,10.45,10.45,9.7,9.7,155942
SETF10GILT,20200224,189.5,189.5,189.5,189.5,1
SETFGOLD,20200224,3785.1,3910,3785.1,3899.7,11296
SETFNIF50,20200224,125.6,129,122.22,122.42,391609
SETFNIFBK,20200224,311.87,311.87,306.58,306.98,298937
SETFNN50,20200224,298,302,288.57,290.89,14636
SETUINFRA,20200224,0.8,0.8,0.75,0.8,75371
SEYAIND,20200224,81,81,77.1,77.9,9636
SFL,20200224,1671.5,1689,1649.95,1668.4,4049
SGL,20200224,6.4,6.8,6.4,6.6,2179
SHAHALLOYS,20200224,6.9,6.9,6.9,6.9,2
SHAKTIPUMP,20200224,247,247,235.55,239.5,70156
SHALBY,20200224,94.1,95,77.7,93.1,54259
SHALPAINTS,20200224,95.6,99.45,94.5,95,64380
SHANKARA,20200224,497,505.4,480,503.1,210792
SHANTIGEAR,20200224,93.05,93.7,91,92,1607
SHARDACROP,20200224,216.9,216.95,206,209.7,8417
SHARDAMOTR,20200224,900,935.1,872,879.45,3860
SHARIABEES,20200224,266.39,267,262.13,263.02,409
SHEMAROO,20200224,74.9,74.9,68.95,68.95,28032
SHIL,20200224,139.05,142,134.1,140.05,22568
SHILPAMED,20200224,473,489.5,472.95,489.5,76484
SHIRPUR-G,20200224,9.25,9.95,9.05,9.95,5586
SHIVAMAUTO,20200224,18.9,19.2,18.2,18.45,46649
SHIVAMILLS,20200224,30.65,31.5,30.5,30.5,1713
SHIVATEX,20200224,88.25,91.85,86.6,87.35,766
SHK,20200224,111.4,118,110,111.6,130270
SHOPERSTOP,20200224,378.6,389.9,375.85,387.45,30284
SHREDIGCEM,20200224,30.4,33.9,29.6,31.6,1682459
SHREECEM,20200224,24100,24576.1,23684.05,23831.6,29338
SHREEPUSHK,20200224,131,139.7,128,129.7,98148
SHREERAMA,20200224,5.1,5.3,5,5,10561
SHRENIK,20200224,38.9,38.9,36.5,38,70686
SHREYANIND,20200224,110.15,112.5,107,107.55,7044
SHREYAS,20200224,72.05,72.05,70,71.1,8621
SHRIPISTON,20200224,680,690,680,690,101
SHRIRAMCIT,20200224,1416.05,1427.35,1376,1404.65,4110
SHRIRAMEPC,20200224,3.95,4,3.85,3.95,43417
SHYAMCENT,20200224,2.85,2.85,2.75,2.75,5200
SICAGEN,20200224,15,15,14.4,14.75,7843
SICAL,20200224,10.05,10.05,9.15,9.15,146525
SIEMENS,20200224,1405,1419.25,1368.15,1373.8,288865
SIGIND,20200224,19.3,19.7,19.15,19.4,4143
SIL,20200224,11.85,11.85,11.75,11.75,5002
SILINV,20200224,142.75,142.75,136,138.15,1088
SIMBHALS,20200224,6.3,6.5,6.3,6.4,2180
SIMPLEXINF,20200224,56.6,56.6,54,56.6,1180097
SINTEX,20200224,0.75,0.8,0.75,0.8,2280707
SIRCA,20200224,330.25,330.25,320,321.25,7353
SIS,20200224,618,620.2,592.65,604.95,36014
SITINET,20200224,1.05,1.05,1,1,148149
SIYSIL,20200224,223.25,226.5,220,225.25,5474
SJVN,20200224,25.9,26,25.65,25.75,4501979
SKFINDIA,20200224,1960.1,1995,1950.3,1975.3,6508
SKIL,20200224,4.35,4.35,4.35,4.35,51
SKIPPER,20200224,38.95,40.1,37.5,38.1,94783
SKMEGGPROD,20200224,30.3,30.6,29.5,29.9,9282
SMARTLINK,20200224,79.8,83.45,79,79.35,7866
SMLISUZU,20200224,570,575,556,560.7,34094
SMSLIFE,20200224,258,259.45,235.95,254.15,2470
SMSPHARMA,20200224,40.75,40.75,37.55,37.85,40085
SNOWMAN,20200224,43.65,43.75,43.5,43.5,686757
SOBHA,20200224,339,339,317,323,410894
SOLARA,20200224,690,725.1,689.9,699.65,228157
SOLARINDS,20200224,1245,1250,1188,1205.1,17678
SOMANYCERA,20200224,200.3,201.7,192.1,195.4,52192
SOMATEX,20200224,2,2.15,2,2.05,6595
SOMICONVEY,20200224,12.5,13.9,12.5,13.35,5467
SONATSOFTW,20200224,338,343,331.5,335.95,76360
SORILINFRA,20200224,107.2,113.6,104,111.2,193197
SOTL,20200224,805.05,809.9,783.6,807.15,1191
SOUTHBANK,20200224,9.7,9.7,9.55,9.55,3583429
SOUTHWEST,20200224,17,18,17,18,35492
SPAL,20200224,168,172.85,158,164.7,10314
SPANDANA,20200224,1099.95,1144.9,1081.8,1098.5,125837
SPARC,20200224,165.7,172.3,160.2,161.65,675857
SPCENET,20200224,0.85,0.85,0.85,0.85,500
SPECIALITY,20200224,55.5,57,54.5,54.85,60681
SPENCERS,20200224,87.3,95.7,85.65,89.6,3263412
SPENTEX,20200224,0.25,0.3,0.2,0.25,111609
SPIC,20200224,17.85,17.9,16.95,17.05,37451
SPICEJET,20200224,90,92.2,85.95,86.6,2388487
SPLIL,20200224,29.5,29.5,28.1,28.2,11157
SPMLINFRA,20200224,9.1,9.5,8.95,9.3,10174
SPTL,20200224,0.85,0.9,0.8,0.9,2409998
SPYL,20200224,0.25,0.3,0.2,0.25,43180
SREEL,20200224,155,156,152,154.1,6877
SREINFRA,20200224,8.5,8.6,8.1,8.1,387064
SRF,20200224,4135.55,4160,4050.05,4062.1,190614
SRHHYPOLTD,20200224,130.85,139.8,127.3,132.5,55658
SRIPIPES,20200224,225.4,226,219.05,220.75,78751
SRTRANSFIN,20200224,1340,1367,1314.25,1335.55,2270413
SSWL,20200224,745.8,745.85,735.1,739.2,8426
STAMPEDE,20200224,0.35,0.35,0.3,0.35,388313
STAR,20200224,512,512,490,492.3,333503
STARCEMENT,20200224,85.1,86.55,84.1,84.95,25213
STARPAPER,20200224,131,131.7,123.2,124.45,119728
STCINDIA,20200224,50.45,52.2,49,49.35,28375
STEELCITY,20200224,29.75,29.75,28.15,29.05,78
STEELXIND,20200224,23.6,24.5,23.5,24.15,13924
STEL,20200224,60.75,61,58.5,58.8,9811
STERTOOLS,20200224,217.3,223.95,210.75,216.2,22668
STRTECH,20200224,113,113,108,108.65,973206
SUBCAPCITY,20200224,5.4,5.4,5.4,5.4,5000
SUBEX,20200224,6.95,7.3,6.65,6.75,1779854
SUBROS,20200224,264,268.8,252.4,262.25,47146
SUDARSCHEM,20200224,460,466.9,448.3,452.35,150256
SUJANAUNI,20200224,0.15,0.15,0.1,0.15,111634
SUMEETINDS,20200224,1.55,1.6,1.5,1.6,217827
SUMICHEM,20200224,249.95,249.95,238.2,239.8,434167
SUMIT,20200224,14.9,16.4,14.9,16.4,1095
SUMMITSEC,20200224,431.05,438.9,430,431.2,2270
SUNCLAYLTD,20200224,2050.5,2050.5,2000,2006.9,164
SUNDARAM,20200224,1.5,1.55,1.5,1.5,211853
SUNDARMFIN,20200224,1643.15,1645,1625,1640,34105
SUNDARMHLD,20200224,62.25,62.4,60.35,61.45,10018
SUNDRMBRAK,20200224,299,299,272.5,282.7,1435
SUNDRMFAST,20200224,450.05,451,439,442.65,41482
SUNFLAG,20200224,37.5,40.5,37.45,38.95,1175050
SUNPHARMA,20200224,406.5,414.65,395.8,397.85,12668574
SUNTECK,20200224,380.6,389.1,370,376.55,204242
SUNTV,20200224,479.9,481.7,465.05,468,1638322
SUPERHOUSE,20200224,89.95,90,88,88.2,2840
SUPERSPIN,20200224,3.1,3.15,3,3,7494
SUPPETRO,20200224,169.3,170.15,161.1,162.25,15211
SUPRAJIT,20200224,191.2,197.9,186.8,192.6,38473
SUPREMEIND,20200224,1365,1394.8,1365,1389.9,40711
SUPREMEINF,20200224,20.5,21.5,19.5,19.95,25352
SURANASOL,20200224,7.4,7.5,7.1,7.15,32178
SURANAT&P,20200224,3.15,4.05,3.15,3.5,4101
SURYALAXMI,20200224,19.2,22.75,19.2,20.85,8001
SURYAROSNI,20200224,160,161.9,155.7,156,32694
SUTLEJTEX,20200224,30,31.45,28.3,30.05,16363
SUVEN,20200224,56.35,56.35,56.35,56.35,164337
SUZLON,20200224,2.65,2.65,2.55,2.65,18793348
SWANENERGY,20200224,126,144,121.45,136.8,214886
SWARAJENG,20200224,1245,1267.95,1245,1259.05,12084
SWELECTES,20200224,123.8,123.8,118.55,119.85,6187
SWSOLAR,20200224,220,220.8,180,184.8,920305
SYMPHONY,20200224,1384,1397.8,1350,1356.3,37029
SYNCOM,20200224,0.6,0.65,0.6,0.65,2070
SYNDIBANK,20200224,22.2,22.2,21.2,21.35,578758
SYNGENE,20200224,307,309.85,303.5,304.6,67589
TAINWALCHM,20200224,51.5,52.05,50,50.75,2701
TAJGVK,20200224,170.8,172.2,164.2,165.5,36002
TAKE,20200224,98.3,99.85,96.85,98.2,101989
TALBROAUTO,20200224,115.05,117,114,115.9,7386
TALWALKARS,20200224,1.8,1.9,1.8,1.9,28982
TALWGYM,20200224,1.25,1.35,1.25,1.25,73335
TANLA,20200224,76.8,79.4,74.3,77.2,302987
TANTIACONS,20200224,2.35,2.35,2.15,2.35,202
TARAPUR,20200224,3.55,3.55,3.55,3.55,30
TARMAT,20200224,32.7,34.9,32.5,34.1,9581
TASTYBITE,20200224,12350,13300,11810,12605.05,5501
TATACHEM,20200224,761,769.8,747.55,749.8,405545
TATACOFFEE,20200224,93,95.4,92.3,92.65,422126
TATACOMM,20200224,388,394.8,380,388.6,94257
TATAELXSI,20200224,991.5,1013,971.45,1004.85,585972
TATAGLOBAL,20200224,378.9,379.85,367.75,369.1,3017687
TATAINVEST,20200224,919.95,924.85,906,907.55,30199
TATAMETALI,20200224,637,649.4,621.05,641,39932
TATAMOTORS,20200224,154,155.9,149.6,150.65,39706007
TATAMTRDVR,20200224,63.5,63.65,61.2,61.65,2186160
TATAPOWER,20200224,51.5,52.65,50.85,51.85,8835835
TATASTEEL,20200224,434.85,434.85,413.35,415.45,17523142
TATASTLBSL,20200224,27.85,27.85,26.2,26.3,1152120
TATASTLLP,20200224,372.9,372.9,360,361.4,18717
TBZ,20200224,36.6,36.6,35,35.2,58776
TCI,20200224,261,261,253,259.9,16234
TCIDEVELOP,20200224,335.5,366.3,335.5,361.8,109
TCIEXP,20200224,900.15,920.05,890,893.9,11847
TCIFINANCE,20200224,6.15,6.35,5.85,6.05,21863
TCNSBRANDS,20200224,590.05,590.05,560.15,562.55,5442
TCPLPACK,20200224,281,291.95,279,285.25,4143
TCS,20200224,2156,2178.95,2106.7,2115.35,3092877
TDPOWERSYS,20200224,167.05,175.6,164.55,169.95,38677
TEAMLEASE,20200224,2450,2472,2410.05,2430.45,9986
TECHIN,20200224,2.3,2.4,2.3,2.4,649
TECHM,20200224,828.95,843.9,815.75,820.1,2917544
TECHNOE,20200224,292.55,300,292.55,299.05,5100
TECHNOFAB,20200224,12,12,11.9,11.9,1884
TEJASNET,20200224,67.45,67.8,63.7,64.2,90431
TERASOFT,20200224,24.4,24.95,23.3,23.55,6904
TEXINFRA,20200224,39.8,42.4,39.8,40.6,5329
TEXMOPIPES,20200224,14.25,14.25,13.7,13.8,29948
TEXRAIL,20200224,30.2,30.2,29,29.05,225165
TFCILTD,20200224,70.5,71.7,70.25,70.5,92533
TFL,20200224,3.95,3.95,3.8,3.8,332
TGBHOTELS,20200224,3.4,3.4,3.25,3.3,3893
THANGAMAYL,20200224,450,462.05,439.45,452.2,11563
THEINVEST,20200224,117.95,117.95,115,115.5,5276
THEMISMED,20200224,410,414,396,401,332
THERMAX,20200224,978,980.25,963.05,971.7,40817
THOMASCOOK,20200224,56,59.4,54.7,57,3321942
THYROCARE,20200224,612,616,590,590.85,105615
TI,20200224,19,19,17.9,18.9,6367
TIDEWATER,20200224,4804,4850,4750,4784.55,1174
TIIL,20200224,317.2,330,317.2,321.2,4568
TIINDIA,20200224,504,562,502.7,544.5,522546
TIJARIA,20200224,5.15,5.3,5.1,5.2,5876
TIL,20200224,180,183.5,176.55,179.1,2590
TIMESGTY,20200224,27.1,27.75,27.1,27.75,70
TIMETECHNO,20200224,51.5,52,49.45,49.9,99653
TIMKEN,20200224,1017,1039.5,1012.55,1015.55,22492
TINPLATE,20200224,136.85,137.9,134.25,135.35,157885
TIPSINDLTD,20200224,135,135,124,124.75,2763
TIRUMALCHM,20200224,62.3,63.05,60.75,60.9,243003
TITAN,20200224,1310,1317.8,1273.85,1279.9,1341317
TMRVL,20200224,8.55,8.95,8.2,8.9,53297
TNPETRO,20200224,35.8,35.8,34,34.05,61767
TNPL,20200224,169.5,169.7,166,167,142296
TOKYOPLAST,20200224,64.95,64.95,58.5,62.1,2027
TORNTPHARM,20200224,2238.95,2239.4,2162.8,2170.95,175961
TORNTPOWER,20200224,314.9,318.75,308.7,310.25,936902
TOUCHWOOD,20200224,74.6,79.15,70.25,74.3,10228
TPLPLASTEH,20200224,118.65,120,113,115.75,3257
TREEHOUSE,20200224,5.35,5.35,4.6,4.9,14135
TREJHARA,20200224,8,8.5,7.55,7.85,12166
TRENT,20200224,775.9,802.95,767.1,795.95,543365
TRF,20200224,111.7,111.7,106.5,107.05,29004
TRIDENT,20200224,6.25,6.5,6.05,6.1,8980483
TRIGYN,20200224,45,45.45,42.75,43.65,31324
TRIL,20200224,8.5,8.8,8.15,8.25,185553
TRITURBINE,20200224,100.95,100.95,93,94.1,31264
TRIVENI,20200224,79.9,79.9,76.8,77.05,194146
TTKHLTCARE,20200224,485.05,487.9,476.1,477.55,3229
TTKPRESTIG,20200224,5888.5,5888.5,5716.8,5814,6504
TTL,20200224,40.55,42.35,39.05,39.85,1495
TTML,20200224,3.3,3.3,3.1,3.1,978558
TV18BRDCST,20200224,26.4,26.6,25.6,25.7,2512755
TVSELECT,20200224,103,109.35,102.25,103.1,54210
TVSMOTOR,20200224,446.4,448.45,436.25,438.6,1050427
TVSSRICHAK,20200224,1594.3,1611.25,1546.8,1555.6,3871
TVTODAY,20200224,250,250,240,241.75,11838
TVVISION,20200224,1.05,1.05,1.05,1.05,502
TWL,20200224,44.9,45.85,44.75,44.95,318504
UBL,20200224,1266.95,1283.1,1232.05,1240.75,339871
UCALFUEL,20200224,122,122,118.1,119,4266
UCOBANK,20200224,13.75,13.8,13.3,13.45,383321
UFLEX,20200224,222.5,227.4,222.5,223.05,53178
UFO,20200224,117.25,126.9,117.25,118.05,151561
UGARSUGAR,20200224,14.65,14.95,13.8,14.05,91758
UJAAS,20200224,3.9,3.95,3.75,3.85,172025
UJJIVAN,20200224,385,387.15,366.1,367.2,1354092
UJJIVANSFB,20200224,53,53.2,51.5,51.65,1453779
ULTRACEMCO,20200224,4415,4455,4320,4395,383261
UMANGDAIRY,20200224,47.4,48.5,45.1,45.7,23885
UMESLTD,20200224,0.9,0.9,0.9,0.9,5016
UNICHEMLAB,20200224,136.8,152.5,136.8,148.4,777272
UNIENTER,20200224,70.1,73.95,69.9,71.05,14186
UNIONBANK,20200224,43.05,43.7,41.5,42.2,2115016
UNIPLY,20200224,8.1,8.1,8.1,8.1,33641
UNITECH,20200224,2.9,2.9,2.9,2.9,642291
UNITEDBNK,20200224,7.7,7.7,7.5,7.55,212343
UNITEDTEA,20200224,273,273,255.05,257.3,1170
UNIVCABLES,20200224,151.5,151.5,146,146.15,10869
UNIVPHOTO,20200224,72.9,72.9,69.45,72.75,8483
UPL,20200224,586.95,590.75,570.1,573.25,1975289
URJA,20200224,1.5,1.5,1.45,1.5,582929
USHAMART,20200224,24.5,25.3,24.2,24.65,147417
UTINEXT50,20200224,297,299.85,289.7,292,176
UTINIFTETF,20200224,1282.95,1282.95,1255,1259.74,5136
UTISENSETF,20200224,440,450,427.01,443.46,8086
UTISXN50,20200224,327,327,327,327,5
UTTAMSTL,20200224,6.6,6.6,6.1,6.15,29625
UTTAMSUGAR,20200224,107.7,107.95,104,104.85,49698
UVSL,20200224,0.1,0.1,0.05,0.1,8597384
V2RETAIL,20200224,81.4,87.7,80.2,83.6,254616
VADILALIND,20200224,881,881,860.25,867.9,10134
VAIBHAVGBL,20200224,1187,1187,1145,1152.55,17192
VAISHALI,20200224,54,54,52,52.45,19185
VAKRANGEE,20200224,46,46,43.6,43.6,1696915
VARDHACRLC,20200224,34.8,34.9,31.1,32.8,41297
VARDMNPOLY,20200224,2.3,2.3,2.1,2.3,2860
VARROC,20200224,391,402,390,397,24068
VASCONEQ,20200224,15.75,15.75,14.75,14.8,369373
VASWANI,20200224,3.55,3.6,3.3,3.45,27707
VBL,20200224,814.8,820,805,808.85,226796
VEDL,20200224,139.85,139.95,132.3,133.2,22666897
VENKEYS,20200224,1454.9,1469,1420,1426.05,69857
VENUSREM,20200224,25.85,26,25.05,25.55,9699
VESUVIUS,20200224,1150.45,1228.1,1140,1180.4,18183
VETO,20200224,52.5,54,50.2,52.9,18096
VGUARD,20200224,202,202.65,199.7,200.95,179856
VHL,20200224,1277.25,1338,1277.25,1307.05,363
VICEROY,20200224,1.2,1.2,1.15,1.2,24204
VIDHIING,20200224,65.5,66.45,64.8,65,25677
VIJIFIN,20200224,0.3,0.4,0.3,0.35,218836
VIKASECO,20200224,2.3,2.3,2.2,2.25,239560
VIKASMCORP,20200224,2.45,2.45,2.4,2.4,460739
VIKASPROP,20200224,10.3,10.7,10.3,10.5,3886647
VIKASWSP,20200224,7.9,7.9,7.45,7.5,184959
VIMTALABS,20200224,102,103.2,99.1,99.45,12996
VINATIORGA,20200224,1019.95,1039.7,992.95,1015.4,56612
VINDHYATEL,20200224,881.15,881.15,824.95,832.85,6890
VINYLINDIA,20200224,60.05,61.3,60,61.05,6897
VIPCLOTHNG,20200224,6.8,6.9,6.6,6.75,33066
VIPIND,20200224,447,456.8,432.55,446,296154
VIPULLTD,20200224,20.45,20.45,18.7,18.75,8024
VISAKAIND,20200224,242,245.7,239.25,240.15,18543
VISASTEEL,20200224,4.1,4.25,3.95,4.1,12995
VISESHINFO,20200224,0.05,0.1,0.05,0.05,2394509
VISHAL,20200224,230,230,230,230,2000
VISHNU,20200224,120.2,123.8,117.05,117.95,16243
VISHWARAJ,20200224,70,74,70,72.6,6291
VIVIDHA,20200224,0.3,0.3,0.25,0.25,20760
VIVIMEDLAB,20200224,10.65,11.3,10.4,10.8,143609
VLSFINANCE,20200224,56.05,56.05,54.25,55,8715
VMART,20200224,2445,2545,2432.5,2456.2,33417
VOLTAMP,20200224,1410,1445,1391.95,1421.95,59567
VOLTAS,20200224,721.3,733.95,715.4,717.65,1618922
VRLLOG,20200224,242.65,244.75,231.25,237.2,56898
VSSL,20200224,67.3,69,66,67.65,4519
VSTIND,20200224,4342.25,4342.25,4217.05,4240.95,1945
VSTTILLERS,20200224,1212.05,1248,1200.1,1219.75,4413
VTL,20200224,1080,1105,1060,1089.3,17111
WABAG,20200224,216.8,227.9,212.3,217.35,526379
WABCOINDIA,20200224,6766,6910,6766,6882.25,4300
WALCHANNAG,20200224,57.85,58.35,55.5,56.1,83135
WANBURY,20200224,28.95,28.95,28.95,28.95,10949
WATERBASE,20200224,131.6,137.65,129.1,131.1,201073
WEBELSOLAR,20200224,25.4,25.5,24.55,24.9,33955
WEIZFOREX,20200224,372,385,369.15,371.55,2209
WEIZMANIND,20200224,23.25,24.5,22.6,22.65,3698
WELCORP,20200224,202,203.85,199.9,202.2,695259
WELENT,20200224,71.9,72.45,71,71.35,118509
WELINV,20200224,196.35,203.7,195.9,195.9,1220
WELSPUNIND,20200224,44.9,45.8,43.7,44.35,1085897
WENDT,20200224,2734.95,2747,2702.05,2715.1,100
WESTLIFE,20200224,474.8,491,465.2,484.25,267640
WHEELS,20200224,565,569.85,528.25,546.15,22552
WHIRLPOOL,20200224,2289,2289,2230,2248.25,64126
WILLAMAGOR,20200224,17.2,17.2,15.8,16.05,7999
WINDMACHIN,20200224,19.65,19.65,17.85,18,132362
WIPL,20200224,51.05,51.05,51.05,51.05,5
WIPRO,20200224,245,247.8,242.4,244.2,3521975
WOCKPHARMA,20200224,356.4,356.4,337.2,339.25,896904
WONDERLA,20200224,235.8,237.8,232,232.9,19627
WSI,20200224,1.4,1.4,1.4,1.4,150
WSTCSTPAPR,20200224,218.75,218.75,210.95,211.45,129868
XCHANGING,20200224,52.75,52.9,51.25,51.4,15706
XELPMOC,20200224,58.2,59.4,55,57.65,7662
XPROINDIA,20200224,22.8,23.5,22.3,22.9,1868
YESBANK,20200224,35.5,35.9,34.15,34.95,105851722
ZEEL,20200224,257,257.3,248.15,249.1,7445554
ZEELEARN,20200224,17.95,18.2,16.4,16.55,216629
ZEEMEDIA,20200224,5.35,5.45,5.1,5.25,163682
ZENITHBIR,20200224,0.5,0.5,0.5,0.5,5000
ZENITHEXPO,20200224,43.45,43.45,39.9,43.4,46
ZENSARTECH,20200224,149.2,150.75,146.1,146.95,51541
ZENTEC,20200224,57.05,57.05,54,54.55,30309
ZICOM,20200224,1.4,1.45,1.4,1.4,9945
ZODIACLOTH,20200224,177.25,180,164.7,167.5,12810
ZODJRDMKJ,20200224,27.5,27.5,26.2,26.5,5255
ZOTA,20200224,180.25,182,179.5,180.9,24158
ZUARI,20200224,85,89.4,83.55,84.4,43377
ZUARIGLOB,20200224,46.1,47.45,44.5,44.9,17140
ZYDUSWELL,20200224,1503,1515.75,1445.45,1459.05,3310
NSENIFTY,20200224,12012.55,12012.55,11813.40,11829.40,491224913,0
NIFTYJUNIOR,20200224,28478.80,28599.25,28011.10,28073.90,901624094,0
NIFTYMIDCAPLIQ15,20200224,4228.80,4229.10,4151.30,4158.10,45129407,0
NSE100,20200224,12140.45,12140.45,11939.55,11957.00,1395035167,0
NIFTY200,20200224,6232.65,6232.65,6130.60,6139.10,1714558593,0
NSE500,20200224,9904.50,9904.50,9745.55,9758.20,1924819250,0
NSEMIDCAP150,20200224,6713.85,6713.85,6614.00,6620.55,340440247,0
MIDCAP50,20200224,4899.30,4900.15,4805.70,4813.80,287608203,0
NSEMIDCAP,20200224,18019.60,18035.40,17742.00,17764.10,319523426,0
NSESMLCAP100,20200224,6133.65,6141.75,6035.70,6040.55,-,0
NIFTYLARGEMIDCAP250,20200224,-,-,-,6111.14,1735475414,0
NIFTYAUTO,20200224,7644.05,7644.05,7414.00,7429.10,89107742,0
BANKNIFTY,20200224,30666.35,30702.15,30428.00,30455.10,254235861,0
NIFTYFINSERVICE,20200224,14398.30,14405.85,14215.00,14236.15,144900357,0
NIFTYFMGC,20200224,30545.50,30590.00,30108.40,30147.60,32962208,0
NSEIT,20200224,16642.75,16749.25,16416.85,16461.80,23422521,0
NIFTYMEDIA,20200224,1862.55,1863.10,1825.35,1829.60,19432009,0
NIFTYMETAL,20200224,2578.80,2578.80,2463.25,2469.60,134909623,0
NIFTYPHARMA,20200224,8275.95,8281.95,8086.65,8115.55,50488414,0
NIFTYPVTBANK,20200224,16741.80,16756.35,16615.45,16631.35,174381041,0
NIFTYPSUBANK,20200224,2143.90,2158.15,2104.00,2109.20,94239217,0
NIFTYREALTY,20200224,304.15,305.80,298.70,299.75,10623802,0
NIFTYCOMMODITIES,20200224,3304.55,3304.55,3221.20,3227.65,228233824,0
NIFTYCONSUMPTION,20200224,5118.25,5118.25,5024.75,5032.35,74900819,0
NIFTYCPSE,20200224,1652.45,1652.80,1611.55,1616.10,92860746,0
NIFTYENERGY,20200224,14911.90,14911.90,14602.60,14627.45,83029802,0
NIFTY100ESG,20200224,-,-,-,2233.64,1273956436,0
NIFTY100ENHESG,20200224,-,-,-,2257.83,1250177081,0
NIFTYINFRA,20200224,3242.95,3242.95,3181.90,3187.85,178114867,0
NIFTYMNC,20200224,14076.85,14076.90,13837.95,13856.55,749372217,0
NIFTYPSE,20200224,2962.60,2964.35,2897.90,2903.60,156559525,0
NIFTYSMEEMERGE,20200224,-,-,-,1346.20,904100,0
NIFTYSERVSECTOR,20200224,17383.35,17391.25,17160.60,17182.55,334408890,0
NIFTYSHARIAH25,20200224,-,-,-,4327.65,77666900,0
NIFTY50SHARIAH,20200224,-,-,-,2559.93,76866084,0
NIFTY500SHARIAH,20200224,-,-,-,3082.29,267969844,0
NIFTYABGROUP,20200224,-,-,-,2912.32,699585153,0
NIFTYMAHINDRA,20200224,-,-,-,10136.19,6610234,0
NIFTYTATA,20200224,-,-,-,6916.33,81209644,0
NIFTYTATA25CAP,20200224,-,-,-,4973.78,77509002,0
NIFTYABGROUP,20200224,-,-,-,2912.32,699585153,0
NIFTYLIQ15,20200224,3614.65,3614.75,3539.70,3545.30,345237014,0
NIFTY500VALUE50,20200224,-,-,-,3341.08,414974567,0
NIFTYALPHALOWVOL30,20200224,-,-,-,12227.40,117511877,0
NIFTYQUALLOWVOL30,20200224,-,-,-,8460.75,82254953,0
NIFTYALPHAQUALLOWVOL30,20200224,-,-,-,9865.87,104257514,0
NIFTYALPHAQUALVALLOWVOL30,20200224,-,-,-,7314.64,137174775,0
NIFTY50EQUALWEIGHT,20200224,12128.65,12128.85,11854.50,11870.90,491224913,0
NIFTY100EQUALWEIGHT,20200224,13199.95,13200.40,12930.90,12953.60,1395035167,0
NIFTY100LOWVOL30,20200224,8871.85,8871.85,8744.60,8756.10,112344177,0
NSEDEFTY,20200224,-,-,-,5692.80,-,0
NIFTY50DIVPOINT,20200224,123.38,123.38,123.38,123.38,-,0
NIFTYDIVOPPS50,20200224,2498.75,2498.75,2451.85,2455.60,275572097,0
NIFTYALPHA50,20200224,14420.60,14420.60,14198.35,14213.00,97664990,0
NIFTY50ARBITRAGE,20200224,-,-,-,1895.42,-,0
NIFTY50FUTINDEX,20200224,-,-,-,3956.36,-,0
NIFTY50FUTTRINDEX,20200224,-,-,-,11958.86,-,0
NIFTYHIGHBETA50,20200224,-,-,-,1316.34,1330631722,0
NIFTYLOWVOL50,20200224,-,-,-,10814.20,127810008,0
NIFTY50VALUE20,20200224,5498.40,5498.40,5388.40,5399.90,257216008,0
NIFTYGROWSECT15,20200224,6229.70,6229.70,6144.40,6151.65,64359881,0
NIFTY50TR2XLEV,20200224,6632.50,6632.50,6411.45,6429.00,-,0
NIFTY50PR2XLEV,20200224,5097.60,5097.60,4927.70,4941.20,-,0
NIFTY50TR1XINV,20200224,343.10,348.70,343.10,348.25,-,0
NIFTY50PR1XINV,20200224,391.30,397.70,391.30,397.15,-,0
NIFTY-GS-COMPSITE,20200224,2109.55,2118.01,2109.55,2115.18,-,0
NIFTY-GS-4-8YR,20200224,2202.42,2209.15,2202.42,2207.29,-,0
NIFTY-GS-8-13YR,20200224,2070.75,2080.36,2070.75,2077.45,-,0
NIFTY-GS-10YR,20200224,1902.75,1914.15,1902.75,1910.35,-,0
NIFTY-GS-10YR-CLN,20200224,952.57,958.42,952.57,956.47,-,0
NIFTY-GS-11-15YR,20200224,2230.20,2241.81,2230.20,2236.96,-,0
NIFTY-GS-15YRPLUS,20200224,2425.17,2427.59,2425.17,2435.49,-,0
VIX,20200224,13.70,17.38,12.30,17.00,0,0
