20MICRONS,20200408,27.9,29,25.9,26.2,80527
21STCENMGM,20200408,10.15,10.5,10.1,10.4,3205
3IINFOTECH,20200408,1.35,1.35,1.2,1.25,2793301
3MINDIA,20200408,18950,19170,18155.05,18318.2,9926
3PLAND,20200408,3.7,3.85,3.7,3.85,406
5PAISA,20200408,119.95,134,115,123.35,6500
63MOONS,20200408,50.7,55.45,50.7,53.7,72221
A2ZINFRA,20200408,3.15,3.25,3.1,3.15,116011
AARTIDRUGS,20200408,627,669.3,605,631.6,75970
AARTIIND,20200408,839.95,909.8,818,854.9,477805
AARVEEDEN,20200408,8.95,9.25,7.85,8.35,9251
AAVAS,20200408,1101,1183,1101,1135.2,24179
ABAN,20200408,15.7,16.2,15.7,16.2,37609
ABB,20200408,935,965,910,930.7,87757
ABBOTINDIA,20200408,16799.45,18250,16750,17481.1,57991
ABCAPITAL,20200408,45,47.9,44.25,45.6,1253267
ABFRL,20200408,148,152.8,146.75,149,416099
ABSLNN50ET,20200408,244,248,210,235,56
ACC,20200408,1000,1029.9,941.25,956.05,2153627
ACCELYA,20200408,874.3,886,862,880.45,10865
ACE,20200408,32.75,35.2,32.55,33.25,244708
ADANIENT,20200408,136.85,147.15,134.9,138.1,3237290
ADANIGAS,20200408,93.9,96.35,90.5,90.8,1888606
ADANIGREEN,20200408,166.85,166.85,162,166.45,702014
ADANIPORTS,20200408,248,255.85,242.75,250.85,6897883
ADANIPOWER,20200408,28.65,31.15,27.5,28.95,12308064
ADANITRANS,20200408,196.65,202,190,193.65,306320
ADFFOODS,20200408,187.85,192.25,184,187.7,22107
ADHUNIKIND,20200408,13.3,13.3,13.3,13.3,5518
ADLABS,20200408,2.75,2.85,2.75,2.85,19360
ADORWELD,20200408,195.7,201.9,193.95,195.1,1438
ADROITINFO,20200408,5.5,5.7,5.45,5.7,691
ADSL,20200408,13.05,13.2,12.4,12.5,16203
ADVANIHOTR,20200408,30.1,33,30.1,31.8,5340
ADVENZYMES,20200408,140.2,146.55,137.95,139.2,77441
AEGISCHEM,20200408,150,158.5,147.1,156.35,175470
AFFLE,20200408,1050,1053.45,1030,1053.45,8191
AGARIND,20200408,49.8,52.85,49.05,52.25,7826
AGCNET,20200408,224.35,235.55,213.25,234.7,2524
AGRITECH,20200408,23.95,23.95,23.95,23.95,504
AGROPHOS,20200408,5.7,5.7,5.2,5.7,40596
AHLEAST,20200408,133.15,141.85,128.15,131.55,3303
AHLUCONT,20200408,145.95,148,136,146.3,153910
AHLWEST,20200408,289.9,289.9,270.95,275,238
AIAENG,20200408,1259.45,1291,1229,1255.85,73842
AIONJSW,20200408,10.9,11.1,10.2,11.1,90347
AIRAN,20200408,9.8,10.3,9.75,9.8,1826
AJANTPHARM,20200408,1325.75,1450,1325,1367.5,166582
AJMERA,20200408,64.95,70.5,64.6,68.4,31766
AKASH,20200408,90,90,90,90,500
AKSHARCHEM,20200408,174.75,177.6,165.3,169.7,3130
AKSHOPTFBR,20200408,3.6,3.6,3.6,3.6,27750
AKZOINDIA,20200408,2084.95,2133,2030,2047.9,12835
ALANKIT,20200408,12.9,12.9,12.9,12.9,14247
ALBERTDAVD,20200408,338.8,364.75,338.8,353.15,24334
ALCHEM,20200408,1.4,1.4,1.4,1.4,8608
ALEMBICLTD,20200408,43.7,48.05,39.7,45.05,695128
ALICON,20200408,195.95,196,181.05,184.75,3909
ALKALI,20200408,29.95,31.75,29.65,31.75,9346
ALKEM,20200408,2360,2736.5,2326.2,2671.15,371259
ALKYLAMINE,20200408,1236.6,1398,1222.2,1334.05,41501
ALLCARGO,20200408,63.05,65.85,63,65.7,300794
ALLSEC,20200408,131.7,131.9,129.35,131.9,1335
ALOKINDS,20200408,4.7,4.7,4.7,4.7,1698707
ALPA,20200408,18.55,20.15,17.8,20.15,131233
ALPHAGEO,20200408,126,137.5,126,134.45,22258
ALPSINDUS,20200408,0.65,0.75,0.65,0.75,25369
AMARAJABAT,20200408,501.1,513.65,488.45,502.05,755312
AMBER,20200408,1189.9,1199,1072,1108.05,93512
AMBIKCO,20200408,539.25,559,531.05,545.2,3988
AMBUJACEM,20200408,158.5,159.5,148.2,149.7,10421438
AMDIND,20200408,9.9,10.5,9.5,9.8,17757
AMJLAND,20200408,14.3,14.95,13.7,14,12523
AMRUTANJAN,20200408,326,352,320.1,345.45,278725
ANANTRAJ,20200408,19.55,20.15,18.6,18.75,184694
ANDHRACEMT,20200408,1.8,1.9,1.7,1.85,105618
ANDHRAPAP,20200408,148.55,148.55,147,148.55,2622
ANDHRSUGAR,20200408,206.95,212,195,206.05,35494
ANIKINDS,20200408,7.25,7.25,6.65,6.8,4994
ANKITMETAL,20200408,0.4,0.45,0.35,0.45,64810
ANSALAPI,20200408,3.65,3.8,3.65,3.8,3974
ANSALHSG,20200408,3,3,2.8,2.9,31510
ANUP,20200408,304.75,323.7,303.1,313.2,11786
APARINDS,20200408,296.95,300.35,290.6,295.85,6051
APCL,20200408,102.4,102.4,95.2,97.35,3739
APCOTEXIND,20200408,87.55,94.85,86,87.5,13115
APEX,20200408,190,201.65,185.1,201.65,141806
APLAPOLLO,20200408,1245,1274,1220,1259.5,21152
APLLTD,20200408,630,702.65,615.5,640.85,540272
APOLLO,20200408,45.5,56,45.25,54.3,68951
APOLLOHOSP,20200408,1225.9,1338.4,1211,1263.95,2070270
APOLLOPIPE,20200408,279.5,304,262.95,281.3,12940
APOLLOTYRE,20200408,83.5,87.15,82,83.4,2950752
APOLSINHOT,20200408,460.35,460.4,421.1,439.8,694
APTECHT,20200408,85.3,87.7,83.55,84.6,106721
ARCHIDPLY,20200408,16.55,17,16.45,16.85,4083
ARCHIES,20200408,9.4,9.5,9,9.05,24343
ARCOTECH,20200408,0.9,0.95,0.85,0.9,51482
ARENTERP,20200408,12.65,12.65,12.05,12.05,63
ARIES,20200408,44.4,47.6,42.65,43.6,50875
ARIHANT,20200408,12.05,12.55,11.6,12.15,964
ARIHANTSUP,20200408,21.4,21.45,19.45,19.5,4362
ARMANFIN,20200408,340,373.2,337.7,373.05,50867
AROGRANITE,20200408,21.95,24.5,20.85,24.2,26052
ARROWGREEN,20200408,33.55,35,33.45,33.45,5735
ARSHIYA,20200408,7.1,7.6,7.1,7.6,23178
ARSSINFRA,20200408,11.25,12.3,10.9,11.8,16388
ARTEMISMED,20200408,140,147,136.3,138,1729
ARVIND,20200408,23.5,24.4,22.45,23.75,2137547
ARVINDFASN,20200408,139.8,141.9,132.2,133.8,46445
ARVSMART,20200408,64.05,67,64,65.4,10000
ASAHIINDIA,20200408,152,158,147.05,155.5,5605
ASAHISONG,20200408,80.8,88.95,80.05,85.25,8055
ASAL,20200408,14.8,14.9,14.5,14.5,8037
ASALCBR,20200408,164.9,175,158,165.7,31033
ASHAPURMIN,20200408,22.1,22.1,22.05,22.1,8770
ASHIANA,20200408,52.9,52.9,49.1,49.95,69042
ASHIMASYN,20200408,3.9,3.9,3.9,3.9,28914
ASHOKA,20200408,38.35,42.7,37.8,42.7,1577514
ASHOKLEY,20200408,39.85,47.8,38.75,43.85,76817768
ASIANHOTNR,20200408,70,71.8,66,71.55,4982
ASIANPAINT,20200408,1623.8,1687.8,1600,1608.95,2382216
ASIANTILES,20200408,156,162.9,155,157.6,19917
ASPINWALL,20200408,93,98.7,83.55,93,413
ASTEC,20200408,450.65,465.05,440,460.05,5283
ASTERDM,20200408,96,103.5,93.8,99.25,996205
ASTRAL,20200408,962,986,952,955.45,59212
ASTRAMICRO,20200408,56.9,62.55,55.85,61.7,253097
ASTRAZEN,20200408,2700,2830,2544,2561.6,38510
ASTRON,20200408,26.15,29.9,25.3,27.5,61618
ATFL,20200408,479.65,499,475,481.55,6104
ATLANTA,20200408,3,3.15,3,3.15,8624
ATLASCYCLE,20200408,30,31.5,29.5,30.7,2000
ATNINTER,20200408,0.1,0.1,0.1,0.1,12716
ATUL,20200408,3930,4005,3908.35,3951.85,76768
ATULAUTO,20200408,151.35,154.05,146.8,153.45,13699
AUBANK,20200408,461.2,490,457,480.3,1791057
AURIONPRO,20200408,41.75,43.7,40,42.9,8828
AUROPHARMA,20200408,432.5,476.3,426.3,438.15,13186213
AUSOMENT,20200408,26.1,26.1,26.1,26.1,100
AUTOAXLES,20200408,413,423.5,398.05,413.45,5448
AUTOIND,20200408,11.3,11.35,11.1,11.35,9358
AUTOLITIND,20200408,13.2,14.4,13.2,13.8,4699
AVADHSUGAR,20200408,143.55,143.55,143.55,143.55,13174
AVANTIFEED,20200408,311,341.55,310.5,341.35,748404
AVTNPL,20200408,25.45,27.8,24.25,27.25,213540
AXISBANK,20200408,383.75,427.7,373.5,391.35,64930772
AXISCADES,20200408,30.9,31.5,28.65,31.4,39670
AXISGOLD,20200408,3969.9,3989,3925,3973.3,701
AXISNIFTY,20200408,1000.01,1000.01,1000.01,1000.01,2
AYMSYNTEX,20200408,15.5,16.8,15.5,16.5,2637
BAFNAPH,20200408,16.05,16.05,16.05,16.05,272
BAGFILMS,20200408,1.75,1.8,1.75,1.8,3861
BAJAJ-AUTO,20200408,2180,2383.45,2168.55,2241.7,840875
BAJAJCON,20200408,136,148.65,135.1,137.95,1031633
BAJAJELEC,20200408,277.3,294.5,277.3,287.8,58251
BAJAJFINSV,20200408,4575,4950,4537.8,4608.5,1113057
BAJAJHIND,20200408,3.05,3.05,3.05,3.05,80900
BAJAJHLDNG,20200408,2027.95,2073.85,1925,2024.75,25453
BAJFINANCE,20200408,2184,2374,2144.15,2332.9,9109346
BALAJITELE,20200408,43,45,40.8,41.9,194912
BALAMINES,20200408,277,296,260.4,283.65,70594
BALAXI,20200408,82.7,82.7,75.05,79.9,1047
BALKRISHNA,20200408,8.6,8.8,8.35,8.8,7860
BALKRISIND,20200408,822,862,815,821.35,444079
BALLARPUR,20200408,0.4,0.4,0.3,0.35,9769871
BALMLAWRIE,20200408,84,87.9,81,84.75,202053
BALPHARMA,20200408,38.9,41.7,38.9,41.7,40933
BALRAMCHIN,20200408,123.85,126.4,123,126.4,642515
BANARBEADS,20200408,30.25,32.5,29.6,29.75,160
BANARISUG,20200408,900,925,880,886.1,410
BANCOINDIA,20200408,65.45,67.5,64.1,65.95,40062
BANDHANBNK,20200408,167.95,209.05,167.5,193.75,30692919
BANG,20200408,12.05,13.1,11.9,13.1,1590
BANKBARODA,20200408,48,51.5,47.3,48.35,27159204
BANKBEES,20200408,190,205.4,186.06,191.28,676832
BANKINDIA,20200408,32.7,34.75,32.5,33.35,1236627
BANSWRAS,20200408,77.4,77.4,70.2,71.15,22922
BASF,20200408,1154,1154,1105,1119.95,26139
BASML,20200408,74.05,84,74.05,80,1648
BATAINDIA,20200408,1246.5,1339,1228,1240.05,1346088
BAYERCROP,20200408,3500,3946.6,3499.3,3818.15,32833
BBL,20200408,590,621.25,590,613.05,9335
BBTC,20200408,810,854.3,774,784.2,76612
BCG,20200408,3.6,3.65,3.55,3.65,305718
BCP,20200408,10.75,10.75,10.5,10.75,8192
BDL,20200408,191,229,188.2,218.2,448405
BEARDSELL,20200408,6.7,7.3,6.7,7.3,1250
BEDMUTHA,20200408,12.8,13.05,12.45,12.45,19584
BEL,20200408,69,71.3,65.1,66.4,16699885
BEML,20200408,492,523.5,492,503.6,890527
BEPL,20200408,31,32.75,30.3,31.25,333595
BERGEPAINT,20200408,479.9,487.65,460,463.5,1729062
BFINVEST,20200408,258,268.8,244.6,246.3,4938
BFUTILITIE,20200408,158.35,158.35,151.05,154.05,138134
BGRENERGY,20200408,22.1,22.85,20.95,21.1,172282
BHAGERIA,20200408,85,91.05,80.65,81.6,34795
BHAGYANGR,20200408,14.05,15.2,14,14.4,1338
BHAGYAPROP,20200408,18,20,18,20,999
BHANDARI,20200408,0.7,0.75,0.7,0.75,127631
BHARATFORG,20200408,218.45,261,214.6,231.55,5030681
BHARATGEAR,20200408,29.55,29.55,29.5,29.55,4195
BHARATRAS,20200408,5466,5700,5323,5578.9,1889
BHARATWIRE,20200408,13.5,13.5,12.9,13.5,42859
BHARTIARTL,20200408,474.35,491.1,453,461.65,13388084
BHEL,20200408,21.2,22.65,20.95,21.25,28424499
BIGBLOC,20200408,29.75,29.75,29.75,29.75,20
BIL,20200408,82,84.5,78.05,83.95,2043
BILENERGY,20200408,0.55,0.55,0.5,0.55,197736
BINDALAGRO,20200408,8.9,8.95,8.4,8.5,20562
BIOCON,20200408,322.4,345,315,327.4,14303728
BIOFILCHEM,20200408,8.65,8.65,8.65,8.65,2683
BIRLACABLE,20200408,34.7,34.9,32.85,33.95,42177
BIRLACORPN,20200408,411.3,430,408.2,409.8,104704
BIRLAMONEY,20200408,20,21.45,18.7,20.35,50355
BIRLATYRE,20200408,3.6,3.6,3.6,3.6,162951
BKMINDST,20200408,0.35,0.4,0.35,0.4,16869
BLBLIMITED,20200408,3.3,3.35,3.05,3.05,5521
BLISSGVS,20200408,101.95,105.6,100,100.95,100964
BLKASHYAP,20200408,4.85,5,4.75,4.8,28254
BLS,20200408,28.2,31.4,27.9,29.25,54261
BLUECOAST,20200408,3.65,3.65,3.65,3.65,1225
BLUEDART,20200408,2000,2063.9,1951.15,2006.9,6251
BLUESTARCO,20200408,468,500,460,470.05,82398
BODALCHEM,20200408,45,47.5,42.15,45.4,229808
BOMDYEING,20200408,50.3,53.7,49.5,50.7,1323119
BORORENEW,20200408,35.3,36,34,34.75,151777
BOSCHLTD,20200408,9019.6,9709.85,8978.15,9609.2,29889
BPCL,20200408,350,364.2,340.25,342.3,9178263
BPL,20200408,14,14,14,14,14650
BRFL,20200408,2.95,3.05,2.9,2.95,36741
BRIGADE,20200408,139.65,149.95,134,142.5,131845
BRITANNIA,20200408,2829,2990,2759,2775.55,1037961
BRNL,20200408,36.05,38.75,36,37.5,2161
BROOKS,20200408,18.45,18.45,18.45,18.45,4345
BSE,20200408,306,321.3,302.7,315.65,274750
BSELINFRA,20200408,0.8,0.8,0.75,0.75,1910
BSL,20200408,19.05,20,19.05,19.6,5644
BSLGOLDETF,20200408,4171.75,4698,4130.35,4174.95,297
BSLNIFTY,20200408,105.88,105.9,101.01,102.31,238
BSOFT,20200408,61.1,66,61.1,61.75,280213
BURNPUR,20200408,0.8,0.8,0.7,0.8,91562
BUTTERFLY,20200408,96,100.9,91.1,93.1,190911
BVCL,20200408,8,8.3,7.9,8.3,3084
BYKE,20200408,9.85,10.15,9.7,9.95,35548
CADILAHC,20200408,334,366.7,330,349.85,34940619
CALSOFT,20200408,8.75,8.85,8.2,8.75,15520
CAMLINFINE,20200408,45.6,45.6,44.55,45.6,169304
CANBK,20200408,85.2,92.75,84.3,87.4,8434667
CANFINHOME,20200408,275,302,269,283.4,603068
CANTABIL,20200408,208.15,221.55,206.1,213.5,31504
CAPACITE,20200408,75.35,78,72.1,75.35,27502
CAPLIPOINT,20200408,279,295,275.1,286.6,81086
CAPTRUST,20200408,59.1,61.5,55.75,61,3551
CARBORUNIV,20200408,227.95,227.95,218.5,219.7,27316
CAREERP,20200408,125.15,127.4,124.1,125.35,11085
CARERATING,20200408,359,394.95,354.85,378.95,92083
CASTEXTECH,20200408,0.45,0.45,0.4,0.45,94009
CASTROLIND,20200408,105.6,115,105.05,112.95,1518037
CCCL,20200408,0.25,0.3,0.25,0.25,211393
CCHHL,20200408,1.95,2,1.9,2,20238
CCL,20200408,174.55,187.65,174.55,183.7,549216
CDSL,20200408,218.7,231.95,214.2,217.1,1389328
CEATLTD,20200408,718.85,789,715.15,738.5,202062
CEBBCO,20200408,7.75,8.3,7.65,8.05,39507
CELEBRITY,20200408,4,4.3,3.9,4,19767
CENTENKA,20200408,123.8,130.15,122.45,125.7,13142
CENTEXT,20200408,1.8,1.95,1.75,1.9,72690
CENTRALBK,20200408,12.25,12.75,12.05,12.45,895063
CENTRUM,20200408,10.9,10.9,10.8,10.9,32766
CENTUM,20200408,243.05,258,241,246.15,1189
CENTURYPLY,20200408,105.35,109.5,103.5,106.45,96892
CENTURYTEX,20200408,298,333.95,295.4,321.5,1524218
CERA,20200408,2282,2299,2176,2202,1555
CEREBRAINT,20200408,19,19.45,18.45,19.45,36647
CESC,20200408,445,475,440,451.4,406921
CESCVENT,20200408,130.4,131.25,127.5,128.25,16577
CGCL,20200408,134.85,145.3,125.05,128.1,205000
CGPOWER,20200408,6.05,6.05,6.05,6.05,85028
CHALET,20200408,165,200,165,171.3,90961
CHAMBLFERT,20200408,112,123.7,110,113.65,1000791
CHEMBOND,20200408,145,145,130.55,140.7,838
CHEMFAB,20200408,106,114.9,102.4,107.15,3033
CHENNPETRO,20200408,60.95,62.25,60,60.25,325754
CHOLAFIN,20200408,130.5,154.8,125.6,150.75,7778145
CHOLAHLDNG,20200408,287,308.45,261,279.75,123412
CHROMATIC,20200408,0.5,0.5,0.5,0.5,19039
CIGNITITEC,20200408,210,210,197.05,199.65,13661
CIMMCO,20200408,13.7,13.7,13.7,13.7,6791
CINELINE,20200408,18.8,19.25,18.5,18.95,7176
CINEVISTA,20200408,5.2,5.3,5.15,5.2,3994
CIPLA,20200408,496.95,530,490,512.75,19456194
CLEDUCATE,20200408,32,32.5,28.45,30.95,14271
CLNINDIA,20200408,267.9,271.5,255,263.05,45414
CMICABLES,20200408,21.8,21.8,19.9,20.3,31605
CNOVAPETRO,20200408,5.15,5.4,5.15,5.35,845
COALINDIA,20200408,140,143.4,137,137.35,7070296
COCHINSHIP,20200408,247,262,245,254.9,199376
COLPAL,20200408,1318.85,1409,1311.05,1340.75,1129971
COMPINFO,20200408,8.3,8.55,8.05,8.55,17675
COMPUSOFT,20200408,4.05,4.4,3.6,4.15,15470
CONCOR,20200408,329.75,353.95,328.1,333.75,1536264
CONFIPET,20200408,19.4,20.2,18.6,19.65,371716
CONSOFINVT,20200408,23.65,24.55,23.65,23.95,2531
CONTROLPR,20200408,192.1,200,190.95,191.65,5056
CORALFINAC,20200408,13.85,14.35,13.1,13.9,15769
CORDSCABLE,20200408,26.75,27,25.45,26,4821
COROMANDEL,20200408,501,520.55,495.1,511.1,269731
COSMOFILMS,20200408,229.45,240,219.5,223.95,71172
COUNCODOS,20200408,0.9,0.9,0.9,0.9,2417
CPSEETF,20200408,16,16.58,15.91,16.25,2514501
CREATIVE,20200408,78,81,74.6,77.85,2841
CREATIVEYE,20200408,1.45,1.45,1.45,1.45,1000
CREDITACC,20200408,314.2,329.8,312,329.7,315964
CREST,20200408,59.85,61.5,52.6,55.6,4910
CRISIL,20200408,1230,1275,1202.15,1211.4,84943
CROMPTON,20200408,211,219.85,208.1,210.9,635316
CSBBANK,20200408,112,121.4,111.5,117.95,143230
CTE,20200408,15.4,15.45,15.4,15.45,1490
CUB,20200408,114.9,123,112.2,118.9,1244062
CUBEXTUB,20200408,9.35,9.35,8.55,8.55,1733
CUMMINSIND,20200408,286,338.05,280,330.05,5604056
CUPID,20200408,155.8,174.65,155.8,163.85,78827
CYBERTECH,20200408,28.9,30.9,28.1,29,6624
CYIENT,20200408,226.95,226.95,216.05,218.8,420370
DAAWAT,20200408,21.9,22.85,21.05,21.8,1064100
DABUR,20200408,474.3,517.4,470,488.3,5642445
DALBHARAT,20200408,463.85,503,455.15,462.95,69189
DALMIASUG,20200408,58.6,58.6,58.6,58.6,7827
DAMODARIND,20200408,17.55,19.05,17.5,18.6,2640
DATAMATICS,20200408,41.65,42.45,39.1,41.35,26655
DBCORP,20200408,84,104.55,69.75,78.95,239653
DBL,20200408,204.15,212.5,200.55,205.65,188171
DBREALTY,20200408,4.6,4.6,4.25,4.25,335675
DBSTOCKBRO,20200408,7,7,7,7,759
DCAL,20200408,64.75,64.75,64.75,64.75,26866
DCBBANK,20200408,82.75,85.3,80.85,81.85,767058
DCM,20200408,14.5,14.95,14.5,14.95,11533
DCMNVL,20200408,27.3,29.3,25,25.05,4896
DCMSHRIRAM,20200408,207,228.2,205,217.25,314779
DCW,20200408,9,9.45,8.65,9.15,180377
DECCANCE,20200408,196.45,203.95,195.4,196.15,3855
DEEPAKFERT,20200408,77.5,82.65,76.05,78.65,432056
DEEPAKNTR,20200408,439.95,465,432.5,435.35,1023721
DEEPIND,20200408,55.3,58,55.3,56.4,13024
DELTACORP,20200408,71.85,73.95,71.85,71.85,5200900
DELTAMAGNT,20200408,29.3,29.3,25.3,26.2,13831
DEN,20200408,33.2,33.5,32.1,33.35,20395
DENORA,20200408,152.1,155,144.8,146,11808
DFMFOODS,20200408,177.55,188,176.75,178.95,29693
DGCONTENT,20200408,4.25,4.45,4.05,4.05,25945
DHAMPURSUG,20200408,100,100,100,100,118943
DHANBANK,20200408,8.6,8.65,8.3,8.55,272257
DHANUKA,20200408,406,429.9,391,417.45,43163
DHARSUGAR,20200408,7.2,7.25,6.65,7.25,21584
DHFL,20200408,9.95,9.95,9.95,9.95,307146
DHUNINV,20200408,140.25,144.8,126.65,133.85,1650
DIAMONDYD,20200408,486.6,490,480,483.25,2865
DICIND,20200408,281.05,329.8,281.05,299.45,2376
DIGISPICE,20200408,3.35,3.45,3.3,3.35,5150
DISHTV,20200408,4.5,4.5,4.35,4.5,3169388
DIVISLAB,20200408,2065,2214.6,2040.1,2168.95,1228905
DIXON,20200408,3780,3960,3633.65,3769.25,42315
DLF,20200408,137,146.8,136.85,138,7944486
DLINKINDIA,20200408,67.4,67.9,63.9,64.7,95868
DMART,20200408,2222,2278.75,2201.05,2278.75,153350
DNAMEDIA,20200408,0.3,0.35,0.3,0.35,42170
DOLAT,20200408,36.1,39.45,35.2,36.3,64803
DOLLAR,20200408,111.35,121,111.2,114.95,12219
DONEAR,20200408,22.15,23,22.15,22.55,18026
DPSCLTD,20200408,7.15,7.25,7.15,7.25,21722
DPWIRES,20200408,52,55,52,54.95,496
DQE,20200408,1.1,1.1,1,1.1,60906
DREDGECORP,20200408,164.3,175,163.3,166.7,79451
DRREDDY,20200408,3525,3765,3471,3683,2522297
DSSL,20200408,17.9,18,17.7,18,5449
DTIL,20200408,126.1,133.7,119.8,123.8,8606
DUCON,20200408,2.5,2.6,2.4,2.6,62488
DVL,20200408,48.3,51,48.25,50.05,3463
DWARKESH,20200408,19.95,20.05,19.5,20.05,543082
DYNAMATECH,20200408,487,512.6,475.1,483.65,1691
DYNPRO,20200408,113,115,107.25,113.15,7268
EASTSILK,20200408,0.6,0.7,0.6,0.7,14095
EBBETF0423,20200408,1021.2,1027.5,1020,1020.37,13954
EBBETF0430,20200408,1040,1040,1033,1034.13,11974
ECLERX,20200408,370.95,376,360,360.65,24722
EDELWEISS,20200408,38.15,39.9,38.15,38.15,2194273
EICHERMOT,20200408,13000,13650,12800,13158.5,279999
EIDPARRY,20200408,139.7,143.85,136.5,139.5,78627
EIHAHOTELS,20200408,204.3,216.85,191.15,199.75,4149
EIHOTEL,20200408,73.5,77,70.2,74.9,93800
EIMCOELECO,20200408,214.4,224.4,197,217,310
EKC,20200408,13.1,13.1,13.1,13.1,25579
ELECON,20200408,18.7,20,18.3,19.35,51398
ELECTCAST,20200408,9.5,9.5,9.1,9.25,129294
ELECTHERM,20200408,84.5,87.6,82.55,84,23197
ELGIEQUIP,20200408,103,113.05,103,112.9,86482
ELGIRUBCO,20200408,11,11.85,10.8,11.4,1203
EMAMILTD,20200408,206.5,228,200.3,222.45,1372921
EMAMIPAP,20200408,57.85,57.85,53.55,57.85,3070
EMAMIREAL,20200408,30,31.25,30,31.25,9232
EMKAY,20200408,31.05,31.05,31.05,31.05,10986
EMMBI,20200408,50.9,50.9,48,48.65,11100
ENDURANCE,20200408,589,603.35,582,592.35,26202
ENERGYDEV,20200408,4.4,4.4,4.15,4.25,13876
ENGINERSIN,20200408,61.5,64.35,60.55,63.55,1315957
ENIL,20200408,125.15,136,119,122.85,1047
EQUITAS,20200408,36.9,42.95,36.6,37.45,8312803
ERIS,20200408,385,416.1,381.05,403.95,76934
EROSMEDIA,20200408,9.2,9.2,8.8,8.95,143187
ESABINDIA,20200408,1029.45,1090,1028.7,1052.7,2101
ESCORTS,20200408,653.7,702.2,636.35,642.35,4355051
ESSARSHPNG,20200408,5.4,5.4,4.75,5.35,21115
ESSELPACK,20200408,161,173,157.55,170.15,86130
ESTER,20200408,27,28.1,26.9,27.85,25021
EUROMULTI,20200408,0.4,0.4,0.35,0.35,7399
EUROTEXIND,20200408,8.85,8.85,8.85,8.85,50
EVEREADY,20200408,52.5,54.2,52.5,53.5,90417
EVERESTIND,20200408,137.95,145,136.05,140.85,34839
EXCEL,20200408,0.95,1,0.95,1,8531
EXCELINDUS,20200408,559,570,542,545.45,13696
EXIDEIND,20200408,138.5,145.95,136,139.85,1553529
EXPLEOSOL,20200408,164.5,166.35,152.3,162.1,3911
FACT,20200408,29.2,35.65,29.2,34.6,696938
FAIRCHEM,20200408,453.85,474,431.1,446.5,32330
FCL,20200408,20.9,21.8,17.8,21.15,501947
FCONSUMER,20200408,6.05,6.05,6.05,6.05,753607
FCSSOFT,20200408,0.2,0.2,0.15,0.2,27291472
FDC,20200408,208.7,215.65,206,207.75,307606
FEDERALBNK,20200408,42.5,45.35,40.5,40.85,38777869
FEL,20200408,8.6,8.6,8.6,8.6,66638
FELDVR,20200408,8.7,8.75,8.5,8.75,48461
FIEMIND,20200408,273,278.45,266,275,4835
FILATEX,20200408,24.75,24.8,23.9,24.8,48539
FINCABLES,20200408,226.95,233.75,222,225,26580
FINEORG,20200408,1925,2040,1902.2,1965.75,5176
FINPIPE,20200408,374,384,368.35,371.45,18670
FLEXITUFF,20200408,3.5,3.65,3.5,3.65,478
FLFL,20200408,96.15,96.15,96.15,96.15,35746
FLUOROCHEM,20200408,308.95,311.4,300.25,308.4,12236
FMGOETZE,20200408,301,308,292.05,297.7,1140
FMNL,20200408,9,9.25,8.9,9.25,16329
FORCEMOT,20200408,749,799.85,742,761.8,33568
FORTIS,20200408,123.4,125.95,121.35,123.3,952237
FOSECOIND,20200408,951.4,975,947.85,963.85,1062
FRETAIL,20200408,63.85,63.85,63.85,63.85,231840
FSC,20200408,85.25,94.15,85.25,85.25,188570
FSL,20200408,28.9,29.7,28.35,29.45,932123
GABRIEL,20200408,53,54.95,52,53.6,54287
GAEL,20200408,113,117.85,110.05,111.45,22955
GAIL,20200408,84.95,94.95,83.8,85.55,27892589
GAL,20200408,1.1,1.2,1.1,1.2,32128
GALAXYSURF,20200408,1200,1247.65,1192.35,1220.1,47656
GALLANTT,20200408,21.15,23.45,21.15,22.05,17625
GALLISPAT,20200408,19,19.75,18.4,18.75,6349
GAMMNINFRA,20200408,0.25,0.3,0.2,0.3,5612025
GANDHITUBE,20200408,190.95,194.4,186.6,192.95,508
GANECOS,20200408,175,179.9,168.4,172.15,5687
GANESHHOUC,20200408,21.45,21.45,20.05,20.55,15988
GANGESSECU,20200408,25,25,20.9,22.6,1555
GARFIBRES,20200408,1175,1175.9,1114.55,1134.9,14620
GATI,20200408,44.9,45.6,43.2,43.5,295088
GAYAHWS,20200408,0.2,0.25,0.2,0.25,202477
GAYAPROJ,20200408,10.25,10.25,9.7,10.25,418441
GBGLOBAL,20200408,4.1,4.1,4.1,4.1,1656
GDL,20200408,94.6,95.95,90.05,93,58817
GEECEE,20200408,53,55.4,49.1,49.9,3715
GEEKAYWIRE,20200408,48.5,51,46,49.95,4682
GENESYS,20200408,28.95,28.95,25.5,26.15,22387
GENUSPAPER,20200408,3.55,4.25,3.4,4.05,159968
GENUSPOWER,20200408,14.55,15.2,14.55,14.85,144780
GEOJITFSL,20200408,18.9,19.2,18.5,18.65,134457
GEPIL,20200408,463,471.55,453.1,458,27212
GESHIP,20200408,204,204,195.4,199,127099
GET&D,20200408,69.45,77,69.45,77,48198
GFLLIMITED,20200408,86.9,88,84.65,86.15,23861
GFSTEELS,20200408,1.25,1.25,1.25,1.25,4470
GHCL,20200408,104,104.85,102,104.85,73614
GICHSGFIN,20200408,61.5,63.55,60.45,61.45,124600
GICRE,20200408,110.7,116.9,110.7,111.1,164261
GILLANDERS,20200408,20,20.95,19.15,20.2,2497
GILLETTE,20200408,5234,5290,5152.1,5205.25,2934
GINNIFILA,20200408,6.8,7.8,6.8,7.25,39051
GIPCL,20200408,53.65,55.25,52.9,53.55,86331
GKWLIMITED,20200408,484.95,485.05,450.05,462.35,61
GLAXO,20200408,1265,1291,1214,1246.25,191915
GLENMARK,20200408,229.3,244.2,225.05,233.6,4713905
GLFL,20200408,1.2,1.2,1.2,1.2,1000
GLOBALVECT,20200408,37.45,44.75,37.05,44.75,97669
GLOBOFFS,20200408,3.2,3.2,3.2,3.2,1382
GLOBUSSPR,20200408,88.7,89.9,85.1,87.35,61521
GMBREW,20200408,350,365.75,340,345.05,41807
GMDCLTD,20200408,34.95,36.6,33.9,35,842593
GMMPFAUDLR,20200408,2704.8,2785,2650,2699.45,30175
GMRINFRA,20200408,16.6,17.45,16.45,16.6,15755865
GNA,20200408,141.4,148.45,135.1,142.9,41422
GNFC,20200408,116.6,127.6,116,121.85,1372070
GOACARBON,20200408,150.85,150.85,150.85,150.85,4342
GOCLCORP,20200408,129.9,134.5,126.3,132.7,4390
GODFRYPHLP,20200408,972,1113.15,963.25,980.25,163204
GODREJAGRO,20200408,359,395,355,387.2,290818
GODREJCP,20200408,566.25,628.95,561.55,600,2526948
GODREJIND,20200408,283.55,285,275.3,278.4,497232
GODREJPROP,20200408,684,724.9,674.9,687.15,643468
GOKEX,20200408,34.45,35.8,33.6,34.3,48545
GOKUL,20200408,8.7,8.7,8.1,8.3,8682
GOKULAGRO,20200408,9.45,9.55,9,9.55,21408
GOLDBEES,20200408,39.67,39.9,39.21,39.79,2555213
GOLDENTOBC,20200408,21.6,21.6,19.6,20.65,1087
GOLDIAM,20200408,86.9,91,85.05,86.2,25669
GOLDSHARE,20200408,3951.35,3990,3922.15,3967,1858
GOLDTECH,20200408,7.85,7.85,7.25,7.75,82402
GOODLUCK,20200408,25,27.4,25,26.25,25662
GPIL,20200408,120,123.6,116,123.15,55925
GPPL,20200408,56.9,57.1,53.8,54,438748
GPTINFRA,20200408,16.1,16.5,14,15.5,21323
GRANULES,20200408,155,175,154.1,172.5,3800730
GRAPHITE,20200408,154.6,154.6,154.6,154.6,43375
GRASIM,20200408,512.5,532.5,500.4,512.6,2402047
GRAVITA,20200408,34.05,36.25,34.05,34.95,65806
GREAVESCOT,20200408,67.1,71,67,68.75,407202
GREENLAM,20200408,506.65,521.2,482,489.95,4631
GREENPANEL,20200408,30,30.15,28.6,28.95,89564
GREENPLY,20200408,86.4,91.75,81.45,85.2,45233
GREENPOWER,20200408,1.65,1.65,1.65,1.65,52749
GRINDWELL,20200408,469.9,473.35,455.05,457.4,4742
GROBTEA,20200408,261.95,261.95,238,261.95,121
GRPLTD,20200408,660,662,600.25,600.7,68
GRSE,20200408,154,166.6,149.35,152.6,174262
GSCLCEMENT,20200408,15.15,16.2,15.15,15.35,27987
GSFC,20200408,39.35,44.7,39.35,40.2,1098099
GSKCONS,20200408,10590,11296.3,10504.55,10639.3,97773
GSPL,20200408,184.7,200.5,181.4,190.15,417444
GSS,20200408,22.1,22.1,21.05,22.1,5757
GTL,20200408,1.15,1.15,1.1,1.15,28856
GTLINFRA,20200408,0.25,0.25,0.2,0.25,4762313
GTNIND,20200408,5.25,5.25,5.25,5.25,124
GTNTEX,20200408,5.9,5.9,5.9,5.9,150
GTPL,20200408,49.95,49.95,46.8,48.55,116972
GUFICBIO,20200408,57,62.5,54.45,61.65,173164
GUJALKALI,20200408,324.7,333.15,306.05,314,370964
GUJAPOLLO,20200408,124.25,132.5,123,124.95,2201
GUJGASLTD,20200408,229.2,237.7,226.55,229.45,887536
GUJRAFFIA,20200408,7.6,7.6,7.6,7.6,199
GULFOILLUB,20200408,575,597.8,551,559.7,10153
GULFPETRO,20200408,33,33,30.65,32.15,32573
GULPOLY,20200408,25.8,25.8,25,25.5,12145
GVKPIL,20200408,2.55,3.05,2.55,3.05,6364833
HAL,20200408,536,622,530,546,186421
HARITASEAT,20200408,349.95,349.95,337,339.95,4728
HARRMALAYA,20200408,54.4,58.8,54.4,55.8,36507
HATHWAY,20200408,13.5,13.95,13.2,13.65,185500
HATSUN,20200408,553.9,553.9,516.4,528.1,16385
HAVELLS,20200408,499.85,535.8,492.1,531.6,1811039
HAVISHA,20200408,0.4,0.45,0.4,0.45,1150
HBLPOWER,20200408,11.65,12.9,11.3,12.25,151586
HCC,20200408,4,4.1,3.9,4.1,1199666
HCG,20200408,74.45,75.6,69.85,70.25,182864
HCL-INSYS,20200408,4.3,4.3,4.3,4.3,82741
HCLTECH,20200408,451,476.8,449,463.1,7991062
HDFC,20200408,1543.4,1692,1535,1558.8,8974987
HDFCAMC,20200408,2219,2440,2214.05,2318.75,601036
HDFCBANK,20200408,879.95,945,866.1,888.9,28109877
HDFCLIFE,20200408,464.95,500.55,457.4,476.6,7175340
HDFCMFGETF,20200408,4070.05,4095,4035,4089.55,7501
HDFCNIFETF,20200408,910,950,901.77,916.66,4913
HDFCSENETF,20200408,3220,3260,3165.01,3183.43,249
HEG,20200408,505.15,559.55,495.7,559.55,231696
HEIDELBERG,20200408,140,152.4,138.1,146.7,422316
HERCULES,20200408,54,58,54,54.9,11546
HERITGFOOD,20200408,250,250,250,250,36164
HEROMOTOCO,20200408,1702,1883.8,1700,1821.65,1376706
HESTERBIO,20200408,970.1,1076.4,970.05,998.7,6551
HEXATRADEX,20200408,5.75,6.3,5.7,6.3,23284
HEXAWARE,20200408,232,264.8,232,249.35,539857
HFCL,20200408,9.2,9.7,9.15,9.55,1853418
HGINFRA,20200408,166.85,167.6,156,156.9,10318
HGS,20200408,505.05,523.9,486.5,504.95,3846
HIKAL,20200408,86.45,89.55,85,89.55,242030
HIL,20200408,657.2,730,657.2,690,8856
HILTON,20200408,7.1,7.7,7.1,7.35,4746
HIMATSEIDE,20200408,61.8,63.05,60.85,61.2,58774
HINDALCO,20200408,99.5,111.8,98.9,100.85,24227475
HINDCOMPOS,20200408,109.25,125,109.2,117.95,2841
HINDCOPPER,20200408,23.15,26,23,23.9,828468
HINDMOTORS,20200408,4.1,4.2,4.05,4.1,244602
HINDNATGLS,20200408,29.4,30.8,28,28.85,1251
HINDOILEXP,20200408,37.9,39.2,37,37.35,471857
HINDPETRO,20200408,199.9,204.7,195.45,199.5,5905379
HINDUNILVR,20200408,2432,2614.3,2417.4,2460.85,9791892
HINDZINC,20200408,167,169.95,164,165.95,382642
HIRECT,20200408,139,139.75,134.5,139.3,15906
HISARMETAL,20200408,48,50.8,45.1,49.2,6709
HITECH,20200408,84.45,84.45,84.45,84.45,2336
HITECHCORP,20200408,54.1,55.95,42,48.95,11345
HITECHGEAR,20200408,78.95,82.05,77,81.6,2533
HLVLTD,20200408,3.3,3.6,3.25,3.55,233170
HMVL,20200408,42.85,44.75,38.4,41.55,14260
HNDFDS,20200408,619,635,585.05,604.35,10973
HNGSNGBEES,20200408,339.98,340,335,340,517
HONAUT,20200408,25898,27100,25779.25,26870.4,2511
HONDAPOWER,20200408,819.9,828.75,796,801.5,5299
HOVS,20200408,24.8,26,24.8,25.8,2819
HPL,20200408,22.95,24.35,21.7,23.25,44275
HSCL,20200408,50.65,50.65,46.2,50.65,2765673
HSIL,20200408,49,49.95,45.2,46.6,87616
HTMEDIA,20200408,11.45,11.45,10.25,10.6,183082
HUBTOWN,20200408,8.15,8.25,7.9,8.25,3963
HUDCO,20200408,20.85,21.7,20.5,21.15,1331524
IBMFNIFTY,20200408,91.26,97.98,91.26,95.09,715
IBREALEST,20200408,42.95,44.75,40.55,42.55,5297719
IBULHSGFIN,20200408,96.5,102.45,95.05,96.85,21733148
IBULISL,20200408,36.65,40.4,36.65,40.3,333467
IBVENTURES,20200408,105.65,108.6,101.6,102.4,285200
ICICI500,20200408,127.77,127.77,108,116.88,25243
ICICIB22,20200408,23.24,24.1,22.81,23.43,334201
ICICIBANK,20200408,322.85,352.75,315.1,318.95,73931642
ICICIBANKN,20200408,199.9,202,178.8,189.14,11342
ICICIBANKP,20200408,104.33,108.5,98.3,104.95,3057
ICICIGI,20200408,1110,1179.9,1108.05,1150.95,575191
ICICIGOLD,20200408,40.66,42.1,40.66,42,39178
ICICILIQ,20200408,1000,1000.01,905,1000,9955
ICICILOVOL,20200408,78,79.27,63.77,77.35,4771
ICICIM150,20200408,51.6,51.6,49.25,50,371
ICICIMCAP,20200408,48.9,50.3,44.6,47.79,10238
ICICINF100,20200408,106.24,106.24,106.24,106.24,2525
ICICINIFTY,20200408,92.33,95.65,91,92.69,812133
ICICINV20,20200408,52,52.12,49,51.97,3674
ICICINXT50,20200408,24.72,24.72,24.55,24.71,8319
ICICIPRULI,20200408,360,368.55,334.4,340.65,3970133
ICICISENSX,20200408,312,333,312,323.16,2750
ICIL,20200408,26,27.05,25.95,27,47588
ICRA,20200408,2100.55,2159.9,2085.95,2095.4,3807
IDBI,20200408,20,20.7,19.5,19.7,1969534
IDBIGOLD,20200408,4052.5,4089,4025.1,4048.75,68
IDEA,20200408,3.2,3.25,3.15,3.2,139887129
IDFC,20200408,14.15,14.8,14,14.5,2336145
IDFCFIRSTB,20200408,20,21.9,19.85,20.55,28580351
IDFNIFTYET,20200408,96,96,96,96,62
IEX,20200408,142,148.55,135,137.25,1075303
IFBAGRO,20200408,240.25,252.5,232.3,240.6,6811
IFBIND,20200408,311,311,283.05,299.65,35692
IFCI,20200408,4.05,4.3,4,4.1,1910066
IFGLEXPOR,20200408,93.8,98.4,89.5,89.75,5858
IGARASHI,20200408,158.15,174.9,158.15,170.6,77961
IGL,20200408,440,460,429,435.65,3439149
IGPL,20200408,117.05,122.65,116.95,120.25,28874
IIFL,20200408,89.7,89.7,83.45,84.35,84778
IIFLSEC,20200408,37.65,37.65,37,37.65,124950
IIFLWAM,20200408,1014.9,1090.45,974.05,1024.85,4041
IITL,20200408,59,62.1,59,62.1,66
IMFA,20200408,117.95,128.95,111.05,120.15,26895
IMPAL,20200408,457,466.05,452.8,460.35,1166
IMPEXFERRO,20200408,0.3,0.35,0.3,0.3,12668
INDBANK,20200408,4.9,5.3,4.9,5.05,48398
INDHOTEL,20200408,74.9,80.4,72.6,75.05,4302515
INDIACEM,20200408,102,105.65,101.7,102.1,1736696
INDIAGLYCO,20200408,255,262.3,239.3,242.05,221149
INDIAMART,20200408,2160,2290,2110,2207.75,47463
INDIANB,20200408,46,48.3,45.35,45.75,1663227
INDIANCARD,20200408,93.3,93.3,84.55,90.05,481
INDIANHUME,20200408,129,135.5,121.05,125.2,39200
INDIGO,20200408,960,1078.25,944.9,990.15,2715325
INDLMETER,20200408,9.95,9.95,9.95,9.95,2760
INDNIPPON,20200408,205,205,196.55,199.35,11744
INDOCO,20200408,247.6,257.8,226.7,228.8,47890
INDORAMA,20200408,13.95,14.2,13.8,14.2,17231
INDOSTAR,20200408,250.6,255.9,250.6,253.65,242806
INDOTECH,20200408,78.4,78.4,78,78,250
INDOTHAI,20200408,15.35,16.1,15.1,15.3,1720
INDOWIND,20200408,1.9,2,1.9,2,6254
INDRAMEDCO,20200408,35.5,35.5,33.3,34.25,116221
INDSWFTLAB,20200408,23.7,23.7,21.6,23.35,38257
INDSWFTLTD,20200408,2.35,2.4,2.35,2.4,820
INDTERRAIN,20200408,29.35,29.5,25.25,28.9,12500
INDUSINDBK,20200408,382,441.4,362,399.15,56093740
INEOSSTYRO,20200408,545.05,560.95,516.6,556.45,2392
INFIBEAM,20200408,39.75,41.65,35.65,35.65,2004164
INFOBEAN,20200408,67.2,68,64.1,65.7,4506
INFOMEDIA,20200408,2.15,2.35,2.15,2.15,25142
INFRABEES,20200408,265,265,242.61,250.85,586
INFRATEL,20200408,161.1,170.4,158.05,166.4,8193132
INFY,20200408,630,655.65,626.35,631.6,11806901
INGERRAND,20200408,619.15,628.7,619.1,626.7,6708
INOXLEISUR,20200408,238,250,233,235.2,660058
INOXWIND,20200408,19.55,20.45,19.25,20,67886
INSECTICID,20200408,317,330.15,311,330.15,8645
INSPIRISYS,20200408,20,20.7,19.5,20,1968
INTEGRA,20200408,0.5,0.5,0.5,0.5,2400
INTELLECT,20200408,66,66,66,66,26324
INTENTECH,20200408,14.2,15.8,12.8,14.4,4828
INVENTURE,20200408,12.15,12.25,11.9,11.9,5379
IOB,20200408,7,7.2,6.9,7.05,751375
IOC,20200408,82.85,86,81.1,81.75,20433621
IOLCP,20200408,213.65,213.65,213.65,213.65,23157
IPCALAB,20200408,1609.5,1825,1580,1616.4,2802525
IRB,20200408,52.25,61.9,52.15,60.65,2280267
IRCON,20200408,86,93,84.2,85.55,1043864
IRCTC,20200408,1194.2,1194.2,1194.2,1194.2,96331
ISEC,20200408,275,302.65,274.75,297.7,666974
ISFT,20200408,22.85,22.9,21.5,21.6,33811
ISMTLTD,20200408,2.5,2.8,2.4,2.7,75208
ITC,20200408,180.85,184,176.65,178.65,37561322
ITDC,20200408,132.4,137.7,132.4,137.6,86510
ITDCEM,20200408,32.7,35,32.1,33.55,131779
ITI,20200408,61.55,73.45,61.55,69.1,3005181
IVC,20200408,2.05,2.45,2.05,2.25,193658
IVP,20200408,32.7,34.35,31.15,33.8,757
IVZINGOLD,20200408,4018,4020,4000,4010,142
IVZINNIFTY,20200408,1018.38,1018.38,922,947,14
IZMO,20200408,12.9,12.9,12.9,12.9,878
J&KBANK,20200408,12.15,12.4,11.7,11.85,1485566
JAGRAN,20200408,46,47.2,45,45.6,72322
JAGSNPHARM,20200408,24.45,24.8,22.3,23.95,297888
JAIBALAJI,20200408,19.5,21.45,18.9,20.9,13738
JAICORPLTD,20200408,49.8,53.7,49.1,50.7,727281
JAINSTUDIO,20200408,0.9,0.95,0.9,0.95,2800
JAMNAAUTO,20200408,24,26.25,23.7,25.7,2096049
JASH,20200408,101.15,106.45,101.15,101.15,2934
JAYAGROGN,20200408,61,61.9,57,58.65,14608
JAYBARMARU,20200408,103.3,109.5,101.3,107.75,70750
JAYNECOIND,20200408,2.3,2.3,2.3,2.3,6177
JAYSREETEA,20200408,36.05,39,36.05,37.75,73810
JBCHEPHARM,20200408,476.5,549,462,509.85,641059
JBFIND,20200408,8.85,8.85,8.85,8.85,6164
JBMA,20200408,136.1,142,133.5,139.4,11700
JCHAC,20200408,2207.65,2296,2150,2175.45,8836
JHS,20200408,8.9,9.2,8.4,9.2,90042
JIKIND,20200408,0.3,0.3,0.25,0.3,201
JINDALPHOT,20200408,10.45,11.65,8.55,10.45,11528
JINDALPOLY,20200408,219.85,238,210.25,214.9,8616
JINDALSAW,20200408,48.95,52.95,48.25,50.3,644454
JINDALSTEL,20200408,77.3,97.5,77.1,84.9,62924356
JINDRILL,20200408,45.05,48.8,44.5,47.1,21536
JINDWORLD,20200408,29,31.6,26.5,27.1,123068
JISLDVREQS,20200408,3.75,3.75,3.75,3.75,9770
JISLJALEQS,20200408,3.8,3.8,3.8,3.8,1570408
JITFINFRA,20200408,3.9,3.9,3.9,3.9,1519
JIYAECO,20200408,6.8,6.8,6.8,6.8,13874
JKCEMENT,20200408,940,973,940,953.45,38295
JKIL,20200408,74.2,78.15,74.2,77.4,58225
JKLAKSHMI,20200408,184.9,190.5,180,184.8,78617
JKPAPER,20200408,82.7,93.9,80.1,91,5146913
JKTYRE,20200408,40.75,43.35,40.2,42.4,460531
JMA,20200408,17.05,20.85,16.9,17.55,6470
JMCPROJECT,20200408,33.5,36.15,32.75,33.45,98197
JMFINANCIL,20200408,64.3,70.7,64.25,68.85,944017
JMTAUTOLTD,20200408,1,1,0.95,1,37852
JOCIL,20200408,104.05,111.05,100.1,101.95,3814
JPASSOCIAT,20200408,1.25,1.25,1.25,1.25,547419
JPINFRATEC,20200408,0.85,0.85,0.8,0.85,3237028
JPOLYINVST,20200408,7.8,7.8,7.45,7.5,1849
JPPOWER,20200408,0.8,0.8,0.8,0.8,2756613
JSL,20200408,26.65,29.5,25.15,26.95,578828
JSLHISAR,20200408,42.95,47.35,42.25,46.8,216097
JSWENERGY,20200408,43,43.85,41.9,42.2,1836431
JSWHL,20200408,1470.1,1550,1470.1,1513.95,725
JSWSTEEL,20200408,155,170.75,152.15,154.6,15245833
JTEKTINDIA,20200408,37.9,40.3,37.55,38.85,284293
JUBILANT,20200408,316,325.15,303.3,325.1,217643
JUBLFOOD,20200408,1391.95,1456,1367,1406.8,987237
JUBLINDS,20200408,86.9,90,84,88.25,21004
JUMPNET,20200408,48,50.35,47.25,48.4,510235
JUNIORBEES,20200408,227,236,221.05,233.25,88877
JUSTDIAL,20200408,311,329.8,304.1,314.45,3091729
JYOTHYLAB,20200408,98.9,101.85,95,100.1,481032
KABRAEXTRU,20200408,45.9,45.9,42.6,43.45,8337
KAJARIACER,20200408,355,370.5,352.15,359,110851
KAKATCEM,20200408,121.5,125.2,120.05,122.95,10878
KALPATPOWR,20200408,178,185,176,178.25,74626
KALYANIFRG,20200408,88,95.35,87.1,94.7,519
KAMATHOTEL,20200408,17.85,19.5,17.85,18.95,41080
KAMDHENU,20200408,49,54,46,51.15,13467
KANANIIND,20200408,1.4,1.4,1.4,1.4,1820
KANORICHEM,20200408,30.5,31.25,30.1,31.25,48790
KANSAINER,20200408,383.95,387.5,372.45,375.95,392499
KARDA,20200408,122.45,126.75,118,122.2,1608
KARMAENG,20200408,12.7,12.7,11.5,11.5,3806
KARURVYSYA,20200408,25.4,25.5,24.3,25.5,1361104
KAUSHALYA,20200408,0.35,0.4,0.35,0.4,2003
KAYA,20200408,141,141.6,140.9,141.6,2543
KCP,20200408,44.1,45.75,42.35,42.95,34299
KCPSUGIND,20200408,12.9,13.2,12.55,12.85,150874
KDDL,20200408,109,113.9,106.55,109.85,3483
KEC,20200408,157.6,162.5,156,157.3,362474
KECL,20200408,9.3,9.3,9.3,9.3,28451
KEI,20200408,310,318.5,294.95,299.5,302118
KELLTONTEC,20200408,8.55,8.55,8.25,8.55,70510
KENNAMET,20200408,709.5,744,670,680.45,2409
KERNEX,20200408,13.3,13.9,12.95,13.7,10247
KESORAMIND,20200408,21.4,23.2,21.1,22.4,158838
KHADIM,20200408,81.3,84.7,78.55,81.55,32125
KHANDSE,20200408,11.5,11.5,11.5,11.5,215
KICL,20200408,1061,1080,1050,1056.7,1261
KILITCH,20200408,110,121,100.1,114.6,77296
KINGFA,20200408,398.95,398.95,379.95,392.65,3740
KIOCL,20200408,63.45,64.1,61.55,64,11111
KIRIINDUS,20200408,331.5,331.5,300,300,161655
KIRLFER,20200408,48.65,51.4,43.2,48.4,27710
KIRLOSBROS,20200408,92,96.9,90.7,91.45,47671
KIRLOSENG,20200408,90.8,94.5,90,90.15,17111
KIRLOSIND,20200408,430.45,446,421,433.55,1476
KITEX,20200408,90,95.8,88.55,92.45,79137
KKCL,20200408,658.35,719.85,658.35,699.5,2113
KMSUGAR,20200408,8.8,8.8,7.55,7.8,454519
KNRCON,20200408,191.8,192.95,185.4,188.7,60506
KOKUYOCMLN,20200408,45.05,52,44.2,47.5,46002
KOLTEPATIL,20200408,122.9,122.9,116.1,118.55,41410
KOPRAN,20200408,27.25,29.5,27.25,28.45,191252
KOTAKBANK,20200408,1184.8,1242.55,1160.35,1187.65,7405110
KOTAKBKETF,20200408,190.65,205,187.54,190.84,183748
KOTAKGOLD,20200408,402.15,409.45,400.1,402.75,34765
KOTAKNIFTY,20200408,90.5,94.38,88.81,91.02,826442
KOTAKNV20,20200408,47.2,49.25,45.12,48.31,18494
KOTAKPSUBK,20200408,123,130.95,122,126.08,16990
KOTARISUG,20200408,10.55,11,10,10.4,75821
KOTHARIPET,20200408,11.95,11.95,10.65,10.9,5934
KOTHARIPRO,20200408,37.8,40,37.7,39.6,2256
KPITTECH,20200408,40,41.65,39,41.65,340590
KPRMILL,20200408,342.6,359.95,342.6,350.85,9158
KRBL,20200408,171.55,171.55,171.55,171.55,42053
KREBSBIO,20200408,80.85,80.85,75,75.6,8541
KRIDHANINF,20200408,1.25,1.25,1.2,1.25,37600
KRISHANA,20200408,51,51,46.55,47.15,625
KSB,20200408,429.95,451,423.2,441.75,20975
KSCL,20200408,314.8,321.15,305,309.7,134327
KSERASERA,20200408,0.1,0.1,0.05,0.1,1801027
KSK,20200408,0.35,0.35,0.3,0.35,516831
KSL,20200408,128,142.15,126,141.15,84755
KTKBANK,20200408,43.4,45.75,42.7,43.75,1140191
KUANTUM,20200408,312,329.9,312,327.6,752
KWALITY,20200408,1.55,1.55,1.55,1.55,148350
L&TFH,20200408,52.9,58.05,52,55.1,16503670
LAKSHVILAS,20200408,11.8,11.8,11.25,11.4,518713
LALPATHLAB,20200408,1428.95,1475,1401,1461.55,232300
LAMBODHARA,20200408,21.5,22.1,20.55,21.05,5553
LAOPALA,20200408,151.05,153.95,147,148.05,123259
LASA,20200408,32.45,32.45,32.45,32.45,8606
LAURUSLABS,20200408,406,424.45,386,391.9,319928
LAXMIMACH,20200408,2402.05,2649,2390.15,2594.35,9994
LEMONTREE,20200408,18,18.85,17.25,17.85,3721046
LFIC,20200408,39,39,39,39,50
LGBBROSLTD,20200408,185,192,170,173.7,42301
LGBFORGE,20200408,1.8,1.8,1.7,1.8,10454
LIBAS,20200408,46.45,46.45,46.45,46.45,4
LIBERTSHOE,20200408,102.8,105.45,98.6,100.95,144902
LICHSGFIN,20200408,213.8,233.5,209.35,223.75,5249846
LICNETFGSC,20200408,23.75,23.8,21.2,22,25408
LICNETFN50,20200408,90.85,101,90.85,97,721
LICNETFSEN,20200408,341,341,341,341,1
LICNFNHGP,20200408,102,102,86.54,90.25,331
LINCOLN,20200408,126,132.05,123.05,129.65,37287
LINCPEN,20200408,152,152,141.4,145.4,754
LINDEINDIA,20200408,484,493,472.1,478.85,32773
LIQUIDBEES,20200408,999.99,1000.01,999.5,1000,1294003
LIQUIDETF,20200408,999.99,1000.01,999.99,1000,10187
LOKESHMACH,20200408,16.55,18,15.35,15.9,9667
LOTUSEYE,20200408,23.5,23.9,22.5,23.4,3490
LOVABLE,20200408,40.5,42.45,39.8,41,12551
LPDC,20200408,0.85,0.9,0.8,0.9,4910
LSIL,20200408,0.4,0.4,0.35,0.4,494998
LT,20200408,804,832,797.7,807.1,6151093
LTI,20200408,1360,1377.25,1335.55,1355.5,92221
LTTS,20200408,1116.95,1147.95,1100,1104.5,89214
LUMAXIND,20200408,1024.95,1060,950,1055.8,5644
LUMAXTECH,20200408,58.45,59,55.25,57.25,30278
LUPIN,20200408,701,734.45,698.55,705.6,6927854
LUXIND,20200408,935,974,919,931.35,42462
LYKALABS,20200408,19.5,19.55,17.5,19.55,119801
LYPSAGEMS,20200408,2.7,2.8,2.6,2.8,10542
M&M,20200408,315,350.4,312.8,326.4,8451196
M&MFIN,20200408,141,162.8,135.8,159.2,10126702
M100,20200408,12.87,13.09,12.6,12.98,91706
M50,20200408,87,88.95,84.5,87.42,3985
MAANALU,20200408,29.55,31.7,29.5,30.65,9572
MADHAV,20200408,18.5,18.8,18.5,18.75,2914
MADHUCON,20200408,1.65,1.7,1.6,1.6,15536
MADRASFERT,20200408,12.2,13.9,12.2,13,240615
MAGADSUGAR,20200408,79.5,79.5,78.5,79.5,38906
MAGMA,20200408,16.9,17.75,16.55,17.75,413696
MAGNUM,20200408,2.95,3,2.95,3,7580
MAHABANK,20200408,9,9.15,8.85,9,336724
MAHAPEXLTD,20200408,51.3,56.6,51.3,51.5,1416
MAHASTEEL,20200408,68.5,69.3,65.95,67.85,329
MAHEPC,20200408,88,91,84.7,86.5,51161
MAHESHWARI,20200408,149.95,152,149,149.95,1277
MAHINDCIE,20200408,75,79.2,71.7,72.05,98172
MAHLIFE,20200408,193.95,207,188.05,189.6,44176
MAHLOG,20200408,236,253.2,233,253.15,90590
MAHSCOOTER,20200408,2200,2347.9,2155.6,2249.55,6712
MAHSEAMLES,20200408,192.45,209.7,190.3,196.9,23138
MAITHANALL,20200408,370,383.45,346.6,357.3,23626
MAJESCO,20200408,252,253.7,234.4,253.55,14823
MALUPAPER,20200408,26.75,31.1,26.75,31.1,315245
MAN50ETF,20200408,98.33,98.33,80.87,89.3,4538
MANAKALUCO,20200408,3.5,3.6,3.1,3.6,61810
MANAKCOAT,20200408,2.3,2.45,2.3,2.45,792
MANAKSIA,20200408,32.7,32.75,31.6,32.4,8131
MANAKSTEEL,20200408,7,7,6.55,7,3902
MANALIPETC,20200408,13.25,14.8,13.15,14.8,595024
MANAPPURAM,20200408,99.8,111.4,98.15,107.6,15817087
MANGALAM,20200408,36.9,36.9,36.9,36.9,4691
MANGCHEFER,20200408,23.65,28.75,23.5,27.65,433955
MANGLMCEM,20200408,137.8,152.45,137.8,148.3,715685
MANGTIMBER,20200408,6.55,6.55,6.3,6.3,1710
MANINDS,20200408,38.15,41.1,38,39.05,93332
MANINFRA,20200408,17.95,18.9,17.2,17.85,61594
MANUGRAPH,20200408,7.4,7.4,6.9,7.2,12372
MANXT50,20200408,221,226,221,222,842
MARALOVER,20200408,10.55,10.55,9.6,10.05,2275
MARATHON,20200408,49.8,49.8,43.55,44,6801
MARICO,20200408,284,305.65,278,289.45,5519404
MARKSANS,20200408,19.15,19.5,18,19.5,4603485
MARUTI,20200408,4406.5,4925,4406.5,4698.1,2798838
MASFIN,20200408,529.9,555.3,519.3,555.3,9262
MASKINVEST,20200408,14.15,14.15,14.15,14.15,258
MASTEK,20200408,193.1,193.1,188,193.1,34651
MATRIMONY,20200408,269.9,289.8,266.9,272.05,98750
MAWANASUG,20200408,27.45,27.45,27.45,27.45,24839
MAXINDIA,20200408,60.3,60.45,57.05,59.4,121910
MAXVIL,20200408,32.75,33.45,31.9,32.3,25691
MAYURUNIQ,20200408,154.5,164,152.05,154.85,74202
MAZDA,20200408,254.05,256.5,237.45,242.3,15268
MBECL,20200408,2.45,2.5,2.3,2.4,7954
MBLINFRA,20200408,3.1,3.15,3.1,3.15,3055
MCDHOLDING,20200408,13.7,13.85,13.4,13.85,16159
MCDOWELL-N,20200408,515,539.8,505,521.6,3029867
MCLEODRUSS,20200408,2.4,2.4,2.4,2.4,12710
MCX,20200408,1018,1063.4,985,1012.65,574326
MEGASOFT,20200408,5.85,6.25,5.8,6.2,5085
MEGH,20200408,43.4,45.2,42.8,43.55,722711
MENONBE,20200408,29.7,31,28.2,29.05,31801
MEP,20200408,10.25,10.25,10.25,10.25,72501
MERCATOR,20200408,0.6,0.6,0.55,0.6,297166
METALFORGE,20200408,3.85,4.05,3.85,4.05,551
METROPOLIS,20200408,1307.45,1369.7,1254.45,1322.65,85222
MFSL,20200408,354.9,396,351.5,355.2,1541128
MGL,20200408,862.6,941.75,859.5,890.6,1068870
MHRIL,20200408,138.4,144.45,137,139.55,17355
MIC,20200408,0.55,0.6,0.5,0.6,54882
MIDHANI,20200408,190.9,215,185.5,199.75,2546508
MINDACORP,20200408,53.95,56.5,53.85,56.2,901245
MINDAIND,20200408,229.8,235,224,226.5,196086
MINDTECK,20200408,15.1,15.4,14.25,15.1,4759
MINDTREE,20200408,731.75,779,722.1,732.1,731518
MIRCELECTR,20200408,4.3,4.3,4.3,4.3,70857
MIRZAINT,20200408,41,42.05,39.5,40.45,153929
MMFL,20200408,176.15,183.45,176.1,181.7,2238
MMP,20200408,49.25,55.95,49.25,51.7,4120
MMTC,20200408,12.6,14.1,12.35,13.2,1021295
MODIRUBBER,20200408,26.7,27.9,26.7,27.9,75
MOHITIND,20200408,3.25,3.4,3.25,3.4,6
MOHOTAIND,20200408,4.7,4.7,4.7,4.7,5243
MOIL,20200408,105,108.4,103.55,105.65,327448
MOLDTECH,20200408,35,35,33.15,34.05,8174
MOLDTKPAC,20200408,175,175.9,169.55,170.8,29337
MONTECARLO,20200408,151.2,160.95,150.3,153.15,5894
MORARJEE,20200408,8.75,8.75,7.95,8.15,10333
MOREPENLAB,20200408,14.1,15.7,13.85,15.7,2517568
MOTHERSUMI,20200408,56.4,61.5,54.2,56.2,30535639
MOTILALOFS,20200408,489,528,480,489.35,101025
MOTOGENFIN,20200408,25.95,28.5,22.85,27.2,2239
MPHASIS,20200408,674.9,690,670.05,673.4,150563
MPSLTD,20200408,228.85,228.85,205,220.6,5247
MRF,20200408,56600,59500,56300,57172.75,15231
MRPL,20200408,24.1,25,23.85,24.3,461764
MSPL,20200408,4.65,4.65,4.6,4.65,3918
MSTCLTD,20200408,91,94.5,85.5,86.4,179832
MTEDUCARE,20200408,8.3,8.3,8.3,8.3,5696
MTNL,20200408,6.15,6.4,6.05,6.4,635538
MUKANDENGG,20200408,7.1,7.45,7.1,7.35,3377
MUKANDLTD,20200408,14,14.55,13.6,14.1,20778
MUKTAARTS,20200408,19.5,20,18.5,19.85,9939
MUNJALAU,20200408,28.9,32.7,27.5,32.05,1015871
MUNJALSHOW,20200408,66.4,72.9,64.9,71.1,97944
MURUDCERA,20200408,10.4,11.25,10.35,10.8,37727
MUTHOOTCAP,20200408,237,243.45,230,232.6,24555
MUTHOOTFIN,20200408,662.3,743.4,652.5,687.15,2502475
N100,20200408,615.05,677,595.15,604.62,155401
NACLIND,20200408,20.8,22,20.8,21.35,27060
NAGAFERT,20200408,3.6,3.6,3.6,3.6,37123
NAGREEKCAP,20200408,4,4.2,3.8,4.2,14687
NAGREEKEXP,20200408,8.1,8.9,8.1,8.65,805
NAHARCAP,20200408,52.7,52.7,49.6,50,362
NAHARINDUS,20200408,19.1,19.4,16.1,18.1,19169
NAHARPOLY,20200408,29.4,30.4,28.25,28.65,6914
NAHARSPING,20200408,27.85,28.9,27.45,28.2,6657
NAM-INDIA,20200408,263,289.5,262.3,273.05,2196581
NATCOPHARM,20200408,579.9,619,542,575.2,288096
NATHBIOGEN,20200408,164.35,164.35,154.7,164.35,14174
NATIONALUM,20200408,29.05,31.4,28.55,29.6,11410350
NATNLSTEEL,20200408,1.1,1.1,1.1,1.1,10000
NAUKRI,20200408,2310,2403.85,2202,2253.85,373732
NAVINFLUOR,20200408,1352,1500,1352,1465.6,222009
NAVKARCORP,20200408,18.95,19.55,18.2,18.9,281990
NAVNETEDUL,20200408,61.2,65.35,61.2,64.45,36170
NBCC,20200408,16.65,17.9,16.4,17,5475391
NBIFIN,20200408,1365,1537.95,1330.15,1360.65,182
NBVENTURES,20200408,36.95,38.75,36.1,37.2,72790
NCC,20200408,17.05,19.75,16.7,18.1,41708750
NCLIND,20200408,57.5,59.5,55.2,55.55,86194
NDGL,20200408,432,476,432,446.15,68
NDL,20200408,16.4,16.6,15.4,15.5,20657
NDTV,20200408,25.45,25.5,25.05,25.2,13668
NECCLTD,20200408,4.05,4.05,3.85,4.05,29630
NECLIFE,20200408,14.7,15.5,14,15.5,1591431
NELCAST,20200408,30.8,37,30.25,36.5,419392
NELCO,20200408,147.8,151.7,140,144.55,35546
NEOGEN,20200408,364,381.3,364,381.3,9549
NESCO,20200408,483.45,501.55,472,474.05,29289
NESTLEIND,20200408,16650,17544.05,16555.45,16871.25,248445
NETF,20200408,82.4,90,82.4,89.5,1007
NETFCONSUM,20200408,48.5,50,46.5,47.99,4150
NETFDIVOPP,20200408,24.95,25.9,24.9,25.55,723
NETFLTGILT,20200408,20.85,20.85,20.58,20.62,53160
NETFMID150,20200408,45.48,47.22,43.5,46.87,103308
NETFNIF100,20200408,94.99,100.45,94.64,100.29,407
NETFNV20,20200408,46.3,48.8,44.35,48.79,27862
NETWORK18,20200408,18.7,18.9,18.2,18.7,515612
NEULANDLAB,20200408,316,358.7,316,329.45,67483
NEWGEN,20200408,109,112,105.9,110.75,38432
NEXTMEDIA,20200408,3.3,3.45,3.15,3.35,4768
NFL,20200408,20.5,22.55,20.4,21.55,665972
NH,20200408,271.1,290,270.45,277.05,200995
NHPC,20200408,21.25,22,20.85,21.85,10682325
NIACL,20200408,108.9,111,105.05,106.4,159966
NIBL,20200408,4.95,4.95,4.75,4.75,336
NIFTYBEES,20200408,91,98,90.65,92.82,5210576
NIITLTD,20200408,79,86.5,78.25,81.35,913430
NIITTECH,20200408,1100,1159.3,1062.5,1101,350000
NILAINFRA,20200408,3.05,3.35,3,3.1,263014
NILASPACES,20200408,0.6,0.65,0.6,0.65,84169
NILKAMAL,20200408,985,1165,980,1123.1,31432
NIPPOBATRY,20200408,421,444,421,432.4,746
NITCO,20200408,14.85,14.85,14.85,14.85,3942
NITINSPIN,20200408,29.4,30.5,28.75,29.55,27833
NKIND,20200408,8.6,8.6,8.15,8.3,2033
NLCINDIA,20200408,44.1,47,44,44.9,464389
NMDC,20200408,78.75,80.5,74.5,75.3,8069066
NOCIL,20200408,70.9,74.75,69.3,72.35,1912202
NOIDATOLL,20200408,3.5,3.5,3.1,3.25,146116
NORBTEAEXP,20200408,3.55,3.55,3.55,3.55,30
NPBET,20200408,110,110,109,109,418
NRAIL,20200408,165,176.45,155.3,173.3,14600
NRBBEARING,20200408,58.55,60,58,58.35,25907
NSIL,20200408,636,669.75,584,614.85,1440
NTL,20200408,0.4,0.4,0.35,0.4,8093
NTPC,20200408,81.55,86.8,80.3,85.2,38072780
NUCLEUS,20200408,205.4,209.8,191,200.4,15134
NXTDIGITAL,20200408,240,248.75,240,244.5,1858
OAL,20200408,142.95,142.95,137.7,138.15,3684
OBEROIRLTY,20200408,321,337,305,306.4,477314
OCCL,20200408,587.75,600,565.05,594.85,10942
OFSS,20200408,2049,2175.2,2026,2096.05,28005
OIL,20200408,89.2,94.4,85.35,89.2,2775505
OILCOUNTUB,20200408,3.45,3.6,3.45,3.6,5807
OISL,20200408,2.1,2.15,1.85,2.1,17057
OLECTRA,20200408,59.7,59.7,59.7,59.7,10398
OMAXAUTO,20200408,20.9,21.6,20.9,21.25,8927
OMAXE,20200408,158,158,152.65,153.5,115562
OMKARCHEM,20200408,2.6,2.65,2.6,2.65,10777
OMMETALS,20200408,13,13,12.05,12.5,19683
ONELIFECAP,20200408,3.45,3.45,3.45,3.45,7
ONEPOINT,20200408,13,13,11.9,12.3,13294
ONGC,20200408,72.4,76.35,71,74.45,30556746
ONMOBILE,20200408,23.8,23.8,23.8,23.8,54945
ONWARDTEC,20200408,43.05,45.45,43.05,43.45,1680
OPTIEMUS,20200408,15.45,15.9,14.4,15.9,6894
OPTOCIRCUI,20200408,1.85,1.85,1.85,1.85,12336
ORBTEXP,20200408,60.8,69.8,58.25,60.65,12119
ORICONENT,20200408,10.5,11.35,10.2,10.8,38679
ORIENTABRA,20200408,11,11.6,10.4,11.25,19568
ORIENTALTL,20200408,6.35,6.95,6.35,6.5,4122
ORIENTBELL,20200408,64,64.6,56.55,58.65,5150
ORIENTCEM,20200408,45.25,46.7,43.6,44.6,105003
ORIENTELEC,20200408,177.1,184.9,172.2,178.5,594978
ORIENTHOT,20200408,17.05,17.9,16,16.85,47016
ORIENTLTD,20200408,73,73.5,66.5,67.45,247
ORIENTPPR,20200408,18.45,21.05,17.85,21,5548755
ORIENTREF,20200408,121.6,131.9,121.45,129.6,80817
ORISSAMINE,20200408,1138.35,1138.35,1138.35,1138.35,927
ORTINLABSS,20200408,8.45,8.45,7.1,8.45,27795
OSWALAGRO,20200408,4.6,4.6,4.05,4.25,20459
PAEL,20200408,1.85,1.85,1.8,1.85,616
PAGEIND,20200408,16689,17680,16603.95,16757,24009
PAISALO,20200408,167.95,176,162.05,175.35,3760
PALASHSECU,20200408,19.8,19.8,19.8,19.8,508
PALREDTEC,20200408,9.8,10.75,9.8,10.7,1075
PANACEABIO,20200408,130,137.8,130,130.75,40555
PANACHE,20200408,44.95,44.95,44.95,44.95,100
PANAMAPET,20200408,31.6,34.75,30.05,34.65,25233
PAPERPROD,20200408,213.5,213.5,202.55,203.85,103453
PARACABLES,20200408,6.45,6.65,6.45,6.5,11257
PARAGMILK,20200408,71.8,74.6,69.55,72.6,326097
PARSVNATH,20200408,1.45,1.45,1.45,1.45,9249
PATELENG,20200408,11.1,11.1,10.65,11.1,254205
PATINTLOG,20200408,12.65,12.7,11.55,12.5,15007
PATSPINLTD,20200408,2.35,2.35,2.3,2.3,1259
PCJEWELLER,20200408,13.85,13.85,12.55,12.55,10185223
PDMJEPAPER,20200408,12.6,12.7,11.9,12.65,60520
PDSMFL,20200408,277,284.65,265,269.8,393
PEARLPOLY,20200408,12.95,12.95,11.85,12.25,3361
PEL,20200408,901,975,890.05,935.05,2216470
PENIND,20200408,17.85,17.85,17.55,17.85,75563
PENINLAND,20200408,2.75,2.75,2.6,2.75,39650
PERSISTENT,20200408,511.95,519.2,505,511.1,33921
PETRONET,20200408,200.95,225,197.65,215.1,6347443
PFC,20200408,89,94.65,88,91.1,4906216
PFIZER,20200408,4295,4421.55,4221,4250,33248
PFOCUS,20200408,26.25,27.8,25.8,26.55,9636
PFS,20200408,8.2,8.75,8.2,8.5,499396
PGEL,20200408,31.8,31.8,31,31.8,2898
PGHH,20200408,10498.75,11198.95,10428.2,10980.35,18803
PGHL,20200408,4325,4555,4280,4477.15,43087
PGIL,20200408,108.3,108.4,98.5,101.1,704
PHILIPCARB,20200408,74.3,80.9,72.35,77,979118
PHOENIXLTD,20200408,503.8,585.7,501.6,540,98920
PIDILITIND,20200408,1296.3,1384.7,1283.65,1303.35,894276
PIIND,20200408,1307.65,1399,1271.4,1385.4,234301
PILANIINVS,20200408,1200.05,1235.05,1174.85,1191.4,798
PILITA,20200408,3.3,3.7,3.3,3.7,18905
PIONDIST,20200408,98,101.85,98,101.85,2208
PIONEEREMB,20200408,17,18.9,16.9,18.15,3721
PITTIENG,20200408,23.6,25.5,22.95,23.55,7096
PKTEA,20200408,82.45,82.45,80.6,82.45,1114
PLASTIBLEN,20200408,120.3,127.95,120.05,124.25,2883
PNB,20200408,29.9,31.6,29.4,30.5,29666254
PNBGILTS,20200408,23.75,24,23.5,23.85,89008
PNBHOUSING,20200408,171,176.8,163.85,164.95,704199
PNC,20200408,7.75,10,7.75,9.65,5187
PNCINFRA,20200408,95,102,93.55,98.8,62224
PODDARHOUS,20200408,170,181.6,165.6,181.45,764
PODDARMENT,20200408,121.25,133.85,115,127.35,16188
POKARNA,20200408,51.95,53.8,51.25,53.75,22841
POLYCAB,20200408,752,793,752,760.75,172593
POLYMED,20200408,249.95,260,235.05,241.8,78884
POLYPLEX,20200408,424,425.3,386,394.65,125336
PONNIERODE,20200408,130.15,140,130.15,134.8,6523
POWERGRID,20200408,157.9,162.7,155.25,158.35,12083217
POWERINDIA,20200408,802,808,788,790,9633
POWERMECH,20200408,337.4,344,329.85,333.5,7778
PPAP,20200408,132.05,151,132.05,142.85,8432
PPL,20200408,26.65,26.7,26,26.7,11772
PRABHAT,20200408,60,62.1,56.5,59.4,30064
PRADIP,20200408,0.55,0.55,0.55,0.55,9854
PRAENG,20200408,4.95,5.2,4.85,5,4860
PRAJIND,20200408,57.5,60.75,57.25,57.7,1030851
PRAKASH,20200408,22,23,21.5,22.05,782058
PRAKASHSTL,20200408,0.2,0.2,0.2,0.2,2500
PRAXIS,20200408,37.6,37.6,37.6,37.6,1
PRECAM,20200408,24.8,26.25,24.5,26.25,8959
PRECOT,20200408,21,22.45,20.45,21,878
PRECWIRE,20200408,72.9,72.9,67.4,70.55,15738
PREMEXPLN,20200408,64.25,69.5,64.25,66.35,2257
PREMIER,20200408,1.35,1.35,1.3,1.35,500
PREMIERPOL,20200408,21.5,21.5,19.55,19.55,202
PRESSMN,20200408,14.25,16.9,14.2,14.75,26442
PRESTIGE,20200408,192,198.45,181.1,184.75,116864
PRICOLLTD,20200408,33.8,36.55,33,35.9,109804
PRIMESECU,20200408,27.65,28.9,27.55,27.9,7557
PRINCEPIPE,20200408,101.05,106,101.05,103.65,67922
PROSEED,20200408,0.3,0.3,0.25,0.25,2050
PROZONINTU,20200408,8.95,9,8.55,9,29355
PRSMJOHNSN,20200408,32.5,34.8,31.75,33.35,135248
PSB,20200408,11.35,11.55,11.1,11.3,40046
PSL,20200408,0.3,0.3,0.3,0.3,1870
PSPPROJECT,20200408,329.95,339.9,324.3,335.25,27463
PSUBNKBEES,20200408,14.83,15,14.51,14.68,41013
PTC,20200408,39.5,41.3,39.5,40.1,611689
PTL,20200408,29.4,29.85,27,27.95,7597
PUNJABCHEM,20200408,387,407,380.05,390.95,1363
PURVA,20200408,40.5,40.5,37,37.25,28186
PVR,20200408,960.5,1057.65,953,1001.5,2058853
QGOLDHALF,20200408,1967,1990,1967,1988,1206
QNIFTY,20200408,906,915.99,900,905.5,142
QUESS,20200408,219.9,219.9,204.05,208.5,411625
QUICKHEAL,20200408,93.4,99.9,92,93.35,362215
RADAAN,20200408,1.05,1.15,1.05,1.15,616
RADICO,20200408,292.7,297.8,285,290.75,534535
RADIOCITY,20200408,14.4,15,14.1,14.45,161437
RAIN,20200408,56.95,62.7,55.5,59.25,759094
RAJESHEXPO,20200408,625,648.8,614,623.5,55302
RAJSREESUG,20200408,19.65,19.65,17.85,17.85,154353
RAJTV,20200408,31,34.2,31,31.55,7615
RALLIS,20200408,187,209.8,181.2,200.05,705929
RAMANEWS,20200408,12.7,15.15,12.7,14.95,70029
RAMASTEEL,20200408,22.45,22.45,21.05,22.45,5483
RAMCOCEM,20200408,476.2,505,455,464,1088656
RAMCOIND,20200408,124.9,124.9,112.85,116.6,49515
RAMCOSYS,20200408,73,77.4,73,73.7,45648
RAMKY,20200408,20,22,20,21.05,36100
RANASUG,20200408,3.8,3.8,3.8,3.8,23829
RANEENGINE,20200408,148,148.3,138.4,145,1047
RANEHOLDIN,20200408,384.9,384.9,350,358.65,12867
RATNAMANI,20200408,930,935,890,895.75,23013
RAYMOND,20200408,241.85,241.85,241.85,241.85,64606
RBL,20200408,390,412.75,378.65,387.8,22776
RBLBANK,20200408,113,133.6,110.5,121.1,42660145
RCF,20200408,28.2,32.1,28.1,30.95,3858015
RCOM,20200408,0.75,0.8,0.7,0.75,20148616
RECLTD,20200408,87,91.65,86.05,87.6,8505137
REDINGTON,20200408,72,74.6,71.25,72.4,241227
REFEX,20200408,41,41,41,41,15500
RELAXO,20200408,629.95,631.95,608,618.1,331171
RELCAPITAL,20200408,4.5,4.5,4.35,4.4,2538241
RELIANCE,20200408,1180,1229,1160,1192.15,22803774
RELIGARE,20200408,23.15,23.15,22.5,23.15,288466
RELINFRA,20200408,12.3,12.3,12.3,12.3,450669
REMSONSIND,20200408,51,54,50.15,50.85,720
RENUKA,20200408,5.55,5.55,5.55,5.55,244694
REPCOHOME,20200408,114.5,114.5,107.1,107.45,145611
REPRO,20200408,380,405,375.05,386.55,2390
RESPONIND,20200408,81.95,82.6,80.6,82,93665
REVATHI,20200408,330.05,330.05,289.95,303.45,248
RGL,20200408,210.9,210.9,201.05,209.35,1321
RHFL,20200408,0.75,0.75,0.7,0.75,1140166
RICOAUTO,20200408,20.8,21.7,20.2,21.35,340418
RIIL,20200408,209,222.9,205.4,211.55,179408
RITES,20200408,235,242,231.5,234.55,304386
RKDL,20200408,4.9,5.1,4.9,5.1,1955
RKFORGE,20200408,148.9,162.7,143.1,159.25,28458
RMCL,20200408,3.1,3.2,3.1,3.2,16729
RML,20200408,184.5,193.9,170,173.45,58023
RNAVAL,20200408,1.45,1.5,1.4,1.4,522985
ROHITFERRO,20200408,0.55,0.55,0.5,0.55,12291
ROHLTD,20200408,41.3,49.2,41.3,46.65,591789
ROLLT,20200408,1,1,0.95,1,14902
ROLTA,20200408,2.5,2.5,2.5,2.5,38395
ROSSELLIND,20200408,38.7,39.6,36.3,37.5,4748
RPGLIFE,20200408,213,237,210.5,224.55,58610
RPOWER,20200408,1.45,1.45,1.45,1.45,883826
RPPINFRA,20200408,32.7,33.75,31.5,32.95,15407
RSSOFTWARE,20200408,11.95,11.95,11.15,11.35,13574
RSWM,20200408,71.95,74.9,69,72.05,12829
RSYSTEMS,20200408,84.6,85,82.25,83,10817
RTNINFRA,20200408,1.8,1.9,1.8,1.8,195174
RTNPOWER,20200408,1.45,1.45,1.45,1.45,343572
RUBYMILLS,20200408,132.55,138,127.2,137.05,704
RUCHI,20200408,209.05,209.05,209.05,209.05,512
RUCHINFRA,20200408,2,2,2,2,35936
RUCHIRA,20200408,42.55,44.2,39.2,44.2,178554
RUPA,20200408,143,148.35,136.3,137.1,15473
RUSHIL,20200408,82.9,85,80,80.6,28497
RVNL,20200408,17.4,17.5,17.1,17.5,2258328
S&SPOWER,20200408,16.6,16.6,16.6,16.6,317
SABEVENTS,20200408,0.45,0.45,0.45,0.45,4000
SABTN,20200408,1.25,1.35,1.15,1.3,11350
SADBHAV,20200408,24.8,24.8,23.55,23.9,491337
SADBHIN,20200408,12.25,12.25,11.35,11.35,62595
SAFARI,20200408,410,449,386.15,402.05,2747
SAGARDEEP,20200408,62.5,62.5,56.6,62.4,152
SAGCEM,20200408,289.55,300,289.55,294.6,1629
SAIL,20200408,24,27.55,23.7,25.35,53476363
SAKAR,20200408,50,52.5,48.45,52.45,832
SAKHTISUG,20200408,12.4,12.4,12.35,12.4,123704
SAKSOFT,20200408,133,138,128.6,130.15,2609
SAKUMA,20200408,4.45,5.2,4.1,5.2,292862
SALASAR,20200408,80,81.95,77.9,79.75,1911
SALSTEEL,20200408,1.75,1.8,1.7,1.8,11654
SALZERELEC,20200408,62.9,64.9,62.05,64.75,5886
SAMBHAAV,20200408,1.3,1.5,1.3,1.45,15972
SANCO,20200408,6.7,6.9,6.6,6.8,4790
SANDESH,20200408,450.3,470,440,450.5,922
SANDHAR,20200408,152.4,152.4,132.25,140.45,25015
SANGAMIND,20200408,39.5,41,39.2,40.7,1173
SANGHIIND,20200408,20.85,21.5,19,20.65,63768
SANGHVIFOR,20200408,13.8,14.25,13.5,13.5,2089
SANGHVIMOV,20200408,45.6,47.85,43.6,47.85,41564
SANGINITA,20200408,60.15,66.45,60.15,64.8,44180
SANOFI,20200408,7144.9,7482,7050,7266.8,63024
SANWARIA,20200408,1.25,1.25,1.25,1.25,317450
SARDAEN,20200408,125.4,132.1,123.05,127,26946
SAREGAMA,20200408,226,273.15,220.55,248.9,10477
SARLAPOLY,20200408,14.8,14.9,13.1,13.75,29437
SASKEN,20200408,371.9,384.4,367.05,371.9,7913
SASTASUNDR,20200408,54,54,51.55,53.9,3033
SATHAISPAT,20200408,1.2,1.3,1.2,1.3,4325
SATIA,20200408,67,73.9,67,70.25,6759
SATIN,20200408,75.25,75.25,69.95,71.6,30583
SBICARD,20200408,584.8,598.4,576,579.5,3091087
SBIETFQLTY,20200408,84,85.95,79.4,84.7,8036
SBILIFE,20200408,741.9,795,721,742.8,1443642
SBIN,20200408,182.9,194.4,180.45,183,80436673
SCAPDVR,20200408,0.2,0.25,0.2,0.2,72435
SCHAEFFLER,20200408,3600,3600,3370,3437.8,3050
SCHAND,20200408,39.1,40,38.2,39.35,24846
SCHNEIDER,20200408,71.5,72.95,68.5,69.05,92206
SCI,20200408,40,43.7,39.5,41.2,4665118
SDBL,20200408,70.5,74,70.5,73.3,5391
SEAMECLTD,20200408,316.9,317.75,291,300.45,1903
SELAN,20200408,78,79.5,76.85,78.1,18874
SEPOWER,20200408,1.85,2,1.6,1.9,26072
SEQUENT,20200408,75.1,81,75.1,77.95,416404
SESHAPAPER,20200408,118.25,140,117,134.3,243869
SETCO,20200408,6.2,6.2,6.2,6.2,13319
SETF10GILT,20200408,229.55,229.55,190.59,204.99,1259
SETFGOLD,20200408,4249.1,4380,4200,4330.8,5224
SETFNIF50,20200408,90.65,93.5,89.1,90.32,714623
SETFNIFBK,20200408,191.2,204,186,190.94,153195
SETFNN50,20200408,233.04,248,212.1,233.17,12953
SETUINFRA,20200408,0.6,0.6,0.55,0.6,121919
SEYAIND,20200408,40.65,44,40.65,42.75,17935
SFL,20200408,1248,1258.55,1235,1249.9,10913
SGL,20200408,6.05,6.05,5.65,5.95,8428
SHAHALLOYS,20200408,5.25,5.25,4.75,5,1263
SHAKTIPUMP,20200408,118.9,121,116.1,118.4,34075
SHALBY,20200408,50.7,52.25,50,52.25,81954
SHALPAINTS,20200408,50.95,53.3,50.85,51.5,35794
SHANKARA,20200408,244,244,244,244,5319
SHANTIGEAR,20200408,67.4,78.85,67,69.8,12111
SHARDACROP,20200408,124.9,127.1,117.2,127.1,20791
SHARDAMOTR,20200408,610,655,610,621.2,401
SHARIABEES,20200408,246.5,247.89,230.01,240,86
SHEMAROO,20200408,53.65,56.3,52.05,56.2,9893
SHIL,20200408,66.4,68.55,57.65,68.55,19037
SHILPAMED,20200408,297.25,297.25,297.25,297.25,18673
SHIRPUR-G,20200408,6.9,6.9,6.9,6.9,3120
SHIVAMAUTO,20200408,10.55,11.25,10.35,11.15,139740
SHIVAMILLS,20200408,21,22.5,21,22,5079
SHIVATEX,20200408,92.85,96.8,90.3,92.2,1533
SHK,20200408,74.1,77.5,72.6,75.35,17451
SHOPERSTOP,20200408,194.85,206.75,193.1,197.15,14675
SHREDIGCEM,20200408,23.6,23.9,22.55,22.75,150527
SHREECEM,20200408,16351.15,17031,15918.8,16063.95,122755
SHREEPUSHK,20200408,70.1,74,70,71.1,19075
SHREERAMA,20200408,3.5,3.5,3.2,3.5,10665
SHRENIK,20200408,15.6,15.6,15.25,15.6,2556
SHREYANIND,20200408,67.05,74,67.05,72.1,34615
SHREYAS,20200408,40.9,41.45,39,39.85,45125
SHRIPISTON,20200408,451,459,432.1,459,68
SHRIRAMCIT,20200408,711,768,711,739.8,4220
SHRIRAMEPC,20200408,2.3,2.4,2.3,2.35,61782
SHYAMCENT,20200408,2.3,2.3,2.1,2.3,10821
SHYAMTEL,20200408,5.9,6.2,5.9,5.9,227
SICAGEN,20200408,11,12.3,10.3,12.05,37443
SICAL,20200408,7.6,7.6,7.6,7.6,4251
SIEMENS,20200408,1110.95,1175,1093,1105.75,364654
SIGIND,20200408,18.8,18.8,16.5,17.25,2969
SIL,20200408,9.8,9.8,9.2,9.6,2225
SILINV,20200408,88,95.55,84.1,94.55,4654
SIMBHALS,20200408,5.05,5.05,5.05,5.05,2058
SIMPLEXINF,20200408,20.05,20.05,20.05,20.05,32916
SINTEX,20200408,0.85,0.85,0.75,0.85,4225168
SIRCA,20200408,208,211.95,195,196.55,7292
SIS,20200408,399,409,385,404.2,29320
SITINET,20200408,0.7,0.7,0.6,0.6,1072705
SIYSIL,20200408,139.95,145,135.65,137.25,12393
SJVN,20200408,21,21.45,20.75,21.4,1068249
SKFINDIA,20200408,1376.05,1514,1376.05,1413.85,13411
SKIL,20200408,3.05,3.05,3.05,3.05,997
SKIPPER,20200408,21.05,22.65,20.6,21.55,25687
SKMEGGPROD,20200408,32.35,32.6,31,32.2,41043
SMARTLINK,20200408,60,69,59,69,3709
SMLISUZU,20200408,304,327,304,316.15,19065
SMSLIFE,20200408,199,220.95,190.1,192.7,9735
SMSPHARMA,20200408,33.85,37.05,32,34.15,435592
SNOWMAN,20200408,31.9,32.95,31.05,31.5,347429
SOBHA,20200408,177,183.45,167,167,720252
SOLARA,20200408,519.45,582,518.95,546.45,83723
SOLARINDS,20200408,928.75,928.75,896,899.8,17762
SOMANYCERA,20200408,94,98.1,94,96.1,22455
SOMATEX,20200408,1.85,1.9,1.85,1.9,41
SOMICONVEY,20200408,10.9,11.2,10.85,10.85,1164
SONATSOFTW,20200408,174,183.25,171.15,173.8,100439
SORILINFRA,20200408,39.6,40.15,37.1,40.1,157446
SOTL,20200408,673.05,690.05,654.95,669.65,634
SOUTHBANK,20200408,5.9,6.1,5.8,5.9,9576211
SOUTHWEST,20200408,12.5,12.5,11.75,11.8,4274
SPAL,20200408,72,72.25,67,71.95,4220
SPANDANA,20200408,619,619,573,587.55,68085
SPARC,20200408,116.8,124.35,114,119.55,1356538
SPCENET,20200408,0.85,0.95,0.85,0.9,18490
SPECIALITY,20200408,28.25,28.25,26.25,26.95,63839
SPENCERS,20200408,74.55,77.75,73.7,74.5,743412
SPENTEX,20200408,0.2,0.3,0.2,0.3,22214
SPIC,20200408,12.3,13,12.3,12.4,63192
SPICEJET,20200408,44.55,44.55,44.55,44.55,463876
SPLIL,20200408,21.3,22.5,20.6,21.3,18775
SPMLINFRA,20200408,5.5,5.95,5.5,5.95,2148
SPTL,20200408,0.85,0.85,0.8,0.85,1346644
SPYL,20200408,0.25,0.25,0.2,0.2,153026
SREEL,20200408,126,126.9,122,123.35,2143
SREINFRA,20200408,3.95,4,3.85,3.9,874144
SRF,20200408,2870,3122.95,2812.3,2996.75,511257
SRHHYPOLTD,20200408,94,96.9,91,92.65,16994
SRIPIPES,20200408,123.5,132,120.55,129.65,149663
SRTRANSFIN,20200408,525,609,513.2,595.45,5213667
SSWL,20200408,365,384.9,352.55,381.85,1877
STAMPEDE,20200408,0.3,0.4,0.3,0.35,86159
STAR,20200408,320,342.6,319.15,324.1,636892
STARCEMENT,20200408,69.55,72.25,67.5,68.3,25981
STARPAPER,20200408,78.8,85.45,77,85.45,322104
STCINDIA,20200408,31.7,33,31.7,32.45,26042
STEELCITY,20200408,18.05,19.5,18.05,18.95,11775
STEELXIND,20200408,12.35,12.9,12.35,12.45,5419
STEL,20200408,48.35,48.35,40.9,42.75,4285
STERTOOLS,20200408,126.05,130,123.85,125.8,20558
STRTECH,20200408,67,69.35,65.45,66.5,2030409
SUBEX,20200408,3.9,4.05,3.75,4,1252382
SUBROS,20200408,129.4,144.35,128.3,139.6,214330
SUDARSCHEM,20200408,375,410,374,383.7,221404
SUJANAUNI,20200408,0.2,0.2,0.15,0.15,141623
SUMEETINDS,20200408,1.4,1.4,1.3,1.35,26269
SUMICHEM,20200408,209,233,204,219.4,541973
SUMIT,20200408,14.5,14.5,13.8,13.8,107
SUMMITSEC,20200408,300,313,293.55,294.55,1680
SUNCLAYLTD,20200408,1479.95,1510,1475.05,1490.8,856
SUNDARAM,20200408,1.25,1.25,1.15,1.2,87541
SUNDARMFIN,20200408,1222.1,1233.7,1188.2,1200.35,52500
SUNDARMHLD,20200408,44.15,45.25,43.05,43.65,30797
SUNDRMBRAK,20200408,185,185,161.5,166.35,1858
SUNDRMFAST,20200408,251,263.9,250.8,256.4,262298
SUNFLAG,20200408,24.3,27.5,23.85,25.1,206890
SUNPHARMA,20200408,419,448.75,413.15,436.7,27810987
SUNTECK,20200408,202,206.1,196,202.35,128960
SUNTV,20200408,295.25,325,288.05,323.05,3770538
SUPERHOUSE,20200408,64,64,60.1,60.6,9601
SUPERSPIN,20200408,2.1,2.2,2.05,2.15,31156
SUPPETRO,20200408,132.6,136,132.55,135.25,8848
SUPRAJIT,20200408,125.5,129.9,121.05,122.35,103513
SUPREMEIND,20200408,825,870,815,858.75,62366
SURANASOL,20200408,5.8,5.8,5.35,5.6,11666
SURANAT&P,20200408,2.75,3,2.65,2.75,2434
SURYALAXMI,20200408,14.2,15.25,14,14.55,1079
SURYAROSNI,20200408,76.35,76.35,76.35,76.35,11263
SUTLEJTEX,20200408,21.2,23,20.6,21.75,15077
SUVEN,20200408,23.5,23.5,23.5,23.5,141751
SUVENPHAR,20200408,297,311.45,275,282.85,207984
SUZLON,20200408,2.3,2.3,2.3,2.3,1243218
SWANENERGY,20200408,102,103.5,100,100.1,38247
SWARAJENG,20200408,943,943,900,905.15,5996
SWELECTES,20200408,91,91,80.5,83.55,4077
SWSOLAR,20200408,92.6,92.6,91.5,92.6,767043
SYMPHONY,20200408,836.5,886.8,821.1,870.8,30978
SYNCOM,20200408,0.65,0.65,0.65,0.65,1001
SYNGENE,20200408,273.1,308.65,262.55,271.1,328935
TAINWALCHM,20200408,43.5,43.5,38.7,40.05,2409
TAJGVK,20200408,107.75,114.7,104.45,108.95,88711
TAKE,20200408,43.25,43.25,43.25,43.25,21893
TALBROAUTO,20200408,74,80.95,74,75.15,12914
TANLA,20200408,52.45,52.45,49,49.65,119102
TARMAT,20200408,22,23,21.65,22,3846
TASTYBITE,20200408,9229.95,9325,8823.65,9255.55,652
TATACHEM,20200408,227,239.9,225.55,228.6,1510243
TATACOFFEE,20200408,58.5,61.65,57.5,59.8,463339
TATACOMM,20200408,236.95,277.6,231.2,262.8,9163665
TATACONSUM,20200408,282.7,296,276.7,294.4,5331494
TATAELXSI,20200408,636,658,625.7,637.55,312310
TATAINVEST,20200408,667.95,674.5,649.05,665.3,8787
TATAMETALI,20200408,359,365.95,350.9,359.8,15543
TATAMOTORS,20200408,66.5,71.6,65.4,67.6,82182403
TATAMTRDVR,20200408,30.25,31.7,29.85,30.25,4398807
TATAPOWER,20200408,33.65,36.45,32.95,35.65,13337228
TATASTEEL,20200408,271,292.9,266.65,274.75,20435156
TATASTLBSL,20200408,16.95,18.15,16.7,17,1366826
TATASTLLP,20200408,199,219.7,194,217.7,63452
TBZ,20200408,22.85,27.7,21.65,22.85,177224
TCI,20200408,175.1,179,171.9,173.05,27521
TCIDEVELOP,20200408,219.05,233.95,217,218.35,1858
TCIEXP,20200408,524.75,543,495.4,538.2,47081
TCIFINANCE,20200408,4.25,4.5,4.25,4.3,2934
TCNSBRANDS,20200408,348.95,369.95,340,345.35,3596
TCPLPACK,20200408,168,177.95,165,167.9,1412
TCS,20200408,1760,1806,1701,1705.45,6285616
TDPOWERSYS,20200408,83.25,89.85,83.25,89,20299
TEAMLEASE,20200408,1554.95,1639.05,1520.1,1539.5,5294
TECHIN,20200408,2,2,1.9,1.9,1631
TECHM,20200408,539.95,569.8,537,558.9,4113059
TECHNOE,20200408,229,229,215.2,220,2816
TECHNOFAB,20200408,4.75,4.85,4.75,4.75,7619
TEJASNET,20200408,34.8,34.8,32.1,33.4,80759
TERASOFT,20200408,14,15.15,13.05,13.9,18992
TEXINFRA,20200408,34.9,35.7,30.6,32.35,27795
TEXMOPIPES,20200408,9.4,10.2,9,10,45185
TEXRAIL,20200408,21,23.9,20.95,23.05,266692
TFCILTD,20200408,35.7,38.1,35.6,37.35,1491590
TFL,20200408,2.15,2.3,2.15,2.25,1000
TGBHOTELS,20200408,2.3,2.3,2.3,2.3,1448
THANGAMAYL,20200408,231,253,231,249.75,5758
THEINVEST,20200408,87.65,87.65,79.45,85.2,2923
THEMISMED,20200408,261,261.9,260.5,261.9,319
THERMAX,20200408,740,740,704.85,711.4,21257
THOMASCOOK,20200408,28.75,28.75,28.75,28.75,62614
THYROCARE,20200408,544,582.7,535.1,553.85,401034
TI,20200408,14.6,15,14.35,14.55,79801
TIDEWATER,20200408,3239.95,3370,3186,3213.8,2468
TIIL,20200408,173,184,172.95,176.55,5538
TIINDIA,20200408,283,312,280,302.45,161245
TIJARIA,20200408,4.3,4.3,3.9,4.3,38795
TIL,20200408,110.15,115,106.55,109.4,3448
TIMESGTY,20200408,15.4,15.4,14.9,14.9,200
TIMETECHNO,20200408,25.5,27.85,25.4,27.8,410180
TIMKEN,20200408,802.6,858,791.3,808,32055
TINPLATE,20200408,81.85,85,79.6,80.3,305816
TIPSINDLTD,20200408,77.45,84.85,77.45,77.45,12146
TIRUMALCHM,20200408,43.9,45.35,43.2,44.2,470563
TITAN,20200408,935,966.4,893.4,913.45,5506041
TMRVL,20200408,7.1,7.1,7.1,7.1,12425
TNPETRO,20200408,26.9,29.35,25.1,27.45,125155
TNPL,20200408,94.95,98.8,90,93.75,981340
TOKYOPLAST,20200408,55.1,57.65,55.1,56.45,1777
TORNTPHARM,20200408,2380,2644.9,2360,2537.35,2038810
TORNTPOWER,20200408,295,306.5,286.35,291.85,760201
TOUCHWOOD,20200408,54.85,54.85,47.2,48.55,10227
TPLPLASTEH,20200408,71.95,71.95,63.95,66.2,7092
TREEHOUSE,20200408,3.8,3.8,3.8,3.8,11961
TREJHARA,20200408,6.5,6.5,5.95,6.45,3874
TRENT,20200408,458,482,452.5,462.6,245975
TRF,20200408,53.95,58.1,52.15,55.2,23871
TRIDENT,20200408,4.25,4.4,4.2,4.25,5065172
TRIGYN,20200408,23.7,24.6,23.2,23.65,13239
TRIL,20200408,6.4,6.95,5.9,6.3,84028
TRITURBINE,20200408,59.7,63.25,57.8,63.2,24306
TRIVENI,20200408,41.5,43.5,40.4,40.8,650883
TTKHLTCARE,20200408,401,412,376.05,396.5,5293
TTKPRESTIG,20200408,4780,4990,4705.05,4771.5,3255
TTL,20200408,27.05,28.25,26.75,26.9,12888
TTML,20200408,1.95,1.95,1.9,1.95,219700
TV18BRDCST,20200408,15.25,15.75,15,15.4,2453174
TVSELECT,20200408,64.35,64.35,64.35,64.35,5391
TVSMOTOR,20200408,261.1,288,261,285.9,6025235
TVSSRICHAK,20200408,947.85,947.85,925,939.75,4171
TVTODAY,20200408,182.75,188.45,175.55,185.25,27584
TVVISION,20200408,1.1,1.1,1.1,1.1,4527
TWL,20200408,29.35,31.9,28.85,31.25,606408
UBL,20200408,921.9,931,897.15,917.25,504423
UCALFUEL,20200408,74,79.8,74,78.4,11662
UCOBANK,20200408,9.15,9.4,8.9,9.05,710391
UFLEX,20200408,153.9,161.4,150.75,157.2,82707
UFO,20200408,79.5,79.5,74,74.5,128036
UGARSUGAR,20200408,11.55,12.35,11.5,12.15,98406
UJAAS,20200408,2.6,2.6,2.55,2.6,89009
UJJIVAN,20200408,143.25,154.8,139.1,143.55,3791134
UJJIVANSFB,20200408,28.15,29.45,27.05,28.4,953535
ULTRACEMCO,20200408,3241,3384.85,3197.25,3256.45,647503
UMANGDAIRY,20200408,36,38,34,36.4,21185
UMESLTD,20200408,0.9,0.9,0.9,0.9,1
UNICHEMLAB,20200408,140.9,151.7,140.9,149.8,97503
UNIENTER,20200408,40,43.2,40,42.45,10612
UNIONBANK,20200408,28.8,30.4,28.55,29,2628815
UNIPLY,20200408,5.25,5.25,5.1,5.25,52375
UNITEDTEA,20200408,212.3,214.9,181.05,207.05,892
UNIVCABLES,20200408,85,89,82.95,85.55,18289
UNIVPHOTO,20200408,57.65,57.95,57.65,57.95,585
UPL,20200408,320,337.5,316.45,320.2,4632236
URJA,20200408,1.1,1.1,1.05,1.1,1086962
USHAMART,20200408,15.85,16.6,15.85,15.9,119970
UTINEXT50,20200408,230,249.99,230,232.62,298
UTINIFTETF,20200408,977,984.5,913.65,936.5,7265
UTISENSETF,20200408,350.02,350.02,350,350,531
UTISXN50,20200408,260,260,246.1,246.88,42
UTTAMSTL,20200408,5.2,5.25,4.9,5.25,262800
UTTAMSUGAR,20200408,62.5,62.5,62.5,62.5,12295
UVSL,20200408,0.1,0.1,0.05,0.1,6002207
V2RETAIL,20200408,62.55,62.55,62.55,62.55,4109
VADILALIND,20200408,547,556.9,470.1,542.85,9172
VAIBHAVGBL,20200408,831.2,859,820,852.25,7233
VAISHALI,20200408,40,41.6,37.5,39.4,10821
VAKRANGEE,20200408,19.85,19.85,19.85,19.85,791744
VARDHACRLC,20200408,29.3,29.4,27.3,27.6,16246
VARDMNPOLY,20200408,3.25,3.25,3.2,3.2,1916
VARROC,20200408,127.25,135.55,125,126.7,192584
VASCONEQ,20200408,8.75,9,8.3,8.55,166912
VASWANI,20200408,2.95,3.05,2.95,2.95,722
VBL,20200408,544.7,547.2,525,542.95,222743
VEDL,20200408,65.95,73.4,65,70.3,49394737
VENKEYS,20200408,859,895.9,854,895.9,107870
VENUSREM,20200408,26.15,26.15,26.15,26.15,7451
VESUVIUS,20200408,824.05,899,824,892.35,1991
VETO,20200408,28,29.95,27.8,29.15,5878
VGUARD,20200408,157.5,164.8,156,161.5,371661
VHL,20200408,950,1043.95,950,999.45,422
VICEROY,20200408,0.9,0.95,0.9,0.95,27309
VIDHIING,20200408,53.45,56.4,51.7,52.6,5709
VIJIFIN,20200408,0.25,0.25,0.2,0.25,95227
VIKASECO,20200408,1.05,1.05,1.05,1.05,365048
VIKASMCORP,20200408,1,1,1,1,138429
VIKASPROP,20200408,6.45,6.45,6.45,6.45,28936
VIKASWSP,20200408,4.25,4.5,4.15,4.4,380052
VIMTALABS,20200408,68.75,75.8,68,70.9,104926
VINATIORGA,20200408,791,818,779.75,794.65,85935
VINDHYATEL,20200408,419.9,449.9,416.1,429.65,18621
VINYLINDIA,20200408,43.2,49.75,43.2,47.5,16790
VIPCLOTHNG,20200408,4.9,4.9,4.9,4.9,23439
VIPIND,20200408,239,259,233.35,250.3,514115
VIPULLTD,20200408,14.2,14.35,14,14,6747
VISAKAIND,20200408,129.05,135.1,129.05,133.5,31112
VISASTEEL,20200408,3.25,3.25,2.75,3.2,16240
VISHAL,20200408,191.25,191.4,191.25,191.4,500
VISHNU,20200408,104.8,110.6,103,110.35,56298
VISHWARAJ,20200408,64.8,65.5,62.55,64.85,2440
VIVIDHA,20200408,0.2,0.25,0.2,0.25,656138
VIVIMEDLAB,20200408,9.9,11,9.8,11,740591
VLSFINANCE,20200408,35.2,36.75,35,35.1,8436
VMART,20200408,1658,1747,1551.1,1587.75,64912
VOLTAMP,20200408,888,906.15,870.6,876.7,5377
VOLTAS,20200408,481,522.9,476,482.7,2355745
VRLLOG,20200408,150,159.7,149.95,156.15,47544
VSSL,20200408,42.9,44.8,42.55,43.95,6984
VSTIND,20200408,2810,2908.3,2712,2736.45,12287
VSTTILLERS,20200408,645,690,635.1,650.2,14667
VTL,20200408,664.95,695,625,648.25,4657
WABAG,20200408,79.5,81.7,79,81.7,156892
WABCOINDIA,20200408,6228,6290,6200,6254.8,7668
WALCHANNAG,20200408,29,31.65,28.25,30,159353
WANBURY,20200408,20.05,20.05,20.05,20.05,1354
WATERBASE,20200408,90.4,97.25,88.05,95.6,1444902
WEBELSOLAR,20200408,13.7,13.7,13.7,13.7,6518
WEIZMANIND,20200408,28.55,28.55,28.55,28.55,782
WELCORP,20200408,65.15,68.2,63.7,64.95,952268
WELENT,20200408,46.7,46.75,44.5,46.75,39349
WELSPUNIND,20200408,22.05,24.2,22.05,23.6,993751
WENDT,20200408,1871.95,1944.9,1866,1897.7,200
WESTLIFE,20200408,389.85,389.85,302.1,325.9,271327
WHEELS,20200408,329.75,338.4,321.85,325.8,2265
WHIRLPOOL,20200408,1828,1862.85,1800.95,1815.75,26715
WILLAMAGOR,20200408,10,10,9.3,9.8,2813
WINDMACHIN,20200408,11.25,11.25,11.25,11.25,5748
WIPRO,20200408,191.5,200,188.8,192.9,5137654
WOCKPHARMA,20200408,204,222.85,203,221.3,1093448
WONDERLA,20200408,134.8,135.5,131.25,132.3,48675
WSTCSTPAPR,20200408,144.5,144.55,138.35,142.35,180346
XCHANGING,20200408,34.35,34.35,31.3,33.3,11874
XELPMOC,20200408,45.55,47.75,41.5,43.55,979
XPROINDIA,20200408,15.5,15.5,14.75,15.5,612
YESBANK,20200408,24.5,25.5,23.3,24.75,37250348
ZEEL,20200408,138,148.15,135.25,143.15,10046602
ZEELEARN,20200408,12,12.4,11.85,11.95,203401
ZEEMEDIA,20200408,4.25,4.25,4.2,4.25,881970
ZENITHBIR,20200408,0.4,0.4,0.35,0.35,980
ZENITHEXPO,20200408,35.6,35.6,34.1,34.75,516
ZENSARTECH,20200408,95,95,87.6,89.85,38211
ZENTEC,20200408,28.45,28.9,26.65,27.7,80432
ZICOM,20200408,0.9,0.95,0.9,0.95,51830
ZODIACLOTH,20200408,99.65,103,97.25,101.6,873
ZODJRDMKJ,20200408,21.3,21.3,16.8,20.75,8376
ZOTA,20200408,153,159.2,142.45,145.3,15855
ZUARI,20200408,64.1,74,64.1,67.8,45730
ZUARIGLOB,20200408,25.45,29.7,25.45,28.8,47190
ZYDUSWELL,20200408,1378,1580.7,1352.15,1441.55,210002
NSENIFTY,20200408,8688.90,9131.70,8653.90,8748.75,897562690,0
NIFTYJUNIOR,20200408,21675.50,22700.45,21565.95,22139.65,549904885,0
NIFTYMIDCAPLIQ15,20200408,2732.70,2893.70,2702.95,2791.70,123478668,0
NSE100,20200408,8842.60,9288.35,8806.85,8921.30,1451866382,0
NIFTY200,20200408,4492.00,4719.10,4472.65,4537.55,1946236275,0
NSE500,20200408,7090.40,7435.50,7061.35,7161.45,2175036885,0
NSEMIDCAP150,20200408,4557.60,4762.40,4528.80,4637.10,506885256,0
MIDCAP50,20200408,3208.70,3416.40,3178.90,3287.80,456212711,0
NSEMIDCAP,20200408,11893.40,12510.30,11799.20,12143.55,494369893,0
NSESMLCAP100,20200408,3629.80,3767.90,3611.40,3679.45,-,0
NIFTYLARGEMIDCAP250,20200408,-,-,-,4419.82,1958751638,0
NIFTYAUTO,20200408,4833.00,5257.00,4830.40,5043.60,219644053,0
BANKNIFTY,20200408,18799.40,20324.10,18482.90,18946.45,508444556,0
NIFTYFINSERVICE,20200408,9152.60,9814.30,9084.40,9243.45,347658511,0
NIFTYFMGC,20200408,28600.25,29817.60,28397.35,28839.90,75200365,0
NSEIT,20200408,12468.60,12897.50,12437.75,12491.55,40359706,0
NIFTYMEDIA,20200408,1033.15,1096.90,1026.20,1064.25,24611378,0
NIFTYMETAL,20200408,1613.40,1726.40,1597.05,1624.85,254788623,0
NIFTYPHARMA,20200408,8122.90,8564.85,8056.30,8412.20,127307172,0
NIFTYPVTBANK,20200408,10042.45,10909.45,9857.65,10158.40,372426487,0
NIFTYPSUBANK,20200408,1250.40,1325.15,1238.30,1261.25,155444632,0
NIFTYREALTY,20200408,180.35,188.55,178.85,180.50,15604004,0
NIFTYCOMMODITIES,20200408,2341.65,2444.15,2316.90,2355.90,429525728,0
NIFTYCONSUMPTION,20200408,4233.10,4437.35,4217.45,4286.45,147800997,0
NIFTYCPSE,20200408,1320.70,1361.85,1302.45,1331.15,133217225,0
NIFTYENERGY,20200408,11566.75,11990.55,11427.90,11685.15,180569917,0
NIFTY100ESG,20200408,-,-,-,1692.94,1193243970,0
NIFTY100ENHESG,20200408,-,-,-,1702.93,1115620024,0
NIFTYINFRA,20200408,2428.85,2513.65,2405.35,2439.40,334813933,0
NIFTYMNC,20200408,11388.45,11933.15,11345.15,11592.35,307064590,0
NIFTYPSE,20200408,2251.45,2329.00,2223.85,2262.55,298002728,0
NIFTYSMEEMERGE,20200408,-,-,-,1076.02,365350,0
NIFTYSERVSECTOR,20200408,11713.80,12393.75,11668.40,11785.60,634650934,0
NIFTYSHARIAH25,20200408,-,-,-,3778.87,189388340,0
NIFTY50SHARIAH,20200408,-,-,-,2177.36,171407746,0
NIFTY500SHARIAH,20200408,-,-,-,2525.78,498858477,0
NIFTYABGROUP,20200408,-,-,-,1977.31,168883875,0
NIFTYMAHINDRA,20200408,-,-,-,6332.75,22947246,0
NIFTYTATA,20200408,-,-,-,5249.45,146459337,0
NIFTYTATA25CAP,20200408,-,-,-,3402.95,140294483,0
NIFTYABGROUP,20200408,-,-,-,1977.31,168883875,0
NIFTYLIQ15,20200408,2151.75,2299.15,2134.00,2196.10,510429609,0
NIFTY500VALUE50,20200408,-,-,-,2399.51,460541556,0
NIFTYALPHALOWVOL30,20200408,-,-,-,9872.80,365447358,0
NIFTYQUALLOWVOL30,20200408,-,-,-,7179.29,169254864,0
NIFTYALPHAQUALLOWVOL30,20200408,-,-,-,8240.22,210122436,0
NIFTYALPHAQUALVALLOWVOL30,20200408,-,-,-,6252.67,266912955,0
NIFTY50EQUALWEIGHT,20200408,8818.05,9270.60,8773.75,8929.90,897562690,0
NIFTY100EQUALWEIGHT,20200408,9681.95,10148.60,9631.60,9825.85,1451866382,0
NIFTY100LOWVOL30,20200408,7204.15,7536.80,7191.85,7292.65,265968186,0
NSEDEFTY,20200408,-,-,-,3971.24,-,0
NIFTY50DIVPOINT,20200408,0.00,0.00,0.00,0.00,-,0
NIFTYDIVOPPS50,20200408,1976.05,2048.35,1967.30,1993.55,413596252,0
NIFTYALPHA50,20200408,10482.90,10963.75,10426.30,10641.00,276848231,0
NIFTY50ARBITRAGE,20200408,-,-,-,1906.89,-,0
NIFTY50FUTINDEX,20200408,-,-,-,2916.19,-,0
NIFTY50FUTTRINDEX,20200408,-,-,-,8876.17,-,0
NIFTYHIGHBETA50,20200408,-,-,-,758.34,1136557943,0
NIFTYLOWVOL50,20200408,-,-,-,9090.14,287452898,0
NIFTY50VALUE20,20200408,4478.90,4636.75,4465.55,4493.50,325314927,0
NIFTYGROWSECT15,20200408,4584.50,4856.50,4566.75,4663.15,239451702,0
NIFTY50TR2XLEV,20200408,3237.85,3570.95,3214.80,3283.00,-,0
NIFTY50PR2XLEV,20200408,2473.50,2727.95,2455.90,2508.00,-,0
NIFTY50TR1XINV,20200408,445.85,447.35,423.70,442.85,-,0
NIFTY50PR1XINV,20200408,509.75,511.50,484.45,506.30,-,0
NIFTY-GS-COMPSITE,20200408,2116.57,2117.12,2112.30,2112.95,-,0
NIFTY-GS-4-8YR,20200408,2203.51,2203.51,2197.40,2199.28,-,0
NIFTY-GS-8-13YR,20200408,2081.47,2082.32,2077.88,2072.90,-,0
NIFTY-GS-10YR,20200408,1918.32,1920.13,1912.67,1914.78,-,0
NIFTY-GS-10YR-CLN,20200408,953.28,954.19,950.48,951.53,-,0
NIFTY-GS-11-15YR,20200408,2228.27,2228.27,2222.67,2210.87,-,0
NIFTY-GS-15YRPLUS,20200408,2442.78,2444.44,2442.78,2435.97,-,0
VIX,20200408,51.80,53.73,46.98,52.24,0,0
