20MICRONS,20200219,33.3,34.1,32.65,32.9,20318
21STCENMGM,20200219,12.65,12.85,12.4,12.85,2062
3IINFOTECH,20200219,2.05,2.1,2,2,785575
3MINDIA,20200219,22100,22299.9,21740.1,21821,3241
3PLAND,20200219,4.75,4.95,4.75,4.95,70
5PAISA,20200219,192.95,192.95,183.3,185.75,9315
63MOONS,20200219,102.55,104.1,101.6,101.8,101609
A2ZINFRA,20200219,4.9,5.3,4.8,4.85,255802
AARTIDRUGS,20200219,637.7,660,635.1,643.6,30432
AARTIIND,20200219,995,1008,987.3,995.7,237913
AARVEEDEN,20200219,15,15,12.7,13.25,5050
AAVAS,20200219,1940.1,1994.4,1905.5,1961.2,63913
ABAN,20200219,21.95,22.6,21.75,22.15,46531
ABB,20200219,1210,1229,1202,1209.75,40075
ABBOTINDIA,20200219,15668.65,16190,15668.65,15722.4,15038
ABCAPITAL,20200219,88.1,90.2,88.1,89.1,1402703
ABFRL,20200219,263.5,275,262.1,274.2,1154122
ABSLBANETF,20200219,306.4,306.4,306.4,306.4,9
ABSLNN50ET,20200219,285.34,285.34,285.34,285.34,1
ACC,20200219,1430.05,1443.5,1422.6,1433.55,426086
ACCELYA,20200219,1051.7,1091.7,1040.1,1062.05,11430
ACE,20200219,76.4,78.25,76.05,76.8,59389
ADANIENT,20200219,250,255.5,249.9,254,2101729
ADANIGAS,20200219,165.45,166.4,164,164.35,303346
ADANIGREEN,20200219,191.9,198.7,191.75,197.85,2501070
ADANIPORTS,20200219,371,374.45,367.35,371.3,2057811
ADANIPOWER,20200219,57.25,59.1,56.45,58.45,7146637
ADANITRANS,20200219,305.3,314.3,305.3,310.45,168739
ADFFOODS,20200219,296.65,303,295.6,296.65,23741
ADHUNIKIND,20200219,37.15,37.25,35.3,37.15,182689
ADLABS,20200219,3.55,3.55,3.25,3.55,27266
ADORWELD,20200219,312.45,322.5,309.8,317.35,8163
ADROITINFO,20200219,5.25,5.75,5.25,5.55,1106
ADSL,20200219,19.6,21,19.6,20.05,25864
ADVANIHOTR,20200219,56.4,57,56.25,56.55,1194
ADVENZYMES,20200219,160.5,165.4,160.5,162.3,45302
AEGISCHEM,20200219,257.7,267.05,251,254.95,631327
AFFLE,20200219,2068.9,2296.85,2066,2268.45,570157
AGARIND,20200219,78.1,84.9,77.5,81.3,9436
AGCNET,20200219,367,375.65,367,375.65,10187
AGRITECH,20200219,41.55,42.45,40.7,41.65,7331
AGROPHOS,20200219,11.75,11.75,11.75,11.75,2196
AHLEAST,20200219,173.6,190.05,173.6,186.35,407
AHLUCONT,20200219,321.05,332,321,329.95,1923
AHLWEST,20200219,370,377.8,369.5,372.75,1718
AIAENG,20200219,1815.1,1844.4,1780.5,1817.6,11825
AIONJSW,20200219,15.65,16.25,15.3,15.5,57974
AIRAN,20200219,12.7,12.8,11.2,12.3,31023
AJANTPHARM,20200219,1317.55,1355.35,1302.2,1314.1,150983
AJMERA,20200219,113.8,115.75,113.1,114.65,24896
AKSHARCHEM,20200219,322,337.95,321.05,328.4,42429
AKSHOPTFBR,20200219,5.85,6.05,5.6,6,342315
AKZOINDIA,20200219,2340,2499.9,2340,2465.15,40589
ALANKIT,20200219,15.75,15.75,14.1,15.1,236926
ALBERTDAVD,20200219,459,461,429.1,443.8,27607
ALBK,20200219,14.05,14.25,13.95,14.1,870824
ALCHEM,20200219,1.05,1.05,1.05,1.05,10565
ALEMBICLTD,20200219,49.3,51.8,49.3,51.15,130044
ALICON,20200219,363.7,369.95,355,359.95,2977
ALKALI,20200219,45,47,44.1,45.3,5864
ALKEM,20200219,2655.6,2716.9,2610,2623.8,141279
ALKYLAMINE,20200219,1560,1599.9,1552,1590.95,37545
ALLCARGO,20200219,109.95,114.3,109.75,112.45,250596
ALLSEC,20200219,264.7,269.4,261,268.05,444
ALMONDZ,20200219,17.45,17.45,16.5,17.05,1556
ALOKINDS,20200219,17.7,17.7,16.85,16.85,1710857
ALPA,20200219,19.4,20.2,19.4,19.8,35138
ALPHAGEO,20200219,231.3,237.7,225,227.05,21093
ALPSINDUS,20200219,0.95,1,0.95,0.95,1940
AMARAJABAT,20200219,782.9,789.7,774,784.8,500590
AMBER,20200219,1565,1651.5,1565,1639,88013
AMBIKCO,20200219,818.25,822,792.6,814.35,6043
AMBUJACEM,20200219,202.25,206.4,201.7,205.8,1630613
AMDIND,20200219,15,16,15,15.4,930
AMJLAND,20200219,20.05,20.45,19.7,20.2,9706
AMRUTANJAN,20200219,491.05,524.75,491.05,506.4,91297
ANANTRAJ,20200219,32.1,32.7,31.65,32.35,84759
ANDHRABANK,20200219,14.85,15,14.85,14.95,232689
ANDHRACEMT,20200219,2.15,2.2,2.1,2.15,27793
ANDHRSUGAR,20200219,283.45,285,274,276.1,37162
ANDPAPER,20200219,272.95,279.95,268.5,274,2556
ANIKINDS,20200219,8.7,8.7,8.35,8.35,3511
ANKITMETAL,20200219,0.45,0.45,0.45,0.45,30054
ANSALAPI,20200219,5.15,5.35,5,5.2,35760
ANSALHSG,20200219,4.8,4.9,4.65,4.75,8554
ANTGRAPHIC,20200219,0.6,0.65,0.6,0.65,1213
ANUP,20200219,563,578,563,571.45,5155
APARINDS,20200219,390.25,394.45,388,390.45,6251
APCL,20200219,149.3,157,149.3,151.7,2774
APCOTEXIND,20200219,141.2,146.1,141.15,145,32540
APEX,20200219,365.3,366.45,351,354.3,204598
APLAPOLLO,20200219,2020,2165.55,2020,2097.8,95226
APLLTD,20200219,650,683.7,640.25,674.6,481687
APOLLO,20200219,78,78,75.15,75.65,20445
APOLLOHOSP,20200219,1774.9,1792.6,1750.7,1780.5,1029649
APOLLOPIPE,20200219,435,453.65,431,446.3,12392
APOLLOTYRE,20200219,152.1,153.15,150.35,150.8,3867262
APOLSINHOT,20200219,656,685,606.4,614.9,2329
APTECHT,20200219,146.8,148.5,143.75,144.5,204998
ARCHIDPLY,20200219,21,21,19.95,20.1,14398
ARCHIES,20200219,15.95,15.95,14.95,15,71304
ARCOTECH,20200219,1.4,1.45,1.4,1.4,19047
ARENTERP,20200219,12.9,12.9,12.3,12.9,278
ARIES,20200219,64.35,64.35,62.05,63.2,21578
ARIHANT,20200219,18.5,20.45,18.2,18.8,2015
ARIHANTSUP,20200219,28.35,28.35,25.8,28.1,361
ARMANFIN,20200219,970,980,942.25,971.55,11484
AROGRANITE,20200219,31.8,33.6,31.8,32.6,4630
ARROWGREEN,20200219,41.15,43.55,39.5,42.1,4743
ARSHIYA,20200219,15.95,16.05,15.35,15.45,24821
ARSSINFRA,20200219,13.95,16.7,13.8,16.1,358007
ARTEMISMED,20200219,210.8,221,204.45,217.55,1454
ARVIND,20200219,38.4,39.6,38.35,39.3,635759
ARVINDFASN,20200219,377.75,388.8,375.4,384.95,210452
ARVSMART,20200219,85.1,88.95,85.1,86.4,12924
ASAHIINDIA,20200219,244.55,252,241.65,250.95,185650
ASAHISONG,20200219,129,136.7,129,131.65,35355
ASAL,20200219,23.3,23.85,21.85,23,38989
ASALCBR,20200219,264.95,269.45,260.45,261.95,33961
ASHAPURMIN,20200219,38.55,41.4,38.35,39.2,229359
ASHIANA,20200219,106,106.65,104.3,105.05,54617
ASHIMASYN,20200219,6.3,6.6,6.3,6.35,14672
ASHOKA,20200219,98,99.3,97.6,97.85,824261
ASHOKLEY,20200219,80.45,81.75,79.75,81.25,17146555
ASIANHOTNR,20200219,80,84.8,66.25,73.85,16072
ASIANPAINT,20200219,1870.1,1892.75,1851.35,1884.9,723351
ASIANTILES,20200219,240.8,253.4,240.75,251.65,235544
ASPINWALL,20200219,140,140,135.75,138.2,400
ASTEC,20200219,469.05,479,463.5,475.1,5412
ASTERDM,20200219,168.6,171.35,166.45,168.3,90568
ASTRAL,20200219,1177.55,1199,1173.65,1195.65,67266
ASTRAMICRO,20200219,94.95,96,93.05,94.85,665925
ASTRAZEN,20200219,2745.35,2899,2745.35,2847.55,29222
ASTRON,20200219,37,38.75,37,38.6,26886
ATFL,20200219,706.9,706.9,676,690.1,9571
ATLANTA,20200219,5.65,5.65,5.4,5.45,5235
ATLASCYCLE,20200219,49,50,47.65,48,987
ATUL,20200219,4976.6,5020,4958.75,4971.6,10187
ATULAUTO,20200219,240.1,245.5,238.7,243.95,62069
AUBANK,20200219,1157.1,1204,1151.6,1165.7,1268368
AURIONPRO,20200219,43.2,45.1,39.3,43.5,152102
AUROPHARMA,20200219,550.4,607.7,550.4,601.85,28738121
AUSOMENT,20200219,36.1,39.5,36.1,37.55,1441
AUTOAXLES,20200219,752.3,753,738,741.15,3538
AUTOIND,20200219,22.25,22.5,21.65,21.9,2025
AUTOLITIND,20200219,20.25,21.45,19.6,20.4,2905
AVADHSUGAR,20200219,263,265.8,258,264.2,91856
AVANTIFEED,20200219,565,571.3,511.25,520.95,1714901
AVTNPL,20200219,39.9,41.4,39.25,39.95,165055
AXISBANK,20200219,740.65,745.1,735.35,741.05,4372673
AXISCADES,20200219,57.8,59.9,57,58.25,16205
AXISGOLD,20200219,3644,3655,3621,3649.5,355
AXISNIFTY,20200219,1265,1265,1243.2,1245.79,18
AYMSYNTEX,20200219,35.6,35.6,34,34.65,4806
BAGFILMS,20200219,1.6,1.7,1.6,1.7,35014
BAJAJ-AUTO,20200219,3092,3111.95,3072.4,3090.9,220584
BAJAJCON,20200219,196.95,200.9,195.05,198.05,172310
BAJAJELEC,20200219,414,429.45,407,415.6,121337
BAJAJFINSV,20200219,9580,9780,9580,9758.65,221132
BAJAJHIND,20200219,6.05,6.15,5.95,6,1005828
BAJAJHLDNG,20200219,3717.95,3805.5,3665.55,3764,65449
BAJFINANCE,20200219,4785,4887,4780.1,4878.05,1172049
BALAJITELE,20200219,55.25,55.25,53.6,54.65,60072
BALAMINES,20200219,411.05,424.9,385.5,412.05,45013
BALAXI,20200219,119.1,122,114.05,115.8,2051
BALKRISHNA,20200219,16.4,16.4,15.1,16,4016
BALKRISIND,20200219,1235,1272,1227.25,1264.35,1460942
BALLARPUR,20200219,0.45,0.45,0.4,0.45,1293883
BALMLAWRIE,20200219,108.75,109.75,107,108.75,139237
BALPHARMA,20200219,38.6,40.6,38.6,39.25,9497
BALRAMCHIN,20200219,165.9,167.8,163.65,164.25,789372
BANARBEADS,20200219,34.05,36,34.05,35.3,4113
BANARISUG,20200219,1447.5,1480,1447.5,1467.45,2062
BANCOINDIA,20200219,93.3,94.6,92.05,94,28168
BANDHANBNK,20200219,426,427.35,409,414.9,3247010
BANG,20200219,18.5,19,17.8,18.65,13477
BANKBARODA,20200219,81.7,82.6,80.2,81.1,15937963
BANKBEES,20200219,315,315.25,312.1,314.01,707865
BANKINDIA,20200219,60.6,61.8,59.7,60.35,1388779
BANSWRAS,20200219,148.15,148.2,137.5,142,20907
BARTRONICS,20200219,1,1.05,0.95,1,12275
BASF,20200219,853,858.7,840.25,852.1,20311
BASML,20200219,118,121.8,117,118.9,1122
BATAINDIA,20200219,1800.25,1814.6,1782.2,1802.3,432521
BAYERCROP,20200219,4277.75,4369,4245.3,4273.1,8186
BBL,20200219,796,816.9,796,801.95,7550
BBTC,20200219,1130,1147,1116.2,1122.25,60121
BCG,20200219,5.05,5.05,5.05,5.05,132178
BCP,20200219,19.45,19.45,18.65,18.8,34788
BDL,20200219,271.55,305.8,271.55,292.75,544448
BEARDSELL,20200219,7.5,8.2,7.5,8,8150
BEDMUTHA,20200219,14.5,15.6,14.25,14.5,3081
BEL,20200219,83.25,84.9,81.95,84.7,9725333
BEML,20200219,882.85,895.25,870.2,876.95,298844
BEPL,20200219,43.25,45.95,43.25,44.85,348282
BERGEPAINT,20200219,583.8,583.9,572,579.15,920958
BFINVEST,20200219,322,326.75,315.4,317.4,29501
BFUTILITIE,20200219,312.5,324.4,312.5,315.85,220202
BGLOBAL,20200219,1.35,1.35,1.3,1.3,24553
BGRENERGY,20200219,41.2,41.65,37.6,40,742102
BHAGERIA,20200219,145.2,148.3,142,143.65,56974
BHAGYANGR,20200219,20.85,20.85,19.1,19.3,9410
BHAGYAPROP,20200219,23.15,24.3,23.15,24,19596
BHANDARI,20200219,1.15,1.2,1.1,1.1,46698
BHARATFORG,20200219,483.25,487.65,477.65,480.05,1174731
BHARATGEAR,20200219,49,52.95,49,49.85,4587
BHARATRAS,20200219,7345,7936,7344.95,7793.35,12183
BHARATWIRE,20200219,25.9,26.5,25.55,26.15,28763
BHARTIARTL,20200219,549.1,553.6,538.75,543.4,21681078
BHEL,20200219,34.7,35.6,34.2,35.4,18802594
BIGBLOC,20200219,34.5,34.5,34.5,34.5,258
BIL,20200219,137.2,144,126.6,135.7,1315
BILENERGY,20200219,0.55,0.6,0.55,0.55,1909824
BINDALAGRO,20200219,11.45,11.9,11.1,11.75,13341
BIOCON,20200219,303,309.2,303,306.1,2287640
BIOFILCHEM,20200219,9.9,10.4,9.9,9.9,12496
BIRLACABLE,20200219,50.4,51,48,48.85,41058
BIRLACORPN,20200219,745,766.8,741.8,746.35,114318
BIRLAMONEY,20200219,34,34.7,33.8,34.35,51330
BIRLATYRE,20200219,10.1,10.1,10.1,10.1,5977
BKMINDST,20200219,0.45,0.45,0.4,0.45,790
BLBLIMITED,20200219,4.25,4.25,3.8,3.95,7116
BLISSGVS,20200219,141.45,143,140.7,142.3,57817
BLKASHYAP,20200219,7.35,8.1,7.35,8.05,76265
BLS,20200219,67.85,69.25,65.7,68.85,73197
BLUEBLENDS,20200219,0.6,0.7,0.6,0.7,4202
BLUEDART,20200219,2875.6,3071,2875.6,3014.2,31176
BLUESTARCO,20200219,838.6,845,827,831.65,131966
BODALCHEM,20200219,83.3,85.7,81.7,82.65,316569
BOMDYEING,20200219,81.85,83.75,81.5,82.5,1815254
BOROSIL,20200219,213.8,224,212.9,220.15,518307
BOSCHLTD,20200219,14680,14777.65,14400,14621.75,10379
BPCL,20200219,473.5,481,469.5,475.55,5393417
BPL,20200219,19.7,19.85,19.4,19.6,85080
BRFL,20200219,4,4.25,3.75,4.05,65925
BRIGADE,20200219,224.55,230,224.55,229.1,23143
BRITANNIA,20200219,3082.1,3111,3040,3082.25,462922
BRNL,20200219,56.9,59.9,55.4,58.85,3644
BROOKS,20200219,25.1,26.75,25,26.4,43513
BSE,20200219,507.05,518.9,505.85,515.55,97873
BSELINFRA,20200219,0.9,0.9,0.9,0.9,7304
BSL,20200219,30.5,32,30.5,30.8,2597
BSLGOLDETF,20200219,3835,3876,3806,3868.8,94
BSOFT,20200219,92.75,94.5,92.05,93.6,904863
BURNPUR,20200219,1.05,1.05,0.95,1.05,59715
BUTTERFLY,20200219,196.9,204.7,196.9,202.5,87402
BVCL,20200219,13.65,13.65,12.4,12.75,151097
BYKE,20200219,16.25,17.5,16.25,17.2,15202
CADILAHC,20200219,268.25,277.5,268,275.9,1407555
CALSOFT,20200219,12.4,13.7,12.4,13.4,26545
CAMLINFINE,20200219,67.15,70.4,66.3,67.55,452037
CANBK,20200219,174.4,176.35,171.5,173.65,6706914
CANFINHOME,20200219,512.05,517.95,506.3,509.45,531095
CANTABIL,20200219,345,355,334.05,344.8,96965
CAPACITE,20200219,177,178.45,175,176,243150
CAPLIPOINT,20200219,346.55,359.75,344.3,351.9,208561
CAPTRUST,20200219,109.6,113.6,105,111,2062
CARBORUNIV,20200219,340.15,345,339.25,343.55,38004
CAREERP,20200219,128.85,143.8,128.15,138.35,311367
CARERATING,20200219,492.9,532.2,490,518.45,622702
CASTEXTECH,20200219,0.35,0.35,0.35,0.35,18618
CASTROLIND,20200219,156.95,160,156.45,159.5,2211591
CCHHL,20200219,2.85,2.85,2.65,2.85,10710
CCL,20200219,248,248.05,241.55,244.5,108478
CDSL,20200219,276.35,287,276.3,283.25,779609
CEATLTD,20200219,1060,1075,1051,1068.35,184532
CEBBCO,20200219,13.35,14,13.3,13.65,26244
CELEBRITY,20200219,4.65,5.25,4.65,5,5751
CELESTIAL,20200219,1.85,1.9,1.85,1.85,10926
CENTENKA,20200219,173.05,174,170.1,170.55,15806
CENTEXT,20200219,2.55,2.65,2.45,2.5,102960
CENTRALBK,20200219,16.45,17.25,16.45,16.95,404418
CENTRUM,20200219,19.5,20.3,19.05,19.35,96971
CENTUM,20200219,360.1,370,358,366.95,2626
CENTURYPLY,20200219,153.05,154.55,151.55,152.05,107737
CENTURYTEX,20200219,588.35,619,586.2,610.25,1925038
CERA,20200219,2390,2522,2357.65,2432.15,6395
CEREBRAINT,20200219,35.25,37.9,35.25,37.9,57308
CESC,20200219,688.75,695.45,678.1,689.9,204291
CESCVENT,20200219,305,305,287.7,293.85,63677
CGCL,20200219,212.35,215.85,207.2,211.7,336842
CGPOWER,20200219,8.35,8.75,8.35,8.45,762927
CHALET,20200219,351.5,352.4,341.3,346.5,38771
CHAMBLFERT,20200219,156,156.4,152.25,154.05,250823
CHEMBOND,20200219,206.2,206.2,195,200.6,3907
CHEMFAB,20200219,166,173,166,169.75,824
CHENNPETRO,20200219,114.8,117.8,113.7,114.6,178837
CHOLAFIN,20200219,328.9,331.5,327.35,329.3,756692
CHOLAHLDNG,20200219,531.05,545,531.05,540.1,13202
CHROMATIC,20200219,0.55,0.55,0.5,0.5,5036
CIGNITITEC,20200219,278.25,285.05,274.1,275.9,27648
CIMMCO,20200219,19.3,20.55,19.15,19.3,9588
CINELINE,20200219,36.25,37.5,36.2,36.6,14202
CINEVISTA,20200219,6,6.8,5.9,6.35,7628
CIPLA,20200219,437.8,449.2,437.4,447.5,2359566
CKFSL,20200219,0.35,0.35,0.3,0.35,184728
CLEDUCATE,20200219,67.85,68.95,67.5,68.55,1270
CLNINDIA,20200219,358.3,370,357.5,360.75,44101
CMICABLES,20200219,35.4,36.45,33.1,33.45,52587
CNOVAPETRO,20200219,7.1,7.1,7.1,7.1,675
COALINDIA,20200219,176.35,178.55,174.25,177.75,21092109
COCHINSHIP,20200219,346.9,348.85,341.35,347.4,150500
COLPAL,20200219,1330,1357,1326,1353.4,415878
COMPINFO,20200219,15.05,15.05,14.3,14.55,46773
COMPUSOFT,20200219,5.1,5.85,4.7,5.2,138070
CONCOR,20200219,537.1,561.5,535.45,554.4,1032847
CONFIPET,20200219,25.4,25.85,25.05,25.6,146673
CONSOFINVT,20200219,34.1,34.1,34.1,34.1,576
CONTROLPR,20200219,280,287.95,272.05,276.85,6471
CORALFINAC,20200219,14.4,14.75,14,14.1,46980
CORDSCABLE,20200219,45,45,43.15,44.85,21531
COROMANDEL,20200219,623.75,626.8,615.25,619.75,49910
CORPBANK,20200219,21,21.4,20.6,20.8,478314
COSMOFILMS,20200219,326,332,323.1,326.8,125666
CPSEETF,20200219,19.51,20.1,19.51,20.08,4677503
CREATIVE,20200219,113.5,113.5,111,113,14090
CREATIVEYE,20200219,1.5,1.5,1.5,1.5,20
CREDITACC,20200219,911,966.7,911,948.4,862149
CREST,20200219,99,101,98,98.8,2998
CRISIL,20200219,1588.6,1663.7,1588.6,1636.4,60922
CROMPTON,20200219,285.9,293.65,284.1,290.2,563624
CSBBANK,20200219,162,164.6,162,162.55,140800
CTE,20200219,21.95,21.95,20.4,20.8,19145
CUB,20200219,221,222.2,220.5,221.4,253625
CUBEXTUB,20200219,12.35,13.3,11.95,13.3,14203
CUMMINSIND,20200219,531.15,544.45,531.15,539.8,292470
CUPID,20200219,223.85,239.7,218,237.2,191369
CYBERTECH,20200219,45.1,46.3,44.8,45.45,10946
CYIENT,20200219,446,448.1,439.2,444.1,82889
DAAWAT,20200219,28.25,28.5,27.35,27.8,723782
DABUR,20200219,499,510.5,488.85,508.05,3634077
DALBHARAT,20200219,850.1,890.6,850.1,867.7,153192
DALMIASUG,20200219,114.4,114.4,111.1,113.25,280844
DAMODARIND,20200219,26.9,26.9,25.25,25.4,210
DATAMATICS,20200219,66.95,67.95,66.2,67.05,40586
DBCORP,20200219,125.3,129.3,125,125.55,74159
DBL,20200219,355.95,364.5,340.55,349.15,201765
DBREALTY,20200219,8.55,8.95,8.2,8.45,51807
DBSTOCKBRO,20200219,8.55,8.55,8.55,8.55,1
DCAL,20200219,97.7,97.7,92.5,93.9,356736
DCBBANK,20200219,173.8,173.8,169.45,172.6,379750
DCM,20200219,19.6,21.3,19.6,19.6,9661
DCMNVL,20200219,29.35,31.85,29.3,31,5283
DCMSHRIRAM,20200219,356.3,357,343,350.05,54789
DCW,20200219,13.9,14.15,13.7,13.8,82620
DECCANCE,20200219,261,280,261,277.05,2693
DEEPAKFERT,20200219,96.55,98.7,96.5,96.85,201481
DEEPAKNTR,20200219,485,499,475.2,483.5,927418
DEEPIND,20200219,95,95,92.1,93.2,9463
DELTACORP,20200219,150.4,151.45,147.8,148.4,986785
DELTAMAGNT,20200219,32.9,33,30.05,30.7,2995
DEN,20200219,63,65.5,61.05,65.5,872268
DENORA,20200219,216.9,216.9,210,214.75,5093
DFMFOODS,20200219,295.8,301.45,291,296.6,217915
DGCONTENT,20200219,4.95,4.95,4.75,4.95,2204
DHAMPURSUG,20200219,192.9,195,189.3,193.9,384189
DHANBANK,20200219,13.5,13.5,13.2,13.25,219820
DHANUKA,20200219,516.1,527.7,508.35,515.05,22222
DHARSUGAR,20200219,6.75,7.35,6.6,6.9,16706
DHFL,20200219,10.75,10.75,10.75,10.75,250392
DHUNINV,20200219,222.8,230,206.95,218.65,2253
DIAMONDYD,20200219,745,755.55,743,748.4,451
DICIND,20200219,365.05,371.4,351.55,359.65,2178
DIGISPICE,20200219,4.9,5.1,4.9,5.1,7131
DISHTV,20200219,11.1,11.45,11,11.1,6066866
DIVISLAB,20200219,2170,2195,2155.75,2185.85,365113
DIXON,20200219,4522,4579,4450,4476.4,57079
DLF,20200219,220.7,228.65,218.3,226.9,7405952
DLINKINDIA,20200219,101.15,105.9,100.9,102.7,92550
DMART,20200219,2385,2437,2372.1,2424.5,1759543
DNAMEDIA,20200219,0.35,0.4,0.35,0.4,5417
DOLAT,20200219,57.8,59,56.95,57.7,37625
DOLLAR,20200219,151,154,147.55,150.5,25971
DONEAR,20200219,30,30.35,29.5,29.95,21377
DPSCLTD,20200219,6.7,6.7,5.9,6.1,5512
DPWIRES,20200219,85.9,85.9,85.9,85.9,1
DQE,20200219,0.9,0.9,0.9,0.9,118410
DREDGECORP,20200219,330.1,345,328.15,339.7,329476
DRREDDY,20200219,3258,3298.8,3258,3278.15,301821
DSSL,20200219,25.5,25.5,23,23.9,6563
DTIL,20200219,166,169,164,165.45,2160
DUCON,20200219,5.6,5.85,5.6,5.6,25186
DVL,20200219,63.2,64.5,62.6,63.1,7205
DWARKESH,20200219,36.4,36.85,35.7,36.05,1504268
DYNAMATECH,20200219,865,1008.4,865,903.55,5750
DYNPRO,20200219,157.25,159.85,152.95,154.55,18421
EASTSILK,20200219,0.75,0.85,0.75,0.85,8682
EBBETF0423,20200219,1020,1020.2,1019.1,1019.45,1729
EBBETF0430,20200219,1034.97,1035.95,1033.05,1034.05,19662
ECLERX,20200219,602,620.65,600.65,609.2,37230
EDELWEISS,20200219,90,90,87.95,88.55,878980
EICHERMOT,20200219,18905,19038.95,18710.6,18875.2,132267
EIDPARRY,20200219,205.55,209.95,205.55,207.9,133664
EIHAHOTELS,20200219,289.95,296.45,289.95,291.2,733
EIHOTEL,20200219,137,143.4,134.9,140.35,110062
EIMCOELECO,20200219,309.05,315,306.15,308.9,124
EKC,20200219,24.8,25.2,24.3,24.5,44188
ELECON,20200219,32.45,34,32.45,33.1,37719
ELECTCAST,20200219,14.9,15.35,14.75,15.15,556884
ELECTHERM,20200219,139.15,141,136,140,5605
ELGIEQUIP,20200219,222,226,220.3,225,19881
ELGIRUBCO,20200219,20,20,17.15,17.5,2715
EMAMILTD,20200219,275.65,276.95,270.15,272.55,312656
EMAMIPAP,20200219,93,93.8,92.1,93.8,7054
EMAMIREAL,20200219,47.2,51.95,47.2,49.7,54360
EMKAY,20200219,59.85,59.9,57.2,59.05,5924
EMMBI,20200219,99.9,99.95,98.15,99.4,6087
ENDURANCE,20200219,1045.35,1074.55,1041,1060.4,10109
ENERGYDEV,20200219,5.3,5.45,5.15,5.2,15863
ENGINERSIN,20200219,79.5,83.9,79.5,83.45,1546497
ENIL,20200219,226,226.95,216.1,221.35,6779
EON,20200219,12.95,12.95,11.9,12.1,8076
EQ30,20200219,341.8,343.2,341.8,342.09,38
EQUITAS,20200219,107.5,113.7,106.8,112.85,6214947
ERIS,20200219,443.35,448.75,432.2,441.9,199837
EROSMEDIA,20200219,13.55,14.15,13.25,13.8,65790
ESABINDIA,20200219,1615.05,1638.65,1570,1579.05,28529
ESCORTS,20200219,897,914.7,889.05,909.85,2945081
ESSARSHPNG,20200219,7,7,6.5,6.8,9886
ESSELPACK,20200219,180.75,188.5,180.75,186.25,58093
ESTER,20200219,38.25,40.5,38.25,40.25,188950
EUROMULTI,20200219,0.4,0.45,0.4,0.45,461
EUROTEXIND,20200219,8.3,8.3,6.9,8,2742
EVEREADY,20200219,70,72.45,67.15,68.25,471598
EVERESTIND,20200219,232.9,239.2,229.55,230.55,63542
EXCEL,20200219,1.05,1.15,1.05,1.1,62601
EXCELINDUS,20200219,755,760,698,705.85,31415
EXIDEIND,20200219,178.3,179.6,177.2,178.25,738500
EXPLEOSOL,20200219,295.3,308.75,293,299.35,6604
FACT,20200219,35.3,36.9,35.2,36.35,116872
FAIRCHEM,20200219,623.95,670,605.05,628.8,205938
FCL,20200219,25.1,25.55,24.2,24.95,225864
FCONSUMER,20200219,21.3,21.45,20.6,20.85,1591346
FCSSOFT,20200219,0.2,0.25,0.15,0.2,1142869
FDC,20200219,240.3,248.85,237.1,239.15,306357
FEDERALBNK,20200219,82.9,85.4,82.7,84.45,12570992
FEL,20200219,22,22.45,21.8,22,94477
FELDVR,20200219,21.25,21.95,20.9,21.05,2708
FIEMIND,20200219,465.5,480,463,476.35,3270
FILATEX,20200219,40.2,40.75,39.45,39.85,526042
FINCABLES,20200219,365.75,369.8,361,362.35,586187
FINEORG,20200219,2199.9,2288,2190.05,2222.5,16710
FINPIPE,20200219,545.2,554,545.2,550.6,20746
FLEXITUFF,20200219,6.65,6.9,6.35,6.9,6512
FLFL,20200219,393.3,394.5,385,389.15,65806
FLUOROCHEM,20200219,550,559,546.15,552.6,5367
FMGOETZE,20200219,574.8,574.95,547.25,554.5,1555
FMNL,20200219,25.4,25.4,24.4,24.4,2720
FORCEMOT,20200219,1259.3,1278,1247,1257.5,31626
FORTIS,20200219,152.05,159.45,151.35,157.4,1093466
FOSECOIND,20200219,1337.5,1360,1333.85,1350.45,434
FRETAIL,20200219,365,368,351.1,354.15,279411
FSC,20200219,445.25,445.4,431.3,435.8,11260
FSL,20200219,45.4,48.65,44.8,47.4,4451470
GABRIEL,20200219,105.1,108,103,103.2,189898
GAEL,20200219,147.35,157.45,147,156.45,76813
GAIL,20200219,120,120.9,118.75,119.85,6127331
GAL,20200219,1.95,1.95,1.85,1.9,1464
GALAXYSURF,20200219,1625,1666,1607,1636.65,26365
GALLANTT,20200219,27.3,28,27.25,27.25,4287
GALLISPAT,20200219,23.7,23.7,21.65,23.35,3031
GAMMNINFRA,20200219,0.3,0.35,0.3,0.35,774209
GANDHITUBE,20200219,235.55,237.9,234.3,235.35,1327
GANECOS,20200219,371,381,367.45,375.8,115800
GANESHHOUC,20200219,31,32.4,31,31.65,6196
GANGESSECU,20200219,35.1,38.3,34.05,35.65,1396
GARDENSILK,20200219,8.4,8.9,8.4,8.8,13778
GARFIBRES,20200219,1517.85,1526.2,1415.5,1439.4,13640
GATI,20200219,66.3,66.95,66,66.8,280793
GAYAHWS,20200219,0.3,0.3,0.25,0.25,75542
GAYAPROJ,20200219,26.6,26.6,26.6,26.6,77681
GBGLOBAL,20200219,5.65,5.65,5.65,5.65,225
GDL,20200219,127,127.9,125.2,125.9,24086
GEECEE,20200219,79,80.15,76.55,78.5,1102
GENESYS,20200219,53,62.8,53,61.15,27272
GENUSPAPER,20200219,5.25,5.25,5,5.1,45158
GENUSPOWER,20200219,26.3,26.45,25.55,26.1,74992
GEOJITFSL,20200219,26.5,27.25,26.3,27.1,144522
GEPIL,20200219,765,778,761.95,769.95,13086
GESHIP,20200219,275.7,284,274,277,62729
GET&D,20200219,140,143.35,138.6,140.6,47305
GFLLIMITED,20200219,154,157,147,149.75,67627
GHCL,20200219,172.05,173.25,168.95,169.8,502684
GICHSGFIN,20200219,116.15,122.55,115.6,117.05,236127
GICRE,20200219,210,226.7,209.1,216.6,927993
GILLANDERS,20200219,27.3,29.3,27,28.45,6780
GILLETTE,20200219,5946.9,6071.95,5890,5993.3,21792
GINNIFILA,20200219,8.2,8.2,7.8,8,14024
GIPCL,20200219,70.4,70.55,68.9,69.1,91487
GKWLIMITED,20200219,651,660,630,654.6,60
GLAXO,20200219,1345,1362.05,1325,1341.35,51275
GLENMARK,20200219,313.3,320,313.3,318.1,1742796
GLFL,20200219,0.55,0.55,0.55,0.55,1462
GLOBALVECT,20200219,53.75,62.1,51.55,55.5,166908
GLOBOFFS,20200219,4.45,4.6,4.3,4.6,260
GLOBUSSPR,20200219,145,149.7,143.5,147.25,161747
GMBREW,20200219,446,452.1,439.1,441.95,38157
GMDCLTD,20200219,57.6,58.9,56.75,58.55,113736
GMMPFAUDLR,20200219,3284.95,3463,3275,3356.8,99579
GMRINFRA,20200219,22.75,23.2,22.55,23.05,12202828
GNA,20200219,237.7,242.8,235.95,238.8,19091
GNFC,20200219,173.6,182.2,172.7,177.75,515314
GOACARBON,20200219,231,242.95,222.5,240.75,12960
GOCLCORP,20200219,274,277.15,272.1,275.65,6976
GODFRYPHLP,20200219,1305.25,1330,1290,1299.65,67185
GODREJAGRO,20200219,530,535.9,528.1,531.6,85576
GODREJCP,20200219,622.4,625.6,614.25,622.6,2216292
GODREJIND,20200219,419.85,419.85,412.5,414.45,112705
GODREJPROP,20200219,1120,1134.2,1071.3,1081.8,115503
GOKEX,20200219,62.9,66,62.45,64.6,57369
GOKUL,20200219,10.3,10.5,10,10.45,3945
GOKULAGRO,20200219,13.35,13.7,12.7,12.85,8236
GOLDBEES,20200219,36.9,36.9,36.2,36.71,1416101
GOLDENTOBC,20200219,24.05,26,24.05,26,453
GOLDIAM,20200219,152.05,154.9,147.5,151.15,44399
GOLDSHARE,20200219,3630,3688,3630,3680.05,1345
GOLDTECH,20200219,8.6,8.6,8.1,8.2,7732
GOODLUCK,20200219,46.95,47.75,46.15,46.5,7806
GPIL,20200219,204,210.05,197.8,199.1,36725
GPPL,20200219,78.2,79.8,78.2,78.4,131856
GPTINFRA,20200219,36.5,36.5,33.65,33.85,1496
GRANULES,20200219,181,189,180.5,187.95,3255111
GRAPHITE,20200219,268,276.9,266.1,274.05,1045303
GRASIM,20200219,730,759.75,726.3,757.15,2067868
GRAVITA,20200219,66.3,69.7,66,66.45,96843
GREAVESCOT,20200219,144.8,147.5,142.05,144.8,330135
GREENLAM,20200219,999.8,999.8,969,980.7,2282
GREENPANEL,20200219,55.8,55.8,54.15,54.5,13316
GREENPLY,20200219,136.05,140.75,136,137.15,14352
GREENPOWER,20200219,2,2.05,1.9,1.95,33923
GRINDWELL,20200219,621.05,625,611.3,616.25,15814
GROBTEA,20200219,360.25,388.15,351.25,351.25,692
GRPLTD,20200219,789.2,821.6,782.05,793.7,50
GRSE,20200219,173,185.9,173,183.8,326635
GSCLCEMENT,20200219,23.25,23.7,22.7,22.95,36947
GSFC,20200219,69.55,71.95,69.55,70.3,336817
GSKCONS,20200219,9728,9935,9654.65,9863.1,9894
GSPL,20200219,235.1,237.2,229.6,231.8,248977
GSS,20200219,39.75,40.9,37.55,37.55,14773
GTL,20200219,1.6,1.6,1.5,1.55,57323
GTLINFRA,20200219,0.35,0.4,0.3,0.35,7703389
GTNIND,20200219,7,7,6.8,6.8,215
GTNTEX,20200219,6.6,6.6,6.6,6.6,50
GTPL,20200219,73,73,68.2,68.95,98902
GUFICBIO,20200219,67.2,71.3,67.1,69.95,59840
GUJALKALI,20200219,362.9,368.95,360.1,363.6,52416
GUJAPOLLO,20200219,119.6,123.7,118.2,120.8,2631
GUJGASLTD,20200219,288.3,291.75,282,287.55,787170
GUJRAFFIA,20200219,10.5,11,10,10,695
GULFOILLUB,20200219,740.1,756,740,746.75,16840
GULFPETRO,20200219,51.6,52.3,47.8,48.65,62224
GULPOLY,20200219,43.05,46.4,42.05,42.85,13269
GVKPIL,20200219,4,4.05,3.95,4,665395
HAL,20200219,719.85,784.85,717.7,744.35,255096
HARITASEAT,20200219,495,495,470.35,481.6,4961
HARRMALAYA,20200219,61.9,65.4,61.7,63.15,175009
HATHWAY,20200219,24.25,26.35,24,25.1,9610132
HATSUN,20200219,620,657.95,616.55,649.55,12595
HAVELLS,20200219,606.8,621,604.6,618.55,1864746
HAVISHA,20200219,0.65,0.65,0.65,0.65,2745
HBLPOWER,20200219,16.4,17.2,16.3,16.5,78170
HCC,20200219,8.95,9.45,8.95,9.25,1348240
HCG,20200219,113.55,113.8,108,110.6,18781
HCL-INSYS,20200219,6.15,6.15,5.85,6.05,567808
HCLTECH,20200219,614.45,618.25,604,605.75,3799862
HDFC,20200219,2343,2385,2330.05,2377.25,2088724
HDFCAMC,20200219,3236,3375,3236,3358.3,503635
HDFCBANK,20200219,1222.5,1230,1213.9,1227.2,5006134
HDFCLIFE,20200219,565.9,581.85,563,579.1,1752251
HDFCMFGETF,20200219,3720,3795,3720,3752.75,6714
HDFCNIFETF,20200219,1270.1,1276.34,1269.8,1274.19,191
HDFCSENETF,20200219,4347,4358.79,4330.1,4356,50
HDIL,20200219,2.1,2.3,2.1,2.3,531117
HEG,20200219,1008,1039,1000.05,1021.55,289666
HEIDELBERG,20200219,200.7,205.7,198.05,201.85,385581
HERCULES,20200219,91.35,91.35,81.85,85.2,32902
HERITGFOOD,20200219,333,399.1,333,386,178965
HEROMOTOCO,20200219,2274,2278,2227.05,2251.6,729471
HESTERBIO,20200219,1480.25,1564.35,1480.25,1545.4,4464
HEXATRADEX,20200219,10.95,10.95,10.45,10.45,19978
HEXAWARE,20200219,385,390,365.3,369.4,585713
HFCL,20200219,16.9,17,16.9,16.95,607776
HGINFRA,20200219,242,249.9,242,246.1,15416
HGS,20200219,901.75,919.5,872.3,878.45,13045
HIKAL,20200219,122,124.85,121.4,123.85,181891
HIL,20200219,1117.3,1169.9,1117.3,1148.3,10845
HILTON,20200219,10.25,10.75,9.75,10.3,2814
HIMATSEIDE,20200219,100.75,103.8,99.5,100.35,119053
HINDALCO,20200219,186,188.6,184.4,188.1,4317249
HINDCOMPOS,20200219,189,193,175,180.65,6674
HINDCOPPER,20200219,35.65,36.45,35.1,36.1,677061
HINDMOTORS,20200219,5.4,5.4,4.95,5.05,93978
HINDNATGLS,20200219,34.2,36.4,34.2,36.2,162
HINDOILEXP,20200219,90.05,93,90.05,90.8,152023
HINDPETRO,20200219,226,227,223.5,226.45,2791585
HINDUNILVR,20200219,2250.2,2308.2,2241.25,2292.15,1299800
HINDZINC,20200219,185.7,189.6,184.5,184.8,279253
HIRECT,20200219,170,185,170,183.95,61846
HISARMETAL,20200219,61,62.9,58,59.45,4782
HITECH,20200219,177.6,184.25,172.3,177.2,4706
HITECHCORP,20200219,76.2,79.85,76,78.75,5995
HITECHGEAR,20200219,162.2,166.5,160.15,161.55,2724
HLVLTD,20200219,4.5,4.5,4.25,4.25,319369
HMVL,20200219,71.3,72.6,70.25,70.7,11087
HNDFDS,20200219,700.5,749,700.5,720.25,3090
HNGSNGBEES,20200219,355,355.99,350.01,350.4,251
HONAUT,20200219,35679.5,35901.05,34720,34935.55,1914
HONDAPOWER,20200219,1210,1245,1179.5,1185.65,3781
HOVS,20200219,37.6,40,37.55,38.8,1606
HPL,20200219,36.65,38.6,36.65,38.1,35169
HSCL,20200219,51.7,53.7,51.5,52.9,608058
HSIL,20200219,56.45,59.4,56.2,56.6,328089
HTMEDIA,20200219,14.15,14.55,14,14.2,62778
HUBTOWN,20200219,11.65,12.1,11.65,12.1,8439
HUDCO,20200219,34,34.35,33.6,34.1,660113
IBMFNIFTY,20200219,118.75,120.8,117.61,120,694
IBREALEST,20200219,87.4,90.25,85.3,87.3,1150746
IBULHSGFIN,20200219,306,313.35,302.85,305.45,19471833
IBULISL,20200219,98,102.6,93.55,102.6,298431
IBVENTURES,20200219,185,202.45,185,201.1,4168683
ICICI500,20200219,160.3,161.7,159.74,161.6,3807
ICICIB22,20200219,32.19,33.24,31.55,32.16,1101563
ICICIBANK,20200219,543.5,546.5,540.5,544.8,8704234
ICICIBANKN,20200219,312,312,307.15,308.8,605
ICICIBANKP,20200219,170,170,168.32,168.67,263
ICICIGI,20200219,1340,1367,1340,1355.55,156721
ICICIGOLD,20200219,37.8,37.99,36.51,37.41,36640
ICICILIQ,20200219,1000,1000,999.99,1000,40729
ICICILOVOL,20200219,93.77,93.77,91.53,92.23,679
ICICIM150,20200219,66,66.98,66,66.76,3944
ICICIMCAP,20200219,69,69,67.24,67.95,11006
ICICINF100,20200219,129,131.31,129,130.8,993
ICICINIFTY,20200219,128,128.2,121.7,127.97,47651
ICICINV20,20200219,59.5,59.5,57,58.27,2109
ICICINXT50,20200219,28,29.02,27.5,28.93,18224
ICICIPRULI,20200219,473.35,490.95,470.55,489.55,1184541
ICICISENSX,20200219,440,441.12,438.08,438.53,365
ICIL,20200219,56.95,61.5,56.3,61.05,377993
ICRA,20200219,2993.2,3049.9,2990,3008.15,895
IDBI,20200219,34.6,34.9,34.3,34.55,1579220
IDBIGOLD,20200219,3838,3974,3752,3801.2,143
IDEA,20200219,3.15,4.45,3.1,4.2,1015559671
IDFC,20200219,34,35.45,34,35.2,942369
IDFCFIRSTB,20200219,39.15,40.5,38.9,39.9,15547341
IDFNIFTYET,20200219,125.89,125.89,125.75,125.75,84
IEX,20200219,185.45,187.85,179,186.1,226911
IFBAGRO,20200219,349.9,357.85,341,352.45,13504
IFBIND,20200219,525,533.6,511,515.35,18272
IFCI,20200219,5.95,6.1,5.9,6,1099884
IFGLEXPOR,20200219,159,159,151.4,153,1887
IGARASHI,20200219,337.25,349.95,332.4,343.4,269264
IGL,20200219,475.6,480.6,469.35,478.55,2397328
IGPL,20200219,169,173.05,166.3,168.75,13589
IIFL,20200219,192.2,199.75,192.2,195.25,217923
IIFLSEC,20200219,57.95,59.2,54.5,56.2,556485
IIFLWAM,20200219,1581.95,1663.95,1564.25,1616.45,91470
IITL,20200219,82.05,85.05,82.05,85.05,835
IMFA,20200219,199,204.2,197.45,203.4,30855
IMPAL,20200219,565.05,574,564.95,569.15,970
IMPEXFERRO,20200219,0.3,0.35,0.3,0.35,589
INDBANK,20200219,7.2,7.6,7.2,7.3,35256
INDHOTEL,20200219,132.4,137.85,130.6,137.15,791951
INDIACEM,20200219,72.1,74.9,72.1,74.5,2041363
INDIAGLYCO,20200219,362.6,377.9,356.1,364.5,1393559
INDIAMART,20200219,2480.3,2550,2461.55,2535.95,78896
INDIANB,20200219,80.75,83.75,80.35,83.15,968882
INDIANCARD,20200219,110.75,118.35,110.75,113.35,646
INDIANHUME,20200219,209.9,219.95,209.05,213.95,23727
INDIGO,20200219,1475,1493.4,1463.15,1481.75,634197
INDLMETER,20200219,17.5,17.5,16.85,16.85,1276
INDNIPPON,20200219,349.9,354,340.1,347.3,7495
INDOCO,20200219,255.3,266,245.95,259.45,143597
INDORAMA,20200219,21,21.75,20.05,21,47010
INDOSTAR,20200219,285,285,280.3,281.65,55913
INDOTECH,20200219,114.25,114.25,114,114,5387
INDOTHAI,20200219,23.45,23.45,22.15,22.55,5524
INDOWIND,20200219,2.7,2.7,2.65,2.65,11778
INDRAMEDCO,20200219,41.4,42.45,41.25,42,63413
INDSWFTLAB,20200219,21.95,22,20.85,21.3,2833
INDSWFTLTD,20200219,2.9,2.95,2.75,2.75,17229
INDTERRAIN,20200219,52.3,53.9,50.1,50.85,12928
INDUSINDBK,20200219,1155,1168,1116,1142.15,14324736
INEOSSTYRO,20200219,756.6,769.9,756.6,759.85,3206
INFIBEAM,20200219,57,57.6,56.05,56.6,590792
INFOBEAN,20200219,123.8,133.15,121,133.15,175228
INFRABEES,20200219,333.95,336,333.95,334.26,189
INFRATEL,20200219,215,228.2,212.25,225.1,22582088
INFY,20200219,800,804.85,796.15,800.45,3985192
INGERRAND,20200219,641,648.85,640.05,642.05,32227
INOXLEISUR,20200219,477.9,489.85,475.2,482.3,355892
INOXWIND,20200219,37.65,38.5,37.5,37.95,603724
INSECTICID,20200219,477.7,498,474.15,494.15,11621
INSPIRISYS,20200219,32.95,33.9,31.55,33.6,3390
INTELLECT,20200219,138.75,148.5,136.2,146.45,232527
INTENTECH,20200219,19,19.5,17.3,17.65,21439
INVENTURE,20200219,12.85,12.95,12.5,12.75,20632
IOB,20200219,9.1,9.2,9.05,9.15,553119
IOC,20200219,113.8,114.5,112.65,114.2,8021126
IOLCP,20200219,239.3,257.4,230.15,234.5,5061665
IPCALAB,20200219,1320.1,1428.95,1320.1,1402.9,384867
IRB,20200219,100.65,100.8,95.3,96.5,1117058
IRCON,20200219,560.45,599,557.15,589.4,2711872
IRCTC,20200219,1666.3,1872.7,1658.4,1831.9,13312044
ISEC,20200219,495.35,514.75,489.1,500.15,904506
ISFT,20200219,62,64.45,60,60.05,21940
ISMTLTD,20200219,3.85,4.1,3.7,3.85,24893
ITC,20200219,205.25,207.15,203.85,206.7,9054560
ITDC,20200219,298.65,311.8,297.5,303.4,141195
ITDCEM,20200219,56.4,58.6,56.4,57.65,157125
ITI,20200219,82.25,89.7,81.3,86.35,1717683
IVC,20200219,3.05,3.1,2.95,2.95,54980
IVP,20200219,44.1,46.45,42,44.8,6797
IVZINGOLD,20200219,3769,3780,3769,3780,66
IVZINNIFTY,20200219,1280.6,1281,1275.55,1275.55,28
IZMO,20200219,28,28.85,26.9,28.2,42154
J&KBANK,20200219,18.15,19.4,17.9,19.05,1031378
JAGRAN,20200219,68.4,69.25,68.3,69,416576
JAGSNPHARM,20200219,25.9,27.45,25.55,27,8368
JAIBALAJI,20200219,26.3,28,26.3,27.5,28922
JAICORPLTD,20200219,97.8,100.6,97.05,98.2,1033426
JAINSTUDIO,20200219,1.4,1.4,1.4,1.4,3223
JAMNAAUTO,20200219,40.4,41.4,40,40.75,409052
JASH,20200219,178,185,176.15,180.35,43009
JAYAGROGN,20200219,93.05,96,92.25,93.3,8123
JAYBARMARU,20200219,233.6,236,228,231.85,25326
JAYNECOIND,20200219,3.7,3.75,3.55,3.55,7206
JAYSREETEA,20200219,48,53.7,48,50.7,350334
JBCHEPHARM,20200219,537.9,553,531.4,534.95,129304
JBFIND,20200219,17.3,17.3,17.3,17.3,32724
JBMA,20200219,227.85,231.55,224.05,229.65,12991
JCHAC,20200219,2940,2980,2883.05,2952.2,32439
JHS,20200219,12.7,12.7,11.7,11.8,61646
JIKIND,20200219,0.25,0.35,0.25,0.35,402
JINDALPHOT,20200219,13.65,14.05,13.5,13.8,4311
JINDALPOLY,20200219,263.45,268,261.4,265.5,9972
JINDALSAW,20200219,89.15,90.6,88.1,88.6,523198
JINDALSTEL,20200219,188,189.5,184,188.05,9801115
JINDCOT,20200219,1.6,1.6,1.5,1.5,4066
JINDRILL,20200219,93.45,95.25,92.85,94.05,13584
JINDWORLD,20200219,62,62,59.75,60.3,159084
JISLDVREQS,20200219,5.4,5.85,5.2,5.65,19053
JISLJALEQS,20200219,6.25,6.65,6.1,6.2,3039389
JITFINFRA,20200219,8.5,8.95,8.2,8.2,2025
JIYAECO,20200219,17.45,17.45,16.7,17.45,438125
JKCEMENT,20200219,1417,1472,1401.45,1461.95,168361
JKIL,20200219,140.15,145,128.4,140.1,803511
JKLAKSHMI,20200219,327.45,330,323.15,326.75,100228
JKPAPER,20200219,122.5,129,122.5,127.85,1308084
JKTYRE,20200219,66.7,68,66.25,67.2,325427
JMA,20200219,25.75,25.75,24.2,24.7,227
JMCPROJECT,20200219,80.9,82.95,79.15,80.15,123523
JMFINANCIL,20200219,111.15,114.8,107,113.55,610902
JMTAUTOLTD,20200219,1.5,1.5,1.35,1.45,99961
JOCIL,20200219,118.75,119.45,117.95,118,835
JPASSOCIAT,20200219,1.9,1.9,1.9,1.9,1614817
JPINFRATEC,20200219,1.1,1.1,1.05,1.1,3057058
JPOLYINVST,20200219,12.6,12.6,11.5,11.65,352
JPPOWER,20200219,1.55,1.55,1.55,1.55,574460
JSL,20200219,39.3,42.4,39.1,41.15,2192412
JSLHISAR,20200219,75.95,77.4,73.9,75.15,236913
JSWENERGY,20200219,66.5,67.35,64.2,64.6,712089
JSWHL,20200219,2695.5,2780,2690,2769.5,760
JSWSTEEL,20200219,287.2,290,279.9,280.85,4952306
JTEKTINDIA,20200219,81,81.6,79.6,80.5,37777
JUBILANT,20200219,499.9,534.7,499.9,526.1,339057
JUBLFOOD,20200219,1845,1904.15,1831.75,1897.6,1312848
JUBLINDS,20200219,128,131.5,128,130.1,1737
JUMPNET,20200219,52.1,53.85,52.1,53.45,358196
JUNIORBEES,20200219,297.85,298.54,280.4,297.98,117436
JUSTDIAL,20200219,492.9,504.75,490,501.6,1659743
JYOTHYLAB,20200219,130.05,134.7,128.15,129.65,674993
KABRAEXTRU,20200219,72.1,73.7,72.1,72.75,7294
KAJARIACER,20200219,529,547,529,539.45,154549
KAKATCEM,20200219,180.05,186.95,180.05,184.6,63330
KALPATPOWR,20200219,373.65,379.5,364,368.55,223831
KALYANIFRG,20200219,136,137.65,124.55,137.65,4791
KAMATHOTEL,20200219,35.35,36.75,34.65,35.85,56896
KAMDHENU,20200219,82.75,85.95,80.1,81.15,9178
KANANIIND,20200219,2.5,2.5,2.5,2.5,2450
KANORICHEM,20200219,39.2,41.85,38.65,41.35,71643
KANSAINER,20200219,506.9,506.9,499,500.75,134173
KARDA,20200219,147.8,150.55,147.2,150.05,21965
KARMAENG,20200219,11.75,12.1,11.75,12.1,206
KARURVYSYA,20200219,47.95,49.25,47.3,48.8,367918
KAUSHALYA,20200219,0.4,0.45,0.4,0.45,1671
KAYA,20200219,303.7,323.8,296.15,311.55,32592
KCP,20200219,61,61.8,60.5,61.5,90639
KCPSUGIND,20200219,14.45,14.45,13.95,14.1,152070
KDDL,20200219,301.95,301.95,283,290.95,2123
KEC,20200219,335.6,337.25,326.5,329.05,158862
KECL,20200219,16.7,16.75,15.75,15.9,48039
KEI,20200219,534,537.55,528.05,536.5,116581
KELLTONTEC,20200219,16.35,16.8,16,16.65,94044
KENNAMET,20200219,986.05,999.9,955,978,11127
KERNEX,20200219,18.05,19,18.05,18.15,3632
KESORAMIND,20200219,44.1,44.65,43,43.4,128379
KHADIM,20200219,114.6,125.9,114.2,122.6,131703
KHAITANLTD,20200219,19.3,19.95,19,19.9,11237
KICL,20200219,1570,1645.05,1567,1639.95,174
KILITCH,20200219,117,117.95,112,113.4,17374
KINGFA,20200219,589.9,654,552.55,635.85,16256
KIOCL,20200219,107,110.95,107,107.55,7150
KIRIINDUS,20200219,404.2,419.5,402,406.9,260453
KIRLFER,20200219,65.6,71,65.55,70,65243
KIRLOSBROS,20200219,174,181,172,179.45,184677
KIRLOSENG,20200219,137.9,143.5,136.45,139.1,198989
KIRLOSIND,20200219,625,640,615.05,630.25,828
KITEX,20200219,154,165.7,154,162.8,590093
KKCL,20200219,985.2,1033,965,982.4,11061
KMSUGAR,20200219,8.15,8.45,8.1,8.1,43826
KNRCON,20200219,287.4,289.9,281.35,284.7,62865
KOHINOOR,20200219,8.3,8.4,8,8.05,10405
KOKUYOCMLN,20200219,75.8,75.8,72.5,74.1,20713
KOLTEPATIL,20200219,224.7,233.2,224.7,227.6,28715
KOPRAN,20200219,28.45,30.2,28.35,29.9,76052
KOTAKBANK,20200219,1740,1740,1695.4,1701.1,3168534
KOTAKBKETF,20200219,316.58,316.89,313.51,315.91,137668
KOTAKGOLD,20200219,364.05,366.8,363.4,366.25,18712
KOTAKNIFTY,20200219,125.35,125.74,124.76,125.69,49123
KOTAKNV20,20200219,59.88,60,58.45,58.69,7494
KOTAKPSUBK,20200219,209.5,222,209.5,210.97,6461
KOTARISUG,20200219,12.3,12.65,11.3,12.2,72149
KOTHARIPET,20200219,16.55,17.25,16.3,16.8,5258
KOTHARIPRO,20200219,60.15,61.85,59.2,60.8,5473
KPITTECH,20200219,86,90.85,85.45,89.65,208775
KPRMILL,20200219,635.7,635.7,611.2,621.65,4281
KRBL,20200219,301.5,306.4,301.5,305.2,210883
KREBSBIO,20200219,92.3,96,89,95.75,2610
KRIDHANINF,20200219,1.9,2.1,1.9,2,69305
KRISHANA,20200219,51,51.05,51,51.05,230
KSB,20200219,707,716,696.95,705.95,26469
KSCL,20200219,466,468.7,459.2,465.65,66869
KSERASERA,20200219,0.15,0.15,0.1,0.1,295374
KSK,20200219,0.45,0.45,0.35,0.4,198941
KSL,20200219,233.6,235.7,228.2,232.9,20849
KTKBANK,20200219,76.55,77.4,76,76.3,445991
KUANTUM,20200219,500,503,471.85,479.35,6988
KWALITY,20200219,1.7,1.8,1.7,1.75,239780
L&TFH,20200219,122.75,126.6,122.5,123.35,8176018
LAKSHVILAS,20200219,16.35,16.75,16.2,16.2,747814
LALPATHLAB,20200219,1618.4,1658,1617.75,1641.25,60568
LAMBODHARA,20200219,33,33.5,32.1,32.5,4108
LAOPALA,20200219,216.15,223.4,213.05,214.45,399503
LASA,20200219,37.25,38.95,37.25,37.25,42463
LAURUSLABS,20200219,432.55,445.9,360,438.6,190687
LAXMIMACH,20200219,3262.5,3309.95,3260.05,3282.05,3072
LEMONTREE,20200219,59.3,60.7,59,60,776243
LFIC,20200219,53.5,54.8,49.25,51.5,353
LGBBROSLTD,20200219,285.1,289.25,278.65,282.55,17909
LGBFORGE,20200219,2.55,2.6,2.55,2.55,3163
LIBAS,20200219,45.6,45.6,45.6,45.6,160
LIBERTSHOE,20200219,127.3,129.6,125.9,128.65,100410
LICHSGFIN,20200219,366.95,374.4,361.25,366.2,6880554
LICNETFGSC,20200219,20.6,20.6,19.8,20.22,1674
LICNETFN50,20200219,126,126.94,125.4,126,989
LICNETFSEN,20200219,513.9,514,490.05,500,30
LICNFNHGP,20200219,123.1,128.2,117.1,128.08,3085
LINCOLN,20200219,175.8,177.75,164.25,170.45,53490
LINCPEN,20200219,220.7,229,220.7,222.75,1625
LINDEINDIA,20200219,766.7,795,764.9,778.15,65599
LIQUIDBEES,20200219,1000,1000.01,999.94,999.99,697385
LIQUIDETF,20200219,1000,1000.01,999.99,999.99,13412
LOKESHMACH,20200219,30,30.85,28.6,30.3,5445
LOTUSEYE,20200219,24.3,24.5,22.5,23.45,32673
LOVABLE,20200219,68.5,70.15,66.1,67.8,24881
LPDC,20200219,1.25,1.25,1.25,1.25,23
LSIL,20200219,0.5,0.5,0.45,0.45,515577
LT,20200219,1298,1299,1276.6,1281.4,1820353
LTI,20200219,1974,1989.7,1951.1,1965.9,55627
LTTS,20200219,1690,1744,1690,1729.35,148419
LUMAXIND,20200219,1515,1515,1462.8,1475.15,931
LUMAXTECH,20200219,109,109,103.1,105.75,61742
LUPIN,20200219,705,716.5,704.4,709.05,894396
LUXIND,20200219,1578.85,1586.1,1561.3,1565.85,42233
LYKALABS,20200219,18.05,19,17.6,18.3,19269
LYPSAGEMS,20200219,4.05,4.3,4.05,4.1,9163
M&M,20200219,528.15,529.65,521.8,526.4,1952880
M&MFIN,20200219,373.5,383.55,373.5,382.3,994397
M100,20200219,18.74,18.87,18.31,18.82,37891
M50,20200219,118.71,119.28,117.79,119.28,302
MAANALU,20200219,60,61.5,59.05,59.75,2713
MADHAV,20200219,30.25,31.8,30.25,31.65,4252
MADHUCON,20200219,3.15,3.15,2.85,2.85,112459
MADRASFERT,20200219,16.9,17.15,16.5,16.8,84848
MAGADSUGAR,20200219,134,134,128.5,129.65,15724
MAGMA,20200219,51.1,51.9,49.55,50.05,136954
MAGNUM,20200219,2.7,2.9,2.7,2.9,2907
MAHABANK,20200219,11.75,11.9,11.4,11.5,337420
MAHAPEXLTD,20200219,94,97.45,93.1,93.1,1443
MAHASTEEL,20200219,119.4,120,114.25,118.5,10815
MAHEPC,20200219,139.7,147,138.15,142.55,26735
MAHESHWARI,20200219,252,265,250.4,255.55,28131
MAHINDCIE,20200219,159.9,161.95,152.6,155.45,122533
MAHLIFE,20200219,378,386.55,375.95,383.25,13422
MAHLOG,20200219,406.85,406.85,392,396.3,7417
MAHSCOOTER,20200219,4621,4767.6,4621,4732.25,4690
MAHSEAMLES,20200219,343,348,337.1,340,8879
MAITHANALL,20200219,569.9,591.15,569.9,574.35,27017
MAJESCO,20200219,405.2,405.2,395.15,398.1,9380
MALUPAPER,20200219,30.85,35.05,30.3,34.05,196580
MAN50ETF,20200219,122.5,123.05,122.2,122.65,335
MANAKALUCO,20200219,4.1,4.25,4.05,4.15,5577
MANAKCOAT,20200219,3.35,3.65,3.3,3.45,3110
MANAKSIA,20200219,45.9,48.5,45,46.1,26923
MANAKSTEEL,20200219,10.2,10.9,10.05,10.85,48782
MANALIPETC,20200219,17.3,17.95,16.95,17.85,139305
MANAPPURAM,20200219,172.4,175.9,171.5,174.25,7135132
MANGALAM,20200219,31,31.7,29.1,29.45,22410
MANGCHEFER,20200219,31.95,32,30.6,30.85,55341
MANGLMCEM,20200219,273.2,284,271.55,277.3,23401
MANGTIMBER,20200219,10.4,10.4,10,10,10
MANINDS,20200219,55.9,58.9,54.6,56.3,585438
MANINFRA,20200219,28.3,29.1,28.3,28.5,101685
MANUGRAPH,20200219,14.15,14.15,12.95,13.25,2067
MANXT50,20200219,284.5,285,283,285,384
MARALOVER,20200219,15,15,14.25,14.35,262
MARATHON,20200219,81.5,82,78,81.5,10550
MARICO,20200219,302.85,306.95,298.25,299.85,2530762
MARKSANS,20200219,19.25,20.5,19.25,20.1,1147114
MARUTI,20200219,6850,6854.95,6624.6,6756.6,1033939
MASFIN,20200219,1020,1060,1015.3,1034.65,44316
MASKINVEST,20200219,30.2,30.2,30.2,30.2,1
MASTEK,20200219,401.2,431.3,400.4,426.4,136886
MATRIMONY,20200219,447,464.9,434,441.55,25509
MAWANASUG,20200219,41,41.3,39.1,39.7,236730
MAXINDIA,20200219,85,86.5,84.6,85.8,100393
MAXVIL,20200219,48.6,54.3,48.1,48.95,231467
MAYURUNIQ,20200219,249.65,289.8,248.7,271.75,512139
MAZDA,20200219,506.95,508.85,499,502.35,10246
MBECL,20200219,3.3,3.5,3.3,3.3,9147
MBLINFRA,20200219,3.95,4,3.8,3.8,33400
MCDHOLDING,20200219,19.6,20.25,18.65,19.35,16188
MCDOWELL-N,20200219,730.3,734.85,718.55,730.1,2695032
MCLEODRUSS,20200219,3.9,4.05,3.75,3.75,793164
MCX,20200219,1300,1349,1290.65,1336.15,492773
MEGASOFT,20200219,7.1,7.7,7,7.5,28116
MEGH,20200219,58.6,58.85,57.4,58.2,855301
MENONBE,20200219,51.5,53.7,51.5,53.25,36038
MEP,20200219,37.1,37.65,35.5,35.65,74335
MERCATOR,20200219,0.75,0.8,0.7,0.8,957571
METALFORGE,20200219,4.65,5,4.65,4.95,23425
METROPOLIS,20200219,1840.2,1891.95,1811.5,1825.85,67547
MFSL,20200219,502,523,501.35,516.75,1547819
MGL,20200219,1150.9,1164.4,1121.95,1137.75,801261
MHRIL,20200219,224.3,225.5,223.2,224.45,15701
MIC,20200219,0.6,0.65,0.55,0.65,88605
MIDHANI,20200219,219.4,226.5,215,217.75,1384977
MINDACORP,20200219,113.35,114.75,111,112.55,144607
MINDAIND,20200219,379,381.3,374.1,380.1,64241
MINDTECK,20200219,22.85,27.7,22.85,25.85,10668
MINDTREE,20200219,1002,1021.65,997.45,1013.6,1152908
MIRCELECTR,20200219,9,9.3,8.85,9.2,151941
MIRZAINT,20200219,59.95,61.8,59.2,61.5,212209
MMFL,20200219,386.15,409.1,386.1,402.5,3158
MMP,20200219,100,100,86,93.9,3942
MMTC,20200219,19.7,19.8,19.2,19.55,802162
MODIRUBBER,20200219,25.05,25.05,25.05,25.05,100
MOHOTAIND,20200219,7.5,7.5,7.5,7.5,9132
MOIL,20200219,138,139.55,137.05,137.8,112700
MOLDTECH,20200219,46.5,47.45,45,46.35,14050
MOLDTKPAC,20200219,270.2,277,266.9,275.5,57086
MONTECARLO,20200219,246.55,252,246.55,249.15,7397
MORARJEE,20200219,15.15,18.1,14.25,14.8,52567
MOREPENLAB,20200219,14.4,14.5,14,14.2,420724
MOTHERSUMI,20200219,124.5,126.65,119.65,121.6,8194234
MOTILALOFS,20200219,783,795,763.6,790.9,140380
MOTOGENFIN,20200219,32.3,35.45,32.3,33.9,853
MPHASIS,20200219,900,912.35,892,894.9,52228
MPSLTD,20200219,340,352.95,335.55,348.45,4662
MRF,20200219,70290,70437.15,69500,69959.3,5731
MRPL,20200219,41.45,41.45,40.05,40.4,388985
MSPL,20200219,5.7,5.85,5.7,5.7,6922
MSTCLTD,20200219,162.9,174.5,162.85,172.55,869954
MTEDUCARE,20200219,14.05,14.05,14.05,14.05,9636
MTNL,20200219,9.2,9.65,8.85,9.2,1025428
MUKANDENGG,20200219,11,11.25,10.3,10.5,5644
MUKANDLTD,20200219,26.45,27.3,25,26.5,23442
MUKTAARTS,20200219,36.95,37.65,36.5,36.55,6227
MUNJALAU,20200219,43.5,43.75,43.1,43.45,70996
MUNJALSHOW,20200219,117.25,120.9,117.05,118.35,7598
MURUDCERA,20200219,16.25,17.8,16.25,16.8,55051
MUTHOOTCAP,20200219,575,585,565.05,576.2,10722
MUTHOOTFIN,20200219,870,889,857.8,875.1,3876635
N100,20200219,679.9,683.9,675.02,676.71,38301
NACLIND,20200219,31.85,32.35,31.45,32.05,44983
NAGAFERT,20200219,3.4,3.65,3.35,3.65,73572
NAGREEKCAP,20200219,6.4,7.25,6.4,7.15,135
NAGREEKEXP,20200219,13,13.45,12.85,13.45,8069
NAHARCAP,20200219,70,71.9,68.5,71,1408
NAHARINDUS,20200219,26.85,28,26.15,27.25,8734
NAHARPOLY,20200219,40.15,41.4,39.45,40.1,12681
NAHARSPING,20200219,39.6,41.4,39.55,40.15,6584
NAM-INDIA,20200219,395.25,434.75,395.2,429.3,6982668
NATCOPHARM,20200219,638.35,666,637,644.7,239207
NATHBIOGEN,20200219,319.9,338.85,311.95,332.55,36197
NATIONALUM,20200219,39.15,39.95,38.7,39.2,5503843
NATNLSTEEL,20200219,1.75,1.75,1.75,1.75,50
NAUKRI,20200219,2832,2901.15,2808.8,2849.95,225705
NAVINFLUOR,20200219,1289,1306,1265.05,1273.8,132911
NAVKARCORP,20200219,29.1,30.6,29.1,29.9,154439
NAVNETEDUL,20200219,86.05,86.95,85.55,85.8,40716
NBCC,20200219,29.3,29.95,29.05,29.5,10976092
NBIFIN,20200219,1707.15,1825,1705.6,1786,329
NBVENTURES,20200219,68.95,70.9,68.75,69.2,58519
NCC,20200219,42,43.5,40.9,43.05,29835301
NCLIND,20200219,83.95,85.35,83.4,84.85,62443
NDGL,20200219,542,550,532,533.5,123
NDL,20200219,19.55,21.25,19.55,20.7,52772
NDTV,20200219,33.95,35,33.05,33.7,26339
NECCLTD,20200219,5,5.25,4.85,4.95,25338
NECLIFE,20200219,12.7,12.7,12.4,12.6,41263
NELCAST,20200219,45.95,46,44.9,45.15,23658
NELCO,20200219,219.05,229.3,218.7,220.5,266469
NEOGEN,20200219,482.05,531,480.05,495.15,147717
NESCO,20200219,745,750.2,735,739.7,46210
NESTLEIND,20200219,16538.6,16831.5,16475.8,16785.05,95000
NETFCONSUM,20200219,55,55.25,54.35,54.92,47
NETFDIVOPP,20200219,29.1,29.16,29,29,28
NETFLTGILT,20200219,20.5,20.85,20.4,20.84,9144
NETFMID150,20200219,67.5,67.5,66.18,66.96,56010
NETFNIF100,20200219,124.58,126,124.58,126,59
NETFNV20,20200219,59.06,59.5,59,59.25,2365
NETWORK18,20200219,31.65,31.65,31,31.65,3305481
NEULANDLAB,20200219,448.1,471.3,438.5,444.95,27923
NEWGEN,20200219,200,201.25,196.2,198.05,115352
NEXTMEDIA,20200219,7,7.6,7,7.4,8227
NFL,20200219,23.65,24.4,23.65,23.95,160333
NH,20200219,351.85,357.95,345.05,350.55,308427
NHPC,20200219,21.65,21.95,21.25,21.45,7615088
NIACL,20200219,129.85,138.2,129.8,132.75,478048
NIBL,20200219,4.3,4.3,4.05,4.05,29742
NIFTYBEES,20200219,127.95,128.7,127,128.59,463260
NIITLTD,20200219,106.3,113.8,106.3,113.2,2028419
NIITTECH,20200219,1850.55,1908.9,1844.55,1882.6,666656
NILAINFRA,20200219,4.4,4.65,4.35,4.4,151649
NILASPACES,20200219,1,1.05,0.95,1,102618
NILKAMAL,20200219,1513.95,1518.9,1476.05,1491.45,30672
NIPPOBATRY,20200219,564.8,586.6,551.2,562.15,5750
NITCO,20200219,23.75,24,23.25,23.85,23849
NITINSPIN,20200219,51,51.8,50,50.3,18772
NKIND,20200219,14.4,14.5,14.4,14.5,300
NLCINDIA,20200219,52.8,53.4,51.65,52,4737412
NMDC,20200219,100.5,105.45,100.15,105,9145503
NOCIL,20200219,88.5,96.75,88.05,93.6,1993617
NOIDATOLL,20200219,3.6,3.75,3.6,3.65,78952
NRAIL,20200219,240,248.9,235.6,245.85,45676
NRBBEARING,20200219,92,93.4,90.15,92.1,24103
NSIL,20200219,755,755,730.7,745.1,156
NTL,20200219,0.35,0.35,0.35,0.35,1951
NTPC,20200219,112.3,113.75,110.4,112.05,17935374
NUCLEUS,20200219,301,304,298.45,302.95,19365
NXTDIGITAL,20200219,409.3,418,392.6,395.45,2294
OAL,20200219,199.45,204.65,191,193.75,3899
OBEROIRLTY,20200219,518.7,518.7,506.2,510.2,584140
OCCL,20200219,973.85,973.85,950,963.8,1622
OFSS,20200219,2866.5,2890,2845,2848.95,6125
OIL,20200219,133.85,139,130.05,138.45,7499920
OILCOUNTUB,20200219,3.5,3.65,3.5,3.65,3768
OISL,20200219,2.55,2.85,2.4,2.65,13441
OLECTRA,20200219,154.8,154.8,147.3,148.45,78017
OMAXAUTO,20200219,38.7,38.7,37.75,38.25,4711
OMAXE,20200219,155.4,156.7,155,155.25,78343
OMKARCHEM,20200219,4.05,4.25,4.05,4.1,13436
OMMETALS,20200219,23.05,23.75,22.7,23.15,66032
ONELIFECAP,20200219,6,6.45,5.9,6.2,3420
ONEPOINT,20200219,21.55,21.95,21.15,21.8,22434
ONGC,20200219,100.3,102.2,98.8,101.7,21806183
ONMOBILE,20200219,26.55,27,26.25,26.85,283913
ONWARDTEC,20200219,59.05,62.7,58.6,61.65,3588
OPTIEMUS,20200219,27.25,27.5,23.4,23.4,85516
OPTOCIRCUI,20200219,2.85,2.9,2.6,2.8,669027
ORBTEXP,20200219,79.9,79.9,76.2,76.85,8098
ORICONENT,20200219,15.9,16.8,15.5,16.4,34103
ORIENTABRA,20200219,17.4,17.4,17.1,17.25,7068
ORIENTALTL,20200219,9.2,10.3,9.2,10.05,2957
ORIENTBANK,20200219,42.05,42.5,41.55,41.85,719602
ORIENTBELL,20200219,111.45,112,107.15,108.25,17684
ORIENTCEM,20200219,79.05,80.7,79.05,80.05,175927
ORIENTELEC,20200219,263.5,277,261.1,273.5,217958
ORIENTHOT,20200219,28.75,28.75,27.55,28,11971
ORIENTLTD,20200219,89.95,91.95,86.35,91,244
ORIENTPPR,20200219,22.4,24.1,22.15,23.8,662985
ORIENTREF,20200219,232.35,240.3,220,222.1,70267
ORISSAMINE,20200219,2310,2366,2240,2299.65,43455
ORTINLABSS,20200219,8.8,8.8,8,8.4,7706
OSWALAGRO,20200219,6.5,6.85,6.25,6.75,28459
PAEL,20200219,2.65,2.65,2.6,2.65,198
PAGEIND,20200219,22999.8,23162,22822.8,22911.15,17524
PAISALO,20200219,271.1,275,265,266.15,630
PALASHSECU,20200219,27.9,27.9,25.5,27.65,5619
PALREDTEC,20200219,16.5,17.8,16.5,16.7,707
PANACEABIO,20200219,114.75,117.95,113.45,116.5,25741
PANACHE,20200219,52,52.15,48.6,49.25,7636
PANAMAPET,20200219,55.15,58.8,53.7,57.35,8183
PAPERPROD,20200219,281,305,277.05,294.2,847004
PARABDRUGS,20200219,1.4,1.4,1.4,1.4,25276
PARACABLES,20200219,7,7.3,7,7.1,22706
PARAGMILK,20200219,101.15,110,100.35,108.7,1097823
PARSVNATH,20200219,2.1,2.1,1.9,1.95,54830
PATELENG,20200219,16.35,17.4,16.3,16.8,176567
PATINTLOG,20200219,17.75,18.95,17.5,18.05,32728
PATSPINLTD,20200219,3.8,3.9,3.8,3.8,4925
PCJEWELLER,20200219,17.3,18.5,17.25,18.05,5247858
PDMJEPAPER,20200219,16.3,17.2,16.3,17,54134
PDPL,20200219,3.3,3.3,3.15,3.15,707
PDSMFL,20200219,390,391.95,386,388.9,2222
PEARLPOLY,20200219,14,14.4,13.15,14,6413
PEL,20200219,1538.55,1579.95,1531.4,1573.1,1586286
PENIND,20200219,23.7,25,23.7,24.8,114412
PENINLAND,20200219,3.9,3.95,3.8,3.95,20985
PERSISTENT,20200219,705.15,722,696.55,718.6,38479
PETRONET,20200219,261.65,266.25,260.15,265.65,1984243
PFC,20200219,128.5,130.6,127.25,129.6,5611653
PFIZER,20200219,4178.8,4275.2,4154.1,4220.05,45386
PFOCUS,20200219,41.05,45.55,41,44.6,151976
PFS,20200219,12.95,13.1,12.65,12.85,381060
PGEL,20200219,65.25,67.8,64.4,65.9,27766
PGHH,20200219,11290,11290,11160,11175.75,1660
PGHL,20200219,4267,4269.35,4202.6,4221.05,6697
PGIL,20200219,134.45,141,130.25,132.7,2901
PHILIPCARB,20200219,126.5,129.8,126.35,128.85,437585
PHOENIXLTD,20200219,872,874.85,846.55,866.6,104420
PIDILITIND,20200219,1582.9,1598.8,1576.6,1593.75,230133
PIIND,20200219,1547.2,1584.75,1530.15,1548.1,319953
PILANIINVS,20200219,1764,1766.15,1725.15,1746.75,4580
PILITA,20200219,5.75,5.85,5.45,5.5,82682
PIONDIST,20200219,150,150,146.85,147.95,59943
PIONEEREMB,20200219,28.5,29.7,28,28.4,9349
PITTIENG,20200219,38.1,38.15,36.05,37.1,11452
PKTEA,20200219,123.95,130,120,129.65,162
PLASTIBLEN,20200219,193.85,203.95,192,200,7325
PNB,20200219,52.5,53.1,51.7,52.7,13554123
PNBGILTS,20200219,28.6,29.65,28.6,29.45,208853
PNBHOUSING,20200219,410.25,414.8,410,411.8,258446
PNC,20200219,14.45,15.8,14.25,14.4,7651
PNCINFRA,20200219,203.25,205.75,201.15,202.35,114380
PODDARHOUS,20200219,278.4,300,270.05,274.55,166
PODDARMENT,20200219,192,207.8,190.8,202.05,79759
POKARNA,20200219,81.55,84.55,81.55,82.3,30948
POLYCAB,20200219,1072.95,1088,1070.3,1077.75,147996
POLYMED,20200219,295.8,303.75,292.5,300,41211
POLYPLEX,20200219,523.55,547,523.55,542.6,86368
PONNIERODE,20200219,141.3,149.05,141.3,142.7,2407
POWERGRID,20200219,186,187.95,183,187.5,12551481
POWERMECH,20200219,750.9,750.9,722.05,740.1,14203
PPAP,20200219,187,193.45,186.95,187.3,6109
PPL,20200219,57.55,57.55,55.1,55.85,20641
PRABHAT,20200219,77.75,84.05,77.75,82.9,182373
PRADIP,20200219,0.45,0.45,0.4,0.45,455
PRAENG,20200219,6,6.3,5.65,5.95,43610
PRAJIND,20200219,108.5,109.8,106.5,107.3,1207003
PRAKASH,20200219,41.2,42.85,40.5,41.85,511245
PRAKASHSTL,20200219,0.2,0.25,0.2,0.2,20493
PRECAM,20200219,39.9,39.9,37.85,38.25,12019
PRECOT,20200219,31,31.5,31,31.5,2973
PRECWIRE,20200219,139.95,140.4,136.5,137.75,6441
PREMEXPLN,20200219,120.9,126.6,117.05,119.3,11739
PREMIER,20200219,1.7,1.7,1.65,1.65,1633
PREMIERPOL,20200219,24.8,25.4,22.7,23.5,652
PRESSMN,20200219,23.05,23.85,22.25,23.05,8810
PRESTIGE,20200219,354.6,367.7,347,364.8,205592
PRICOLLTD,20200219,45,46.6,44.1,45.7,104122
PRIMESECU,20200219,38.45,41.5,37.45,39.65,41302
PRINCEPIPE,20200219,186.75,188.6,182,182.4,320045
PROSEED,20200219,0.25,0.3,0.25,0.3,2151
PROZONINTU,20200219,17.8,18.85,17.25,17.45,59428
PRSMJOHNSN,20200219,63.5,64.4,60.35,62.8,155567
PSB,20200219,16.8,17.3,16.6,17,22123
PSL,20200219,0.5,0.5,0.45,0.45,2407
PSPPROJECT,20200219,523.9,523.95,516.25,519.95,33682
PSUBNKBEES,20200219,23.9,24.4,23.35,23.61,30183
PTC,20200219,51,52,51,51.4,387104
PTL,20200219,35.55,36.9,35.55,36,3186
PUNJABCHEM,20200219,454.5,470,454.5,463.35,1321
PURVA,20200219,56.65,57.9,55.1,56.95,78326
PVR,20200219,2088.15,2119.3,2087.45,2112.8,310296
QGOLDHALF,20200219,1807.05,1824.4,1807.05,1822,1364
QUESS,20200219,584.25,586.65,544.3,553.95,171789
QUICKHEAL,20200219,126.8,129,124.55,125.25,152596
RADICO,20200219,419,439.15,414,435.8,816383
RADIOCITY,20200219,27,27.35,26.25,26.65,92148
RAIN,20200219,104,105.65,103.7,104.4,656073
RAJESHEXPO,20200219,716.9,721,697,704,147852
RAJSREESUG,20200219,17.15,17.25,16.55,16.55,11243
RAJTV,20200219,44.5,44.5,40.45,42.25,24009
RAJVIR,20200219,10.9,10.9,10.9,10.9,2
RALLIS,20200219,230,244,228.55,238.25,1238889
RAMANEWS,20200219,13.4,14.25,13.35,13.9,19889
RAMASTEEL,20200219,39.05,42.65,38,39.95,6421
RAMCOCEM,20200219,788.55,802.65,786.05,799.9,239518
RAMCOIND,20200219,179.9,183.9,176.05,183.1,33267
RAMCOSYS,20200219,159.75,160.75,151.2,152.7,51624
RAMKY,20200219,31.3,31.45,30,30.65,27016
RANASUG,20200219,4.8,4.8,4.55,4.8,128007
RANEENGINE,20200219,220,220,204.1,210.65,2799
RANEHOLDIN,20200219,692,720,692,705.45,15115
RATNAMANI,20200219,1313.9,1359.55,1303.6,1321.5,27559
RAYMOND,20200219,582.15,594.6,580,584.9,314549
RBL,20200219,573.25,582.85,571.5,575.25,8238
RBLBANK,20200219,306.85,311.65,302.55,306.55,8087511
RCF,20200219,43.9,44.35,43.05,43.4,733319
RCOM,20200219,0.65,0.75,0.65,0.7,7272881
RECLTD,20200219,137.35,138.75,136.3,137.2,2009183
REDINGTON,20200219,118.95,122.55,118.3,120.9,194481
REFEX,20200219,79.4,80.2,73.1,73.6,500851
REGENCERAM,20200219,1,1,1,1,350
RELAXO,20200219,820,823.8,810,813.85,153534
RELCAPITAL,20200219,6.9,7.2,6.8,7.15,3618540
RELIANCE,20200219,1479.35,1506.45,1475.1,1503.8,6438918
RELIGARE,20200219,41.9,43.3,41.5,43.3,4199263
RELINFRA,20200219,22.1,23.4,21.05,23.05,4617012
REMSONSIND,20200219,77.05,83.4,77.05,81,1434
RENUKA,20200219,7.25,7.35,7,7.15,741160
REPCOHOME,20200219,292.3,318.9,292.3,301.7,146062
REPRO,20200219,558,560.35,550.55,552.05,3435
RESPONIND,20200219,88.25,90,87,87.65,101276
REVATHI,20200219,494.3,525,467.55,503.45,22956
RGL,20200219,355,400,355,397.7,10976
RHFL,20200219,0.85,0.95,0.85,0.95,1568732
RICOAUTO,20200219,39.7,40.8,39.7,40.25,138022
RIIL,20200219,359.2,366.7,356.4,362.2,377187
RITES,20200219,313.5,323.7,313.1,320.75,1293506
RKDL,20200219,5.55,5.7,5.35,5.5,5343
RKFORGE,20200219,339.7,346,330,337,9142
RMCL,20200219,5.15,5.15,4.9,4.9,10680
RML,20200219,261,272,260.45,262.6,7696
RNAVAL,20200219,1.55,1.55,1.55,1.55,207873
ROHITFERRO,20200219,0.45,0.45,0.4,0.4,8791
ROHLTD,20200219,70.3,72.7,69.05,71.1,57400
ROLLT,20200219,1.4,1.55,1.4,1.45,1907
ROLTA,20200219,3.65,3.65,3.4,3.5,169688
ROSSELLIND,20200219,60.05,62,60.05,62,1269
RPGLIFE,20200219,278.9,283.9,276.3,282.3,15918
RPOWER,20200219,1.7,1.75,1.65,1.75,9500518
RPPINFRA,20200219,52.4,54.55,48.1,50.6,57126
RSSOFTWARE,20200219,19.55,19.55,18.5,18.8,15602
RSWM,20200219,119,120,116.1,117.55,15920
RSYSTEMS,20200219,97,99,95.9,98,97326
RTNPOWER,20200219,2.75,2.75,2.75,2.75,341037
RUBYMILLS,20200219,208,209,196.55,205.85,1443
RUCHI,20200219,46.35,46.35,46.35,46.35,394
RUCHINFRA,20200219,3,3,2.8,2.8,50561
RUCHIRA,20200219,59.5,60.95,56.6,59.95,120855
RUPA,20200219,219,225,216.6,218.1,23019
RUSHIL,20200219,137.5,137.5,130.1,131.05,5957
RVNL,20200219,22.55,23.65,22.1,23.35,11473042
SABEVENTS,20200219,0.55,0.55,0.55,0.55,719
SABTN,20200219,1.25,1.35,1.2,1.2,23744
SADBHAV,20200219,89.65,90.45,76,81.5,2278494
SADBHIN,20200219,31.75,32.2,25.5,28.35,1338752
SAFARI,20200219,640,662,633.15,642.9,8619
SAGARDEEP,20200219,76.2,82.95,76.2,82.05,4716
SAGCEM,20200219,523.95,526.35,511.65,517.9,1324
SAIL,20200219,42.5,43,41.15,41.65,28855122
SAKAR,20200219,62.5,62.8,57.4,62.8,3325
SAKHTISUG,20200219,9.45,9.45,9,9.15,66657
SAKSOFT,20200219,203.95,204,200.95,202.45,1574
SAKUMA,20200219,6.15,7,5.95,6.05,460838
SALASAR,20200219,120.25,124.85,118.1,122.45,31523
SALONA,20200219,70,70,66.15,68.2,804
SALSTEEL,20200219,2.85,3,2.85,3,19118
SALZERELEC,20200219,106,108,104.8,107.2,9064
SAMBHAAV,20200219,2.05,2.15,2,2.1,42491
SANCO,20200219,14.9,15,14.35,14.55,114461
SANDESH,20200219,595.15,609,590,592.2,393
SANDHAR,20200219,262.05,276,262,266.15,3824
SANGAMIND,20200219,52.7,54,52.1,53.6,2120
SANGHIIND,20200219,30.15,35,30.15,32.75,246705
SANGHVIFOR,20200219,15,15.6,14.75,15.5,3215
SANGHVIMOV,20200219,102.55,112,102.55,110.75,25266
SANGINITA,20200219,161,161,157.5,158.95,44129
SANOFI,20200219,7180,7284,7140,7193.75,12167
SANWARIA,20200219,1.55,1.65,1.55,1.65,2848526
SARDAEN,20200219,202.6,208,202,203.7,21687
SAREGAMA,20200219,388.1,405,384.1,397.65,5770
SARLAPOLY,20200219,20.5,20.5,19.55,20.1,57286
SASKEN,20200219,581.3,595.45,564.2,574.85,4812
SASTASUNDR,20200219,69.05,72,68,69,2051
SATHAISPAT,20200219,1.85,1.85,1.8,1.8,238
SATIA,20200219,98,100.8,95.95,99.3,65086
SATIN,20200219,190.1,196.35,184,185.15,515696
SBIETFQLTY,20200219,101,104,100.7,101.7,801
SBILIFE,20200219,918.1,942.45,918.1,938.2,786366
SBIN,20200219,322.3,324,317.25,320.35,39846727
SCAPDVR,20200219,0.15,0.2,0.15,0.2,70076
SCHAEFFLER,20200219,4531,4662.35,4487.65,4598.15,3628
SCHAND,20200219,70.25,72.95,70.25,72.85,16010
SCHNEIDER,20200219,102,104.2,100.6,101.75,90743
SCI,20200219,56.5,56.95,55.1,56.05,824153
SDBL,20200219,103.9,104.95,100.4,103.8,12022
SEAMECLTD,20200219,425.2,448,425.2,440.85,23770
SELAN,20200219,138,141.3,137.65,140.55,20495
SELMCL,20200219,0.6,0.7,0.6,0.65,387899
SEPOWER,20200219,2.6,2.6,2.3,2.4,15678
SEQUENT,20200219,95,97.5,94.1,95.25,318417
SESHAPAPER,20200219,149,158,149,156.5,14632
SETCO,20200219,11.25,11.25,10.25,10.55,527982
SETF10GILT,20200219,190.99,191,190.99,190.99,2
SETFGOLD,20200219,3716.5,3739.4,3709.5,3736,2429
SETFNIF50,20200219,124.3,125.29,124.09,125.13,25600
SETFNIFBK,20200219,314.95,314.95,310,311.41,4553
SETFNN50,20200219,290.65,294.45,290.05,293.7,1249
SETUINFRA,20200219,0.75,0.85,0.75,0.8,141386
SEYAIND,20200219,84.05,91.6,84.05,84.05,28415
SFL,20200219,1657.85,1721,1651.7,1664.3,14842
SGL,20200219,6.4,6.85,6.4,6.65,2348
SHAHALLOYS,20200219,7.7,8,7.5,7.5,1750
SHAKTIPUMP,20200219,254.1,261.05,251,255,90526
SHALBY,20200219,99.45,99.5,97.1,97.6,25199
SHALPAINTS,20200219,96.1,99.05,96.1,97.55,65417
SHANKARA,20200219,486.7,512.05,470.1,482.4,126476
SHANTIGEAR,20200219,93,95.6,93,93.3,2342
SHARDACROP,20200219,210.1,219.95,210.1,212.3,7002
SHARDAMOTR,20200219,898,900,871.6,877.05,703
SHARIABEES,20200219,270.75,270.75,269.37,269.41,392
SHEMAROO,20200219,70.9,75,70.9,71.15,164862
SHIL,20200219,146,146.05,137.45,140.9,28758
SHILPAMED,20200219,443,461,443,461,77960
SHIRPUR-G,20200219,9.5,9.9,9.05,9.05,10139
SHIVAMAUTO,20200219,18.75,19.65,18.75,18.9,67922
SHIVAMILLS,20200219,30.25,33,30.25,30.85,1056
SHIVATEX,20200219,91.15,91.15,85.2,87.7,1757
SHK,20200219,112.75,114.8,109.6,110.9,105245
SHOPERSTOP,20200219,383.95,386.75,378.05,383,29072
SHREDIGCEM,20200219,26.55,27.8,26.55,27.5,377678
SHREECEM,20200219,24850,25199.9,24316.8,24533.25,156489
SHREEPUSHK,20200219,117.9,120.75,113.15,119.55,46452
SHREERAMA,20200219,5.6,5.6,5.45,5.45,17167
SHRENIK,20200219,36.5,41.45,36.05,38.1,312973
SHREYANIND,20200219,112,114,108,112.65,33542
SHREYAS,20200219,77.65,77.65,73,74.1,5698
SHRIPISTON,20200219,676.25,677.05,676.2,676.2,124
SHRIRAMCIT,20200219,1421.05,1435.15,1410,1417,27303
SHRIRAMEPC,20200219,3.75,3.95,3.7,3.95,49833
SHYAMCENT,20200219,2.95,3,2.9,2.95,21584
SICAGEN,20200219,15,15,14.35,14.65,19271
SICAL,20200219,9.3,9.3,9,9.3,461103
SIEMENS,20200219,1402.5,1425,1399.9,1421.9,301671
SIGIND,20200219,19.6,20,19.1,20,5836
SIL,20200219,11,11.55,11,11.05,1253
SILINV,20200219,140,140.95,132.6,137.45,3863
SIMBHALS,20200219,6.7,6.7,6.25,6.65,10655
SIMPLEXINF,20200219,50.05,51.65,47.6,51.4,739851
SINTEX,20200219,0.7,0.75,0.65,0.7,2117829
SIRCA,20200219,320,326,316,325.9,9045
SIS,20200219,586.2,602.9,578,579,38302
SITINET,20200219,1.1,1.1,1.1,1.1,52026
SIYSIL,20200219,228.9,228.9,222.75,225.4,26847
SJVN,20200219,25.55,25.7,25.2,25.55,1843258
SKFINDIA,20200219,1951.95,1981,1950,1959.3,10057
SKIL,20200219,4.2,4.35,4.2,4.35,5050
SKIPPER,20200219,36.75,37,35.8,36.25,445969
SKMEGGPROD,20200219,30.95,31.7,30.25,30.55,5467
SMARTLINK,20200219,78.95,81.15,78.15,79.5,803
SMLISUZU,20200219,579.8,588,571.05,574.75,71277
SMSLIFE,20200219,245,260,245,259.3,5332
SMSPHARMA,20200219,42.55,42.9,39.35,40,60691
SNOWMAN,20200219,43.45,43.6,43.2,43.45,2020944
SOBHA,20200219,368.6,368.6,348.5,352.35,260964
SOLARA,20200219,664,664.9,619,638.1,53127
SOLARINDS,20200219,1199,1264,1199,1248.2,62188
SOMANYCERA,20200219,205.25,209,198.5,202.5,102279
SOMATEX,20200219,2.2,2.3,2.1,2.1,2437
SOMICONVEY,20200219,12.55,13.95,12.55,13.05,3005
SONATSOFTW,20200219,340.95,341.8,331.6,333.65,80570
SORILINFRA,20200219,98.6,103.05,94.55,103.05,115217
SOTL,20200219,807.5,822,803,808.85,771
SOUTHBANK,20200219,9.75,9.9,9.75,9.8,3443733
SOUTHWEST,20200219,18.2,18.2,17.05,18.2,7443
SPAL,20200219,165.85,168.4,159.25,166.2,15055
SPANDANA,20200219,1035,1054.95,1028,1042.95,42443
SPARC,20200219,165.25,168.5,161,164.35,777034
SPCENET,20200219,0.85,0.85,0.85,0.85,9368
SPECIALITY,20200219,57.85,57.85,55.2,55.95,69170
SPENCERS,20200219,80.2,85,78.15,83.25,1316072
SPENTEX,20200219,0.2,0.3,0.2,0.2,23798
SPIC,20200219,17.15,18,17.15,17.3,27181
SPICEJET,20200219,84.25,89.7,83.6,87.7,3149122
SPLIL,20200219,29.6,29.7,28.6,29.25,13479
SPMLINFRA,20200219,8.7,9.1,8.4,9,7059
SPTL,20200219,0.8,0.85,0.75,0.85,2408832
SPYL,20200219,0.25,0.3,0.2,0.3,45510
SREEL,20200219,156.05,167.95,156.05,157.6,9061
SREINFRA,20200219,8.3,8.45,7.95,8,444992
SRF,20200219,4165,4180,4143.8,4162.15,146542
SRHHYPOLTD,20200219,124.8,124.8,112.35,117.4,6784
SRIPIPES,20200219,220.25,226.9,220.25,225.65,123545
SRTRANSFIN,20200219,1270.05,1304.05,1265.55,1291.05,1266299
SSWL,20200219,741,749,741,747.85,2626
STAMPEDE,20200219,0.35,0.4,0.3,0.3,150753
STAR,20200219,489.7,511,489.65,505.25,581455
STARCEMENT,20200219,86.05,86.5,85,85.15,15938
STARPAPER,20200219,121.1,133,119.5,130.6,647543
STCINDIA,20200219,48.85,50.6,47.7,49.65,24058
STEELCITY,20200219,28.55,30.8,28.55,28.7,4729
STEELXIND,20200219,24,24.65,23.1,24.25,41693
STEL,20200219,61.9,62.35,60.35,60.8,4565
STERTOOLS,20200219,196.95,220,192.1,208.45,33784
STRTECH,20200219,110,112.65,110,111.05,714707
SUBCAPCITY,20200219,5.5,5.5,5.5,5.5,5000
SUBEX,20200219,6.6,7.1,6.4,6.6,1906231
SUBROS,20200219,266,266,250.6,252.65,23792
SUDARSCHEM,20200219,471,476,458.5,461.3,216407
SUJANAUNI,20200219,0.15,0.15,0.1,0.15,113812
SUMEETINDS,20200219,1.5,1.55,1.5,1.55,18192
SUMICHEM,20200219,249.5,260,244,253,834919
SUMIT,20200219,16.95,16.95,15.4,16.45,3035
SUMMITSEC,20200219,411.2,439,411.2,430.35,1309
SUNCLAYLTD,20200219,1999.35,2018,1983.5,2004.45,843
SUNDARAM,20200219,1.5,1.55,1.5,1.55,207428
SUNDARMFIN,20200219,1646.3,1646.3,1603.95,1638.4,45284
SUNDARMHLD,20200219,64,64,60.25,61.4,14586
SUNDRMBRAK,20200219,292,299.75,292,295.1,832
SUNDRMFAST,20200219,447.35,451.8,443.5,445.1,33503
SUNFLAG,20200219,36.05,38.5,36.05,37.9,170792
SUNPHARMA,20200219,410.4,414.2,400.6,403.55,5910512
SUNTECK,20200219,392.3,394.6,385.2,392.6,144995
SUNTV,20200219,475,497.45,474.15,495.1,3305691
SUPERHOUSE,20200219,89.15,91.8,88.9,90.6,6659
SUPERSPIN,20200219,3.05,3.15,3,3,20345
SUPPETRO,20200219,169.25,174.9,169.2,171.65,4759
SUPRAJIT,20200219,197.55,200.75,195.4,198.4,53046
SUPREMEIND,20200219,1409.95,1409.95,1385.1,1399.9,81149
SUPREMEINF,20200219,19.05,20.6,18.7,19.9,41643
SURANASOL,20200219,7.5,7.75,7.2,7.55,14198
SURANAT&P,20200219,3.75,4,3.7,4,68506
SURYALAXMI,20200219,19.65,19.7,18.55,18.7,8675
SURYAROSNI,20200219,165.3,174.5,162.5,165.05,45824
SUTLEJTEX,20200219,30.4,31.4,28,28.9,54302
SUVEN,20200219,51.15,51.15,51.15,51.15,26783
SUZLON,20200219,2.3,2.35,2.2,2.25,7438068
SWANENERGY,20200219,122,129.75,122,126.9,41858
SWARAJENG,20200219,1145,1162.8,1145,1159.65,3536
SWELECTES,20200219,121.45,124.55,120.05,121,5678
SWSOLAR,20200219,253,254.05,234,236.4,231861
SYMPHONY,20200219,1365,1375,1335,1364.95,36154
SYNCOM,20200219,0.6,0.6,0.6,0.6,16771
SYNDIBANK,20200219,21.95,22.5,21.7,22.15,516859
SYNGENE,20200219,307.4,310.5,304,308.05,39689
TAINWALCHM,20200219,52.2,53.35,51,52,2368
TAJGVK,20200219,176.75,176.75,167.3,173.1,38609
TAKE,20200219,99.5,102.45,98.1,99.2,220198
TALBROAUTO,20200219,123.4,123.6,116.55,118.35,6904
TALWALKARS,20200219,1.9,1.9,1.9,1.9,16194
TALWGYM,20200219,1.35,1.35,1.35,1.35,2512
TANLA,20200219,74.15,77,73,76.55,184570
TANTIACONS,20200219,2.15,2.15,2.05,2.15,7729
TARAPUR,20200219,3.55,3.55,3.55,3.55,15
TARMAT,20200219,30.35,31.85,30.35,31.85,7184
TASTYBITE,20200219,11300,11540,11110,11180.5,5438
TATACHEM,20200219,755,768,748.3,764.75,742689
TATACOFFEE,20200219,91.1,96,91.1,95.2,1382800
TATACOMM,20200219,395,395,382.1,384.4,58658
TATAELXSI,20200219,980.1,1014,978.05,1005.7,627745
TATAGLOBAL,20200219,383,386.35,377.6,383.15,4326781
TATAINVEST,20200219,933.7,942.95,920.1,922.4,21790
TATAMETALI,20200219,591,611,585,605.35,51636
TATAMOTORS,20200219,162.85,164.6,153.05,158.05,78914233
TATAMTRDVR,20200219,66.7,67.5,62.55,63.9,4869451
TATAPOWER,20200219,52,52.35,50.8,51.35,7216081
TATASTEEL,20200219,436.45,438.5,428.15,433.2,8465109
TATASTLBSL,20200219,27.4,27.7,27,27.3,347562
TATASTLLP,20200219,366.4,377.45,365.8,370.75,23531
TBZ,20200219,37.3,37.4,34.6,35.15,121170
TCI,20200219,259.35,261.95,258.1,259.85,11087
TCIDEVELOP,20200219,345,365,336,347.85,381
TCIEXP,20200219,919.9,920.1,900,908.75,13946
TCIFINANCE,20200219,6.1,6.45,6.05,6.25,28032
TCNSBRANDS,20200219,558,572.05,549,555.95,4918
TCPLPACK,20200219,277,288.7,271.05,282,6193
TCS,20200219,2215.75,2230,2190.5,2196.35,1760463
TDPOWERSYS,20200219,167,175,167,168.65,13328
TEAMLEASE,20200219,2480,2480,2395.15,2443.7,9290
TECHIN,20200219,2.5,2.5,2.5,2.5,900
TECHM,20200219,839,844.85,836.05,840.9,881874
TECHNOE,20200219,292,300,290.45,299.45,2951
TECHNOFAB,20200219,13.15,13.15,13.15,13.15,2276
TEJASNET,20200219,68.7,68.9,66.8,67.45,112266
TERASOFT,20200219,23.75,25.3,23.75,24,13153
TEXINFRA,20200219,41.7,42.65,41.4,42.25,3812
TEXMOPIPES,20200219,14.2,14.6,13.9,14.1,44160
TEXRAIL,20200219,30.85,31.45,30.2,30.4,365743
TFCILTD,20200219,71.9,74.5,70.75,73.6,168870
TFL,20200219,4.15,4.15,4.15,4.15,1107
TGBHOTELS,20200219,3.25,3.4,3.15,3.25,15942
THANGAMAYL,20200219,460,470,434.9,447.4,15722
THEINVEST,20200219,118,118,118,118,938
THEMISMED,20200219,418,420,393,417.4,1719
THERMAX,20200219,978,999.5,963,985.55,41150
THOMASCOOK,20200219,42.5,44.6,41,41.25,771417
THOMASCOTT,20200219,3.95,3.95,3.95,3.95,10
THYROCARE,20200219,624.85,653.95,606.1,615.6,760693
TI,20200219,18,18.95,18,18.85,36869
TIDEWATER,20200219,4867.05,4956.2,4800,4828.55,1113
TIIL,20200219,309,323.95,309,314.35,1079
TIINDIA,20200219,489.5,497.25,487.45,494.85,36814
TIJARIA,20200219,4.95,5.15,4.75,5.15,13534
TIL,20200219,188.5,194.9,180.25,189.45,3293
TIMESGTY,20200219,26.65,30.95,26.65,29.85,7154
TIMETECHNO,20200219,50.4,51.7,50.2,50.9,105288
TIMKEN,20200219,1040,1056.45,1024,1035.25,22689
TINPLATE,20200219,134.8,143.4,134.1,139.25,608839
TIPSINDLTD,20200219,123.1,125.75,123.1,124.25,7304
TIRUMALCHM,20200219,65.35,66.5,63.35,64.1,324671
TITAN,20200219,1317,1332.9,1312.05,1329.6,1445826
TMRVL,20200219,8.3,8.6,7.95,8.2,17935
TNPETRO,20200219,35.45,36,34.8,35.1,70039
TNPL,20200219,166.65,169.7,165.75,166.95,61836
TNTELE,20200219,1.4,1.45,1.4,1.45,363
TOKYOPLAST,20200219,65.1,65.1,56.95,63.7,2481
TORNTPHARM,20200219,2141.9,2287.25,2135.1,2242.15,809752
TORNTPOWER,20200219,311,319.25,310.7,316.95,1072964
TOUCHWOOD,20200219,79.7,79.7,70,73.25,23725
TPLPLASTEH,20200219,129.05,129.05,121,122.75,7768
TREEHOUSE,20200219,4.85,5,4.7,4.95,8929
TREJHARA,20200219,8.9,8.9,8.1,8.35,36949
TRENT,20200219,731.85,779,731.85,775.15,656923
TRF,20200219,108.45,112.5,108.45,111.45,33051
TRIDENT,20200219,5.6,5.7,5.6,5.65,2186477
TRIGYN,20200219,45,46.9,44.9,45.4,76309
TRIL,20200219,9.25,9.4,8.65,8.75,235275
TRITURBINE,20200219,91.35,95.75,90.55,95,100850
TRIVENI,20200219,80.7,81.1,79,79.5,432240
TTKHLTCARE,20200219,483,502,480.1,486.8,7492
TTKPRESTIG,20200219,5871.6,5900,5811.4,5850.75,4232
TTL,20200219,40.5,42.85,38.6,40.45,9154
TTML,20200219,3.2,3.3,3.15,3.15,2184195
TV18BRDCST,20200219,29.1,29.2,28,28.25,10393322
TVSELECT,20200219,105,113,103.75,107.1,85586
TVSMOTOR,20200219,442.95,446.7,434.55,440.7,1353692
TVSSRICHAK,20200219,1603,1615.35,1580,1588.85,2190
TVTODAY,20200219,249.15,258.75,245.2,256,55753
TVVISION,20200219,1.1,1.1,1.1,1.1,751
TWL,20200219,46.9,47.8,45.55,45.95,440671
UBL,20200219,1270.05,1298.45,1264.5,1286.4,208671
UCALFUEL,20200219,119.85,121.15,119.75,119.9,10224
UCOBANK,20200219,13.75,14,13.6,13.8,376249
UFLEX,20200219,224.4,234.4,217.7,229.6,179574
UFO,20200219,120.95,120.95,116.05,116.8,32802
UGARSUGAR,20200219,15.2,15.45,14.55,14.75,311964
UJAAS,20200219,3.95,4.05,3.85,3.85,490969
UJJIVAN,20200219,386,392.75,385.1,389.55,1490590
UJJIVANSFB,20200219,53,53.9,52.9,53.05,2178575
ULTRACEMCO,20200219,4494,4530,4455,4473.1,384898
UMANGDAIRY,20200219,41.15,47.65,41.1,44.05,28496
UMESLTD,20200219,0.85,0.85,0.85,0.85,20010
UNICHEMLAB,20200219,137.15,140.35,137.05,138.4,15808
UNIENTER,20200219,70.8,72.8,68.65,70.45,1925
UNIONBANK,20200219,43.5,44.4,43.2,44.2,2615042
UNIPLY,20200219,8.9,8.9,8.9,8.9,143358
UNITECH,20200219,2.7,2.7,2.7,2.7,519130
UNITEDBNK,20200219,7.75,7.9,7.65,7.8,230792
UNITEDTEA,20200219,260.5,265,241,256.95,879
UNIVCABLES,20200219,147.15,155,147.15,151.2,11263
UNIVPHOTO,20200219,66.05,66.15,66.05,66.15,614
UPL,20200219,589.9,593.85,581.3,585.2,2843587
URJA,20200219,1.5,1.55,1.45,1.5,573125
USHAMART,20200219,25,25.3,23.9,24.2,171580
UTINEXT50,20200219,292,292,291,291,578
UTINIFTETF,20200219,1274.1,1293,1273.3,1291.6,7425
UTISENSETF,20200219,436,441.98,432,434.8,415
UTISXN50,20200219,315,325,315,320.45,198
UTTAMSTL,20200219,6.05,6.35,6.05,6.35,54263
UTTAMSUGAR,20200219,113,113.85,110,110.7,72563
UVSL,20200219,0.05,0.1,0.05,0.1,2017375
V2RETAIL,20200219,82,83.95,81,81.75,75833
VADILALIND,20200219,840,840,825.05,830.55,4569
VAIBHAVGBL,20200219,1127.95,1171,1127.95,1158.45,25368
VAISHALI,20200219,53.75,53.75,51.95,52.35,35312
VAKRANGEE,20200219,45.7,46.15,45.05,45.95,1897856
VARDHACRLC,20200219,33.7,33.95,32.2,32.85,22769
VARDMNPOLY,20200219,2,2.1,2,2.1,2230
VARROC,20200219,403,408.95,400,404.3,18166
VASCONEQ,20200219,14.65,16.1,14.65,15.7,184711
VASWANI,20200219,3.5,3.85,3.4,3.5,42417
VBL,20200219,815.85,819.8,793.25,798.15,295137
VEDL,20200219,142,144.2,141.6,142.65,8824394
VENKEYS,20200219,1424.85,1458.7,1405.1,1412.9,91978
VENUSREM,20200219,24.65,25.4,24.6,25.35,11014
VESUVIUS,20200219,1121.8,1129.9,1103.1,1123.6,1011
VETO,20200219,52.9,55.85,52.9,53.55,25004
VGUARD,20200219,202.5,205.6,202.15,205.05,202624
VHL,20200219,1306,1330,1305,1318,424
VICEROY,20200219,1.25,1.25,1.15,1.15,5136
VIDHIING,20200219,65.05,65.45,64.5,65,16348
VIJIFIN,20200219,0.35,0.35,0.3,0.35,67135
VIKASECO,20200219,2.3,2.45,2.1,2.4,907831
VIKASMCORP,20200219,2.6,2.65,2.45,2.6,1483437
VIKASPROP,20200219,10.7,10.7,10.7,10.7,132236
VIKASWSP,20200219,7.85,8,7.55,7.6,393040
VIMTALABS,20200219,101,102.8,98.5,99.4,19509
VINATIORGA,20200219,975,1042,966.9,1015.15,160348
VINDHYATEL,20200219,858,887.9,854,860.4,7953
VINYLINDIA,20200219,60.3,62.85,59.5,61.15,7562
VIPCLOTHNG,20200219,6.8,7,6.7,6.8,70771
VIPIND,20200219,452.15,465,452.15,458.2,289840
VIPULLTD,20200219,21.05,21.05,19.2,19.75,967
VISAKAIND,20200219,250.05,253.15,245,246.15,19820
VISASTEEL,20200219,4.4,4.4,3.75,4.05,22546
VISESHINFO,20200219,0.05,0.1,0.05,0.1,2324703
VISHAL,20200219,232,232,232,232,2500
VISHNU,20200219,124.1,124.35,120.1,120.45,7961
VISHWARAJ,20200219,77.05,78,72,74.35,8173
VIVIDHA,20200219,0.3,0.3,0.25,0.3,247688
VIVIMEDLAB,20200219,10.2,10.3,10,10.1,75221
VLSFINANCE,20200219,57,57,54.4,55.65,20120
VMART,20200219,2298,2386,2294.9,2368.2,33410
VOLTAMP,20200219,1395,1483,1393.05,1442.75,20010
VOLTAS,20200219,702.1,737,702.1,733.15,3317660
VRLLOG,20200219,247.5,248,242,243.1,37392
VSSL,20200219,68.05,68.45,66.75,66.8,4849
VSTIND,20200219,4345,4345.15,4309.95,4318.95,4468
VSTTILLERS,20200219,1256.65,1289.9,1256.3,1263.1,3835
VTL,20200219,1035,1060,1035,1058.1,24926
WABAG,20200219,203.05,207.3,202.2,203.2,126069
WABCOINDIA,20200219,6839.9,6839.9,6701,6725.2,7966
WALCHANNAG,20200219,58.3,58.9,57,57.9,85572
WANBURY,20200219,26.35,26.35,23.9,26.3,18174
WATERBASE,20200219,135.5,135.85,131.1,131.75,189442
WEBELSOLAR,20200219,26.2,26.65,25.35,26.25,66773
WEIZFOREX,20200219,402,412,381,402.65,24743
WEIZMANIND,20200219,26,26.45,24.9,25,4288
WELCORP,20200219,209.3,210.95,207.5,209.5,608204
WELENT,20200219,73.5,75.95,71.2,73.2,291122
WELINV,20200219,204,216,197.4,213.65,280
WELSPUNIND,20200219,44.85,46.4,44.45,45.45,1519470
WENDT,20200219,2675.05,2749,2656,2721.3,179
WESTLIFE,20200219,471,496,463.65,485.85,532878
WHEELS,20200219,563.05,601,563,597.95,2455
WHIRLPOOL,20200219,2300,2315,2242.15,2255.4,57060
WILLAMAGOR,20200219,16.15,16.15,14.75,16.15,8187
WINDMACHIN,20200219,21.5,21.5,19.6,19.6,5097
WIPRO,20200219,244.5,248.35,244.5,247.6,1785384
WOCKPHARMA,20200219,338.65,373.9,338.4,367.75,3771819
WONDERLA,20200219,235.4,239,233.3,235.35,14203
WSI,20200219,1.45,1.45,1.4,1.45,6156
WSTCSTPAPR,20200219,211.15,228.9,209.4,222.2,191290
XCHANGING,20200219,53.45,54,51.9,53.15,17095
XELPMOC,20200219,60.65,60.65,58,58.75,3234
XPROINDIA,20200219,22.8,23.5,22.8,22.85,499
YESBANK,20200219,34,36.2,33.6,35.3,127701131
ZEEL,20200219,247,255.3,244.5,252.25,11212344
ZEELEARN,20200219,17.55,18.4,17,17.8,107318
ZEEMEDIA,20200219,5.15,5.15,4.95,5.1,559770
ZENITHBIR,20200219,0.5,0.5,0.5,0.5,11062
ZENITHEXPO,20200219,40.3,43.45,39.6,43.45,28
ZENSARTECH,20200219,141,145.8,141,144.15,434444
ZENTEC,20200219,55.15,60.55,54.7,58.85,55472
ZICOM,20200219,1.35,1.35,1.3,1.35,1655
ZODIACLOTH,20200219,171.15,174,171.1,173,223
ZODJRDMKJ,20200219,29.35,29.45,27.35,28.25,97
ZOTA,20200219,180,182,178.3,179.4,21921
ZUARI,20200219,89.4,89.4,86.15,87,29070
ZUARIGLOB,20200219,46.95,48.25,46,47.3,26792
ZYDUSWELL,20200219,1495,1500,1474.9,1480.1,4550
NSENIFTY,20200219,12090.60,12134.70,12042.10,12125.90,514030605,0
NIFTYJUNIOR,20200219,28290.20,28643.35,28284.75,28630.75,1199214781,0
NIFTYMIDCAPLIQ15,20200219,4198.55,4249.05,4189.50,4244.95,56549360,0
NSE100,20200219,12197.90,12256.20,12155.25,12248.20,1718114837,0
NIFTY200,20200219,6252.00,6284.10,6231.95,6280.65,1976956570,0
NSE500,20200219,9921.30,9974.85,9895.40,9970.50,2196256471,0
NSEMIDCAP150,20200219,6632.35,6691.55,6630.25,6687.65,272833616,0
MIDCAP50,20200219,4856.05,4905.55,4840.60,4901.20,225501074,0
NSEMIDCAP,20200219,17842.60,18004.35,17820.10,17990.10,258841733,0
NSESMLCAP100,20200219,6094.55,6147.20,6090.35,6139.80,-,0
NIFTYLARGEMIDCAP250,20200219,-,-,-,6216.26,1990948453,0
NIFTYAUTO,20200219,7754.35,7769.40,7606.25,7687.35,115975048,0
BANKNIFTY,20200219,30905.00,30947.15,30606.15,30838.20,268822099,0
NIFTYFINSERVICE,20200219,14456.65,14536.70,14374.10,14520.25,99514572,0
NIFTYFMGC,20200219,30529.40,30888.90,30440.35,30835.00,28679644,0
NSEIT,20200219,16796.40,16882.45,16754.25,16772.45,16905540,0
NIFTYMEDIA,20200219,1857.50,1887.85,1854.05,1882.00,36480188,0
NIFTYMETAL,20200219,2588.30,2606.80,2569.60,2591.05,102756753,0
NIFTYPHARMA,20200219,8277.40,8390.40,8276.15,8378.65,45593806,0
NIFTYPVTBANK,20200219,16867.00,16890.35,16706.50,16838.70,199736911,0
NIFTYPSUBANK,20200219,2148.90,2164.55,2122.05,2147.55,83743137,0
NIFTYREALTY,20200219,306.10,308.45,301.90,306.20,10008877,0
NIFTYCOMMODITIES,20200219,3316.95,3336.55,3298.80,3330.55,194643945,0
NIFTYCONSUMPTION,20200219,5131.00,5163.70,5110.40,5156.65,81888699,0
NIFTYCPSE,20200219,1636.55,1653.60,1618.75,1651.50,125078253,0
NIFTYENERGY,20200219,14935.80,15071.60,14877.90,15057.20,88450235,0
NIFTY100ESG,20200219,-,-,-,2288.94,1613730752,0
NIFTY100ENHESG,20200219,-,-,-,2313.64,1598112337,0
NIFTYINFRA,20200219,3258.30,3274.80,3248.40,3271.45,174137238,0
NIFTYMNC,20200219,14089.45,14184.80,14050.35,14171.40,1054164102,0
NIFTYPSE,20200219,2951.85,2978.00,2931.40,2974.40,192925733,0
NIFTYSMEEMERGE,20200219,-,-,-,1354.21,443680,0
NIFTYSERVSECTOR,20200219,17473.20,17521.25,17391.55,17505.55,344217164,0
NIFTYSHARIAH25,20200219,-,-,-,4444.39,66942924,0
NIFTY50SHARIAH,20200219,-,-,-,2628.20,60400783,0
NIFTY500SHARIAH,20200219,-,-,-,3150.13,269685580,0
NIFTYABGROUP,20200219,-,-,-,2994.55,1024937841,0
NIFTYMAHINDRA,20200219,-,-,-,10400.90,3991760,0
NIFTYTATA,20200219,-,-,-,7159.64,116108797,0
NIFTYTATA25CAP,20200219,-,-,-,5124.36,107522772,0
NIFTYABGROUP,20200219,-,-,-,2994.55,1024937841,0
NIFTYLIQ15,20200219,3612.50,3624.45,3568.20,3608.75,346239705,0
NIFTY500VALUE50,20200219,-,-,-,3429.30,424358976,0
NIFTYALPHALOWVOL30,20200219,-,-,-,12517.46,96449303,0
NIFTYQUALLOWVOL30,20200219,-,-,-,8652.61,70238167,0
NIFTYALPHAQUALLOWVOL30,20200219,-,-,-,10069.52,86451340,0
NIFTYALPHAQUALVALLOWVOL30,20200219,-,-,-,7459.80,131975103,0
NIFTY50EQUALWEIGHT,20200219,12163.35,12212.15,12110.10,12200.60,514030605,0
NIFTY100EQUALWEIGHT,20200219,13150.10,13269.50,13134.05,13264.15,1718114837,0
NIFTY100LOWVOL30,20200219,8932.30,8965.70,8897.05,8959.80,107878688,0
NSEDEFTY,20200219,-,-,-,5871.89,-,0
NIFTY50DIVPOINT,20200219,123.38,123.38,123.38,123.38,-,0
NIFTYDIVOPPS50,20200219,2495.80,2514.00,2489.60,2511.65,254992035,0
NIFTYALPHA50,20200219,14196.05,14447.95,14194.80,14429.00,78038176,0
NIFTY50ARBITRAGE,20200219,-,-,-,1893.10,-,0
NIFTY50FUTINDEX,20200219,-,-,-,4062.33,-,0
NIFTY50FUTTRINDEX,20200219,-,-,-,12269.74,-,0
NIFTYHIGHBETA50,20200219,-,-,-,1344.82,1586905712,0
NIFTYLOWVOL50,20200219,-,-,-,11037.41,123166512,0
NIFTY50VALUE20,20200219,5535.40,5560.50,5519.20,5546.45,268544935,0
NIFTYGROWSECT15,20200219,6266.00,6295.45,6226.20,6286.55,62285094,0
NIFTY50TR2XLEV,20200219,6724.40,6772.50,6670.95,6763.35,-,0
NIFTY50PR2XLEV,20200219,5168.20,5205.20,5127.10,5198.15,-,0
NIFTY50TR1XINV,20200219,340.70,342.05,339.45,339.65,-,0
NIFTY50PR1XINV,20200219,388.50,390.10,387.10,387.35,-,0
NIFTY-GS-COMPSITE,20200219,2112.07,2112.07,2112.07,2111.68,-,0
NIFTY-GS-4-8YR,20200219,2204.30,2204.30,2204.30,2203.90,-,0
NIFTY-GS-8-13YR,20200219,2073.75,2073.75,2073.75,2073.37,-,0
NIFTY-GS-10YR,20200219,1906.47,1906.47,1906.47,1906.14,-,0
NIFTY-GS-10YR-CLN,20200219,955.16,955.16,955.16,955.17,-,0
NIFTY-GS-11-15YR,20200219,2233.67,2233.67,2233.67,2233.25,-,0
NIFTY-GS-15YRPLUS,20200219,2415.37,2415.37,2415.37,2414.91,-,0
VIX,20200219,14.51,14.51,13.48,14.02,0,0
