20MICRONS,20200403,25,25.55,23.2,24.45,18990
21STCENMGM,20200403,10.65,10.65,10.5,10.5,499
3IINFOTECH,20200403,1.3,1.3,1.2,1.3,2445739
3MINDIA,20200403,18410,18650,17175,17490.1,7588
3PLAND,20200403,3.4,3.55,3.4,3.55,1503
5PAISA,20200403,115,128,113.6,115.1,2711
63MOONS,20200403,46.2,47,45.45,46.15,31413
A2ZINFRA,20200403,3.1,3.2,3.05,3.1,169080
AARTIDRUGS,20200403,527.7,547,520.15,540.75,25364
AARTIIND,20200403,801.1,804,770.75,790.7,135885
AARVEEDEN,20200403,8.15,8.15,7.4,7.8,1750
AAVAS,20200403,1179,1180,1132.4,1132.4,104654
ABAN,20200403,14.35,14.75,14.05,14.75,66242
ABB,20200403,914.3,949,893,934.15,40418
ABBOTINDIA,20200403,15775,16000,15210,15810.5,28827
ABCAPITAL,20200403,42.5,45.2,41.05,43.45,1336547
ABFRL,20200403,149,149,142,145.95,431692
ABSLBANETF,20200403,210,228,203.7,228,13
ABSLNN50ET,20200403,234,234,211.82,211.82,39
ACC,20200403,960,969.8,936.95,962.6,1221295
ACCELYA,20200403,860.3,873,860.05,869.75,32652
ACE,20200403,34.5,34.5,31.35,31.6,277020
ADANIENT,20200403,134,134.6,128,129.05,1761947
ADANIGAS,20200403,89.9,92,88.95,90.35,894968
ADANIGREEN,20200403,152.9,154.85,150.45,151.9,259616
ADANIPORTS,20200403,246,252.8,238.9,244.8,7210453
ADANIPOWER,20200403,26.95,27.15,25.8,26.75,4740718
ADANITRANS,20200403,182.2,195,180,193.95,177468
ADFFOODS,20200403,173.65,176,168.1,174.6,7361
ADHUNIKIND,20200403,12.4,12.4,11.7,12.15,15983
ADLABS,20200403,2.65,2.65,2.55,2.65,57007
ADORWELD,20200403,182.95,194.6,182.15,188.6,1386
ADROITINFO,20200403,5.8,5.8,5.6,5.7,970
ADSL,20200403,13.45,13.45,12.5,12.65,5332
ADVANIHOTR,20200403,31.75,31.75,29.5,30.2,5172
ADVENZYMES,20200403,136,136.95,130.1,131.3,38645
AEGISCHEM,20200403,129.15,137.7,129,131.4,70138
AFFLE,20200403,999,999,930.85,955.55,28126
AGARIND,20200403,48.65,50,45.2,48.65,7538
AGCNET,20200403,236,236.25,213.8,226.1,1738
AGRITECH,20200403,21,21.8,21,21.8,637
AGROPHOS,20200403,5.45,5.45,5.2,5.2,23554
AHLEAST,20200403,123.1,131.85,120,128,435
AHLUCONT,20200403,170.15,174,155.5,157.55,10316
AHLWEST,20200403,263,305.4,261,275.15,914
AIAENG,20200403,1319,1324.45,1252.25,1277.1,23542
AIONJSW,20200403,10.1,10.1,9.85,10.1,27220
AIRAN,20200403,9.5,10.25,9.4,9.95,4797
AJANTPHARM,20200403,1340,1414,1295,1312.55,166315
AJMERA,20200403,63.1,64.9,62,64.15,8949
AKSHARCHEM,20200403,157.35,158.9,141.2,157.15,5995
AKSHOPTFBR,20200403,3.3,3.3,3.3,3.3,28598
AKZOINDIA,20200403,2160,2160,2040,2066.65,6275
ALANKIT,20200403,11.65,11.75,11.2,11.75,37464
ALBERTDAVD,20200403,309.25,319.95,309.25,318.8,3179
ALCHEM,20200403,1.2,1.3,1.2,1.3,4205
ALEMBICLTD,20200403,37,38.7,35.05,37.25,108429
ALICON,20200403,185.95,185.95,174.95,179,501
ALKALI,20200403,26.4,26.4,25.2,26.3,672
ALKEM,20200403,2279,2299.75,2250,2267.05,196222
ALKYLAMINE,20200403,1170,1179.95,1126.05,1157.05,8312
ALLCARGO,20200403,60,60,57.5,58.9,69785
ALLSEC,20200403,118.15,124,115,119.7,8178
ALOKINDS,20200403,4.3,4.3,4.3,4.3,3942656
ALPA,20200403,14.9,14.9,13.55,14.4,35334
ALPHAGEO,20200403,129.85,129.85,104.95,120.3,26846
ALPSINDUS,20200403,0.8,0.8,0.7,0.7,14291
AMARAJABAT,20200403,477.8,480,455.65,460.2,457301
AMBER,20200403,1268.05,1309.8,1182,1192.5,54730
AMBIKCO,20200403,543.95,555.95,525,534.8,2601
AMBUJACEM,20200403,156.6,156.65,151.55,153,3738943
AMDIND,20200403,11,11,9.2,9.65,12322
AMJLAND,20200403,14.6,15.7,13.05,13.85,9182
AMRUTANJAN,20200403,330,330,301,312.35,27031
ANANTRAJ,20200403,19,19.6,18.8,19.2,68499
ANDHRACEMT,20200403,1.65,1.65,1.6,1.65,105733
ANDHRAPAP,20200403,137,143,130.15,134.8,9782
ANDHRSUGAR,20200403,195.15,195.15,180.1,194.55,59288
ANIKINDS,20200403,6.6,6.7,6.5,6.65,1187
ANKITMETAL,20200403,0.35,0.4,0.35,0.35,14524
ANSALAPI,20200403,3.55,3.75,3.5,3.55,29370
ANSALHSG,20200403,2.9,3,2.8,3,19918
ANUP,20200403,315,319,299.15,299.15,3276
APARINDS,20200403,299.85,300,286,293.1,24279
APCL,20200403,100.85,100.9,92.65,96.1,2353
APCOTEXIND,20200403,89.5,89.5,74.05,84.65,21806
APEX,20200403,167.2,173.6,167.2,170.4,32457
APLAPOLLO,20200403,1240,1240,1191.4,1197.4,16852
APLLTD,20200403,540.3,549.8,522.35,536.05,171739
APOLLO,20200403,45.6,45.95,44.5,45.15,6932
APOLLOHOSP,20200403,1094.2,1239.45,1088.05,1189.55,2397409
APOLLOPIPE,20200403,243,262,220,259.2,9446
APOLLOTYRE,20200403,79.5,79.5,76.45,78.45,3754206
APOLSINHOT,20200403,431.2,435,415.45,418.3,463
APTECHT,20200403,85,85,79,80,57872
ARCHIDPLY,20200403,15.55,17.45,14.85,15.3,16983
ARCHIES,20200403,9.45,9.45,8.75,9.05,10861
ARCOTECH,20200403,0.95,0.95,0.85,0.9,130062
ARIES,20200403,41.8,41.8,39.1,39.9,8847
ARIHANT,20200403,11.55,11.9,11.1,11.75,631
ARIHANTSUP,20200403,20.95,20.95,19.6,19.65,176
ARMANFIN,20200403,394,394,374.15,374.15,2763
AROGRANITE,20200403,19.9,20.85,19.4,20.65,4528
ARROWGREEN,20200403,33.4,33.4,32,33.25,1949
ARSHIYA,20200403,7.45,7.45,6.8,7.05,57787
ARSSINFRA,20200403,9.9,10.5,9.6,10.35,6165
ARTEMISMED,20200403,135,135,126.5,126.5,629
ARVIND,20200403,20.1,20.4,19.7,20.2,693885
ARVINDFASN,20200403,136,140.5,135,138.35,11006
ARVSMART,20200403,72,72,61.3,67.65,13580
ASAHIINDIA,20200403,150.9,153,144.25,149.5,6347
ASAHISONG,20200403,78,78,72.15,73.55,10604
ASAL,20200403,12.4,13.65,12.4,13.6,6953
ASALCBR,20200403,156.9,156.9,125.55,146.6,24117
ASHAPURMIN,20200403,20.85,21,19.85,20.05,16286
ASHIANA,20200403,50.05,53.2,49,49.85,77088
ASHIMASYN,20200403,3,3.3,3,3.25,95003
ASHOKA,20200403,41,41,37.05,37.5,514587
ASHOKLEY,20200403,41.1,41.15,38,38.15,37556156
ASIANHOTNR,20200403,63.75,65.65,63.7,65,13293
ASIANPAINT,20200403,1615.1,1616,1517.25,1520.9,2925847
ASIANTILES,20200403,161.65,168,150,155.1,50922
ASPINWALL,20200403,82.05,92.35,82.05,91.8,109
ASTEC,20200403,388.25,425,388.1,413.75,6007
ASTERDM,20200403,95.95,96.9,93.1,94,124546
ASTRAL,20200403,955.6,1020,913.95,975.4,96423
ASTRAMICRO,20200403,53.1,55.9,52.75,55,68089
ASTRAZEN,20200403,2400.05,2536,2374.95,2401.05,29900
ASTRON,20200403,26.05,26.75,25.4,26,10974
ATFL,20200403,394.55,438,376.85,432.2,7329
ATLANTA,20200403,2.9,2.9,2.8,2.9,45666
ATLASCYCLE,20200403,30.95,32.4,29.6,31,732
ATNINTER,20200403,0.1,0.15,0.1,0.15,7546
ATUL,20200403,3939,3940,3750,3897.85,9201
ATULAUTO,20200403,136.7,142,132.5,139.8,10456
AUBANK,20200403,482,482.9,458,465.45,722400
AURIONPRO,20200403,39.8,44.5,38.3,43.25,13828
AUROPHARMA,20200403,353.1,411.95,333.5,382.4,17168599
AUSOMENT,20200403,24.8,26,24.8,25.9,2627
AUTOAXLES,20200403,369.9,377.25,360.8,365.95,3608
AUTOIND,20200403,10.7,10.7,10.35,10.7,3919
AUTOLITIND,20200403,13.55,13.55,12.25,13.3,6073
AVADHSUGAR,20200403,130.25,130.25,118.15,130.25,99006
AVANTIFEED,20200403,284.05,289.7,280,283.85,402701
AVTNPL,20200403,23.8,23.9,23.2,23.8,32852
AXISBANK,20200403,360.2,362.3,324,325.45,41317685
AXISCADES,20200403,28.95,30.2,27.55,28.85,35132
AXISGOLD,20200403,3841,3890,3837.85,3876.1,919
AXISNIFTY,20200403,1000,1001,1000,1001,17
AYMSYNTEX,20200403,17.9,17.9,16.05,16.65,1442
BAFNAPH,20200403,14.6,14.6,14.6,14.6,225
BAGFILMS,20200403,1.75,1.8,1.7,1.8,8841
BAJAJ-AUTO,20200403,2051.1,2056.3,1957.55,2033.75,692220
BAJAJCON,20200403,134.1,137.5,131.25,133,323500
BAJAJELEC,20200403,275,276.05,260,267.3,55758
BAJAJFINSV,20200403,4560,4646,4430,4510.75,722316
BAJAJHIND,20200403,2.85,2.85,2.85,2.85,167568
BAJAJHLDNG,20200403,1780,1930,1700,1924.6,47263
BAJFINANCE,20200403,2268.8,2343.7,2183.05,2207.5,6172683
BALAJITELE,20200403,38.2,40,36.55,39.1,77367
BALAMINES,20200403,250,257,241.3,247.25,39172
BALAXI,20200403,80,80,73.1,77,3165
BALKRISHNA,20200403,8,8.05,7.6,8,5968
BALKRISIND,20200403,805,807,769,773.3,653446
BALLARPUR,20200403,0.35,0.4,0.3,0.35,13339529
BALMLAWRIE,20200403,85,87,82.95,85.3,158363
BALPHARMA,20200403,30.85,34.4,29.55,31.65,26402
BALRAMCHIN,20200403,114.7,114.7,104.15,114.7,1515366
BANARBEADS,20200403,27.25,31.9,27.25,28.65,4801
BANARISUG,20200403,862,935,858.25,890,355
BANCOINDIA,20200403,63.55,64.3,62,63.55,40985
BANDHANBNK,20200403,196.2,197.05,180,181.55,9147321
BANG,20200403,11.15,11.95,11.15,11.95,469
BANKBARODA,20200403,51.25,51.3,48.5,48.7,20739757
BANKBEES,20200403,187.07,190,174,174.83,1073664
BANKINDIA,20200403,32.45,32.9,31.7,32.55,713521
BANSWRAS,20200403,70.2,75.45,69.15,70.6,8096
BASF,20200403,1097,1150,1017,1101.1,43029
BASML,20200403,77.85,77.85,67,72.2,938
BATAINDIA,20200403,1201.9,1215,1146.3,1190.75,737772
BAYERCROP,20200403,3348.7,3348.7,3151,3194.7,6850
BBL,20200403,579.95,590,565,585.95,2311
BBTC,20200403,735,735.35,696.25,716.75,35765
BCG,20200403,3.25,3.35,3.15,3.35,293947
BCP,20200403,10,10,9.85,9.85,2412
BDL,20200403,186,186.2,180.15,183.95,12821
BEARDSELL,20200403,7,7.15,6.8,7.1,2442
BEDMUTHA,20200403,12.55,13.85,12.55,12.8,9276
BEL,20200403,71.75,71.9,68.5,69.95,9319677
BEML,20200403,455,461,435.15,439.35,157037
BEPL,20200403,29.7,30.5,28.3,28.8,203586
BERGEPAINT,20200403,480.1,483,444.65,448.65,1430557
BFINVEST,20200403,249,249.9,226.15,249.45,13333
BFUTILITIE,20200403,147.5,148.15,140.2,143.7,66664
BGRENERGY,20200403,21.1,23.5,21.1,22.4,107898
BHAGERIA,20200403,79.6,81.4,77.05,77.75,10353
BHAGYANGR,20200403,14.1,14.9,14.1,14.25,4915
BHAGYAPROP,20200403,19.75,21.65,19.75,21,1768
BHANDARI,20200403,0.7,0.75,0.7,0.75,49872
BHARATFORG,20200403,230,230.05,215,219.65,2286237
BHARATGEAR,20200403,27.85,27.9,26,26.85,9278
BHARATRAS,20200403,5444.95,5444.95,5063.25,5291,2109
BHARATWIRE,20200403,11.8,12.3,11.2,12.3,19295
BHARTIARTL,20200403,432,432,415.6,423.95,14153710
BHEL,20200403,21.15,21.2,20.4,20.65,14724854
BIGBLOC,20200403,28.5,29.9,28.5,29.9,244
BIL,20200403,72.25,78.8,72.25,78.6,740
BILENERGY,20200403,0.5,0.55,0.5,0.5,329605
BINDALAGRO,20200403,8.2,8.2,8,8.2,16914
BIOCON,20200403,278.1,295.85,277.9,290.95,6293405
BIOFILCHEM,20200403,8,8.05,7.4,7.9,42520
BIRLACABLE,20200403,34.4,34.5,32.15,33.6,20658
BIRLACORPN,20200403,415,421,404.1,417.05,42050
BIRLAMONEY,20200403,18.8,19.6,18,18.85,43319
BIRLATYRE,20200403,3.3,3.3,3.3,3.3,11365
BKMINDST,20200403,0.4,0.4,0.4,0.4,30800
BLBLIMITED,20200403,3.05,3.3,3,3,2068
BLISSGVS,20200403,101.5,103.35,97,100.45,51160
BLKASHYAP,20200403,4.75,5,4.65,4.7,94114
BLS,20200403,29,30.3,28,28.25,30349
BLUECHIP,20200403,0.05,0.1,0.05,0.1,10295
BLUEDART,20200403,2155,2155,1971,1986.75,5907
BLUESTARCO,20200403,446.15,458.6,434.5,440.5,38381
BODALCHEM,20200403,40.65,45.5,40.25,43.65,470127
BOMDYEING,20200403,46.6,48,45.8,46.6,1035174
BORORENEW,20200403,33.8,35,33.3,33.6,160099
BOSCHLTD,20200403,9150,9157.6,8710,8816.65,34591
BPCL,20200403,301,326,287.15,317.15,14320952
BPL,20200403,12.75,12.75,12.7,12.75,30453
BRFL,20200403,3.3,3.3,2.8,2.95,22437
BRIGADE,20200403,148.6,148.6,126.1,130.1,86267
BRITANNIA,20200403,2588.95,2610,2475,2563.25,726903
BRNL,20200403,33.2,36.45,32.95,34.95,940
BROOKS,20200403,16.15,16.8,16.15,16.8,11448
BSE,20200403,298,299,288.9,297,97165
BSELINFRA,20200403,0.75,0.75,0.75,0.75,1480
BSL,20200403,18.5,18.5,17.5,18.15,2477
BSLGOLDETF,20200403,4004,4099,4003.05,4072.95,110
BSLNIFTY,20200403,103.29,107,97.55,100.41,337
BSOFT,20200403,61,61,58.05,58.65,185358
BURNPUR,20200403,0.7,0.7,0.6,0.7,89397
BUTTERFLY,20200403,90.35,97,90.35,94.55,19731
BVCL,20200403,7.55,7.9,7.55,7.9,7136
BYKE,20200403,9.85,10.1,8.6,9.8,31388
CADILAHC,20200403,263.85,279.5,258.3,274.6,4367888
CALSOFT,20200403,7.75,8.2,7.75,8.05,14159
CAMLINFINE,20200403,40.7,42.2,40.7,41.4,123550
CANBK,20200403,88,88.9,83.5,84.15,5510785
CANFINHOME,20200403,275.8,278.65,253.3,263.2,456486
CANTABIL,20200403,199.05,232.95,192.55,218.25,43239
CAPACITE,20200403,73,75.4,70.2,72.05,23026
CAPLIPOINT,20200403,278,280.05,263,265.4,86233
CAPTRUST,20200403,55.85,55.85,52.1,55.85,8862
CARBORUNIV,20200403,226.5,231.45,217.3,219.15,56588
CAREERP,20200403,120.1,123.9,120.1,123.4,8575
CARERATING,20200403,340,345,334.8,339.4,79265
CASTEXTECH,20200403,0.35,0.4,0.3,0.4,163850
CASTROLIND,20200403,100,103.35,98.85,102.2,1607438
CCCL,20200403,0.3,0.3,0.2,0.25,225455
CCHHL,20200403,1.9,1.9,1.8,1.9,12851
CCL,20200403,177.6,182.3,174.5,178.35,528222
CDSL,20200403,216.5,216.7,207.85,209.9,193568
CEATLTD,20200403,757,757,695,701.65,85184
CEBBCO,20200403,8.1,8.35,7.75,7.95,14650
CELEBRITY,20200403,3.95,4.05,3.8,4.05,9453
CENTENKA,20200403,121.1,122.2,114,118,16239
CENTEXT,20200403,1.6,1.8,1.6,1.75,60756
CENTRALBK,20200403,12.45,12.45,12,12.1,648568
CENTRUM,20200403,9.95,9.95,9.95,9.95,7993
CENTUM,20200403,248.05,260,241,247,864
CENTURYPLY,20200403,106.1,107.95,101.5,104,363992
CENTURYTEX,20200403,295.05,301.35,278.6,286.1,939256
CERA,20200403,2273,2333.95,2175,2206.55,1558
CEREBRAINT,20200403,18.5,18.95,18.05,18.5,71990
CESC,20200403,393,429.8,386.25,425.55,929535
CESCVENT,20200403,123,123,116.4,119.05,9393
CGCL,20200403,156.3,158.25,141.25,144.4,229008
CGPOWER,20200403,5.55,5.55,5.3,5.55,278281
CHALET,20200403,198,198,194.05,197,992
CHAMBLFERT,20200403,105.5,107.25,103.2,104.65,256452
CHEMBOND,20200403,135.1,145.05,122.65,128.55,1688
CHEMFAB,20200403,101,107.9,98,103.75,2076
CHENNPETRO,20200403,61.5,61.5,58.5,59.5,190068
CHOLAFIN,20200403,147,147,122.5,124.65,4407286
CHOLAHLDNG,20200403,274.85,276.7,261.9,268.05,23138
CHROMATIC,20200403,0.5,0.5,0.5,0.5,5371
CIGNITITEC,20200403,210,210,197.1,203.45,14700
CIMMCO,20200403,11,11.95,10.7,11.9,35219
CINELINE,20200403,18,18,17.2,17.55,7203
CINEVISTA,20200403,5.1,5.2,5.1,5.1,2895
CIPLA,20200403,425,454.7,416.25,449.2,17906777
CLEDUCATE,20200403,32.7,32.7,30.1,31,7406
CLNINDIA,20200403,226,227.95,220,224.65,15268
CMICABLES,20200403,20.95,20.95,19.3,20.8,9972
COALINDIA,20200403,138.6,139.9,131.8,137.75,10937172
COCHINSHIP,20200403,252,254,240,240.9,147524
COLPAL,20200403,1237,1282.9,1211.05,1249.9,970935
COMPINFO,20200403,8.1,8.15,7.6,8.05,30164
COMPUSOFT,20200403,3.8,3.8,3.65,3.7,13246
CONCOR,20200403,321,330,302,304.5,1536089
CONFIPET,20200403,17.3,19.2,16.1,18.75,395493
CONSOFINVT,20200403,20.7,20.7,20.7,20.7,589
CONTROLPR,20200403,190.05,198.5,187.35,197.5,5338
CORALFINAC,20200403,14,14,12.9,13.75,23105
CORDSCABLE,20200403,27.85,27.85,24.55,25.05,2359
COROMANDEL,20200403,534.8,543.95,501.9,512.25,100346
COSMOFILMS,20200403,209.8,209.8,201.6,204.4,70902
COUNCODOS,20200403,0.75,0.8,0.75,0.8,3703
CPSEETF,20200403,15.75,15.98,15.51,15.75,2220050
CREATIVE,20200403,74.1,77.05,71.05,74,353
CREDITACC,20200403,338.15,353.95,321.25,321.25,122775
CREST,20200403,46.4,55,46.4,53.1,693
CRISIL,20200403,1233.75,1233.75,1160.5,1170.25,145590
CROMPTON,20200403,203.85,218.3,201.3,207,1179375
CSBBANK,20200403,115,115,107.05,110.4,59314
CTE,20200403,14,14.55,13.5,14.2,279
CUB,20200403,121,123,111,113.95,2383409
CUBEXTUB,20200403,8.95,8.95,8.55,8.55,729
CUMMINSIND,20200403,311,314.95,296.45,298.65,1396809
CUPID,20200403,142,145.5,138.1,142.8,21607
CYBERTECH,20200403,29.55,29.55,26.1,27.05,6253
CYIENT,20200403,235,235.1,225,226,351619
DAAWAT,20200403,22.95,23,20.85,20.95,1325205
DABUR,20200403,444.5,454.25,424.05,427.8,4235837
DALBHARAT,20200403,460.05,468.5,415.55,422.3,136297
DALMIASUG,20200403,53.2,53.2,53.2,53.2,53368
DAMODARIND,20200403,19.55,19.55,16.35,17.7,8127
DATAMATICS,20200403,39.1,41.9,38.1,39.4,19006
DBCORP,20200403,82,87.4,80.45,84.05,55383
DBL,20200403,208.9,208.9,201.5,202.2,77091
DBREALTY,20200403,4.95,5,4.65,4.65,414735
DBSTOCKBRO,20200403,7,7,7,7,1
DCAL,20200403,58.75,58.8,58.75,58.8,34915
DCBBANK,20200403,93,93,83.8,84.6,573619
DCM,20200403,13,13.65,12.55,13.65,5732
DCMFINSERV,20200403,0.4,0.4,0.4,0.4,490
DCMNVL,20200403,22.9,26.9,22.9,23.6,1486
DCMSHRIRAM,20200403,215.7,218.5,204,206.65,68672
DCW,20200403,7.8,8.3,7.4,8.15,212549
DECCANCE,20200403,198,199.75,186.15,188,4300
DEEPAKFERT,20200403,72.8,75.6,71.25,74.8,547871
DEEPAKNTR,20200403,385,388.7,358.4,379.85,445088
DEEPIND,20200403,58.4,58.4,54.25,57.8,7596
DELTACORP,20200403,72,72,72,72,237928
DELTAMAGNT,20200403,24.85,26.5,24.5,24.85,2493
DEN,20200403,31,32.25,29.85,30.45,39116
DENORA,20200403,153.95,160,137.6,146,10560
DFMFOODS,20200403,175,179,174,177.7,26933
DGCONTENT,20200403,4.1,4.45,4.05,4.35,5985
DHAMPURSUG,20200403,90.75,90.75,86.5,90.75,554149
DHANBANK,20200403,8.35,8.4,7.85,8.25,316363
DHANUKA,20200403,330,336.95,324.5,335.45,12878
DHARSUGAR,20200403,6.65,6.65,6.65,6.65,5808
DHFL,20200403,9,9.05,8.65,9.05,746996
DHUNINV,20200403,128.05,138,120.25,137.1,1136
DIAMONDYD,20200403,486.5,495,470,479.3,2535
DICIND,20200403,284.05,288.65,278.55,285.5,1190
DIGISPICE,20200403,3.15,3.15,2.95,3.15,10740
DISHTV,20200403,4,4.1,3.9,4.1,4066470
DIVISLAB,20200403,1910,1940,1822.95,1901.05,1219731
DIXON,20200403,3560,3594,3375.15,3429.35,39451
DLF,20200403,133.55,136,130.35,132.1,6553107
DLINKINDIA,20200403,60.05,62.9,58.4,60.45,38856
DMART,20200403,2101.5,2119,2020,2066.95,303207
DNAMEDIA,20200403,0.3,0.35,0.3,0.35,10848
DOLAT,20200403,35,37.8,34,35.8,15340
DOLLAR,20200403,114,117.15,106.15,113.55,24714
DONEAR,20200403,23.65,23.65,22.2,22.45,36878
DPSCLTD,20200403,6.65,6.65,6.5,6.65,20342
DPWIRES,20200403,44.2,53.9,44.2,47.7,274
DQE,20200403,1,1.05,0.95,1.05,20487
DREDGECORP,20200403,146,157.75,143.05,152.4,138884
DRREDDY,20200403,3085,3218.85,3025.1,3146.8,1173674
DSSL,20200403,15.85,16.4,15.25,16.35,5135
DTIL,20200403,115.55,118.5,109,114.65,1739
DUCON,20200403,2.55,2.6,2.4,2.5,45633
DVL,20200403,47.05,47.1,44.3,45.5,2657
DWARKESH,20200403,18.2,18.2,16.7,18.2,2434428
DYNAMATECH,20200403,450.1,485,450.1,459.6,742
DYNPRO,20200403,110.85,114,100,103.6,12552
EASTSILK,20200403,0.7,0.7,0.6,0.6,6222
EBANK,20200403,2125.5,2125.5,2125.5,2125.5,1
EBBETF0423,20200403,1022,1023.69,1022,1022.23,2955
EBBETF0430,20200403,1040,1042,1037,1040.8,2537
ECLERX,20200403,364,375,360.05,373.75,8246
EDELWEISS,20200403,42.3,42.3,41.1,42.25,2389360
EICHERMOT,20200403,13060,13099.9,12600,12680.05,180698
EIDPARRY,20200403,136.6,144.8,133,133.5,86315
EIHAHOTELS,20200403,214.3,218.15,202,206.9,1555
EIHOTEL,20200403,66.8,67.4,65,65.3,48772
EIMCOELECO,20200403,204.05,215,195.05,196.05,304
EKC,20200403,11.75,11.95,11.6,11.95,39128
ELECON,20200403,19.65,20.8,18.2,19.85,45650
ELECTCAST,20200403,9.4,9.5,9,9.05,89268
ELECTHERM,20200403,92,92,80.45,86.3,1502
ELGIEQUIP,20200403,109.4,110,102.75,104.65,111509
ELGIRUBCO,20200403,10.8,11.65,10.25,10.75,12853
EMAMILTD,20200403,175,184,167.2,181.95,737889
EMAMIPAP,20200403,52.9,53.5,48.6,52.5,7697
EMAMIREAL,20200403,26.5,28.75,26.5,28.4,10120
EMKAY,20200403,28.2,28.2,26.75,28.2,9211
EMMBI,20200403,47,48.95,45.6,46.1,5013
ENDURANCE,20200403,590,606.9,575.5,592.2,73230
ENERGYDEV,20200403,4.55,4.55,4.1,4.25,30810
ENGINERSIN,20200403,58.5,60.1,57.65,59.45,2239125
ENIL,20200403,119.2,128.95,118.95,128.05,4685
EQUITAS,20200403,41.45,41.7,36,37.25,5720945
ERIS,20200403,377.7,380.15,369,369.95,106759
EROSMEDIA,20200403,9.15,9.15,8.4,8.55,202856
ESABINDIA,20200403,1013.9,1047.5,975,983.35,2837
ESCORTS,20200403,594,604.4,558.85,592.4,3825228
ESSARSHPNG,20200403,5.3,5.7,4.9,5,53928
ESSELPACK,20200403,157.8,160,147.1,150.05,69049
ESTER,20200403,25.7,25.7,24.1,25.55,29255
EUROMULTI,20200403,0.3,0.4,0.3,0.35,37196
EUROTEXIND,20200403,8.85,8.85,8.05,8.85,1113
EVEREADY,20200403,49,50.1,49,49.8,40833
EVERESTIND,20200403,130,135,128.3,130.3,21832
EXCEL,20200403,0.9,1,0.9,1,3874
EXCELINDUS,20200403,499,525,469.95,508.6,9556
EXIDEIND,20200403,132.85,132.85,127.3,128.55,1864609
EXPLEOSOL,20200403,157,165,145.05,154.45,5657
FACT,20200403,30.45,30.8,28.55,29.25,186063
FAIRCHEM,20200403,420,424,380,403.1,20004
FCL,20200403,15.4,17.9,15,17.05,451772
FCONSUMER,20200403,6.65,6.65,6.65,6.65,458052
FCSSOFT,20200403,0.2,0.2,0.15,0.15,1247674
FDC,20200403,195,218.65,194.3,200.25,815360
FEDERALBNK,20200403,41.2,41.3,39.5,39.9,13677277
FEL,20200403,8.5,8.5,7.85,7.85,247358
FELDVR,20200403,9.55,9.55,8.65,8.65,15713
FIEMIND,20200403,245,263.9,245,259.95,9314
FILATEX,20200403,20.4,20.5,17.65,20.5,343510
FINCABLES,20200403,222.75,222.75,212.75,216.3,66600
FINEORG,20200403,1900,1904.35,1839,1853.2,2254
FINPIPE,20200403,380.75,387.65,367.05,371.5,23517
FLEXITUFF,20200403,3.35,3.35,3.35,3.35,23
FLFL,20200403,106.5,106.5,106.5,106.5,11134
FLUOROCHEM,20200403,281,299.9,280.1,289.85,4761
FMGOETZE,20200403,325.05,340.95,300.45,304.8,3204
FMNL,20200403,9,9.15,8.85,8.9,17710
FORCEMOT,20200403,719,721.45,695,711.8,7795
FORTIS,20200403,121.7,125.8,119.1,122.15,813065
FOSECOIND,20200403,975,977.35,929.95,934.45,915
FRETAIL,20200403,70.7,70.7,70.7,70.7,121496
FSC,20200403,94.4,94.4,94.4,94.4,10809
FSL,20200403,28.25,28.25,27.4,27.85,588938
GABRIEL,20200403,53.05,57,50,51.3,60878
GAEL,20200403,103.65,104,100.1,102.05,21727
GAIL,20200403,77,82,75.15,80.9,19035356
GAL,20200403,1.2,1.25,1.15,1.15,23697
GALAXYSURF,20200403,1189.95,1289.95,1095.7,1120.25,143403
GALLANTT,20200403,20.7,21.5,19.5,20.7,9011
GALLISPAT,20200403,20.45,20.45,18.3,19,188277
GAMMNINFRA,20200403,0.25,0.25,0.2,0.2,2623881
GANDHITUBE,20200403,190,198,181.4,193.65,660
GANECOS,20200403,155,169,155,167,1136
GANESHHOUC,20200403,18.1,19.5,18.1,19.5,9753
GANGESSECU,20200403,22,22,19.45,20,6192
GARFIBRES,20200403,1126.85,1126.85,1011.4,1086.35,6747
GATI,20200403,47.3,47.8,45.55,46.3,33725
GAYAHWS,20200403,0.25,0.25,0.2,0.2,124561
GAYAPROJ,20200403,9.35,9.35,9,9.35,599718
GBGLOBAL,20200403,3.65,3.8,3.65,3.8,310
GDL,20200403,94.9,94.9,86,86.75,37059
GEECEE,20200403,44.15,48.75,44.15,47.75,1446
GEEKAYWIRE,20200403,51,51,46,46,3408
GENESYS,20200403,24.05,25.9,24.05,24.55,10016
GENUSPAPER,20200403,3.45,3.45,3.15,3.2,32436
GENUSPOWER,20200403,13.2,14.5,13.2,14.25,100319
GEOJITFSL,20200403,18.35,19.15,18.2,18.55,146773
GEPIL,20200403,470,470,450.1,460.75,3253
GESHIP,20200403,202.85,210,197,201.45,24103
GET&D,20200403,65.95,68.75,65.25,65.8,17615
GFLLIMITED,20200403,85.9,85.9,80.6,81.3,19565
GFSTEELS,20200403,1.35,1.35,1.35,1.35,31
GHCL,20200403,94,96.4,91.1,95.15,222386
GICHSGFIN,20200403,61,61.6,59.2,59.5,76840
GICRE,20200403,107.9,110.5,102.95,109.15,143293
GILLANDERS,20200403,18.4,19.25,17.4,18.1,257
GILLETTE,20200403,5161.2,5300,4980,5037.05,6002
GINNIFILA,20200403,6.15,6.7,5.7,6.35,38041
GIPCL,20200403,50,53.05,48.1,50.8,52587
GKWLIMITED,20200403,460,519,460,498,49
GLAXO,20200403,1230,1248,1155,1224.2,64230
GLENMARK,20200403,201.55,219.5,195.8,213.05,4511917
GLFL,20200403,1.3,1.3,1.3,1.3,222
GLOBALVECT,20200403,35.6,36.95,33.1,35.85,3216
GLOBOFFS,20200403,3,3,2.9,2.95,4422
GLOBUSSPR,20200403,89.95,92.5,85.4,85.8,84648
GMBREW,20200403,331,340,305.5,312.25,39918
GMDCLTD,20200403,31.2,31.3,30.5,30.7,349906
GMMPFAUDLR,20200403,2484.95,2720,2300,2601.05,38357
GMRINFRA,20200403,16.05,16.35,15.9,16,15580189
GNA,20200403,136,137.85,133.05,136.1,7980
GNFC,20200403,112.5,113.2,108.05,109.2,567830
GOACARBON,20200403,136.9,136.9,132.05,136.9,10723
GOCLCORP,20200403,125.75,128.4,122.65,125,3933
GODFRYPHLP,20200403,975,975,940,949.95,119244
GODREJAGRO,20200403,360,364,340,349.3,26611
GODREJCP,20200403,551.3,558.15,525.2,531.45,1709383
GODREJIND,20200403,278,284.8,273,278.65,266307
GODREJPROP,20200403,603.9,617.75,577.05,608.05,198652
GOKEX,20200403,34.5,34.9,33.5,34.45,28875
GOKUL,20200403,8.3,8.3,8,8,4573
GOKULAGRO,20200403,9,9,8.35,8.85,15488
GOLDBEES,20200403,38.35,39.4,38.35,38.79,3007551
GOLDENTOBC,20200403,20.65,20.65,19.65,20.6,277
GOLDIAM,20200403,88.65,88.65,84.1,84.7,8720
GOLDSHARE,20200403,3850.95,3898,3833.95,3869.65,6831
GOLDTECH,20200403,7.75,7.75,7.25,7.4,2237
GOODLUCK,20200403,25.5,27,25.2,25.5,11509
GPIL,20200403,106,114.9,105,112.15,34446
GPPL,20200403,54.9,56.5,53.65,54.85,75378
GPTINFRA,20200403,14.5,15.45,13.5,13.85,4255
GRANULES,20200403,142,147.95,138.2,140.9,2331595
GRAPHITE,20200403,140.25,140.25,135.15,140.25,384287
GRASIM,20200403,473.5,477.7,451.2,454.7,1470237
GRAVITA,20200403,33.4,39.15,32.05,33.8,104431
GREAVESCOT,20200403,67.75,68.35,66.05,66.95,138794
GREENLAM,20200403,483,504,475.05,495.25,633
GREENPANEL,20200403,28.75,29.5,28,28.25,37284
GREENPLY,20200403,80,82.5,74.85,76.75,39270
GREENPOWER,20200403,1.5,1.55,1.5,1.55,57045
GRINDWELL,20200403,459.95,463.75,447.2,460,12014
GROBTEA,20200403,240,245,240,245,15
GRPLTD,20200403,596.05,637.95,580,587.3,40
GRSE,20200403,138,147.7,133.45,142.3,192069
GSCLCEMENT,20200403,14.55,14.9,14.15,14.5,21520
GSFC,20200403,36.95,40,35.85,39,726039
GSKCONS,20200403,9600,9773.75,9270,9356.2,77269
GSPL,20200403,181,190,173.05,176.05,424005
GSS,20200403,19.1,20.2,18.5,20.05,8482
GTL,20200403,1.1,1.15,1.05,1.1,81737
GTLINFRA,20200403,0.2,0.25,0.2,0.25,2738286
GTNIND,20200403,5.3,5.3,5.3,5.3,1
GTNTEX,20200403,5.95,6,5.7,6,4100
GTPL,20200403,43.35,47.35,43,45.8,135945
GUFICBIO,20200403,46.8,49.85,44.35,49.55,71523
GUJALKALI,20200403,223.3,262.2,215.6,252.45,586593
GUJAPOLLO,20200403,119.15,124.5,118.05,119.3,715
GUJGASLTD,20200403,227,229,219.1,223.5,558813
GULFOILLUB,20200403,530.35,551.3,524.35,545.85,5844
GULFPETRO,20200403,32,33.6,30.5,32.9,10170
GULPOLY,20200403,23.45,23.45,21.4,23.45,8478
GVKPIL,20200403,2.25,2.4,2.2,2.35,1349390
HAL,20200403,543.85,543.85,522.95,529.55,11500
HARITASEAT,20200403,336,348.3,327.95,341.05,9105
HARRMALAYA,20200403,56.2,56.25,53,54.85,19339
HATHWAY,20200403,13.2,13.2,12.05,12.85,299752
HATSUN,20200403,537,540,509.55,538.1,5881
HAVELLS,20200403,498,498,469.55,471.5,2044235
HAVISHA,20200403,0.5,0.5,0.45,0.45,3057
HBLPOWER,20200403,11.4,11.4,10.8,11.15,96006
HCC,20200403,4.05,4.1,3.95,4,1883179
HCG,20200403,73.15,74.9,72,74,13452
HCL-INSYS,20200403,3.95,3.95,3.9,3.95,78467
HCLTECH,20200403,418.9,428.6,399.3,405.8,8166456
HDFC,20200403,1575.5,1578.8,1482.25,1499.55,10149442
HDFCAMC,20200403,2190,2224,2135,2177.15,520257
HDFCBANK,20200403,843,844,810,813.85,17499063
HDFCLIFE,20200403,428.5,442,416.2,422.3,6997591
HDFCMFGETF,20200403,3950.2,4010,3950,3987.9,10470
HDFCNIFETF,20200403,929.98,929.98,874.95,880.61,5449
HDFCSENETF,20200403,3200,3295,3030,3056.13,904
HEG,20200403,522,524,481.1,489.45,151488
HEIDELBERG,20200403,137.6,137.85,133.1,134.1,191240
HERCULES,20200403,52.5,52.9,51.1,51.9,3606
HERITGFOOD,20200403,216,226.8,210,226.8,59822
HEROMOTOCO,20200403,1610.05,1623,1543.15,1582.05,1592848
HESTERBIO,20200403,950,1029.95,927.8,957.05,2082
HEXATRADEX,20200403,6.1,6.1,6.05,6.05,8347
HEXAWARE,20200403,227,229.7,216.1,220.9,227828
HFCL,20200403,8.95,9,8.65,8.75,995524
HGINFRA,20200403,163,166.9,159.5,160.25,3718
HGS,20200403,507,507,460,486.15,2656
HIKAL,20200403,71.85,75.2,66.6,74.05,580597
HIL,20200403,665,665,620.3,642.35,3897
HILTON,20200403,7.35,7.35,6.7,7.3,3181
HIMATSEIDE,20200403,58.95,62,58.95,59.65,53898
HINDALCO,20200403,92.1,93.45,88.4,88.8,8216768
HINDCOMPOS,20200403,104.85,110.35,101.65,110,4783
HINDCOPPER,20200403,21.5,22.5,20.7,21.6,534619
HINDMOTORS,20200403,4,4.25,3.7,4.1,454899
HINDNATGLS,20200403,28.4,29.75,27.1,29.5,1281
HINDOILEXP,20200403,38,38.4,35.55,36.45,542442
HINDPETRO,20200403,184,192.8,175.55,184.2,9509089
HINDUNILVR,20200403,2234,2254.1,2127.95,2154.1,4121462
HINDZINC,20200403,167,167,151.45,161.55,710426
HIRECT,20200403,127.3,127.35,116,126.8,26765
HISARMETAL,20200403,43,44.9,42.15,43.25,3071
HITECH,20200403,76.65,76.65,70,76.65,5605
HITECHCORP,20200403,54.55,54.55,43.45,50.7,1106
HITECHGEAR,20200403,79.85,79.9,71.15,73,1945
HLVLTD,20200403,3.3,3.3,3.15,3.3,60718
HMVL,20200403,38.5,40,38.05,39.95,8229
HNDFDS,20200403,565,592.55,565,590.3,4875
HNGSNGBEES,20200403,350.06,350.06,350,350,96
HONAUT,20200403,25748,25748.65,24380,24599.05,2288
HONDAPOWER,20200403,810,825,773.2,817.05,4388
HOVS,20200403,23.8,23.8,23.1,23.65,962
HPL,20200403,20.4,22.4,20.1,22.25,55540
HSCL,20200403,37.9,41.9,35,41.9,5053043
HSIL,20200403,41.65,43.95,40.9,43.15,78748
HTMEDIA,20200403,9.9,10.4,9.15,10.1,57274
HUBTOWN,20200403,7.85,8,7.6,7.85,17624
HUDCO,20200403,19.45,19.45,18.75,19.2,1460531
IBMFNIFTY,20200403,98,98.49,91.51,94.2,382
IBREALEST,20200403,40,41.5,39.05,40.8,1648839
IBULHSGFIN,20200403,98.5,99,93.5,96.65,14992859
IBULISL,20200403,39,41.95,38.6,38.6,1169577
IBVENTURES,20200403,107.85,107.85,102,102.95,742236
ICICI500,20200403,132,132,110.44,112.24,6616
ICICIB22,20200403,23.05,23.05,22.05,22.29,277654
ICICIBANK,20200403,309.5,309.5,281.5,286.65,57330285
ICICIBANKN,20200403,199.4,199.4,171.25,172.99,12368
ICICIBANKP,20200403,100,104.04,95.95,100.03,4165
ICICIGI,20200403,1100,1119.9,1013,1045.05,1099047
ICICIGOLD,20200403,38.71,40.99,38.71,40.66,85565
ICICILIQ,20200403,1005,1016,998,1000,38705
ICICILOVOL,20200403,81.27,83.27,67.77,73.99,5356
ICICIM150,20200403,45.5,52,45.1,48.48,1615
ICICIMCAP,20200403,54.5,54.5,49.01,49.17,5566
ICICINF100,20200403,108.4,112.53,108.4,112.51,161
ICICINIFTY,20200403,88.95,89.7,85.02,86.62,258942
ICICINV20,20200403,49,53,46,51.37,7335
ICICINXT50,20200403,20.17,25.5,20.17,25.35,12471
ICICIPRULI,20200403,341.5,353.8,325.65,338.9,3435594
ICICISENSX,20200403,316.26,325,309,311.81,5045
ICIL,20200403,23.65,25,23.45,24.6,39389
ICRA,20200403,2091,2150,1987.05,2103.5,1653
IDBI,20200403,19.75,19.85,19,19.4,980265
IDBIGOLD,20200403,3994,4040,3971,3998.9,81
IDEA,20200403,3.05,3.25,3,3.15,186975449
IDFC,20200403,14.95,14.95,13.8,14.05,3300706
IDFCFIRSTB,20200403,20.7,20.9,19.5,19.65,20511280
IDFNIFTYET,20200403,99.7,99.7,96,96.19,84
IEX,20200403,129.6,137,127,135.05,133175
IFBAGRO,20200403,261.95,262.4,251,256.25,11984
IFBIND,20200403,268.25,270,260,268.25,13179
IFCI,20200403,4,4,3.9,3.95,1467452
IFGLEXPOR,20200403,89.95,90.7,88.5,89.45,662
IGARASHI,20200403,165.95,165.95,149.55,154.3,183903
IGL,20200403,383.2,409.95,380.1,406.7,4513937
IGPL,20200403,105.7,109.4,100,107.1,14544
IIFL,20200403,79.9,81.4,76,81.4,93944
IIFLSEC,20200403,34.2,34.2,33.1,34.2,103799
IIFLWAM,20200403,1027,1066.8,961,971.65,1648
IITL,20200403,63,63,62,62,25
IMFA,20200403,109.55,121,105,113.5,5612
IMPAL,20200403,455.45,474.4,455.45,472.3,250
IMPEXFERRO,20200403,0.35,0.35,0.3,0.35,10321
INDBANK,20200403,4.8,5,4.8,4.85,16055
INDHOTEL,20200403,73.8,73.8,69,69.35,1324966
INDIACEM,20200403,102.6,104.25,100,101.4,1188272
INDIAGLYCO,20200403,221,235,218.2,229.8,426415
INDIAMART,20200403,2020,2065.95,1975,1999.85,34961
INDIANB,20200403,45,45.1,43.5,44.8,1019779
INDIANCARD,20200403,81.35,84.95,81.35,84.7,210
INDIANHUME,20200403,127.95,127.95,119,120.05,16469
INDIGO,20200403,999,1004.9,915.05,953.25,2314764
INDLMETER,20200403,9.7,9.7,9.25,9.5,5822
INDNIPPON,20200403,194.9,198.4,190.3,194.55,4626
INDOCO,20200403,205,219.95,198.05,213.75,42099
INDORAMA,20200403,12.8,12.95,12.8,12.95,6722
INDOSTAR,20200403,245,253.8,242.75,251,44483
INDOTECH,20200403,78.6,78.65,73,75,911
INDOTHAI,20200403,14.9,15.95,14.3,14.7,3383
INDOWIND,20200403,1.85,1.9,1.8,1.9,19429
INDRAMEDCO,20200403,34.15,34.8,33.65,34.2,70975
INDSWFTLAB,20200403,21.35,22.4,20.7,22.25,11552
INDSWFTLTD,20200403,2.25,2.25,2.2,2.2,1877
INDTERRAIN,20200403,25.95,27.6,23.2,24.8,3444
INDUSINDBK,20200403,350,350,310.2,313.2,23015160
INEOSSTYRO,20200403,525.85,538.6,518.3,531.9,6883
INFIBEAM,20200403,40,40.95,38,40.5,2452422
INFOBEAN,20200403,65.8,68,62.5,65.15,7272
INFOMEDIA,20200403,2.35,2.35,2.35,2.35,179
INFRABEES,20200403,250,255,232,250.4,375
INFRATEL,20200403,158,161.6,154.2,156.4,8125477
INFY,20200403,603.5,606,582.15,585.7,10221890
INGERRAND,20200403,613,623,613,619.05,6125
INOXLEISUR,20200403,277.7,277.7,255,258.85,549408
INOXWIND,20200403,19.45,19.45,18.45,18.95,621080
INSECTICID,20200403,308.5,308.5,284.05,299.55,14818
INSPIRISYS,20200403,22.5,22.5,18.6,18.8,20937
INTELLECT,20200403,59.95,59.95,59.95,59.95,35292
INTENTECH,20200403,14.8,16,14.7,15.05,4392
INVENTURE,20200403,12,12,10.35,11.5,481
IOB,20200403,6.95,7.1,6.95,7,493536
IOC,20200403,81,82.1,76.6,79.5,17006294
IOLCP,20200403,191,193.85,183.65,193.85,289880
IPCALAB,20200403,1413.45,1429.95,1380,1385.55,290862
IRB,20200403,51.2,53.4,50.55,51.6,678954
IRCON,20200403,83,93.7,82.45,90.85,2501434
IRCTC,20200403,1083.2,1083.2,1083.2,1083.2,224922
ISEC,20200403,281.1,289,275.4,277.65,116723
ISFT,20200403,23,23,22.15,22.6,7873
ISMTLTD,20200403,2.55,2.55,2.2,2.25,69752
ITC,20200403,167.9,182.75,167,177.9,62868085
ITDC,20200403,140,140,129,130.95,47065
ITDCEM,20200403,31.25,31.25,29.3,30.15,65146
ITI,20200403,63,63,59.8,60.2,430657
IVC,20200403,2.05,2.05,1.9,2,225328
IVP,20200403,33,34.65,31.65,34.45,1227
IVZINGOLD,20200403,3949,3949,3949,3949,5
IVZINNIFTY,20200403,880,899,859,859,3
IZMO,20200403,11.5,11.75,11.2,11.75,8428
J&KBANK,20200403,12.4,12.4,11,11.1,2215531
JAGRAN,20200403,45.75,46.6,42.35,44.75,64150
JAGSNPHARM,20200403,17.35,18.2,16.75,17.75,24768
JAIBALAJI,20200403,20,20,16.5,18.2,2657
JAICORPLTD,20200403,49,49.5,46.75,47.25,388259
JAINSTUDIO,20200403,0.9,0.9,0.9,0.9,80
JAMNAAUTO,20200403,24,24,22.15,23.15,596114
JASH,20200403,97.75,102.6,94.3,102.5,1595
JAYAGROGN,20200403,61.95,61.95,57,58.35,6482
JAYBARMARU,20200403,103,103.45,98,99.75,14397
JAYNECOIND,20200403,1.95,2.1,1.95,2.1,10558
JAYSREETEA,20200403,39.4,39.4,35.1,37.6,281908
JBCHEPHARM,20200403,489,489,440.45,447.3,339700
JBFIND,20200403,7.8,8.05,7.8,8.05,25277
JBMA,20200403,142.9,142.9,130.85,132.4,8746
JCHAC,20200403,2152,2220,2152,2209.5,3510
JHS,20200403,7.5,7.9,7.2,7.85,35997
JIKIND,20200403,0.3,0.3,0.25,0.3,26639
JINDALPHOT,20200403,8,9.5,7.7,8.15,3392
JINDALPOLY,20200403,200,203.2,188.3,200,14542
JINDALSAW,20200403,49,49,46.55,47.25,459285
JINDALSTEL,20200403,74.25,74.8,62,63.15,46620044
JINDRILL,20200403,45.2,45.9,43.7,44.8,14308
JINDWORLD,20200403,30.95,30.95,26.15,27.45,102827
JISLDVREQS,20200403,3.45,3.45,3.3,3.45,40026
JISLJALEQS,20200403,3.45,3.5,3.25,3.5,3194031
JITFINFRA,20200403,3.45,3.6,3.3,3.6,2079
JIYAECO,20200403,7,7,7,7,21561
JKCEMENT,20200403,935,935,902,912.9,19118
JKIL,20200403,77,77.9,74.1,74.6,51786
JKLAKSHMI,20200403,196,196,184,185.05,94450
JKPAPER,20200403,76.95,78.9,75.1,76.1,497682
JKTYRE,20200403,42.9,42.9,38.7,39.5,275332
JMA,20200403,19,19,17.4,18.5,133
JMCPROJECT,20200403,32,32.75,30.1,32,110084
JMFINANCIL,20200403,63,63.75,61.5,62.05,224340
JMTAUTOLTD,20200403,0.85,0.9,0.85,0.9,91598
JOCIL,20200403,99.95,99.95,90,97.6,1897
JPASSOCIAT,20200403,1.15,1.15,1.1,1.15,1365669
JPINFRATEC,20200403,0.75,0.75,0.7,0.75,3110177
JPOLYINVST,20200403,7.5,7.5,7.5,7.5,201
JPPOWER,20200403,0.7,0.7,0.7,0.7,538624
JSL,20200403,24.1,25,23.05,24.2,161079
JSLHISAR,20200403,40.85,40.85,38.25,39.15,1060129
JSWENERGY,20200403,43.15,44.5,41.75,42.4,747695
JSWHL,20200403,1404.95,1496,1355,1394.6,707
JSWSTEEL,20200403,143.25,148.15,132.5,140.7,18559602
JTEKTINDIA,20200403,39.9,41.75,35.3,35.95,109858
JUBILANT,20200403,270,274.1,255.05,268.75,227105
JUBLFOOD,20200403,1385,1394.85,1265,1297.8,1350655
JUBLINDS,20200403,90,93,88.8,91.5,2738
JUMPNET,20200403,48,50.55,46.8,47.9,329506
JUNIORBEES,20200403,213.2,224.85,212.2,214.73,81753
JUSTDIAL,20200403,310,312,288.1,299.5,2291516
JYOTHYLAB,20200403,94.75,95,92,94.25,689487
KABRAEXTRU,20200403,45,45,41.5,43.65,4624
KAJARIACER,20200403,373,373,348.1,360.5,101436
KAKATCEM,20200403,108.8,115,106.1,113.6,10660
KALPATPOWR,20200403,184,184.4,177.6,181.25,58830
KALYANIFRG,20200403,90.3,90.3,84,88.3,83
KAMATHOTEL,20200403,16.45,17.95,16.45,17.7,18564
KAMDHENU,20200403,47,49.3,45.1,46.45,15310
KANANIIND,20200403,1.25,1.3,1.25,1.3,103
KANORICHEM,20200403,26.5,27.1,25.5,25.9,96794
KANSAINER,20200403,385,388.95,374,377.4,2067993
KARDA,20200403,128,128.45,121,126.3,753
KARMAENG,20200403,11,11.55,11,11.55,160
KARURVYSYA,20200403,21.5,22.9,20.6,21.1,675620
KAUSHALYA,20200403,0.35,0.35,0.35,0.35,8
KAYA,20200403,128.5,128.5,120.4,128.5,40384
KCP,20200403,42.25,43.9,40.55,42.45,87960
KCPSUGIND,20200403,12.9,12.9,12,12.6,229959
KDDL,20200403,122.5,122.75,115.5,115.5,4648
KEC,20200403,171.5,172.75,158,159.75,273842
KECL,20200403,8.5,8.5,8.15,8.5,13119
KEI,20200403,295.8,295.8,288,295.8,133145
KELLTONTEC,20200403,7.7,7.8,7.5,7.8,9412
KENNAMET,20200403,779.95,779.95,667.05,672.4,1555
KERNEX,20200403,14.2,14.2,12.9,13.95,6700
KESORAMIND,20200403,20,20,19.1,19.65,52058
KHADIM,20200403,79.75,80.8,73,78.15,58006
KHANDSE,20200403,12.5,12.5,12.5,12.5,109
KICL,20200403,1103.1,1103.6,1053.7,1100.1,2454
KILITCH,20200403,84.95,94.9,83.5,91.75,32894
KINGFA,20200403,374.8,374.8,350.5,362.7,3072
KIOCL,20200403,59,61,58.45,59.55,10681
KIRIINDUS,20200403,300.75,300.75,300.75,300.75,12372
KIRLFER,20200403,42.95,46,42.2,45.05,7993
KIRLOSBROS,20200403,93,93.4,86,91.35,16610
KIRLOSENG,20200403,93.9,93.9,86.2,86.85,20154
KIRLOSIND,20200403,438.95,465,433.95,448.65,757
KITEX,20200403,85.7,88,84.2,86.15,43919
KKCL,20200403,674.45,674.95,620,621.25,895
KMSUGAR,20200403,7,7.1,6.6,7.05,233878
KNRCON,20200403,197,198.45,186,189.3,32223
KOKUYOCMLN,20200403,41,43.85,40.55,42.9,23415
KOLTEPATIL,20200403,121.8,132.3,110,119.85,60491
KOPRAN,20200403,24.2,25.4,21.55,24.55,209530
KOTAKBANK,20200403,1181.65,1183,1087,1140.85,10111593
KOTAKBKETF,20200403,186.12,187.33,171.7,172.38,412417
KOTAKGOLD,20200403,410,414.7,393.65,401.7,50149
KOTAKNIFTY,20200403,86.72,87.44,84,84.58,452238
KOTAKNV20,20200403,43.5,46.5,43.5,44.25,5615
KOTAKPSUBK,20200403,128.85,128.85,121,121.79,7096
KOTARISUG,20200403,8.65,9,8.2,8.9,58886
KOTHARIPET,20200403,10.5,11.15,10.2,10.5,7827
KOTHARIPRO,20200403,34.7,36.8,33.15,35.35,1649
KPITTECH,20200403,36.25,37.95,35.5,37.9,178328
KPRMILL,20200403,333,344.1,316.5,328.25,7097
KRBL,20200403,155.65,155.65,148.25,155.65,645735
KREBSBIO,20200403,78.55,82.6,71,73.45,1268
KRIDHANINF,20200403,1.2,1.2,1.1,1.2,99331
KSB,20200403,412,430,401,411.55,6099
KSCL,20200403,334,334,301.1,303.4,69477
KSERASERA,20200403,0.05,0.1,0.05,0.1,1579724
KSK,20200403,0.35,0.35,0.3,0.35,257377
KSL,20200403,124,126,120,121,13518
KTKBANK,20200403,42.95,42.95,41.1,42.15,648200
KUANTUM,20200403,281.45,310,276.5,298.35,297
KWALITY,20200403,1.45,1.45,1.4,1.45,604502
L&TFH,20200403,51,51,48.2,48.9,10545764
LAKSHVILAS,20200403,11.4,11.95,10.9,11.35,598990
LALPATHLAB,20200403,1399,1406.65,1305,1339.8,204308
LAMBODHARA,20200403,20.75,20.75,18.95,20,1916
LAOPALA,20200403,145.2,153.3,145.2,149.05,37101
LASA,20200403,29.4,29.5,29.4,29.5,16591
LAURUSLABS,20200403,328.4,352.95,316.05,342.15,175186
LAXMIMACH,20200403,2392.7,2398.1,2271.05,2358.75,1111
LEMONTREE,20200403,22.2,22.4,19.9,20,955247
LGBBROSLTD,20200403,162,164.45,150,152.25,19408
LGBFORGE,20200403,1.75,1.75,1.7,1.7,19835
LIBAS,20200403,43.9,43.9,43.9,43.9,180
LIBERTSHOE,20200403,107.6,108.8,99.5,100.55,85768
LICHSGFIN,20200403,232.05,234.7,216,218.65,4702299
LICNETFGSC,20200403,22.15,22.99,22,22.1,4879
LICNETFN50,20200403,93.99,93.99,86.1,86.57,740
LICNFNHGP,20200403,93.52,105,82.8,89.21,1614
LINCOLN,20200403,126.95,127,118.05,119.85,11916
LINCPEN,20200403,138.05,145.85,137.8,140,2541
LINDEINDIA,20200403,474.75,474.75,447.2,458.85,11059
LIQUIDBEES,20200403,999.99,1000.01,999.94,1000,1396490
LIQUIDETF,20200403,1000.01,1000.01,999.99,1000,3211
LOKESHMACH,20200403,16,16,14.7,14.9,5712
LOTUSEYE,20200403,22.25,24,20.45,23,5512
LOVABLE,20200403,39.25,40,39.25,39.85,5924
LPDC,20200403,0.8,0.85,0.75,0.8,1413
LSIL,20200403,0.35,0.35,0.3,0.35,260527
LT,20200403,791.1,791.1,762.8,774.65,4268501
LTI,20200403,1380,1392.25,1345,1354.15,76517
LTTS,20200403,1181.1,1181.1,1085,1107.6,345971
LUMAXIND,20200403,885.7,989,885.7,948.9,2998
LUMAXTECH,20200403,53,53,48.05,48.95,20342
LUPIN,20200403,582.45,665.9,578,655.85,6492876
LUXIND,20200403,929.95,939.95,896.1,923,42747
LYKALABS,20200403,13.7,15.5,12.6,14.85,71763
LYPSAGEMS,20200403,2.65,2.75,2.6,2.6,13313
M&M,20200403,274,290,271.35,280.7,6961905
M&MFIN,20200403,153.5,156.5,140.1,142.55,3853026
M100,20200403,11.8,12.98,11.8,12.61,30607
M50,20200403,84,85.5,79.55,80.5,3123
MAANALU,20200403,29.95,29.95,25.55,27.2,6764
MADHAV,20200403,18.05,18.5,17.1,18.05,4973
MADHUCON,20200403,1.55,1.6,1.5,1.6,23027
MADRASFERT,20200403,12,12.55,11.55,12.1,119334
MAGADSUGAR,20200403,72.25,72.25,66,72.15,87299
MAGMA,20200403,17,17.3,16.7,16.9,129890
MAGNUM,20200403,3.1,3.1,3.1,3.1,250
MAHABANK,20200403,9.05,9.05,8.65,8.85,286262
MAHAPEXLTD,20200403,56.85,56.85,51.45,51.45,1400
MAHASTEEL,20200403,69,69,65.55,67.95,303
MAHEPC,20200403,78.9,78.95,76.2,77.35,44251
MAHESHWARI,20200403,150,151.5,140.7,147.65,6884
MAHINDCIE,20200403,75.05,75.05,71.6,72.45,25503
MAHLIFE,20200403,204.9,204.9,186.5,188.75,7379
MAHLOG,20200403,237,237,215,218.45,34440
MAHSCOOTER,20200403,2092,2149,2056,2092.85,3438
MAHSEAMLES,20200403,192.1,193,188.75,189.9,22516
MAITHANALL,20200403,365,366,345.1,349.15,21578
MAJESCO,20200403,249.75,253.8,230.15,230.15,6449
MALUPAPER,20200403,22.4,22.65,21.2,21.65,7327
MAN50ETF,20200403,84.15,84.15,82.01,82.48,9996
MANAKALUCO,20200403,2.9,2.9,2.45,2.5,5883
MANAKCOAT,20200403,2.3,2.4,2.3,2.4,31
MANAKSIA,20200403,29,29.75,28,29.75,6934
MANAKSTEEL,20200403,6.2,6.55,6.2,6.4,2082
MANALIPETC,20200403,10.4,10.4,10.1,10.3,96682
MANAPPURAM,20200403,93.4,94.95,91.25,92.4,5641325
MANGALAM,20200403,33.5,33.5,33.5,33.5,3407
MANGCHEFER,20200403,24.1,25.5,23.5,23.85,67277
MANGLMCEM,20200403,145.5,150.45,141,144.7,11729
MANGTIMBER,20200403,7,7,6.85,6.85,201
MANINDS,20200403,40.55,40.55,38.1,38.6,74875
MANINFRA,20200403,15.8,16.8,15.8,16.5,27703
MANUGRAPH,20200403,7.55,7.6,7.15,7.45,17206
MANXT50,20200403,206.75,207.1,204,204.98,13910
MARALOVER,20200403,9.9,9.9,9,9.85,420
MARATHON,20200403,42.75,44.4,40.6,43.35,3068
MARICO,20200403,263,275.7,257,261.15,3664064
MARKSANS,20200403,13,15.5,12.9,14.8,4155251
MARUTI,20200403,4250,4267,4001.1,4011.5,1724863
MASFIN,20200403,537,549.95,502.5,507.55,34626
MASKINVEST,20200403,13.5,13.5,13.5,13.5,1
MASTEK,20200403,192.4,192.4,175.2,175.2,33748
MATRIMONY,20200403,272,285,269.95,274.35,111101
MAWANASUG,20200403,24.95,24.95,23.05,24.95,128923
MAXINDIA,20200403,60.95,60.95,58.25,58.8,58766
MAXVIL,20200403,33,33,31.55,32.05,26246
MAYURUNIQ,20200403,152,152,147.05,149.45,27816
MAZDA,20200403,251.95,251.95,227.55,233.9,4137
MBECL,20200403,2.2,2.3,2.2,2.3,16224
MBLINFRA,20200403,2.9,2.9,2.9,2.9,2955
MCDHOLDING,20200403,12.95,13,12.25,12.6,8505
MCDOWELL-N,20200403,465,490,463.2,465.8,2828163
MCLEODRUSS,20200403,2.2,2.2,2.2,2.2,45954
MCX,20200403,1034.7,1034.7,981.85,986.9,223205
MEGASOFT,20200403,5.4,5.4,5,5.4,2839
MEGH,20200403,40.9,41.65,38.95,39.5,565020
MENONBE,20200403,30.1,30.1,28.9,29.2,55941
MEP,20200403,11.85,11.85,11.3,11.3,28763
MERCATOR,20200403,0.6,0.6,0.55,0.6,664042
METALFORGE,20200403,3.9,3.95,3.8,3.95,5238
METROPOLIS,20200403,1289.95,1290,1202.7,1233.9,37303
MFSL,20200403,373,375,326.65,333.85,2323689
MGL,20200403,819,844.45,801.15,824.5,696751
MHRIL,20200403,138.3,138.3,132,133.8,21361
MIC,20200403,0.45,0.5,0.45,0.5,131857
MIDHANI,20200403,178.5,178.5,171.1,172.55,299136
MINDACORP,20200403,57,57.8,52.75,53.45,133004
MINDAIND,20200403,232,232,222,225.85,169345
MINDTECK,20200403,13.55,14.2,13.3,14.15,10368
MINDTREE,20200403,754,757.2,692,701.1,854693
MIRCELECTR,20200403,3.65,3.95,3.65,3.95,1958230
MIRZAINT,20200403,40.95,43,38,38.7,116553
MMFL,20200403,170,175,163,172.1,1887
MMP,20200403,60,60,52.1,56.75,1111
MMTC,20200403,12.6,12.6,12.05,12.15,341926
MODIRUBBER,20200403,26.7,26.7,26.7,26.7,1
MOHOTAIND,20200403,4.1,4.3,3.9,4.3,3012
MOIL,20200403,101.25,103.4,100,100.55,93342
MOLDTECH,20200403,37,37,33.65,33.95,9623
MOLDTKPAC,20200403,179.95,179.95,164,171.15,33518
MONTECARLO,20200403,138.1,152,136.05,148.6,10219
MORARJEE,20200403,8.4,8.4,8.4,8.4,898
MOREPENLAB,20200403,9.6,11.2,9.5,10.95,1377470
MOTHERSUMI,20200403,58.45,58.45,54.2,54.7,8351838
MOTILALOFS,20200403,480.05,498,470,479.05,72228
MOTOGENFIN,20200403,23.95,25,23.9,24,170
MPHASIS,20200403,692.95,748,661,671.6,382268
MPSLTD,20200403,214.75,214.75,204.2,209.95,4225
MRF,20200403,55600,56200,54500,55062.25,33126
MRO-TEK,20200403,34.55,34.55,34.55,34.55,1
MRPL,20200403,24,24,23,23.55,307876
MSPL,20200403,4.2,4.35,4,4.35,6252
MSTCLTD,20200403,87.35,87.35,83.1,86.05,153173
MTEDUCARE,20200403,7.6,7.6,7.6,7.6,5675
MTNL,20200403,6.15,6.15,5.9,6,254001
MUKANDENGG,20200403,6.65,7.25,6.65,7.2,2289
MUKANDLTD,20200403,14.5,14.5,13.25,13.55,8584
MUKTAARTS,20200403,18.5,18.5,17.6,18.1,600
MUNJALAU,20200403,27.45,27.45,25.1,26.3,29440
MUNJALSHOW,20200403,58.7,63.7,58,60.4,26928
MURUDCERA,20200403,9.9,10.1,9,9.45,22383
MUTHOOTCAP,20200403,257,257,228.6,241.75,15104
MUTHOOTFIN,20200403,606,626,593.7,606,1336172
N100,20200403,550,574.5,530.4,570.7,30670
NACLIND,20200403,21.6,21.9,20.4,21,10900
NAGAFERT,20200403,3.25,3.3,3.25,3.3,24339
NAGREEKCAP,20200403,3.95,3.95,3.65,3.85,3842
NAGREEKEXP,20200403,8.5,9,8.5,8.5,7116
NAHARCAP,20200403,48.5,48.5,46.1,47.1,945
NAHARINDUS,20200403,17.7,18.45,17.65,17.9,3585
NAHARPOLY,20200403,26,27.4,26,26.6,475
NAHARSPING,20200403,25.55,26.7,25.05,26.6,5427
NAM-INDIA,20200403,258.5,261.2,247.15,251.25,1421567
NATCOPHARM,20200403,508,545,495,516.5,453810
NATHBIOGEN,20200403,135.3,149.1,135.3,149.1,6680
NATIONALUM,20200403,28.8,28.8,27.5,28.15,6598198
NATNLSTEEL,20200403,1.15,1.15,1.1,1.1,17808
NAUKRI,20200403,2028,2054.1,1931,2006.65,310860
NAVINFLUOR,20200403,1204.75,1280.75,1190,1266.75,121073
NAVKARCORP,20200403,17.4,17.8,16.95,17.2,88504
NAVNETEDUL,20200403,63.35,65.9,60,60.95,43245
NBCC,20200403,16.5,16.5,15.9,16.1,2558062
NBIFIN,20200403,1399.55,1399.55,1399.55,1399.55,50
NBVENTURES,20200403,36,37.9,35.15,35.8,100946
NCC,20200403,18.7,18.95,16.85,16.95,23953535
NCLIND,20200403,55.45,55.9,53.7,54.3,38064
NDGL,20200403,460,480,441.4,454.45,54
NDL,20200403,15,16.2,14.6,15.15,9164
NDTV,20200403,24.45,25.4,24.15,24.55,3175
NECCLTD,20200403,3.75,3.75,3.35,3.65,20843
NECLIFE,20200403,10.25,11.3,9.05,10.8,328889
NELCAST,20200403,29.5,31.85,29.3,29.85,8387
NELCO,20200403,133.2,140.05,130,139.1,21238
NEOGEN,20200403,337.95,354.75,331,345.9,2306
NESCO,20200403,464,464,423.2,453.3,30948
NESTLEIND,20200403,15939.7,15939.7,15005,15104.65,190780
NETF,20200403,87.3,89.9,83,84.3,702
NETFCONSUM,20200403,46.3,49,45,46.58,1000
NETFDIVOPP,20200403,25.6,26.91,22.05,26.69,1071
NETFLTGILT,20200403,21.35,21.35,20.8,20.92,36676
NETFMID150,20200403,47.5,48,43.1,44.64,214117
NETFNIF100,20200403,103,103,90.8,95.78,575
NETFNV20,20200403,43.51,46.85,43.51,45.91,2113
NETWORK18,20200403,18.15,18.45,17.1,17.15,378087
NEULANDLAB,20200403,276.6,289,265,284.8,49858
NEWGEN,20200403,108,108,101.5,102,18740
NEXTMEDIA,20200403,2.95,3.25,2.95,3.15,5394
NFL,20200403,18.7,20.5,18.35,19.6,798991
NH,20200403,249.8,275.95,240.4,264.25,136330
NHPC,20200403,19.7,21.45,19.05,19.8,14065920
NIACL,20200403,105.5,110.8,98.85,107.1,306852
NIBL,20200403,5.15,5.15,4.95,4.95,221
NIFTYBEES,20200403,90,91.2,86.35,86.59,4260702
NIITLTD,20200403,79,79.9,73,75.1,141096
NIITTECH,20200403,1171.1,1182,1011.05,1037.55,512848
NILAINFRA,20200403,2.65,2.7,2.5,2.7,59768
NILASPACES,20200403,0.55,0.6,0.5,0.55,40291
NILKAMAL,20200403,955,959.4,915,929.85,9243
NIPPOBATRY,20200403,411.35,423,406,414.1,280
NITCO,20200403,13.5,13.5,13.5,13.5,16250
NITINSPIN,20200403,28.9,28.9,26,27.8,28732
NKIND,20200403,9.85,9.85,8.95,8.95,2904
NLCINDIA,20200403,43.8,44,42.75,43.6,202683
NMDC,20200403,79.3,80.7,75.7,79.25,4597483
NOCIL,20200403,67,67.7,64,64.4,1156581
NOIDATOLL,20200403,2.9,2.95,2.7,2.95,93918
NPBET,20200403,100,122.89,100,111.03,152
NRAIL,20200403,150,153.5,147,150.1,8159
NRBBEARING,20200403,62,62,56,57.9,10955
NSIL,20200403,745,757.5,630,652,4499
NTL,20200403,0.35,0.4,0.3,0.35,14549
NTPC,20200403,82.05,82.1,78.85,79.55,18319674
NUCLEUS,20200403,185,185,175.15,180.05,9344
NXTDIGITAL,20200403,231.05,250,231.05,245.9,1023
OAL,20200403,136,139.9,128.15,139,1348
OBEROIRLTY,20200403,320.5,340.8,314.25,320.2,1037067
OCCL,20200403,577.9,577.9,534.8,556.1,6489
OFSS,20200403,1920,2209.2,1875,2034.15,42499
OIL,20200403,82.25,85.6,80.25,84.25,2705007
OILCOUNTUB,20200403,3.25,3.4,3.1,3.4,9702
OISL,20200403,2.05,2.15,2,2,37152
OLECTRA,20200403,54.2,54.2,54.2,54.2,10470
OMAXAUTO,20200403,20,20,19.5,19.7,2583
OMAXE,20200403,154.45,155.1,150.8,152.9,289731
OMKARCHEM,20200403,2.4,2.5,2.35,2.45,12982
OMMETALS,20200403,12.35,13.85,12.35,12.65,15640
ONELIFECAP,20200403,3.3,3.3,3.3,3.3,4550
ONEPOINT,20200403,12.45,13.7,12.45,12.95,16628
ONGC,20200403,69,71,66.5,69.85,39761221
ONMOBILE,20200403,15.05,18.05,14.7,18.05,701247
ONWARDTEC,20200403,44.1,44.1,43,43.5,257
OPTIEMUS,20200403,15.25,16.1,14.6,15.6,2697
OPTOCIRCUI,20200403,1.75,1.75,1.75,1.75,19180
ORBTEXP,20200403,62.85,63.45,59.4,59.45,2057
ORICONENT,20200403,10.5,10.5,9.8,9.95,13563
ORIENTABRA,20200403,11.15,11.15,10.25,10.6,26349
ORIENTALTL,20200403,5.65,6.2,5.1,6.15,4854
ORIENTBELL,20200403,60,61,54,56.75,2350
ORIENTCEM,20200403,44,44.1,41.75,42.65,30669
ORIENTELEC,20200403,192.75,192.75,174.9,182.05,182628
ORIENTHOT,20200403,18.95,18.95,15.9,16.5,30668
ORIENTLTD,20200403,67.6,67.6,67.6,67.6,31
ORIENTPPR,20200403,14.85,14.85,14.05,14.65,145489
ORIENTREF,20200403,116.6,117.05,110,111.6,22286
ORISSAMINE,20200403,1010,1032.55,983.4,1032.55,14898
ORTINLABSS,20200403,7.2,7.2,6.9,7,6210
OSWALAGRO,20200403,3.9,4.2,3.9,4,23965
PAEL,20200403,1.8,1.8,1.8,1.8,31
PAGEIND,20200403,17000,17000,16330.1,16503,20853
PAISALO,20200403,178.2,178.2,169.75,175.15,3567
PALASHSECU,20200403,18.2,18.2,17.3,18,725
PALREDTEC,20200403,9.2,9.8,9.2,9.8,700
PANACEABIO,20200403,115,129,114.85,126.25,44454
PANACHE,20200403,44,44,44,44,1
PANAMAPET,20200403,29.7,30.6,26.95,28.75,31231
PAPERPROD,20200403,198.05,200.65,195.85,196.95,18925
PARACABLES,20200403,7.1,7.1,6.45,6.6,26761
PARAGMILK,20200403,65.15,66.35,64.05,64.85,263778
PARSVNATH,20200403,1.3,1.35,1.3,1.35,43182
PATELENG,20200403,9.35,9.5,9,9.2,94652
PATINTLOG,20200403,11.2,11.55,11.15,11.55,4548
PATSPINLTD,20200403,2.4,2.5,2.4,2.5,3151
PCJEWELLER,20200403,12.6,12.6,12.6,12.6,576462
PDMJEPAPER,20200403,11.6,11.65,10.8,11.55,24604
PDSMFL,20200403,299.85,299.85,275,277.25,90
PEARLPOLY,20200403,11.8,12.95,11.8,12.95,1606
PEL,20200403,935,936,871.25,912.1,2422575
PENIND,20200403,16,16.25,14.75,16.2,118251
PENINLAND,20200403,2.5,2.65,2.5,2.65,51847
PERSISTENT,20200403,554.95,554.95,498,514.1,117779
PETRONET,20200403,201,203.6,194.2,195.8,3489254
PFC,20200403,89.3,90.4,85.7,86.25,3154844
PFIZER,20200403,3990,4119,3860.45,4020,26647
PFOCUS,20200403,25,26.5,24.7,25.8,12486
PFS,20200403,8,8.1,7.85,8,338867
PGEL,20200403,29.75,29.75,26.95,28.9,53484
PGHH,20200403,10321,10500,9990.05,10363.05,10634
PGHL,20200403,3719.85,3900,3634.35,3847.1,13291
PGIL,20200403,101.05,102.5,98.55,99.45,579
PHILIPCARB,20200403,66.05,70.4,63.65,69.05,953612
PHOENIXLTD,20200403,515,522.75,485,512.05,46634
PIDILITIND,20200403,1299,1300.4,1196.4,1215.9,1310167
PIIND,20200403,1192,1192,1153,1177.8,82806
PILANIINVS,20200403,1170,1170,1121,1138.2,280
PILITA,20200403,3.3,3.35,3.1,3.35,2532
PIONDIST,20200403,92.05,98,91,92.4,16038
PIONEEREMB,20200403,16.1,17.95,16.1,16.3,1667
PITTIENG,20200403,21.3,22.5,20.5,21.5,16381
PKTEA,20200403,74.75,74.85,74.75,74.85,755
PLASTIBLEN,20200403,111.1,118.45,111.05,111.85,2080
PNB,20200403,30.5,30.7,29.25,29.65,20697301
PNBGILTS,20200403,24,24,23.55,23.6,39820
PNBHOUSING,20200403,174.65,174.65,160.75,161,348266
PNC,20200403,8,8.6,7.7,8.45,5816
PNCINFRA,20200403,99.5,99.5,90.15,91.35,331693
PODDARHOUS,20200403,171,171,162.4,165,102
PODDARMENT,20200403,115.05,117,110.4,112.3,2040
POKARNA,20200403,53.4,53.4,48.4,48.85,19088
POLYCAB,20200403,741,758,725,736.45,103016
POLYMED,20200403,226.55,245,207,237,62539
POLYPLEX,20200403,319,325,308.3,318.55,51015
PONNIERODE,20200403,135,149,133,135.2,1800
POWERGRID,20200403,154.55,160.45,151.75,156.2,11850094
POWERINDIA,20200403,798.8,817,781.1,790,141804
POWERMECH,20200403,339.6,350,327,330.2,7414
PPAP,20200403,133.5,142.85,130,138.9,4072
PPL,20200403,23.4,24.25,23.1,24.25,39629
PRABHAT,20200403,54.15,54.9,53.4,54.25,16857
PRADIP,20200403,0.45,0.45,0.45,0.45,21528
PRAENG,20200403,4.55,4.95,4.45,4.9,7554
PRAJIND,20200403,55.1,58,52.5,57.15,4638966
PRAKASH,20200403,19.5,21.45,19.45,20.7,450780
PRAKASHSTL,20200403,0.15,0.2,0.15,0.2,2229
PRAXIS,20200403,41.6,41.6,41.6,41.6,51
PRECAM,20200403,26,26,23.85,24,17616
PRECOT,20200403,22.5,22.5,20.4,20.45,1055
PRECWIRE,20200403,69.8,69.8,67.25,68.15,22740
PREMEXPLN,20200403,60.6,63.9,59.4,62.6,2095
PREMIER,20200403,1.35,1.35,1.3,1.3,559
PREMIERPOL,20200403,18.3,18.3,16.9,18.3,527
PRESSMN,20200403,13.25,13.95,13,13.5,4336
PRESTIGE,20200403,182,189.2,177.05,182,155155
PRICOLLTD,20200403,35.55,36,32.8,33.5,123043
PRIMESECU,20200403,26.9,28.85,25.75,27.4,6272
PRINCEPIPE,20200403,101.1,101.8,96,98.7,61609
PROSEED,20200403,0.25,0.25,0.25,0.25,3200
PROZONINTU,20200403,8.75,8.75,7.95,8.2,59845
PRSMJOHNSN,20200403,29.5,31.1,28.6,30.1,146610
PSB,20200403,11,11,10.5,10.9,31873
PSL,20200403,0.25,0.35,0.25,0.35,15765
PSPPROJECT,20200403,325,325,303,310.55,9137
PSUBNKBEES,20200403,14.99,15.49,14.8,15.1,29719
PTC,20200403,39.5,39.75,38.45,39.1,354498
PTL,20200403,28.75,28.75,27,27.4,8834
PUNJABCHEM,20200403,369.9,399,329.95,378.4,6220
PURVA,20200403,36.8,41.5,36.2,37.5,46100
PVR,20200403,1055,1069.95,952,1007,1587605
QGOLDHALF,20200403,1979.95,1986,1920,1930.9,1682
QNIFTY,20200403,849,849,808,832,172
QUESS,20200403,220,221,210.65,219.15,247847
QUICKHEAL,20200403,80.75,87,80.5,84.9,297694
RADAAN,20200403,1,1.05,1,1.05,600
RADICO,20200403,268,279,259,273.35,524807
RADIOCITY,20200403,14.75,15,14.35,14.85,180304
RAIN,20200403,56.8,56.8,49.3,53.55,521868
RAJESHEXPO,20200403,553.5,649.95,553,632.05,191711
RAJSREESUG,20200403,17,17.05,16.05,17.05,103953
RAJTV,20200403,31,33.7,31,32,801
RALLIS,20200403,171.7,173.45,166,167.9,86887
RAMANEWS,20200403,11.05,11.9,10.5,10.95,35263
RAMASTEEL,20200403,20.9,20.9,19.35,20.4,11722
RAMCOCEM,20200403,490,507.7,470,473.85,620718
RAMCOIND,20200403,113.35,119.7,111.25,116.2,3833
RAMCOSYS,20200403,77.7,77.7,71,74.65,23270
RAMKY,20200403,21.8,21.8,18.9,20.05,20179
RANASUG,20200403,3.5,3.5,3.5,3.5,29751
RANEENGINE,20200403,145.2,145.2,134.5,138.15,531
RANEHOLDIN,20200403,327.9,350,319.85,331.85,6943
RATNAMANI,20200403,895.1,914,882.2,898.95,4743
RAYMOND,20200403,227,227.1,218,219.4,164781
RBL,20200403,360,380,345,370.25,31812
RBLBANK,20200403,136.95,139.1,109.25,110.95,44027691
RCF,20200403,27.2,28.65,26.45,27.55,1464129
RCOM,20200403,0.65,0.7,0.65,0.7,7653873
RECLTD,20200403,88.2,88.2,84.65,85.05,3514917
REDINGTON,20200403,66.5,68.5,66,66.45,140816
REFEX,20200403,36.9,37.2,36.5,37.2,31772
RELAXO,20200403,600,603.9,570.35,600.55,167791
RELCAPITAL,20200403,4.45,4.65,4.4,4.5,3947706
RELIANCE,20200403,1134.45,1134.45,1056.3,1077.45,18912044
RELIGARE,20200403,21,21,21,21,17627
RELINFRA,20200403,11.2,11.2,11.1,11.2,697016
REMSONSIND,20200403,55.5,55.75,50.1,51.05,95
RENUKA,20200403,5.05,5.05,5.05,5.05,243078
REPCOHOME,20200403,113.95,115,106.4,109.45,158370
REPRO,20200403,340,369.85,331.5,350.3,3351
RESPONIND,20200403,81.55,82.75,80,80.55,77143
REVATHI,20200403,296,324.3,270,307.8,449
RGL,20200403,200,214,194.1,199.15,1994
RHFL,20200403,0.75,0.75,0.7,0.75,1930451
RICOAUTO,20200403,19.3,20.25,19,19.7,63751
RIIL,20200403,202.9,204.4,193.5,195.25,103678
RITES,20200403,245.1,248.7,236,238.1,385587
RKDL,20200403,4.7,4.7,4.3,4.7,12457
RKFORGE,20200403,139.7,144.8,133.45,139.05,39591
RMCL,20200403,2.95,2.95,2.95,2.95,1818
RML,20200403,141.7,163,136,150.9,38291
RNAVAL,20200403,1.5,1.5,1.4,1.4,726523
ROHITFERRO,20200403,0.4,0.45,0.4,0.45,15279
ROHLTD,20200403,44.9,44.9,39,39.65,31687
ROLLT,20200403,1.1,1.1,1.05,1.05,21612
ROLTA,20200403,2.3,2.3,2.3,2.3,28612
ROSSELLIND,20200403,40.65,40.65,38.95,39.3,2972
RPGLIFE,20200403,177.5,184,167.1,178.95,21724
RPOWER,20200403,1.35,1.35,1.3,1.35,8628424
RPPINFRA,20200403,30.9,31.85,30.85,31.55,48527
RSSOFTWARE,20200403,12.2,12.2,11.6,11.75,5617
RSWM,20200403,69.45,71.25,68.5,68.75,3189
RSYSTEMS,20200403,82.15,83,81.5,81.9,21088
RTNINFRA,20200403,1.9,1.9,1.9,1.9,2567
RTNPOWER,20200403,1.45,1.45,1.35,1.35,2328603
RUBYMILLS,20200403,122.05,128.25,116.75,126.8,1604
RUCHI,20200403,189.65,189.65,189.65,189.65,930
RUCHINFRA,20200403,1.9,1.9,1.85,1.9,37937
RUCHIRA,20200403,34.05,36.8,33.95,36.55,20088
RUPA,20200403,118.85,127.2,116.35,125.4,23740
RUSHIL,20200403,72.55,79.05,72.55,79.05,1073
RVNL,20200403,14.3,15.2,13.8,15.2,10237541
S&SPOWER,20200403,15.1,15.1,15.1,15.1,387
SABTN,20200403,1.25,1.25,1.05,1.15,27873
SADBHAV,20200403,27,27,25.05,25.45,611316
SADBHIN,20200403,13.4,13.5,12.35,12.5,112942
SAFARI,20200403,416.55,430,381.3,407.15,1849
SAGARDEEP,20200403,61.3,61.4,55.6,58.3,37
SAGCEM,20200403,283,300.3,281.05,282.2,5794
SAIL,20200403,22.25,22.6,21.5,21.65,15162888
SAKAR,20200403,51,51,51,51,11
SAKHTISUG,20200403,9.35,10.4,9.25,10.3,555507
SAKSOFT,20200403,127,144.4,124,126.55,1142
SAKUMA,20200403,3.75,3.8,3.25,3.65,86293
SALASAR,20200403,77.95,77.95,72.7,77.8,6346
SALONA,20200403,34.25,37.35,34.25,36.8,410
SALSTEEL,20200403,1.7,1.7,1.7,1.7,822
SALZERELEC,20200403,61.05,63.9,59.15,63.15,6669
SAMBHAAV,20200403,1.25,1.35,1.25,1.3,8447
SANCO,20200403,7,7,6.25,6.7,8303
SANDESH,20200403,451,453,421.15,429.55,842
SANDHAR,20200403,134.35,136.7,125,129.55,4946
SANGAMIND,20200403,39.6,39.6,35.95,37.55,1288
SANGHIIND,20200403,19.6,20.9,18.9,19.45,93554
SANGHVIFOR,20200403,13.5,13.5,13.5,13.5,27
SANGHVIMOV,20200403,47.4,48.65,45.05,45.1,22856
SANGINITA,20200403,66.6,66.6,66.6,66.6,3623
SANOFI,20200403,6425,7281,6400,6655.65,84181
SANWARIA,20200403,1.15,1.15,1.1,1.15,715106
SARDAEN,20200403,119.4,119.4,112.2,116.45,12669
SAREGAMA,20200403,197,220.6,192,216.35,3952
SARLAPOLY,20200403,13.7,13.7,12.75,13.35,13230
SASKEN,20200403,358.4,371.6,358,361.65,13749
SASTASUNDR,20200403,53.25,55,51.75,54.15,1119
SATIA,20200403,67.3,67.3,64.5,65.1,7198
SATIN,20200403,68.7,68.7,62.2,68.3,29129
SBICARD,20200403,613.8,614.7,588,590.25,1693653
SBIETFQLTY,20200403,91,93.49,78.8,80.38,66448
SBILIFE,20200403,648,665,627.3,650.15,1279330
SBIN,20200403,187.55,188.2,175,175.5,64455937
SCAPDVR,20200403,0.2,0.2,0.15,0.2,92182
SCHAEFFLER,20200403,3569.2,3599,3410.2,3559.45,4960
SCHAND,20200403,41,41,38.3,39.05,22313
SCHNEIDER,20200403,67.5,67.5,64.65,66.8,25242
SCI,20200403,36.25,37.7,35.5,36.2,524173
SDBL,20200403,64,67.2,64,67.15,3684
SEAMECLTD,20200403,293.4,293.4,272.45,290,1873
SELAN,20200403,70.7,74.25,70.05,73.95,37624
SEPOWER,20200403,1.65,1.85,1.4,1.65,78972
SEQUENT,20200403,73.3,75.5,70.6,75,310336
SESHAPAPER,20200403,112,115.5,102.2,105.7,12741
SETCO,20200403,5.9,5.9,5.6,5.7,74752
SETF10GILT,20200403,199.98,199.98,190,199.95,46
SETFGOLD,20200403,4100,4150,4100,4141.7,3918
SETFNIF50,20200403,90.95,90.95,84.71,85.17,882533
SETFNIFBK,20200403,190.5,191,175.1,176.7,354872
SETFNN50,20200403,219,219,202,214.43,14596
SETUINFRA,20200403,0.45,0.5,0.4,0.5,170741
SEYAIND,20200403,39.9,42.8,39.9,40.9,7886
SFL,20200403,1318.35,1343.95,1232.95,1240.1,8938
SGL,20200403,5.9,6.1,5.65,5.85,32913
SHAHALLOYS,20200403,4.85,5.05,4.65,5,3857
SHAKTIPUMP,20200403,115.9,115.9,110.4,114.05,14599
SHALBY,20200403,46.7,48,42.8,43.2,1750798
SHALPAINTS,20200403,51.8,51.8,47.9,50.55,24531
SHANKARA,20200403,222.25,227.85,214,221.35,38724
SHANTIGEAR,20200403,65,66.5,64.9,65.45,1403
SHARDACROP,20200403,104,108,103,105.05,32249
SHARDAMOTR,20200403,616,616.6,561.5,616.6,775
SHARIABEES,20200403,265,265,223.1,227.92,196
SHEMAROO,20200403,50,51.15,48.8,51.1,11784
SHIL,20200403,60.7,60.7,55.1,56.7,127222
SHILPAMED,20200403,261,269.65,261,269.65,15080
SHIRPUR-G,20200403,6.3,6.3,6.3,6.3,11156
SHIVAMAUTO,20200403,9.45,10.2,9.3,10,35716
SHIVAMILLS,20200403,22.6,24,21,21.9,8661
SHIVATEX,20200403,101.3,101.3,92.25,95.9,6169
SHK,20200403,73,75.6,71.55,72.45,10613
SHOPERSTOP,20200403,199.9,199.9,185.2,191.45,6034
SHREDIGCEM,20200403,22.05,22.5,21.3,22.15,144579
SHREECEM,20200403,16661.2,16698.45,15410,15783.8,77720
SHREEPUSHK,20200403,74,77.4,70.5,73.7,11004
SHREERAMA,20200403,3.4,3.4,3.4,3.4,1636
SHRENIK,20200403,14.2,14.2,13.9,14.2,3824
SHREYANIND,20200403,62.1,63.9,61.45,62.25,5112
SHREYAS,20200403,39.75,39.9,36.1,38.05,22398
SHRIPISTON,20200403,402,439.7,402,433,160
SHRIRAMCIT,20200403,795,795,714.45,738,3267
SHRIRAMEPC,20200403,2.4,2.4,2.3,2.35,54096
SHYAMCENT,20200403,2.1,2.1,1.9,2.1,11655
SHYAMTEL,20200403,6.2,6.2,6.2,6.2,151
SICAGEN,20200403,9,9.55,8.35,9.3,6932
SICAL,20200403,6.95,6.95,6.95,6.95,7197
SIEMENS,20200403,1096.3,1096.3,1044,1051.25,280441
SIGIND,20200403,16.5,17.75,16,16.45,435
SIL,20200403,9.25,9.9,9.25,9.55,1285
SILINV,20200403,79.35,84.9,75,80.4,5407
SIMBHALS,20200403,4.65,4.65,4.65,4.65,1540
SIMPLEXINF,20200403,16.5,18.2,16.5,18.2,1458367
SINTEX,20200403,0.7,0.75,0.65,0.75,5285278
SIRCA,20200403,204,204,196,204,4883
SIS,20200403,449,449,420.55,426.45,17244
SITINET,20200403,0.55,0.6,0.5,0.6,1004273
SIYSIL,20200403,139.7,143.95,125.6,128.85,7291
SJVN,20200403,21,21.3,20.5,20.75,2259279
SKFINDIA,20200403,1471.4,1489.65,1400,1400.85,7037
SKIL,20200403,3,3,2.85,2.85,637
SKIPPER,20200403,18.85,20.6,18.6,19.95,22142
SKMEGGPROD,20200403,30,31,29.6,30.75,26408
SMARTLINK,20200403,65,65,61.55,62.65,775
SMLISUZU,20200403,301.35,304.8,295.1,298.55,10574
SMSLIFE,20200403,174,178.8,167.05,171,1579
SMSPHARMA,20200403,26.75,28,26.75,27.75,40555
SNOWMAN,20200403,31.05,31.4,29.1,29.8,151529
SOBHA,20200403,146,160.9,145,160.7,754876
SOLARA,20200403,435,442,406,433.8,39423
SOLARINDS,20200403,910.1,921.1,880,888.45,6280
SOMANYCERA,20200403,92.7,93.45,88.65,92.1,123993
SOMATEX,20200403,1.85,1.85,1.8,1.8,687
SOMICONVEY,20200403,9.8,10.75,9.8,10.75,310
SONATSOFTW,20200403,175,175,160,162.75,108818
SORILINFRA,20200403,42.6,42.7,38.7,38.7,124799
SOTL,20200403,650.05,659.95,619.95,650.7,1032
SOUTHBANK,20200403,5.75,5.85,5.65,5.7,5608430
SOUTHWEST,20200403,13,13,11.5,11.95,10326
SPAL,20200403,66.25,66.4,63.5,66,3767
SPANDANA,20200403,566.05,609.95,566.05,599.25,24392
SPARC,20200403,98,109.3,94.45,102.9,2783709
SPCENET,20200403,0.85,0.9,0.8,0.85,13810
SPECIALITY,20200403,25.3,27.55,25.3,27.55,57098
SPENCERS,20200403,77.15,78,72.5,72.95,680431
SPENTEX,20200403,0.25,0.25,0.2,0.25,33259
SPIC,20200403,11.3,11.7,11.05,11.55,36226
SPICEJET,20200403,40.3,40.45,40.25,40.45,1057493
SPLIL,20200403,24,24,19.8,20.5,51376
SPMLINFRA,20200403,5,5.45,5,5.45,11202
SPTL,20200403,0.75,0.75,0.7,0.75,1428437
SPYL,20200403,0.25,0.25,0.2,0.25,23870
SREEL,20200403,122.4,124.8,115,118.95,5819
SREINFRA,20200403,4.25,4.25,3.95,4.05,934342
SRF,20200403,2635,2767.6,2562.1,2668.35,411310
SRHHYPOLTD,20200403,70.4,80.7,70.3,80.1,8850
SRIPIPES,20200403,114.05,116.9,108.1,111.3,79701
SRTRANSFIN,20200403,634.7,634.7,515,520.65,5220755
SSWL,20200403,375,380,365,379.85,419
STAMPEDE,20200403,0.4,0.4,0.35,0.35,59032
STAR,20200403,310.05,320,303.2,306.95,454175
STARCEMENT,20200403,68.2,70,66.1,69.3,22657
STARPAPER,20200403,71.25,72.5,69,70.65,23778
STCINDIA,20200403,32.45,32.45,29.9,30.3,12146
STEELCITY,20200403,18.4,19.8,17.25,17.6,5048
STEELXIND,20200403,12.4,13.45,12.4,12.55,2588
STEL,20200403,38.5,41.5,37.7,38.4,7919
STERTOOLS,20200403,135.95,136,125,131.75,9022
STINDIA,20200403,3.15,3.15,3.15,3.15,26
STRTECH,20200403,64.95,64.95,62,63.25,779697
SUBCAPCITY,20200403,5,5,5,5,11000
SUBEX,20200403,3.25,3.45,3.05,3.4,766751
SUBROS,20200403,129.35,135.1,125.05,127.85,15149
SUDARSCHEM,20200403,353,363.45,346.25,349.35,176579
SUJANAUNI,20200403,0.15,0.15,0.1,0.15,189993
SUMEETINDS,20200403,1.35,1.35,1.25,1.3,68231
SUMICHEM,20200403,197.7,197.7,187.15,189.4,65935
SUMIT,20200403,14.1,14.1,14.1,14.1,1
SUMMITSEC,20200403,317.4,317.4,303,317.05,4673
SUNCLAYLTD,20200403,1491,1518,1474.65,1489.25,427
SUNDARAM,20200403,1.1,1.15,1.1,1.15,66400
SUNDARMFIN,20200403,1175.4,1191,1150.05,1173.2,31270
SUNDARMHLD,20200403,43,43,39.25,42.25,4508
SUNDRMBRAK,20200403,167.8,167.8,155.55,162,810
SUNDRMFAST,20200403,275.55,275.55,259.25,260.3,60635
SUNFLAG,20200403,23.8,23.85,22.5,23.55,15653
SUNPHARMA,20200403,343.95,389.8,340,375.95,28550650
SUNTECK,20200403,197.35,208.5,192,200.45,43132
SUNTV,20200403,270,279,259.55,266.6,2483511
SUPERHOUSE,20200403,63,64.2,58.65,59.55,8053
SUPERSPIN,20200403,2.3,2.3,2.1,2.2,5132
SUPPETRO,20200403,128.7,135.4,128.25,133.95,6393
SUPRAJIT,20200403,128.95,136.15,116.15,119.75,228735
SUPREMEIND,20200403,840,859.75,791.5,799,287998
SURANASOL,20200403,5.2,5.6,5.2,5.55,3486
SURANAT&P,20200403,2.1,2.9,2.1,2.55,3132
SURYALAXMI,20200403,14.75,15,14.75,14.95,787
SURYAROSNI,20200403,67,69.3,66.2,69.3,59654
SUTLEJTEX,20200403,18.7,20.1,18.7,19.2,3601
SUVEN,20200403,19.35,21.35,19.35,21.35,3028688
SUVENPHAR,20200403,220,229.25,211,220,562699
SUZLON,20200403,2.1,2.1,2.1,2.1,2977651
SWANENERGY,20200403,99.2,102.85,96.05,100.05,51765
SWARAJENG,20200403,900.1,915,899.95,907.9,3090
SWELECTES,20200403,90,90,81.9,83.3,6582
SWSOLAR,20200403,83.8,84,80.55,84,271215
SYMPHONY,20200403,809,817.95,790,799.45,11066
SYNCOM,20200403,0.5,0.55,0.5,0.55,4258
SYNGENE,20200403,247.95,259.9,233.35,251.15,461125
TAINWALCHM,20200403,39.35,39.35,37,38.35,490
TAJGVK,20200403,100.7,104.7,100,100.9,9887
TAKE,20200403,38.05,39.95,36.25,39.25,89126
TALBROAUTO,20200403,69.35,73.55,69.25,71.15,5187
TANLA,20200403,51.8,52.75,50.6,52.75,161844
TARMAT,20200403,22.25,23.9,22.15,22.95,2934
TASTYBITE,20200403,8800,8897,8558.05,8804.6,585
TATACHEM,20200403,229,229.4,216.2,218.55,1474934
TATACOFFEE,20200403,55.85,56.3,54,54.3,365939
TATACOMM,20200403,249,250,233.5,235.1,86209
TATACONSUM,20200403,286,286,264,267.15,5990376
TATAELXSI,20200403,617,617,590.05,593.6,214168
TATAINVEST,20200403,641.05,661.45,618.75,634.7,10434
TATAMETALI,20200403,339,348,330.3,344.6,17993
TATAMOTORS,20200403,66.9,66.9,64.8,65.3,35346490
TATAMTRDVR,20200403,29,30,28.8,29.55,1732848
TATAPOWER,20200403,31.75,31.9,29.95,30.15,10639666
TATASTEEL,20200403,267.7,268.9,251,253.75,12528030
TATASTLBSL,20200403,16.6,16.6,15.35,15.55,1271175
TATASTLLP,20200403,199.9,199.9,182,184.35,18338
TBZ,20200403,21.6,22.25,20.25,21.55,47670
TCI,20200403,180,183,166.05,169.6,25351
TCIDEVELOP,20200403,236,254.75,232.9,244.1,4185
TCIEXP,20200403,573,573,521.1,525.85,19365
TCIFINANCE,20200403,4.45,4.65,4.45,4.5,8450
TCNSBRANDS,20200403,339.95,340,327.05,333,2201
TCPLPACK,20200403,174.95,174.95,160,163.2,3031
TCS,20200403,1740,1740,1650,1654.2,5735529
TDPOWERSYS,20200403,92,96,84,85.55,7423
TEAMLEASE,20200403,1549,1571.7,1506.7,1535.35,9596
TECHM,20200403,513.75,533.15,510.1,520.9,5826215
TECHNOE,20200403,225,236.05,200.8,218.25,8867
TECHNOFAB,20200403,4.9,4.9,4.5,4.55,20871
TEJASNET,20200403,32.2,32.85,30.7,31.65,161945
TERASOFT,20200403,14,14.15,12.2,13.5,19924
TEXINFRA,20200403,29,30.7,27.15,30,8413
TEXMOPIPES,20200403,8.65,9.45,8.5,8.9,57203
TEXRAIL,20200403,18.9,19.4,18.05,19,179244
TFCILTD,20200403,36.9,36.9,33.2,34,25965
TFL,20200403,2.2,2.2,2,2.2,2502
TGBHOTELS,20200403,2.1,2.2,2,2.2,6847
THANGAMAYL,20200403,248,248,220,225.6,19358
THEINVEST,20200403,79.55,79.55,76.5,79.55,461
THEMISMED,20200403,237.15,247.95,230.5,237.6,260
THERMAX,20200403,744.35,744.35,701,715.4,78687
THOMASCOOK,20200403,25.8,26.15,25.15,26.1,118696
THYROCARE,20200403,512,543.35,500,516.95,359306
TI,20200403,14.85,15,14.25,14.8,28905
TIDEWATER,20200403,3200,3220,3101,3181.5,2462
TIIL,20200403,181,186.95,168,169.95,10443
TIINDIA,20200403,259,279,254,274.75,58407
TIJARIA,20200403,4.05,4.1,3.9,4.05,3648
TIL,20200403,101,109,99,103.25,2861
TIMESGTY,20200403,13.55,14.7,13.55,14.7,680
TIMETECHNO,20200403,24.55,24.55,23.25,24.25,108521
TIMKEN,20200403,790.75,810,774.35,788.75,12502
TINPLATE,20200403,83.4,84.4,79.35,80.1,186395
TIPSINDLTD,20200403,86,86,85.75,85.75,1409
TIRUMALCHM,20200403,37.55,40.6,36.55,39.3,614429
TITAN,20200403,930,930.05,855.95,862.8,4951957
TMRVL,20200403,6.5,6.5,6.5,6.5,10686
TNPETRO,20200403,25,25.15,23.9,24.7,36277
TNPL,20200403,89.4,89.4,86.5,87.25,115872
TNTELE,20200403,1.15,1.15,1.15,1.15,671
TOKYOPLAST,20200403,57.35,62,57.35,57.7,978
TORNTPHARM,20200403,1979,2113,1950,2077,1013029
TORNTPOWER,20200403,281.05,282.2,272.65,278.95,369937
TOUCHWOOD,20200403,52.5,52.5,46.65,50.7,10061
TPLPLASTEH,20200403,68,68,62.4,64.65,424
TREEHOUSE,20200403,3.35,3.5,3.35,3.5,5983
TREJHARA,20200403,6.35,6.35,5.85,6.35,6405
TRENT,20200403,469.95,475.8,431.5,450.25,511693
TRF,20200403,50.05,52.2,49.95,51.5,5576
TRIDENT,20200403,4.55,4.55,4.1,4.15,8765190
TRIGYN,20200403,23.45,23.8,22.5,22.8,10966
TRIL,20200403,5.8,6.2,5.55,5.9,58657
TRITURBINE,20200403,58.9,60,54,56.45,48411
TRIVENI,20200403,40.1,40.1,36.6,39.55,1447769
TTKHLTCARE,20200403,330,349.8,313.05,341.55,3206
TTKPRESTIG,20200403,4796.95,4796.95,4450,4471.75,3121
TTL,20200403,29,29,24,25.85,36098
TTML,20200403,1.85,1.9,1.8,1.85,754124
TV18BRDCST,20200403,15.3,15.7,13.95,14.15,2889057
TVSELECT,20200403,58,58.4,56.7,58.4,20706
TVSMOTOR,20200403,275.05,277.95,251.5,252.95,3325587
TVSSRICHAK,20200403,932,932,882,908.55,2569
TVTODAY,20200403,168,168,153,156.15,10159
TVVISION,20200403,1.15,1.15,1.05,1.15,4365
TWL,20200403,27.35,29.2,26.7,28.2,566445
UBL,20200403,895,899.25,860,886.95,490414
UCALFUEL,20200403,73,74.4,71,71.95,5996
UCOBANK,20200403,9.25,9.25,9,9.05,351207
UFLEX,20200403,140.9,145.05,134.75,139.3,93732
UFO,20200403,79.8,81.95,77,80.6,75685
UGARSUGAR,20200403,11.05,11.6,10.7,11.2,145770
UJAAS,20200403,2.5,2.5,2.35,2.4,270400
UJJIVAN,20200403,150.9,151.2,138.55,142.3,1198803
UJJIVANSFB,20200403,27.6,28.85,25.1,27.6,2753531
ULTRACEMCO,20200403,3189,3191,3025,3041.6,406173
UMANGDAIRY,20200403,38.8,38.8,33.6,35.4,4675
UNICHEMLAB,20200403,143.75,143.75,129.25,137.85,68547
UNIENTER,20200403,40,43.15,38.1,38.15,1181
UNIONBANK,20200403,29,29.15,28.1,28.6,1378652
UNIPLY,20200403,4.95,4.95,4.55,4.8,362038
UNITEDTEA,20200403,197.95,199,186.8,194.65,267
UNIVCABLES,20200403,85,85,80.3,84,12092
UNIVPHOTO,20200403,52,52,50.1,50.85,261
UPL,20200403,306.15,307.5,295,298.1,3265474
URJA,20200403,1,1,0.95,1,2908228
USHAMART,20200403,16.25,16.25,15.5,15.65,58614
UTINEXT50,20200403,233,254.95,233,250,295
UTINIFTETF,20200403,888.7,914.97,853.6,868.24,67647
UTISENSETF,20200403,362,373.84,350.05,365,392
UTISXN50,20200403,249.52,263,208.9,246.86,136
UTTAMSTL,20200403,4.6,4.8,4.4,4.8,70414
UTTAMSUGAR,20200403,56.75,56.75,54.05,56.75,73128
UVSL,20200403,0.1,0.1,0.05,0.1,4422260
V2RETAIL,20200403,56.8,56.8,56.8,56.8,6388
VADILALIND,20200403,463,470,455,460.5,2321
VAIBHAVGBL,20200403,795.85,848,795.85,801,9318
VAISHALI,20200403,38.5,40,38,40,1687
VAKRANGEE,20200403,18.05,18.05,18.05,18.05,218142
VARDHACRLC,20200403,27.5,27.5,26.5,27.2,9774
VARDMNPOLY,20200403,3.25,3.25,3.2,3.2,2066
VARROC,20200403,125.55,127.8,120,124.8,77987
VASCONEQ,20200403,8.8,8.85,7.85,8.2,304326
VASWANI,20200403,2.7,2.7,2.7,2.7,288
VBL,20200403,544.9,560,500,537.5,257369
VEDL,20200403,64,64.45,62.2,62.8,24226287
VENKEYS,20200403,843.1,845.05,805.5,812.65,36061
VENUSREM,20200403,23.8,23.9,22.1,23.8,6738
VESUVIUS,20200403,785,790.05,750,766.75,2992
VETO,20200403,29.05,29.05,27.1,27.55,3837
VGUARD,20200403,162.5,162.9,153,154,392199
VHL,20200403,881.55,917.05,881,895.25,488
VICEROY,20200403,0.8,0.85,0.8,0.85,1883
VIDHIING,20200403,49.5,50.5,45.8,49.35,20284
VIJIFIN,20200403,0.25,0.25,0.2,0.25,13936
VIKASECO,20200403,1,1,1,1,1103165
VIKASMCORP,20200403,1.1,1.1,1.1,1.1,23397
VIKASPROP,20200403,6.65,6.65,6.65,6.65,15867
VIKASWSP,20200403,4.35,4.35,4.1,4.2,258657
VIMTALABS,20200403,63,63,59.2,59.95,46479
VINATIORGA,20200403,798.95,798.95,749.95,756.15,111327
VINDHYATEL,20200403,439.7,449.6,425.2,439.75,6474
VINYLINDIA,20200403,42.85,42.85,39.3,41.8,2146
VIPCLOTHNG,20200403,4.5,4.5,4.3,4.5,50664
VIPIND,20200403,242,242,223.5,225.15,164175
VIPULLTD,20200403,13.25,13.25,12.5,13.25,1757
VISAKAIND,20200403,134,135,129.05,130.05,34771
VISASTEEL,20200403,2.8,2.95,2.7,2.85,19510
VISHAL,20200403,174,174,174,174,137
VISHNU,20200403,72.65,84.15,70.5,83.8,92430
VISHWARAJ,20200403,65,68,63.05,65.85,2369
VIVIDHA,20200403,0.15,0.2,0.15,0.15,212105
VIVIMEDLAB,20200403,7.4,7.95,7.25,7.7,105749
VLSFINANCE,20200403,33.2,34.5,31.65,33.65,11523
VMART,20200403,1505,1580,1324.85,1540.7,53248
VOLTAMP,20200403,894.95,898.95,862.8,883.8,3269
VOLTAS,20200403,474.1,478.85,460.5,472.55,845750
VRLLOG,20200403,147.9,147.95,141.4,143.05,26143
VSSL,20200403,47,47,40.95,42,4919
VSTIND,20200403,2769.9,2798,2670,2716.25,7279
VSTTILLERS,20200403,641.55,665.9,612,619.85,6951
VTL,20200403,640.95,641,605,619.9,14154
WABAG,20200403,78.5,80.5,74.8,75.4,231385
WABCOINDIA,20200403,6145.1,6205,6130,6174.75,1152
WALCHANNAG,20200403,25.9,26.95,24.65,26.55,46336
WANBURY,20200403,18.7,18.7,17.8,18.2,5324
WATERBASE,20200403,88,90.9,85,89.7,138518
WEBELSOLAR,20200403,11.9,12.45,11.5,12.45,29536
WEIZMANIND,20200403,25.95,25.95,25.95,25.95,2311
WELCORP,20200403,63.9,64.3,61.25,64.3,465068
WELENT,20200403,40.05,42.45,38.5,42.45,157111
WELINV,20200403,140,147.95,139,139,168
WELSPUNIND,20200403,22,22,20.8,21,734342
WENDT,20200403,1784.95,1850,1734.95,1849.35,160
WESTLIFE,20200403,339.5,339.5,326.1,331.55,39588
WHEELS,20200403,319.2,337,319,329.45,1747
WHIRLPOOL,20200403,1799.95,1803,1750,1792,19688
WILLAMAGOR,20200403,9.9,9.9,9,9.25,3135
WINDMACHIN,20200403,9.9,10.25,9.9,10.25,10288
WIPRO,20200403,188,189.6,177.75,180,6573737
WOCKPHARMA,20200403,178,194.25,173.4,185.2,1158126
WONDERLA,20200403,134,135,132,133.25,29253
WSI,20200403,1.35,1.35,1.35,1.35,101
WSTCSTPAPR,20200403,134.8,137.8,128,131.15,35252
XCHANGING,20200403,32.15,33.35,31.05,31.2,4935
XELPMOC,20200403,50.15,50.25,43,45.95,1900
XPROINDIA,20200403,14.9,16.4,13.25,14.4,1119
YESBANK,20200403,24.5,24.95,22.8,24.1,45326980
ZEEL,20200403,123,125.95,119.05,124.35,7888049
ZEELEARN,20200403,12.4,12.5,12,12.35,93344
ZEEMEDIA,20200403,3.9,3.9,3.9,3.9,100834
ZENITHBIR,20200403,0.4,0.4,0.35,0.35,1242
ZENITHEXPO,20200403,32.2,35.1,32.2,35.05,729
ZENSARTECH,20200403,88,93,87.55,88.1,17993
ZENTEC,20200403,27.2,27.5,25.75,27.45,139791
ZICOM,20200403,0.95,1,0.9,1,15533
ZODIACLOTH,20200403,96.35,103.9,94.3,95.7,3347
ZODJRDMKJ,20200403,22.95,22.95,22.9,22.9,220
ZOTA,20200403,131.95,133.9,128.05,132,5523
ZUARI,20200403,65.95,65.95,61,64.7,23050
ZUARIGLOB,20200403,28.95,28.95,25.5,26.7,18128
ZYDUSWELL,20200403,1265.75,1265.75,1213,1216.4,6988
NSENIFTY,20200403,8356.55,8356.55,8055.80,8083.80,697752438,0
NIFTYJUNIOR,20200403,20730.70,20744.30,20277.25,20399.70,436466163,0
NIFTYMIDCAPLIQ15,20200403,2675.65,2677.60,2611.55,2623.55,74199969,0
NSE100,20200403,8497.75,8497.75,8213.25,8240.20,1135951449,0
NIFTY200,20200403,4320.65,4320.65,4182.25,4195.00,1452499594,0
NSE500,20200403,6831.65,6831.65,6619.55,6638.45,1629545801,0
NSEMIDCAP150,20200403,4435.60,4439.75,4339.85,4352.35,327874196,0
MIDCAP50,20200403,3110.20,3113.75,3030.50,3037.00,287717198,0
NSEMIDCAP,20200403,11528.80,11536.45,11282.35,11316.75,316548145,0
NSESMLCAP100,20200403,3577.50,3580.25,3474.85,3485.75,-,0
NIFTYLARGEMIDCAP250,20200403,-,-,-,4114.17,1463825645,0
NIFTYAUTO,20200403,4652.75,4659.80,4511.10,4517.75,104162675,0
BANKNIFTY,20200403,18325.05,18326.10,17143.20,17249.30,342530350,0
NIFTYFINSERVICE,20200403,8986.60,8989.50,8521.15,8562.10,258150876,0
NIFTYFMGC,20200403,26716.50,27180.75,26114.20,26537.75,90161887,0
NSEIT,20200403,12129.85,12146.95,11621.20,11680.05,40624880,0
NIFTYMEDIA,20200403,1011.30,1015.70,972.95,987.20,20483538,0
NIFTYMETAL,20200403,1563.55,1568.75,1496.65,1522.90,149271522,0
NIFTYPHARMA,20200403,7019.85,7452.80,6956.20,7361.60,90108092,0
NIFTYPVTBANK,20200403,9753.15,9753.15,9094.95,9157.10,239020764,0
NIFTYPSUBANK,20200403,1285.00,1288.90,1228.80,1232.30,118542709,0
NIFTYREALTY,20200403,173.40,175.40,168.80,172.05,10531108,0
NIFTYCOMMODITIES,20200403,2257.65,2257.90,2175.90,2198.00,305862480,0
NIFTYCONSUMPTION,20200403,3996.85,3996.85,3899.60,3920.15,149712034,0
NIFTYCPSE,20200403,1297.55,1311.10,1267.45,1293.00,116723796,0
NIFTYENERGY,20200403,11040.00,11040.50,10641.10,10888.40,159531858,0
NIFTY100ESG,20200403,-,-,-,1555.78,915429133,0
NIFTY100ENHESG,20200403,-,-,-,1566.71,869464612,0
NIFTYINFRA,20200403,2332.15,2332.20,2258.15,2280.45,261367207,0
NIFTYMNC,20200403,10882.60,10882.60,10614.40,10631.95,271013987,0
NIFTYPSE,20200403,2171.20,2204.40,2118.40,2168.55,216569874,0
NIFTYSMEEMERGE,20200403,-,-,-,1057.12,222250,0
NIFTYSERVSECTOR,20200403,11417.20,11417.75,10913.60,10941.05,450825793,0
NIFTYSHARIAH25,20200403,-,-,-,3448.21,150283546,0
NIFTY50SHARIAH,20200403,-,-,-,1997.47,149610346,0
NIFTY500SHARIAH,20200403,-,-,-,2336.85,346008360,0
NIFTYABGROUP,20200403,-,-,-,1829.33,198880185,0
NIFTYMAHINDRA,20200403,-,-,-,5732.91,16732919,0
NIFTYTATA,20200403,-,-,-,5048.56,80581781,0
NIFTYTATA25CAP,20200403,-,-,-,3223.60,78088625,0
NIFTYABGROUP,20200403,-,-,-,1829.33,198880185,0
NIFTYLIQ15,20200403,2054.50,2054.50,1977.85,1982.35,338679090,0
NIFTY500VALUE50,20200403,-,-,-,2259.72,301884336,0
NIFTYALPHALOWVOL30,20200403,-,-,-,9124.80,306766472,0
NIFTYQUALLOWVOL30,20200403,-,-,-,6618.97,175696758,0
NIFTYALPHAQUALLOWVOL30,20200403,-,-,-,7601.60,212581489,0
NIFTYALPHAQUALVALLOWVOL30,20200403,-,-,-,5769.47,253614469,0
NIFTY50EQUALWEIGHT,20200403,8384.95,8385.40,8188.00,8227.35,697752438,0
NIFTY100EQUALWEIGHT,20200403,9257.85,9260.70,9056.35,9119.25,1135951449,0
NIFTY100LOWVOL30,20200403,6881.45,6882.50,6712.10,6731.95,250126162,0
NSEDEFTY,20200403,-,-,-,3677.36,-,0
NIFTY50DIVPOINT,20200403,0.00,0.00,0.00,0.00,-,0
NIFTYDIVOPPS50,20200403,1887.35,1906.35,1852.55,1873.15,348481141,0
NIFTYALPHA50,20200403,10021.20,10037.65,9754.00,9840.10,200339742,0
NIFTY50ARBITRAGE,20200403,-,-,-,1906.69,-,0
NIFTY50FUTINDEX,20200403,-,-,-,2694.22,-,0
NIFTY50FUTTRINDEX,20200403,-,-,-,8195.00,-,0
NIFTYHIGHBETA50,20200403,-,-,-,712.38,798102180,0
NIFTYLOWVOL50,20200403,-,-,-,8436.84,263981411,0
NIFTY50VALUE20,20200403,4254.75,4284.90,4166.30,4203.10,300231173,0
NIFTYGROWSECT15,20200403,4398.40,4398.65,4269.75,4305.40,210924754,0
NIFTY50TR2XLEV,20200403,3017.20,3017.20,2802.95,2822.65,-,0
NIFTY50PR2XLEV,20200403,2304.90,2304.90,2141.25,2156.30,-,0
NIFTY50TR1XINV,20200403,467.05,484.30,467.05,482.70,-,0
NIFTY50PR1XINV,20200403,534.05,553.70,534.05,551.90,-,0
NIFTY-GS-COMPSITE,20200403,2143.92,2143.92,2128.71,2129.64,-,0
NIFTY-GS-4-8YR,20200403,2225.20,2225.20,2214.04,2215.38,-,0
NIFTY-GS-8-13YR,20200403,2108.81,2108.81,2093.95,2093.32,-,0
NIFTY-GS-10YR,20200403,1953.70,1953.70,1931.09,1931.47,-,0
NIFTY-GS-10YR-CLN,20200403,972.07,972.07,960.46,960.66,-,0
NIFTY-GS-11-15YR,20200403,2251.92,2251.92,2236.37,2239.22,-,0
NIFTY-GS-15YRPLUS,20200403,2483.80,2483.80,2483.80,2473.63,-,0
VIX,20200403,60.05,60.59,54.90,55.30,0,0
