20MICRONS,20200323,21.8,22.85,19,19.9,29446
3IINFOTECH,20200323,1.3,1.35,1.2,1.2,3428698
3MINDIA,20200323,16300,16600,15701,15887.25,14420
3PLAND,20200323,3.8,3.8,3.65,3.65,1026
5PAISA,20200323,91.05,121,91.05,96.2,7785
63MOONS,20200323,47.7,49.5,47.7,47.7,87773
A2ZINFRA,20200323,3.55,3.55,3,3,440498
AARTIDRUGS,20200323,475,578.1,421,461.75,21667
AARTIIND,20200323,700,739.95,668,679.5,746917
AARVEEDEN,20200323,7.1,9.25,7.1,7.5,5192
AAVAS,20200323,1100,1247.4,1048.15,1048.15,29737
ABAN,20200323,14,14.45,13.6,13.85,61588
ABB,20200323,825,999,805,863.05,58987
ABBOTINDIA,20200323,13500,14200,13001,13271,16933
ABCAPITAL,20200323,42,42.95,41.4,41.4,1527832
ABFRL,20200323,168,177.65,154.15,160.45,492805
ABSLNN50ET,20200323,194,210,193,210,6146
ACC,20200323,1034,1068.75,988,998.45,574633
ACCELYA,20200323,810,890,810,871.5,16701
ACE,20200323,40.5,41.3,33.95,34.6,207152
ADANIENT,20200323,123.05,135,118.2,120.9,1456143
ADANIGAS,20200323,89.2,94.9,89.2,89.2,512757
ADANIGREEN,20200323,135.25,138.95,135.25,135.25,255497
ADANIPORTS,20200323,235,235.8,203,207.8,5716818
ADANIPOWER,20200323,26.15,27.8,25.3,25.65,4609535
ADANITRANS,20200323,185.9,185.9,185.9,185.9,61903
ADFFOODS,20200323,131.95,134,124.5,125.25,38071
ADHUNIKIND,20200323,16.3,16.3,16.3,16.3,660
ADLABS,20200323,2.5,2.6,2.4,2.4,70211
ADORWELD,20200323,175,191.9,160,161.65,5704
ADSL,20200323,11.35,11.35,11.35,11.35,2069
ADVANIHOTR,20200323,33,39.95,31.1,31.15,15286
ADVENZYMES,20200323,109,109,98.1,99.5,186070
AEGISCHEM,20200323,127.8,135,127.65,127.65,66285
AFFLE,20200323,1085.05,1085.05,1085.05,1085.05,2212
AGARIND,20200323,57,57,49,52.45,3046
AGCNET,20200323,219.05,219.5,219.05,219.05,10012
AGRITECH,20200323,19,21.7,18.65,18.65,11129
AGROPHOS,20200323,7.6,7.6,7.6,7.6,1582
AHLEAST,20200323,115.1,168,115.05,122.65,17814
AHLUCONT,20200323,243.85,243.85,192.35,192.35,4739
AHLWEST,20200323,299.95,299.95,252,269.05,1465
AIAENG,20200323,1102.2,1310,1102.2,1238.8,23281
AIONJSW,20200323,8.5,9.15,8.5,8.5,48098
AIRAN,20200323,11.25,11.25,9.65,9.65,5761
AJANTPHARM,20200323,1100,1199.3,1005,1039.2,57289
AJMERA,20200323,55.5,58.8,53,56.3,28961
AKSHARCHEM,20200323,148,154.9,147.35,147.4,4672
AKSHOPTFBR,20200323,3.05,3.35,3.05,3.05,307319
AKZOINDIA,20200323,1845,1960,1820.05,1887.7,20754
ALANKIT,20200323,8.65,8.65,8.65,8.65,12842
ALBERTDAVD,20200323,290,310,263,275.2,11236
ALCHEM,20200323,1.1,1.15,1.05,1.15,13621
ALEMBICLTD,20200323,37.3,37.3,30.25,30.25,342352
ALICON,20200323,180,193.5,173.1,173.9,3212
ALKALI,20200323,24.8,24.8,23.25,23.25,3496
ALKEM,20200323,1881.3,2348,1881.3,2269.65,80723
ALKYLAMINE,20200323,1110,1244.95,1040,1099.55,27245
ALLCARGO,20200323,62,62.25,55.1,57.25,196293
ALLSEC,20200323,126,126.45,123.1,123.1,1847
ALOKINDS,20200323,5.2,5.2,5.2,5.2,156006
ALPA,20200323,13.3,13.5,11.5,12.2,24337
ALPHAGEO,20200323,132,132,115,127.45,16445
ALPSINDUS,20200323,0.65,0.7,0.65,0.7,20918
AMARAJABAT,20200323,393.25,419.8,380,387.25,509062
AMBER,20200323,1010.05,1150,1000,1080.05,48113
AMBIKCO,20200323,550,587,489,498.25,13223
AMBUJACEM,20200323,145,150.9,139.55,145.85,4517269
AMDIND,20200323,10.25,10.25,8.3,8.45,3024
AMJLAND,20200323,16.25,20.35,14.6,15.2,15523
AMRUTANJAN,20200323,279,299,253,269,46409
ANANTRAJ,20200323,18.35,18.35,15.5,15.65,329470
ANDHRACEMT,20200323,1.7,1.85,1.55,1.55,107206
ANDHRAPAP,20200323,130.15,139,130.15,132.25,5793
ANDHRSUGAR,20200323,167.9,167.9,142.65,143.95,96102
ANIKINDS,20200323,6.7,7,6.4,6.4,6407
ANKITMETAL,20200323,0.45,0.45,0.4,0.45,768
ANSALAPI,20200323,3.8,4.05,3.75,3.75,19296
ANSALHSG,20200323,2.85,3.15,2.85,2.85,3469
ANUP,20200323,280,290,268.5,268.5,11409
APARINDS,20200323,270,343.3,239.45,259.65,50022
APCL,20200323,102.9,106,86.25,92.75,3736
APCOTEXIND,20200323,74.4,75,67.55,68.85,26582
APEX,20200323,146.8,170,144.1,145.15,104696
APLAPOLLO,20200323,1150,1240,1046.8,1071.45,104764
APLLTD,20200323,500.5,518.35,434.8,445.4,156564
APOLLO,20200323,49.2,49.7,40.05,42.25,46265
APOLLOHOSP,20200323,1226.7,1299.35,1149,1158.65,816579
APOLLOPIPE,20200323,253,260.25,221.05,227.1,64266
APOLLOTYRE,20200323,83,83.9,75.8,76.45,1468284
APOLSINHOT,20200323,310,335,302.45,302.45,534
APTECHT,20200323,80,83.4,68.1,73.9,49809
ARCHIDPLY,20200323,13.65,16.65,12.4,12.9,7750
ARCHIES,20200323,9.7,9.7,9.5,9.5,12996
ARCOTECH,20200323,0.85,0.9,0.8,0.8,28501
ARENTERP,20200323,12.65,12.65,12.65,12.65,13
ARIES,20200323,40.5,40.5,34,37.55,50908
ARIHANT,20200323,12,12,12,12,40
ARIHANTSUP,20200323,19.5,21.4,19.45,20.8,10655
ARMANFIN,20200323,500,500,500,500,3319
AROGRANITE,20200323,17.6,17.6,15.9,15.9,10729
ARROWGREEN,20200323,36.8,36.8,33.3,33.3,2158
ARSHIYA,20200323,9,9.1,7.7,8.4,86048
ARSSINFRA,20200323,11.2,11.25,9.2,9.75,22828
ARTEMISMED,20200323,135,143.75,118,125.05,46
ARVIND,20200323,22.5,22.5,19.7,20.05,766871
ARVINDFASN,20200323,150,159.9,147.75,147.75,7570
ARVSMART,20200323,73.8,80,63.5,75.4,36981
ASAHIINDIA,20200323,150,165.95,132.85,138.75,14810
ASAHISONG,20200323,104.95,104.95,87.6,87.6,32955
ASAL,20200323,13,13,12.4,12.4,5559
ASALCBR,20200323,130.15,149,125,129.15,23553
ASHAPURMIN,20200323,23.1,23.1,22.9,22.9,5387
ASHIANA,20200323,50,55,49.5,50.05,36944
ASHIMASYN,20200323,3.25,3.5,3.25,3.25,23285
ASHOKA,20200323,48,52.8,45,45.85,410593
ASHOKLEY,20200323,40,42.65,34,36.05,62114017
ASIANHOTNR,20200323,69.9,75.9,57,70.6,4801
ASIANPAINT,20200323,1578.6,1650,1490.75,1498.45,2155326
ASIANTILES,20200323,172,218.4,162.6,165.6,58689
ASPINWALL,20200323,72,87,71.4,82.15,550
ASTEC,20200323,381,381,310,340.85,16057
ASTERDM,20200323,89.9,93.95,84,85.85,160693
ASTRAL,20200323,893.1,893.25,745.65,753.75,176321
ASTRAMICRO,20200323,56,57.1,47.3,48.75,258323
ASTRAZEN,20200323,1925,2330,1885,1903.4,24052
ASTRON,20200323,26.8,28.4,26.8,26.8,15053
ATFL,20200323,414,449.95,350,361.45,10530
ATLANTA,20200323,3.2,3.2,3.05,3.05,5629
ATLASCYCLE,20200323,30.7,31.05,29.65,29.65,1783
ATNINTER,20200323,0.1,0.1,0.05,0.1,33863
ATUL,20200323,3450,3997.5,3450,3506.25,38804
ATULAUTO,20200323,120,131.35,116.8,119.4,42874
AUBANK,20200323,583.4,583.4,583.4,583.4,100738
AURIONPRO,20200323,40.9,41,33.4,37.25,37269
AUROPHARMA,20200323,329.4,339.35,288.85,294.7,3774086
AUSOMENT,20200323,28.15,29.5,26.8,27,958
AUTOAXLES,20200323,406,406,372.85,372.85,5644
AUTOIND,20200323,10.95,10.95,10.95,10.95,4006
AUTOLITIND,20200323,13.7,13.7,11.25,11.35,7686
AVADHSUGAR,20200323,104.1,109.5,103.3,103.3,30072
AVANTIFEED,20200323,261,278,256.15,261.15,393074
AVTNPL,20200323,21.2,23.75,20.8,21.3,112016
AXISBANK,20200323,385.35,392,302,308.65,37622791
AXISCADES,20200323,30.2,33.3,30.2,30.25,37237
AXISGOLD,20200323,3595.5,3650.2,3411,3584.45,816
AXISNIFTY,20200323,990,990,821,952,105
AYMSYNTEX,20200323,20.65,21.5,16.8,17.9,9752
BAFNAPH,20200323,10,10,10,10,1573
BAGFILMS,20200323,1.8,1.8,1.7,1.7,327677
BAJAJ-AUTO,20200323,2052,2389,1900,1935.55,797174
BAJAJCON,20200323,133,134.95,119,120.6,297265
BAJAJELEC,20200323,315,328,285.5,301.95,579129
BAJAJFINSV,20200323,5640,5890.4,4449,4621.05,688028
BAJAJHIND,20200323,2.65,2.75,2.65,2.65,1944167
BAJAJHLDNG,20200323,2100,2198.9,1825.15,1825.15,119719
BAJFINANCE,20200323,2656.75,2700,2225,2266.15,4844366
BALAJITELE,20200323,32,33.95,27.9,31.1,163634
BALAMINES,20200323,230,230,215.75,215.75,53038
BALAXI,20200323,83,83,76,76.25,59
BALKRISHNA,20200323,9.4,9.45,9,9.35,1752
BALKRISIND,20200323,760,769.35,679,701.15,410538
BALLARPUR,20200323,0.35,0.35,0.3,0.3,1717343
BALMLAWRIE,20200323,74.75,81.9,72.2,73.6,160960
BALPHARMA,20200323,27.4,27.4,23,26.4,12494
BALRAMCHIN,20200323,85,85,75.5,76.6,422959
BANARBEADS,20200323,23,33.7,23,27.3,924
BANARISUG,20200323,754,825,701,707.8,546
BANCOINDIA,20200323,63.4,65,58,58.55,104800
BANDHANBNK,20200323,208.45,220,170,173.65,11419604
BANG,20200323,12.2,12.2,12.15,12.15,717
BANKBARODA,20200323,57.5,60.95,52.9,53.85,17303722
BANKBEES,20200323,195.05,196,172.2,174.78,1012427
BANKINDIA,20200323,32.3,34.4,31.95,31.95,1233031
BANSWRAS,20200323,75,81.05,73.35,73.35,1309
BASF,20200323,1100,1100,931,1053.15,54196
BASML,20200323,86.75,86.75,65.6,68.95,2449
BATAINDIA,20200323,1120,1179.9,1050,1061.4,712740
BAYERCROP,20200323,3285.6,3400,3020,3065.2,8254
BBL,20200323,460.15,558.25,425,448.5,11288
BBTC,20200323,670,691.85,591.2,594.25,62476
BCG,20200323,3.35,3.35,3.35,3.35,19119
BCP,20200323,15,15,14.6,14.6,260
BDL,20200323,165,174.7,145.3,161.05,68269
BEARDSELL,20200323,6.9,6.9,6.9,6.9,4
BEDMUTHA,20200323,12.2,12.9,12.1,12.8,6865
BEL,20200323,65.05,67.65,57.15,59.45,8174357
BEML,20200323,440,444.9,385,389.7,211547
BEPL,20200323,28.5,34.9,25.15,26.6,441802
BERGEPAINT,20200323,406,450,406,413.45,1563186
BFINVEST,20200323,216,218.6,187.65,193.15,7578
BFUTILITIE,20200323,155.45,155.45,155.45,155.45,6554
BGRENERGY,20200323,20,20.6,19.5,19.75,70038
BHAGERIA,20200323,71,76,70.65,70.65,28829
BHAGYANGR,20200323,14.2,14.2,11.7,13.25,5168
BHAGYAPROP,20200323,20,20,16,18.7,55457
BHANDARI,20200323,0.7,0.7,0.6,0.65,228653
BHARATFORG,20200323,279,284,242.6,245.75,1940415
BHARATGEAR,20200323,26.75,27.85,25.7,25.7,5037
BHARATRAS,20200323,5050.2,5294.9,4800,4916.9,4932
BHARATWIRE,20200323,12.9,13.2,11.65,11.65,27409
BHARTIARTL,20200323,416.4,445.7,399.5,407.35,14632657
BHEL,20200323,21.5,21.75,20.05,20.15,15468456
BIGBLOC,20200323,29,30,29,30,14
BIL,20200323,90.85,95,86.35,86.35,6750
BILENERGY,20200323,0.5,0.55,0.45,0.5,412828
BINDALAGRO,20200323,7.1,7.4,6.75,6.9,39474
BIOCON,20200323,254,269.7,250,255.6,2795102
BIOFILCHEM,20200323,7.45,7.45,6.75,6.75,3112
BIRLACABLE,20200323,25.2,28.9,25.2,25.9,44857
BIRLACORPN,20200323,479,479,404.95,411.05,129010
BIRLAMONEY,20200323,19.5,19.7,18,18,44601
BIRLATYRE,20200323,3.25,3.25,3.25,3.25,10487
BKMINDST,20200323,0.4,0.45,0.4,0.45,501026
BLBLIMITED,20200323,3.35,3.35,3.05,3.05,952
BLISSGVS,20200323,95,100,89.8,93.65,145639
BLKASHYAP,20200323,3.65,3.7,3.35,3.6,64500
BLS,20200323,34.2,35,31.45,31.5,27525
BLUECHIP,20200323,0.1,0.1,0.1,0.1,6
BLUEDART,20200323,2070,2284.95,2049.95,2098.25,6557
BLUESTARCO,20200323,549,557,495,511.1,65206
BODALCHEM,20200323,42,43,36.8,39.4,245482
BOMDYEING,20200323,38,40.9,36.9,38.05,1440337
BORORENEW,20200323,37.25,45.95,31.1,32.65,130554
BOSCHLTD,20200323,9151,9162.2,8187.65,8411.85,28935
BPCL,20200323,285,298,262.3,269.35,9348723
BPL,20200323,9.6,10.5,8.65,9.15,114896
BRFL,20200323,2.9,3.35,2.9,3,28169
BRIGADE,20200323,132.1,154.25,124.6,124.6,763129
BRITANNIA,20200323,2300,2422.4,2100,2137.85,613493
BRNL,20200323,30,37.4,27.2,31.3,2217
BROOKS,20200323,19.15,19.15,17.25,17.35,26179
BSE,20200323,300,302,280,283.3,224686
BSELINFRA,20200323,0.75,0.75,0.75,0.75,1000
BSL,20200323,20.1,21,19.1,19.7,783
BSLGOLDETF,20200323,3770,4400,3414,3832.3,163
BSLNIFTY,20200323,102,102.3,85.27,101,26556
BSOFT,20200323,51.8,55,51.8,51.8,160268
BURNPUR,20200323,0.55,0.65,0.55,0.55,80002
BUTTERFLY,20200323,99,99.95,92.85,92.9,15537
BVCL,20200323,8.65,8.65,8.65,8.65,262
BYKE,20200323,10.5,10.5,8.4,8.45,84409
CADILAHC,20200323,288.05,305.9,274.5,280.35,6353782
CALSOFT,20200323,7.9,8,7.3,7.6,14763
CAMLINFINE,20200323,37.1,37.1,37.1,37.1,23538
CANBK,20200323,91.5,91.5,75,76.1,6549130
CANFINHOME,20200323,300,316.5,268.6,283.1,553636
CANTABIL,20200323,237,240.5,220.55,227.35,19471
CAPACITE,20200323,88.8,99,81.15,81.15,28313
CAPLIPOINT,20200323,220,221,190.4,200.4,119901
CAPTRUST,20200323,55.1,60,55.1,55.1,516
CARBORUNIV,20200323,210,212.05,178.95,188.4,111411
CAREERP,20200323,109,114.5,96,103.85,81670
CARERATING,20200323,310,310,265.4,267.3,204732
CASTEXTECH,20200323,0.35,0.45,0.35,0.35,180338
CASTROLIND,20200323,110,112.5,91.3,94.65,2092662
CCCL,20200323,0.25,0.25,0.2,0.2,230145
CCHHL,20200323,1.75,1.75,1.75,1.75,10794
CCL,20200323,151.05,168,150,153.4,118778
CDSL,20200323,195,198.35,179.8,185.7,396988
CEATLTD,20200323,663,699,630,636.5,41996
CEBBCO,20200323,8,8.5,7.5,8,9321
CELEBRITY,20200323,4.2,4.4,4,4,19064
CENTENKA,20200323,120,122.95,115,115.6,45835
CENTEXT,20200323,1.65,1.7,1.55,1.6,72589
CENTRALBK,20200323,11,11.95,10.1,11.5,921429
CENTRUM,20200323,9,9,8.55,8.55,18998
CENTUM,20200323,190.1,220.15,181.45,184,11264
CENTURYPLY,20200323,97.8,106.5,95.15,102.35,144058
CENTURYTEX,20200323,273.5,289,228.1,244.55,1040762
CERA,20200323,2345,2412.5,1986,2219.9,5931
CEREBRAINT,20200323,21.85,21.85,21.85,21.85,4404
CESC,20200323,432,453.25,377.8,414.8,233382
CESCVENT,20200323,130.45,138.9,130.45,130.45,4212
CGCL,20200323,165,178,143,162.8,199346
CGPOWER,20200323,5.8,5.8,5.6,5.6,208644
CHALET,20200323,220,220,200,203.25,1265
CHAMBLFERT,20200323,93.8,104.9,93.8,98.7,453698
CHEMBOND,20200323,160,160,127.4,136.35,1826
CHEMFAB,20200323,98,127,98,98.2,5180
CHENNPETRO,20200323,54,61.95,54,55.65,174233
CHOLAFIN,20200323,175,184,126.6,136.05,3306915
CHOLAHLDNG,20200323,399.8,399.8,336.65,365.3,69579
CHROMATIC,20200323,0.55,0.55,0.55,0.55,3
CIGNITITEC,20200323,232,232.15,197.95,202.45,22927
CIMMCO,20200323,9.8,10.45,9.55,9.6,11593
CINELINE,20200323,18.6,21.9,18.6,20.15,33017
CINEVISTA,20200323,4.25,4.25,4.05,4.05,635
CIPLA,20200323,370,406.9,370,375.25,5507004
CKFSL,20200323,0.3,0.3,0.25,0.25,360199
CLEDUCATE,20200323,34.2,35.8,30.85,32.8,4621
CLNINDIA,20200323,221.75,221.75,183.25,196.7,40141
CMICABLES,20200323,21,22.15,20.05,20.05,38640
CNOVAPETRO,20200323,5.3,5.3,5.3,5.3,13
COALINDIA,20200323,122.5,134.85,120.05,127.85,17885210
COCHINSHIP,20200323,249,258,221.1,225.05,184921
COLPAL,20200323,1100,1215.4,1080,1095,845164
COMPINFO,20200323,8.2,8.2,7.85,7.85,5119
COMPUSOFT,20200323,3.25,3.7,3.15,3.6,24135
CONCOR,20200323,302,310.45,284.5,299.15,1900207
CONFIPET,20200323,14,15.95,13.6,13.6,1105936
CONSOFINVT,20200323,20.3,22,17.25,20.7,728
CONTROLPR,20200323,175,184.7,153.95,161.75,7925
CORALFINAC,20200323,9.35,10.5,9.25,10.45,38026
CORDSCABLE,20200323,26.1,27.45,22.4,23.3,18842
COROMANDEL,20200323,490,538.9,443.2,499,162588
COSMOFILMS,20200323,203.1,229,192.05,195.7,162465
COUNCODOS,20200323,1.05,1.05,1.05,1.05,150
CPSEETF,20200323,15.6,15.6,11.54,14.01,4415221
CREATIVE,20200323,90.5,90.5,87,90.5,126
CREDITACC,20200323,468.25,479.85,468.25,468.25,12763
CREST,20200323,57.75,57.8,51.45,51.55,6487
CRISIL,20200323,1052.7,1299,1052.7,1155.95,23760
CROMPTON,20200323,200,207.7,177.3,190.6,1086477
CSBBANK,20200323,105,109.85,99.05,102.85,124152
CTE,20200323,13.1,14.4,13.1,13.3,7942
CUB,20200323,157,157,130.4,130.4,1837764
CUBEXTUB,20200323,11.05,11.1,11.05,11.05,1658
CUMMINSIND,20200323,408.2,414.75,388,395.9,1744984
CUPID,20200323,130,134,121.15,126.65,60044
CYBERTECH,20200323,27.5,27.7,23.15,24.35,11605
CYIENT,20200323,231.1,249.85,215,230.25,154239
DAAWAT,20200323,14.7,15.7,14.4,14.75,1098481
DABUR,20200323,408,428,386.05,396.05,2662372
DALBHARAT,20200323,488,505,408.9,408.9,293457
DALMIASUG,20200323,49,49.95,46.4,46.4,75944
DAMODARIND,20200323,19.95,19.95,16.4,17.3,4726
DATAMATICS,20200323,30.5,30.7,27.5,29.65,70392
DBCORP,20200323,80.8,83.85,76.7,79.9,51965
DBL,20200323,231.8,249,220,222.95,265818
DBREALTY,20200323,5.4,5.8,5.4,5.4,19891
DBSTOCKBRO,20200323,7,7,7,7,20
DCAL,20200323,56.55,57.5,56.5,56.5,70431
DCBBANK,20200323,106.4,106.4,87.75,89.55,682980
DCM,20200323,14.5,15.8,14.3,14.3,3330
DCMNVL,20200323,26.95,26.95,22.8,23,229
DCMSHRIRAM,20200323,221,239.9,200.4,200.45,79202
DCW,20200323,7.15,7.8,7.15,7.45,222350
DECCANCE,20200323,187,199.05,171.5,178.25,4724
DEEPAKFERT,20200323,74.5,74.5,63.25,68.75,316466
DEEPAKNTR,20200323,331,349,311,324,710326
DEEPIND,20200323,52,57.45,47.05,47.05,15203
DELTACORP,20200323,59.55,62,59.55,59.55,299584
DELTAMAGNT,20200323,18,24.95,17.1,20.7,4994
DEN,20200323,29.5,29.5,28.2,28.2,8375
DENORA,20200323,130,145,115.55,124.35,2600
DFMFOODS,20200323,184,184,160.2,163.8,43035
DGCONTENT,20200323,4.1,4.1,3.9,4.1,1799
DHAMPURSUG,20200323,79.8,83.5,79.3,79.3,234309
DHANBANK,20200323,8.6,8.6,7.7,7.85,529322
DHANUKA,20200323,310,314.05,275,298.75,32146
DHARSUGAR,20200323,4.8,5.35,4.5,4.5,18362
DHFL,20200323,9.95,9.95,9.95,9.95,261432
DHUNINV,20200323,107.6,128,107,116.25,580
DIAMONDYD,20200323,580,609,470.4,549.9,4473
DICIND,20200323,312.95,313,255,260.7,494
DIGISPICE,20200323,3.1,3.1,3.05,3.05,12464
DISHTV,20200323,5.05,5.1,4.9,4.9,1852991
DIVISLAB,20200323,1849.95,1925,1725.55,1851.75,1203381
DIXON,20200323,3200,3400,3100,3216.85,42840
DLF,20200323,125.85,134.2,123.8,126.15,6918861
DLINKINDIA,20200323,53.3,56,53.25,53.3,51013
DMART,20200323,1820.3,1900,1820.3,1820.3,358447
DNAMEDIA,20200323,0.25,0.3,0.25,0.3,31216
DOLAT,20200323,30.1,31.25,29.75,29.75,78445
DOLLAR,20200323,118,119.5,96.1,100.9,22024
DONEAR,20200323,18.25,26.85,18.25,22.15,39324
DPSCLTD,20200323,5.25,5.25,4.75,5.25,16683
DPWIRES,20200323,47.75,64.85,47.75,49.55,698
DQE,20200323,1.3,1.3,1.3,1.3,8467
DREDGECORP,20200323,142.9,146,133.55,133.55,39615
DRREDDY,20200323,2680.25,3047,2680.25,2768.4,963236
DSSL,20200323,15,16.9,14.15,14.25,2516
DTIL,20200323,90,110,90,105,4194
DUCON,20200323,3.15,3.15,3.15,3.15,16855
DVL,20200323,53.25,53.25,43.8,50.65,8213
DWARKESH,20200323,15.3,15.95,15.25,15.25,482053
DYNAMATECH,20200323,500,550,478.2,480.55,4092
DYNPRO,20200323,81.5,97.5,81,90.2,10867
EASTSILK,20200323,0.75,0.75,0.7,0.75,2576
EBBETF0423,20200323,991,998,990,994.62,40935
EBBETF0430,20200323,1000,1003.5,991.1,999.25,36262
ECLERX,20200323,360,376.4,330,369.45,18541
EDELWEISS,20200323,37.05,37.05,37.05,37.05,600505
EICHERMOT,20200323,14351,17240,13326.7,13705.9,144338
EIDPARRY,20200323,111,117,107.8,112.45,105262
EIHAHOTELS,20200323,157,198.95,151.1,170.7,1350
EIHOTEL,20200323,69.95,69.95,65.95,66,65141
EIMCOELECO,20200323,237,237,186,205,686
EKC,20200323,13.5,15.2,12.5,12.5,80339
ELECON,20200323,19.5,19.95,16.85,17.5,106881
ELECTCAST,20200323,9.5,10.35,8,8.55,124382
ELECTHERM,20200323,81.1,112,77.1,80.2,7005
ELGIEQUIP,20200323,129.7,133.35,111.2,118.85,12074
ELGIRUBCO,20200323,12.7,12.9,10.1,11.1,8656
EMAMILTD,20200323,176,182,160,163.95,787370
EMAMIPAP,20200323,56.8,58.8,54.3,54.4,2198
EMAMIREAL,20200323,28.15,29,26.8,26.9,39647
EMKAY,20200323,31,34,28.85,28.85,5877
EMMBI,20200323,46.5,52,42.8,45.15,14278
ENDURANCE,20200323,655.15,700,627.15,670.6,40812
ENERGYDEV,20200323,3.25,3.85,3.25,3.4,42334
ENGINERSIN,20200323,52,54.8,50.2,51.15,1426446
ENIL,20200323,124.6,147.95,106.3,108.85,15490
EQUITAS,20200323,46.45,48,37.25,38.2,3219663
ERIS,20200323,342,385,342,362.2,17067
EROSMEDIA,20200323,8.45,9,7.65,7.65,246621
ESABINDIA,20200323,1026.05,1069.95,950,971.55,6184
ESCORTS,20200323,607.65,646.7,542.65,550.75,2535401
ESSARSHPNG,20200323,5.4,5.4,4.75,5,11532
ESSELPACK,20200323,130.05,149.9,130.05,141.65,253471
ESTER,20200323,30.1,30.1,27.15,27.35,156056
EUROMULTI,20200323,0.4,0.45,0.35,0.4,9010
EUROTEXIND,20200323,7.5,7.5,7.5,7.5,101
EVEREADY,20200323,52,53,51.5,51.5,154107
EVERESTIND,20200323,126,147,125.1,127,175491
EXCEL,20200323,0.95,1,0.9,0.95,69831
EXCELINDUS,20200323,396.05,429.95,380,390.55,12830
EXIDEIND,20200323,135,140,130.35,132.5,1132536
EXPLEOSOL,20200323,133.9,148,133.9,137.95,3160
FACT,20200323,22.65,26,22.65,24.25,67246
FAIRCHEM,20200323,440,440,370.05,374.1,40540
FCL,20200323,14,15,13.25,13.9,193083
FCONSUMER,20200323,9.75,9.75,9.75,9.75,169270
FCSSOFT,20200323,0.15,0.2,0.1,0.15,3225306
FDC,20200323,191,197.2,175.1,185.95,64711
FEDERALBNK,20200323,47.65,47.65,39.8,40.1,14649753
FEL,20200323,10.15,10.15,10.15,10.15,58770
FELDVR,20200323,10.8,12.3,10.75,11.6,7134
FIEMIND,20200323,275,279.95,234.6,236.55,12977
FILATEX,20200323,18.95,19.5,18.55,18.55,108736
FINCABLES,20200323,180,194.9,162.4,179.95,116611
FINEORG,20200323,1601,1788.3,1521.7,1552.8,12345
FINPIPE,20200323,350,350,302.1,303.45,65186
FLEXITUFF,20200323,4.15,4.2,3.95,4,5322
FLFL,20200323,170,170,169.2,169.2,1894
FLUOROCHEM,20200323,330,330,265.2,267.9,21333
FMGOETZE,20200323,344.8,394.95,283.2,283.2,5789
FMNL,20200323,11,11.5,10.9,10.9,15742
FORCEMOT,20200323,699,720,613.85,631,39899
FORTIS,20200323,118.55,127.85,115.35,121.35,1264255
FOSECOIND,20200323,900,948,820,854.65,1469
FRETAIL,20200323,106.4,106.4,106.4,106.4,36856
FSC,20200323,142.1,142.1,142.1,142.1,1948
FSL,20200323,26,26.85,23.9,25,2524634
GABRIEL,20200323,50,51,47.4,47.4,50623
GAEL,20200323,85,115,84.95,88.25,93042
GAIL,20200323,74,82,72.75,78,14364156
GAL,20200323,1.35,1.35,1.3,1.3,2362
GALAXYSURF,20200323,1100,1350.05,1028,1087.85,19856
GALLANTT,20200323,21.1,25.2,17.2,19.8,25507
GALLISPAT,20200323,18,19.75,18,18.65,26289
GAMMNINFRA,20200323,0.2,0.25,0.2,0.2,1935744
GANDHITUBE,20200323,158.5,179,145.85,156,1381
GANECOS,20200323,170.6,177,166.2,166.2,1708
GANESHHOUC,20200323,18.35,18.95,18.35,18.35,26132
GARFIBRES,20200323,885,1013.5,885,957.45,18024
GATI,20200323,61.5,62.4,57.4,61.9,837952
GAYAHWS,20200323,0.2,0.25,0.2,0.2,95566
GAYAPROJ,20200323,10.35,10.35,10.35,10.35,9378
GBGLOBAL,20200323,3.75,3.9,3.6,3.7,1035
GDL,20200323,85,86.5,75.2,78.05,27020
GEECEE,20200323,45,50,40.1,44.95,3197
GEEKAYWIRE,20200323,38.5,39.85,38.5,38.5,10503
GENESYS,20200323,30,33.95,28.2,30.25,33530
GENUSPAPER,20200323,3.5,4.2,2.8,2.9,161242
GENUSPOWER,20200323,14.95,14.95,12.7,12.75,194247
GEOJITFSL,20200323,16.1,18.4,15,15.7,609938
GEPIL,20200323,530,552.5,482.05,489.9,14686
GESHIP,20200323,176,190.1,171.55,175.95,155337
GET&D,20200323,68.4,74.75,62.1,67.7,61248
GFLLIMITED,20200323,80.4,80.4,76.9,76.9,7022
GFSTEELS,20200323,1.7,1.7,1.7,1.7,5
GHCL,20200323,84,84,80.9,80.9,220903
GICHSGFIN,20200323,58.9,59,55.35,55.35,92970
GICRE,20200323,90.5,92,90.25,90.25,80354
GILLANDERS,20200323,17,22.5,17,17.75,791
GILLETTE,20200323,4766.6,4795.15,4500,4655.35,8858
GINNIFILA,20200323,5.95,6,5.35,5.45,30144
GIPCL,20200323,48,50.85,44.25,45.85,181182
GKWLIMITED,20200323,391.25,469.6,391.25,469.5,4
GLAXO,20200323,1100,1189.95,1053.8,1101.85,42795
GLENMARK,20200323,196,207.95,184.45,188.1,1570780
GLFL,20200323,1.35,1.45,1.35,1.45,14115
GLOBALVECT,20200323,35,39.45,32,33.25,12530
GLOBOFFS,20200323,2.95,3.25,2.95,3,8364
GLOBUSSPR,20200323,69.9,73.95,66.45,66.45,28492
GMBREW,20200323,250,325,221.05,243.9,53373
GMDCLTD,20200323,32.4,33.25,29.1,31.8,288159
GMMPFAUDLR,20200323,1890,2210,1890,2003,44561
GMRINFRA,20200323,15.5,16.25,15.05,15.9,40007876
GNA,20200323,145,153.2,126.15,146.75,31345
GNFC,20200323,110,110,97.05,99.55,295110
GOACARBON,20200323,121.4,121.4,121.4,121.4,2841
GOCLCORP,20200323,128.3,151,128.25,128.25,57537
GODFRYPHLP,20200323,810,810,750,763.7,29784
GODREJAGRO,20200323,299,305,281,291.3,73580
GODREJCP,20200323,475.85,486.65,425.1,434.05,1197761
GODREJIND,20200323,312.4,313,280.3,289.55,258914
GODREJPROP,20200323,616.3,670,560,560,458881
GOKEX,20200323,37,41.8,32.75,32.75,94907
GOKUL,20200323,7.9,7.9,7.9,7.9,803
GOKULAGRO,20200323,8.35,8.7,7.95,7.95,5207
GOLDBEES,20200323,36.21,40.9,34.8,35.02,6150889
GOLDENTOBC,20200323,19.65,20.55,19.55,19.8,526
GOLDIAM,20200323,85,85,80.6,80.6,16029
GOLDSHARE,20200323,3605.05,3607.75,3520,3584.2,1923
GOLDTECH,20200323,7.8,8.5,7.15,7.75,20971
GOODLUCK,20200323,24,24,22.8,22.9,35698
GPIL,20200323,93.05,95,93.05,93.05,13469
GPPL,20200323,56,56,48.45,48.85,162504
GPTINFRA,20200323,13.05,14.75,12.95,13.4,47411
GRANULES,20200323,115,130.75,114.1,116.85,1325875
GRAPHITE,20200323,119.9,120.85,114.95,114.95,413242
GRASIM,20200323,481.3,500,397.05,433.25,4474891
GRAVITA,20200323,41,46,37,37.55,34823
GREAVESCOT,20200323,82.65,85,72.15,76.8,127030
GREENLAM,20200323,580,639.85,526.3,526.3,3654
GREENPANEL,20200323,31.5,33.6,30.4,30.4,63769
GREENPLY,20200323,82.55,94.95,80.3,82.65,42233
GREENPOWER,20200323,1.3,1.35,1.25,1.25,134767
GRINDWELL,20200323,400.5,477.65,373.55,427.5,37700
GROBTEA,20200323,257.25,257.25,245.2,245.2,5
GRPLTD,20200323,462.5,579,462.5,527,1231
GRSE,20200323,126,130,116.05,121.55,119476
GSCLCEMENT,20200323,15.45,16,14.2,14.55,33273
GSFC,20200323,35,35,30.05,31.45,605496
GSKCONS,20200323,8110,8838.2,7826.75,8190.8,24367
GSPL,20200323,151.8,172,150,165.65,827721
GSS,20200323,22.45,23,21.6,21.6,2318
GTL,20200323,1.05,1.15,1.05,1.05,75513
GTLINFRA,20200323,0.2,0.25,0.15,0.2,6850013
GTNIND,20200323,5.3,5.3,5.3,5.3,10
GTPL,20200323,40,40,33.75,33.85,99199
GUFICBIO,20200323,43,43,37,38.85,30975
GUJALKALI,20200323,220,260,180.1,190.1,75194
GUJAPOLLO,20200323,117.25,143.3,116.85,117.2,7486
GUJGASLTD,20200323,223,234.65,201.05,205.1,761158
GULFOILLUB,20200323,455,591.2,455,518.45,2708
GULFPETRO,20200323,32,34.45,27.1,28.75,16196
GULPOLY,20200323,25.75,25.75,24.65,24.65,3047
GVKPIL,20200323,2.3,2.3,2,2.05,5223187
HAL,20200323,470,539,470,500.75,29659
HARITASEAT,20200323,301.55,340.6,301.55,314.8,7179
HARRMALAYA,20200323,55,55,46.15,53.95,40653
HATHWAY,20200323,11.4,12.6,10.65,11.85,227259
HATSUN,20200323,452,499,407.75,408,97848
HAVELLS,20200323,499.9,527.9,484.1,498.5,1711503
HAVISHA,20200323,0.4,0.45,0.4,0.45,55
HBLPOWER,20200323,12,12.5,10.65,11,431358
HCC,20200323,4.4,4.6,4.4,4.4,1211918
HCG,20200323,84.6,100.7,70,71.55,49968
HCL-INSYS,20200323,3.65,3.8,3.65,3.65,117994
HCLTECH,20200323,415,444,400.45,417.15,9525670
HDFC,20200323,1578.6,1673.25,1500,1520.7,9474584
HDFCAMC,20200323,2050,2300,2050,2111.65,599749
HDFCBANK,20200323,794.6,838.75,765,771.55,25142273
HDFCLIFE,20200323,377.5,394.4,340,342.3,4439246
HDFCMFGETF,20200323,3680,3850,3656,3813.5,4974
HDFCNIFETF,20200323,900,1020,850,927.84,6982
HDFCSENETF,20200323,3350,3499,3000,3495.85,924
HEG,20200323,505,520,455,458.9,158445
HEIDELBERG,20200323,140,140.65,122.2,127.2,481821
HERCULES,20200323,56,56,49.1,50.3,8073
HERITGFOOD,20200323,166,194,163.8,168.15,26350
HEROMOTOCO,20200323,1634.15,1673.15,1520,1616,750843
HESTERBIO,20200323,864,999.95,864,912.35,10288
HEXATRADEX,20200323,7.05,7.05,7.05,7.05,1511
HEXAWARE,20200323,217.9,226,202.25,208.25,99331
HFCL,20200323,8.65,8.95,8.5,8.55,3625734
HGINFRA,20200323,160,160,138,145.8,19481
HGS,20200323,440,509.8,439.1,439.1,35439
HIKAL,20200323,67,74.85,62.5,63.9,186004
HIL,20200323,659.95,659.95,545,547.35,24385
HILTON,20200323,6.65,7.2,6.65,6.8,2512
HIMATSEIDE,20200323,58.65,69.9,49.6,49.6,165720
HINDALCO,20200323,94.95,99.95,84.9,87.9,14591356
HINDCOMPOS,20200323,109.9,134.8,99,101.7,6012
HINDCOPPER,20200323,21,21.6,18.3,20,804336
HINDMOTORS,20200323,2.8,3.45,2.65,2.7,199911
HINDNATGLS,20200323,26.3,27,26.3,26.3,346
HINDOILEXP,20200323,38,38,35.6,35.65,195666
HINDPETRO,20200323,195.7,197.9,177.6,183.8,5621257
HINDUNILVR,20200323,1950,1985.05,1850,1869.7,3574682
HINDZINC,20200323,125,135,123,125.55,683556
HIRECT,20200323,108.5,108.5,101.9,101.9,8491
HISARMETAL,20200323,41.55,44,35.2,39,1844
HITECH,20200323,74,77,72.85,72.85,3565
HITECHCORP,20200323,43,58.95,42,43.25,2985
HITECHGEAR,20200323,85,85,72.65,72.65,4705
HLVLTD,20200323,3.1,3.6,3.1,3.15,90501
HMVL,20200323,41.5,52,38,39.95,8016
HNDFDS,20200323,398,437,397.6,422.1,45174
HNGSNGBEES,20200323,319.45,319.45,293,319.4,97
HONAUT,20200323,23000,24800,20148.6,20148.6,10459
HONDAPOWER,20200323,726,897.9,726,801.9,7708
HOVS,20200323,24.35,26.85,24.35,25.4,2214
HPL,20200323,19,21.9,18.9,19.35,71802
HSCL,20200323,33,33,30,30.3,649933
HSIL,20200323,39.7,39.7,35,36.1,210457
HTMEDIA,20200323,9.5,9.5,8.3,8.5,198377
HUBTOWN,20200323,7.4,8.05,7.35,7.8,203909
HUDCO,20200323,20.35,20.35,18.9,19.15,1313095
IBMFNIFTY,20200323,90,100.68,68.09,96.48,2907
IBREALEST,20200323,42.8,42.8,42.8,42.8,188879
IBULHSGFIN,20200323,81.75,99.85,81.75,96.25,41121252
IBULISL,20200323,57.9,57.9,57.9,57.9,2155
IBVENTURES,20200323,129.8,129.8,129.8,129.8,43767
ICICI500,20200323,90.9,132.3,89.02,113.38,8397
ICICIB22,20200323,22.3,22.9,21.5,22.03,690967
ICICIBANK,20200323,311.15,313.7,280,284,56868412
ICICIBANKN,20200323,197,239,170.6,180.93,8843
ICICIBANKP,20200323,110,110,85.95,100.23,4760
ICICIGI,20200323,910,949.95,820,826.3,596466
ICICIGOLD,20200323,36.51,40,36,37.05,50874
ICICILIQ,20200323,1000,1010,835,999.99,96669
ICICILOVOL,20200323,73.77,77.7,62,72.28,5633
ICICIM150,20200323,49.01,55.74,47,49.7,3281
ICICIMCAP,20200323,55,55,37.6,42.23,62570
ICICINF100,20200323,107.8,107.8,107.5,107.8,1231
ICICINIFTY,20200323,88.4,89.94,81.31,81.74,1459334
ICICINV20,20200323,44,49,32.89,37.35,14528
ICICINXT50,20200323,20,24.5,17,24.49,41588
ICICIPRULI,20200323,280,291.15,231.65,238.8,2275403
ICICISENSX,20200323,320.3,329.99,290,301.9,8425
ICIL,20200323,25.25,27.2,25.25,25.25,62611
ICRA,20200323,2201.2,2201.2,1950,2055.15,1568
IDBI,20200323,21.35,21.4,19.2,19.5,1377389
IDBIGOLD,20200323,3968,4368,3537,3655.25,151
IDEA,20200323,3.25,3.4,3.1,3.15,312983158
IDFC,20200323,14.65,15,14.6,14.6,1785425
IDFCFIRSTB,20200323,18.7,19.45,17.75,18.15,35982238
IEX,20200323,130,138.55,120,129.9,192957
IFBAGRO,20200323,176.05,176.05,158.45,158.45,3949
IFBIND,20200323,250,278,243.45,243.45,17954
IFCI,20200323,3.3,3.55,3.1,3.45,3400427
IFGLEXPOR,20200323,88.9,92.65,76.5,76.55,4089
IGARASHI,20200323,174,190,170.85,171.4,30729
IGL,20200323,310,325,296.2,304.95,2065636
IGPL,20200323,95,95,88.65,88.65,7552
IIFL,20200323,82,90,81,81,85568
IIFLSEC,20200323,28.85,28.85,28.85,28.85,30965
IIFLWAM,20200323,781,855,780.7,784.2,20085
IMFA,20200323,120,120,103.55,105.35,23904
IMPAL,20200323,550,550,440,457.55,6738
IMPEXFERRO,20200323,0.3,0.3,0.25,0.3,3931
INDBANK,20200323,5,5.35,4.55,4.9,33603
INDHOTEL,20200323,80,85.7,73.2,74.65,1638469
INDIACEM,20200323,90,95,88.5,88.5,4210242
INDIAGLYCO,20200323,181,203,178,180.55,76687
INDIAMART,20200323,1900,2048.8,1820,1883.3,56761
INDIANB,20200323,47,50.35,45,45.4,1140888
INDIANCARD,20200323,84,84,83.5,84,2000
INDIANHUME,20200323,132,139.95,120.2,125,18373
INDIGO,20200323,784.55,958,784.55,856.95,1901262
INDLMETER,20200323,10.55,10.55,10.15,10.15,109
INDNIPPON,20200323,206.2,220,190.55,197.3,13470
INDOCO,20200323,162.2,176.7,144.75,159.2,53039
INDORAMA,20200323,11.05,11.7,10.15,10.15,67486
INDOSTAR,20200323,255,255.1,225.05,247.25,134682
INDOTECH,20200323,74.1,74.7,74,74,77
INDOTHAI,20200323,15.2,18.15,13.15,14.25,8199
INDOWIND,20200323,1.9,1.9,1.85,1.9,7887
INDRAMEDCO,20200323,31.9,31.9,28,28.9,155817
INDSWFTLAB,20200323,22.1,22.1,20,21.05,115046
INDSWFTLTD,20200323,1.9,2.05,1.9,2.05,60423
INDTERRAIN,20200323,35.05,36.9,30.15,31.1,9992
INDUSINDBK,20200323,396.35,405,330.1,336.45,9515736
INEOSSTYRO,20200323,550,569.85,499.9,503.55,4048
INFIBEAM,20200323,29.7,31.7,29.05,29.45,541556
INFOBEAN,20200323,58.65,59,58.6,58.6,3994
INFOMEDIA,20200323,3.2,3.25,3.2,3.25,2000
INFRABEES,20200323,229.55,256.99,210.1,229.4,113
INFRATEL,20200323,134,148,133.5,143.4,6129436
INFY,20200323,540,560.95,515.9,526.45,17146303
INGERRAND,20200323,601,610.95,600.05,605.9,46458
INOXLEISUR,20200323,260,311,254.7,257.6,324259
INOXWIND,20200323,20.5,20.5,18.9,18.9,71770
INSECTICID,20200323,251.8,267.65,229.3,229.3,21609
INSPIRISYS,20200323,20.45,20.45,17.85,18.1,1436
INTEGRA,20200323,0.5,0.5,0.5,0.5,10
INTELLECT,20200323,48.7,53,48.45,48.45,38754
INTENTECH,20200323,13.55,13.95,10.85,10.85,40776
INVENTURE,20200323,9.5,9.75,9,9,5903
IOB,20200323,6.9,7.3,6.5,6.7,930488
IOC,20200323,82,87.25,80,80.75,14024553
IOLCP,20200323,162.05,162.05,162.05,162.05,39745
IPCALAB,20200323,1622,1622,1280.5,1367.7,1637472
IRB,20200323,55,55,48.25,50.3,626139
IRCON,20200323,310,324,301,310.95,148304
IRCTC,20200323,903.45,903.45,903.45,903.45,166278
ISEC,20200323,232.35,253.65,226.2,226.2,257649
ISFT,20200323,24.75,25.6,23.5,24.5,7300
ISMTLTD,20200323,2.5,2.75,2.1,2.65,49854
ITC,20200323,158,162,149.2,154.3,51354135
ITDC,20200323,111,111,110.2,110.2,7059
ITDCEM,20200323,30.5,30.5,28.45,28.6,97131
ITI,20200323,51,53.95,49,50.3,505324
IVC,20200323,2,2.5,1.9,2,269232
IVP,20200323,45,45,39.95,39.95,2975
IVZINGOLD,20200323,3739,4300,3575,3700,90
IVZINNIFTY,20200323,1049.9,1049.9,778,837.23,343
IZMO,20200323,13.6,13.6,13.6,13.6,1401
J&KBANK,20200323,12.1,13.5,11.5,12.2,1106309
JAGRAN,20200323,36.8,44.95,36.8,40.05,140974
JAGSNPHARM,20200323,20.7,21.95,16.25,17.3,11020
JAIBALAJI,20200323,16.2,19.25,13.1,15.8,30597
JAICORPLTD,20200323,47.7,49.9,47.7,47.7,230744
JAINSTUDIO,20200323,0.75,0.75,0.75,0.75,400
JAMNAAUTO,20200323,25,25,21.5,22,877293
JASH,20200323,102,102,101.45,101.45,526
JAYAGROGN,20200323,55,60.95,52.8,56.75,13073
JAYBARMARU,20200323,109.8,109.8,107.6,107.6,5109
JAYNECOIND,20200323,2.05,2.05,2.05,2.05,11152
JAYSREETEA,20200323,24.55,26.05,22.65,24.05,64917
JBCHEPHARM,20200323,476,504.95,420,448.5,188704
JBFIND,20200323,9.05,9.05,9.05,9.05,1298
JBMA,20200323,112.1,119.95,107,114.8,70221
JCHAC,20200323,2275,2390,1960,1998.75,7849
JHS,20200323,7.1,7.95,7,7.2,56093
JIKIND,20200323,0.25,0.25,0.25,0.25,1158
JINDALPHOT,20200323,7.35,9.5,7.35,8.25,8576
JINDALPOLY,20200323,171,217.4,158.45,191.5,55964
JINDALSAW,20200323,50.25,51.9,44.2,45.2,683171
JINDALSTEL,20200323,94.1,99.5,86,89,5355785
JINDRILL,20200323,55.35,66,44.3,44.3,45722
JINDWORLD,20200323,32.45,32.45,27.45,27.45,5394
JISLDVREQS,20200323,3.6,3.6,3.6,3.6,16033
JISLJALEQS,20200323,3.5,3.55,3.45,3.45,750707
JITFINFRA,20200323,4.25,4.25,4.05,4.05,4568
JIYAECO,20200323,8,8,8,8,6105
JKCEMENT,20200323,954.75,954.75,795.25,891,120132
JKIL,20200323,71,74.9,66.9,67.55,161814
JKLAKSHMI,20200323,223.45,228,202,204.4,104907
JKPAPER,20200323,69.9,74.5,64.5,66.95,985326
JKTYRE,20200323,42,42.05,34.4,34.4,985331
JMA,20200323,16.5,19.95,16.5,17.65,1892
JMCPROJECT,20200323,37,39.9,34.5,36.6,61124
JMFINANCIL,20200323,65.85,68.5,65.85,66.05,316443
JMTAUTOLTD,20200323,1.1,1.1,0.95,0.95,89702
JOCIL,20200323,97,97,81.1,83.6,948
JPASSOCIAT,20200323,1.25,1.3,1.25,1.25,1145145
JPINFRATEC,20200323,0.55,0.55,0.55,0.55,692680
JPOLYINVST,20200323,9,9,8.85,8.85,86
JPPOWER,20200323,0.5,0.5,0.5,0.5,3285319
JSL,20200323,24.5,26,22.7,23.1,629714
JSLHISAR,20200323,35,36,34.9,34.9,102024
JSWENERGY,20200323,38.1,45.65,37.4,43.75,1987108
JSWHL,20200323,1625,1625,1351.6,1351.6,1439
JSWSTEEL,20200323,158.2,164.25,136.1,144.4,7422941
JTEKTINDIA,20200323,42,42,38.95,38.95,36670
JUBILANT,20200323,273,273,252.2,252.2,69487
JUBLFOOD,20200323,1324.05,1350,1250.5,1284.55,735609
JUBLINDS,20200323,81.9,85.5,79.8,79.8,5360
JUMPNET,20200323,50,50,40.05,46.85,202987
JUNIORBEES,20200323,205.1,216.8,199.05,200.42,230515
JUSTDIAL,20200323,302,325.4,266.05,275.4,1851865
JYOTHYLAB,20200323,91.1,98,85,88.2,298497
KABRAEXTRU,20200323,40.1,40.1,36,36.4,16539
KAJARIACER,20200323,397,419,348.5,356.6,157887
KAKATCEM,20200323,101,101,100.55,100.55,4441
KALPATPOWR,20200323,188,206.95,175,180.05,77268
KALYANIFRG,20200323,91.6,91.6,82.9,87.95,1008
KAMATHOTEL,20200323,17.8,17.8,16.65,16.65,22481
KAMDHENU,20200323,49,54.95,42.1,47.7,8354
KANANIIND,20200323,1.25,1.3,1.25,1.25,1053
KANORICHEM,20200323,24.15,25.3,23.85,23.85,29740
KANSAINER,20200323,349.9,360,295.65,299.25,829735
KARDA,20200323,108,110.85,106.3,108.15,1122
KARURVYSYA,20200323,26.1,26.95,21.8,23.1,1173499
KAUSHALYA,20200323,0.4,0.4,0.3,0.4,11887
KAYA,20200323,109.2,111,109.2,109.2,3660
KCP,20200323,46,46,39.15,40.1,206188
KCPSUGIND,20200323,10.05,10.55,8.85,9.25,136934
KDDL,20200323,125,140,119.35,119.35,4886
KEC,20200323,199.8,203.8,179.1,181.45,149926
KECL,20200323,7.55,7.7,7.55,7.55,6147
KEI,20200323,242,242,231.4,231.4,148981
KELLTONTEC,20200323,7.95,8.45,7.95,7.95,53931
KENNAMET,20200323,675,776.95,622.7,622.7,3668
KERNEX,20200323,10.75,11.85,10.75,11.65,12400
KESORAMIND,20200323,21.2,21.65,20.1,20.2,193691
KHADIM,20200323,71.9,73.4,65.2,69,14442
KICL,20200323,1050,1050,849.1,849.1,1396
KILITCH,20200323,80,85.85,73,75.85,8353
KINGFA,20200323,400,400,350,357.45,3937
KIOCL,20200323,61.5,61.95,58,60.75,8281
KIRIINDUS,20200323,210.75,255,210.75,210.75,42441
KIRLFER,20200323,51,51,41.2,41.2,28637
KIRLOSBROS,20200323,92,93,76.5,78.2,20830
KIRLOSENG,20200323,91.9,95,77,82.45,12299
KIRLOSIND,20200323,432,459.85,400,420.1,1195
KITEX,20200323,83,85.55,82.35,83,159417
KKCL,20200323,773.95,774,626,727.15,520
KMSUGAR,20200323,5.85,5.9,5.35,5.55,95842
KNRCON,20200323,200,205,180.8,195.05,379371
KOKUYOCMLN,20200323,48.8,48.8,37.85,39.1,90277
KOLTEPATIL,20200323,122,140,107.4,110.6,46070
KOPRAN,20200323,18.85,18.95,16,16.55,75988
KOTAKBANK,20200323,1137.5,1204.45,1078.15,1098.25,6694405
KOTAKBKETF,20200323,197,230,167.4,173.59,239224
KOTAKGOLD,20200323,365,424.7,285,352.4,89630
KOTAKNIFTY,20200323,85,87,81.01,82.09,744160
KOTAKNV20,20200323,45,45,40.21,40.92,20948
KOTAKPSUBK,20200323,140,148,114.01,131.45,7679
KOTARISUG,20200323,9.75,9.75,7.25,7.85,14699
KOTHARIPET,20200323,11.45,12.95,9.2,10.6,11468
KOTHARIPRO,20200323,28.8,34.9,28.75,33.5,5946
KPITTECH,20200323,39.9,42.5,39.9,39.9,58295
KPRMILL,20200323,400,498.95,335.1,344.3,17062
KRBL,20200323,162,170,134.5,135.7,332247
KREBSBIO,20200323,86.1,86.1,63,64.1,2872
KRIDHANINF,20200323,1.25,1.35,1.25,1.25,71093
KSB,20200323,490,504.65,421,429.85,10103
KSCL,20200323,331,331,289.95,296,125620
KSERASERA,20200323,0.1,0.1,0.05,0.05,2937188
KSK,20200323,0.3,0.35,0.25,0.25,3091829
KSL,20200323,105.3,110,100.8,101.1,86263
KTKBANK,20200323,45.5,47.95,41.5,43,1790230
KUANTUM,20200323,330,340.1,275.5,301.7,3164
KWALITY,20200323,1.55,1.6,1.55,1.55,404408
L&TFH,20200323,53.6,55,48.2,48.55,10758015
LAKSHVILAS,20200323,12.7,13,12.7,12.7,697815
LALPATHLAB,20200323,1335.8,1550,1230.5,1251.95,443536
LAMBODHARA,20200323,20.15,20.15,18.15,18.15,11751
LAOPALA,20200323,150,155,136.05,137.9,114455
LASA,20200323,32.6,32.6,32.6,32.6,26693
LAURUSLABS,20200323,355,355,317.95,320.4,61576
LAXMIMACH,20200323,2504.75,2508.9,2062,2145,7593
LEMONTREE,20200323,29.75,29.75,25.2,26.15,300470
LFIC,20200323,38.4,43,33.75,38.65,2724
LGBBROSLTD,20200323,175,188.35,153,171.35,31029
LGBFORGE,20200323,1.8,1.85,1.75,1.75,4675
LIBERTSHOE,20200323,65,70.7,63.55,68.2,42690
LICHSGFIN,20200323,208.8,213.5,189.65,192.45,2447728
LICNETFGSC,20200323,20.03,20.5,19.53,20.11,5320
LICNETFN50,20200323,103.83,103.83,94,100,88
LINCOLN,20200323,95,98,91.35,91.35,25654
LINCPEN,20200323,130.1,188.4,128.5,128.5,25483
LINDEINDIA,20200323,445,448.8,405,413.5,20586
LIQUIDBEES,20200323,999.99,1000.01,999,1000,1837112
LIQUIDETF,20200323,1000,1000.01,999.99,1000,16509
LOKESHMACH,20200323,15,15.45,13,14.2,60318
LOTUSEYE,20200323,24,25.1,22,24.65,33359
LOVABLE,20200323,36,39.9,35,36.8,15618
LSIL,20200323,0.35,0.35,0.35,0.35,507197
LT,20200323,809,809.95,706,724.05,7310033
LTI,20200323,1240,1490,1228,1293.1,116594
LTTS,20200323,1050,1149.95,995,1018.25,84748
LUMAXIND,20200323,800,800,747.55,747.55,4477
LUMAXTECH,20200323,55.1,60,51.45,52.25,62354
LUPIN,20200323,610,631.95,586.1,592.15,1677212
LUXIND,20200323,980,980,814.2,943.7,49477
LYKALABS,20200323,12,12,9.6,10.45,35372
LYPSAGEMS,20200323,3.25,3.25,3.1,3.1,2867
M&M,20200323,299,303.9,280.6,293.4,6001458
M&MFIN,20200323,189,195,145.05,149.85,3810864
M100,20200323,14.93,14.93,12.03,12.37,195097
M50,20200323,84.9,88,75.3,85.17,4352
MAANALU,20200323,35,35,27.85,27.85,32626
MADHAV,20200323,21.5,25.95,21.5,21.6,2479
MADHUCON,20200323,1.85,1.85,1.85,1.85,133682
MADRASFERT,20200323,9,9.8,9,9.15,93570
MAGADSUGAR,20200323,60.1,63,57.4,58,45423
MAGMA,20200323,19,19.65,19,19.1,128098
MAHABANK,20200323,8.95,8.95,8.35,8.7,467128
MAHAPEXLTD,20200323,67.45,67.45,67.45,67.45,31
MAHASTEEL,20200323,77.4,77.4,70.1,70.1,486
MAHEPC,20200323,75.5,87.3,75.5,79.5,21256
MAHESHWARI,20200323,180,188.75,149.05,161.25,54918
MAHINDCIE,20200323,68.05,79,67.3,68.5,128398
MAHLIFE,20200323,220,253.95,198.05,210.4,38615
MAHLOG,20200323,231,237,203.4,213.7,18724
MAHSCOOTER,20200323,2250,2380.45,2243.85,2243.85,3618
MAHSEAMLES,20200323,219,220.1,197,204.4,11604
MAITHANALL,20200323,350,350,289.05,320.85,52469
MAJESCO,20200323,195.5,209,186.6,186.6,12659
MALUPAPER,20200323,21.9,22,19.3,19.75,20398
MAN50ETF,20200323,95,95,77.95,78.05,52868
MANAKALUCO,20200323,2.8,2.9,2.2,2.45,8156
MANAKCOAT,20200323,2.8,2.8,2.8,2.8,74
MANAKSIA,20200323,30,32,29.45,29.45,14845
MANAKSTEEL,20200323,7,7,6.5,6.55,7343
MANALIPETC,20200323,9.95,10.4,9.15,9.3,381239
MANAPPURAM,20200323,87.8,91.5,78.5,79.2,5573575
MANGALAM,20200323,22.85,22.85,22.85,22.85,22086
MANGCHEFER,20200323,16.3,18.75,16.3,16.95,69818
MANGLMCEM,20200323,150.15,157.15,129.4,129.4,217900
MANGTIMBER,20200323,8.4,8.4,8.4,8.4,5
MANINDS,20200323,35,35.15,30.5,31.6,63014
MANINFRA,20200323,15.2,17.5,14.5,15.25,293018
MANUGRAPH,20200323,8.25,8.25,8.25,8.25,3829
MANXT50,20200323,209,229.95,187.5,187.84,2531
MARALOVER,20200323,10.4,10.4,9.15,9.15,959
MARATHON,20200323,43,54.95,40,42.4,53308
MARICO,20200323,238,251.15,234,240.2,2700526
MARKSANS,20200323,10.95,11.2,10.3,10.45,1099270
MARUTI,20200323,4575,4790,4141,4220.35,1531989
MASFIN,20200323,518.1,547,518.1,519.2,17992
MASKINVEST,20200323,14.25,14.25,14.2,14.2,55
MASTEK,20200323,197,198,189.8,189.8,9299
MATRIMONY,20200323,308.85,309,277.95,299.45,112660
MAWANASUG,20200323,22,23,18.5,18.85,132972
MAXINDIA,20200323,52.5,78,52.5,58.8,320626
MAXVIL,20200323,28.75,30,25.2,28.1,84869
MAYURUNIQ,20200323,148,175,128.8,132.55,85204
MAZDA,20200323,279,279,228,243,2719
MBAPL,20200323,64.6,65,61.4,65,152
MBECL,20200323,2.15,2.35,2.15,2.2,20804
MBLINFRA,20200323,2.75,2.75,2.75,2.75,53135
MCDHOLDING,20200323,11.8,12.25,11.2,11.2,8395
MCDOWELL-N,20200323,485,489.7,445.8,448.1,1548756
MCLEODRUSS,20200323,1.95,2.05,1.95,1.95,162775
MCX,20200323,835.55,967.2,835.55,871.35,195119
MEGASOFT,20200323,5.9,5.9,5.1,5.15,16338
MEGH,20200323,36.25,36.25,33.75,35.35,451799
MENONBE,20200323,34.2,38.5,29.05,29.7,15422
MEP,20200323,17.75,17.75,17.75,17.75,39649
MERCATOR,20200323,0.5,0.5,0.45,0.5,840600
METALFORGE,20200323,4.1,4.1,3.85,3.85,4462
METROPOLIS,20200323,1355.55,1640,1242.9,1247.55,151716
MFSL,20200323,367,382.65,276.35,288.55,1152843
MGL,20200323,715,791.6,692,699.55,407425
MHRIL,20200323,140,142,130,130.7,38031
MIC,20200323,0.45,0.45,0.4,0.4,74383
MIDHANI,20200323,152,163.95,140.5,145.3,798245
MINDACORP,20200323,57.1,64.55,57.05,60.5,98830
MINDAIND,20200323,220,258.9,213.3,214.1,274879
MINDTECK,20200323,15.15,16,14.5,15.05,11264
MINDTREE,20200323,758.25,809,720,733.9,251952
MIRCELECTR,20200323,4.8,4.8,4.75,4.75,28890
MIRZAINT,20200323,33,33.95,32.6,32.6,50836
MMFL,20200323,198,198,184.6,184.95,5129
MMP,20200323,65,65,56,56,6974
MMTC,20200323,11,11.3,10.2,10.6,568204
MODIRUBBER,20200323,27,27,27,27,1
MOHOTAIND,20200323,5.1,5.1,4.85,4.85,110
MOIL,20200323,91.5,96.9,85.55,91.2,279810
MOLDTECH,20200323,33.55,41.85,30.45,32.55,2085
MOLDTKPAC,20200323,175,180,145.8,145.8,140039
MONTECARLO,20200323,133.05,146.2,129.6,135.55,13347
MORARJEE,20200323,8.2,8.2,8,8,1004
MOREPENLAB,20200323,8.25,8.9,7.2,7.65,1191585
MOTHERSUMI,20200323,62,63.95,53.4,53.4,8393678
MOTILALOFS,20200323,549,549,485,485.3,97208
MOTOGENFIN,20200323,29.8,29.8,25,25.5,3849
MPHASIS,20200323,676,683.95,630,642.1,67623
MPSLTD,20200323,180,208.5,174.65,189.8,8318
MRF,20200323,55905,56998.85,51500,51970.25,20515
MRPL,20200323,27,27,22.8,22.8,1093115
MSPL,20200323,3.7,3.7,3.65,3.65,2229
MSTCLTD,20200323,82.8,82.8,82.8,82.8,6634
MTEDUCARE,20200323,7.5,7.6,7.35,7.4,6931
MTNL,20200323,6.1,6.3,6.1,6.1,217866
MUKANDENGG,20200323,6.65,7.1,6.55,6.9,2132
MUKANDLTD,20200323,13.95,14.2,13,13,26614
MUKTAARTS,20200323,15.35,16.9,15.25,15.7,10432
MUNJALAU,20200323,23,23,20.2,20.95,137958
MUNJALSHOW,20200323,61.6,70.9,61.6,63.35,34048
MURUDCERA,20200323,8.7,9.8,8.1,8.35,19110
MUTHOOTCAP,20200323,255,270,254.05,254.1,23363
MUTHOOTFIN,20200323,548.15,599.95,500,508.3,2089687
N100,20200323,580,580,500,503.87,38912
NACLIND,20200323,20.05,21.2,18.3,18.3,86065
NAGAFERT,20200323,2.75,2.85,2.65,2.65,162897
NAGREEKCAP,20200323,4.8,4.8,4.4,4.4,661
NAGREEKEXP,20200323,8.4,9.2,8.4,8.4,4630
NAHARCAP,20200323,45.3,51.7,45.3,49.75,353
NAHARINDUS,20200323,18.3,18.95,16,16.75,3978
NAHARPOLY,20200323,27.55,28.25,25,26.75,8621
NAHARSPING,20200323,26.3,27.35,24.45,25.05,14543
NAM-INDIA,20200323,231,240.4,230.75,230.75,631447
NATCOPHARM,20200323,509,520,432,473.8,165915
NATHBIOGEN,20200323,149.6,158,149.55,149.55,6617
NATIONALUM,20200323,30.7,30.7,27.5,28.05,6960229
NATNLSTEEL,20200323,1.5,1.5,1.45,1.45,100
NAUKRI,20200323,1800,1848.4,1581.1,1691.25,540755
NAVINFLUOR,20200323,977,1181,977,1079.2,249065
NAVKARCORP,20200323,15,15,14.55,14.55,146873
NAVNETEDUL,20200323,51.85,57,48.55,50.3,123859
NBCC,20200323,15.5,16.75,15.35,15.35,5778662
NBIFIN,20200323,1400,1405,1271.35,1271.35,136
NBVENTURES,20200323,35.1,36.4,35.1,35.1,71973
NCC,20200323,20,20.8,18.25,18.85,11329810
NCLIND,20200323,53.3,61.95,53.3,56.7,66288
NDGL,20200323,321.1,354.95,321.1,354.95,65
NDL,20200323,14,16.5,13.75,13.85,12898
NDTV,20200323,20.2,25,20.2,22.9,31715
NECCLTD,20200323,3.4,3.45,3,3.4,36548
NECLIFE,20200323,8.35,8.35,7.25,7.45,94451
NELCAST,20200323,26.6,29,25,25.8,51816
NELCO,20200323,128,131.25,127.35,127.35,25127
NEOGEN,20200323,339.25,339.25,339.15,339.15,13309
NESCO,20200323,454.15,487.25,401.6,405.15,209049
NESTLEIND,20200323,12750.4,13999.8,12750.05,12944.65,195927
NETF,20200323,92,100.49,77.81,99.39,813
NETFCONSUM,20200323,45,49,43,44.75,1709
NETFDIVOPP,20200323,25.1,25.1,17.12,21.41,319
NETFLTGILT,20200323,20.98,24.5,17,20.72,62319
NETFMID150,20200323,46.56,53,42.11,42.49,232105
NETFNIF100,20200323,90,103.4,70.9,100.27,1125
NETFNV20,20200323,48,48,43,44.9,2972
NETWORK18,20200323,16.2,17.5,16.2,16.2,234488
NEULANDLAB,20200323,278.9,300,258.95,285.95,48765
NEWGEN,20200323,100,109.95,96,98.4,18523
NEXTMEDIA,20200323,4.2,4.2,4.1,4.1,306
NFL,20200323,17.5,17.65,15.1,16.7,295926
NH,20200323,225,232,204,225.65,313870
NHPC,20200323,18.85,19.6,17.6,18.2,6860057
NIACL,20200323,82,85,79,79.85,128711
NIBL,20200323,6.65,6.65,6.55,6.55,160
NIFTYBEES,20200323,87,94.83,81,83.52,8144624
NIITLTD,20200323,61.9,63.9,54,58.4,392956
NIITTECH,20200323,1030,1074.95,857.4,864.2,248231
NILAINFRA,20200323,2.6,2.6,2.15,2.2,176587
NILASPACES,20200323,0.6,0.65,0.6,0.6,19503
NILKAMAL,20200323,992,1094.9,912,986.35,17427
NIPPOBATRY,20200323,399.05,399.05,338.6,367.6,1840
NITCO,20200323,11.85,13.05,11.85,11.85,17407
NITINSPIN,20200323,26,29,25.05,25.65,91867
NLCINDIA,20200323,42.8,45,38.25,39.3,766924
NMDC,20200323,65,68.8,62.05,63.05,7627488
NOCIL,20200323,60,60.3,52,53.05,808654
NOIDATOLL,20200323,3,3,2.65,2.65,64058
NPBET,20200323,129,129,129,129,100
NRAIL,20200323,149.5,149.5,124.05,126.5,21967
NRBBEARING,20200323,50,62.8,48,60.55,52593
NSIL,20200323,540,644.9,432.7,433.15,3274
NTL,20200323,0.35,0.4,0.35,0.4,11891
NTPC,20200323,74.9,80,73.2,76.4,37653590
NUCLEUS,20200323,202,202,165,182.25,33353
NXTDIGITAL,20200323,223,223,180.3,200,6353
OAL,20200323,133,156.65,124.1,134.85,3611
OBEROIRLTY,20200323,409,414.7,365.95,407.1,228260
OCCL,20200323,550,569.85,482,501.55,13765
OFSS,20200323,1566.05,1823.9,1506,1575.65,27579
OIL,20200323,73.4,76.75,71.35,73.35,2075504
OILCOUNTUB,20200323,3.05,3.15,2.85,3.1,42070
OISL,20200323,1.9,1.9,1.6,1.65,22880
OLECTRA,20200323,50.75,50.75,50.75,50.75,12362
OMAXAUTO,20200323,20.8,20.8,20.6,20.6,3676
OMAXE,20200323,159.7,174.85,155,155.7,237384
OMKARCHEM,20200323,2.6,2.7,2.6,2.6,8328
OMMETALS,20200323,10.55,12.7,10.55,11.25,73477
ONELIFECAP,20200323,4.2,4.2,4,4,54
ONGC,20200323,60.65,65.5,60,60.4,36059063
ONMOBILE,20200323,14.5,14.75,12.45,13.7,80372
ONWARDTEC,20200323,42.2,50,34.4,40.6,13175
OPTIEMUS,20200323,19.25,19.6,17.8,17.8,4049
OPTOCIRCUI,20200323,1.6,1.7,1.6,1.6,230973
ORBTEXP,20200323,49.2,56.7,49.2,50.75,187011
ORICONENT,20200323,10,10.85,9.05,9.45,44645
ORIENTABRA,20200323,10.25,11.7,10,11.05,18673
ORIENTALTL,20200323,6.15,7.2,4.95,5.15,9839
ORIENTBELL,20200323,67.2,69.95,60.6,60.6,33698
ORIENTCEM,20200323,49,49,39.25,39.9,147339
ORIENTELEC,20200323,159,162.05,145.8,160.45,353475
ORIENTHOT,20200323,15.95,19.8,13.75,15.75,34854
ORIENTLTD,20200323,75,78,74.95,75.25,153
ORIENTPPR,20200323,13.5,13.9,12.5,12.95,260932
ORIENTREF,20200323,149,149,119.6,119.6,48234
ORISSAMINE,20200323,1114.7,1114.7,1114.7,1114.7,933
ORTINLABSS,20200323,8.3,8.3,7,7,12839
OSWALAGRO,20200323,4.15,4.15,3.6,3.8,23131
PAEL,20200323,1.85,1.85,1.85,1.85,10
PAGEIND,20200323,17000,18200,16254,16714.55,43060
PAISALO,20200323,170.1,170.1,170.1,170.1,277
PALREDTEC,20200323,9.5,9.5,9.5,9.5,8157
PANACEABIO,20200323,104.95,105,90.35,97.15,9423
PANACHE,20200323,48.5,48.5,48.5,48.5,100
PANAMAPET,20200323,27.1,32.05,26.95,27.15,39320
PAPERPROD,20200323,191,191,161.9,171.45,70539
PARACABLES,20200323,6.15,6.45,5.8,6,59736
PARAGMILK,20200323,52.95,55,51.1,52.65,212010
PARSVNATH,20200323,1.35,1.45,1.35,1.4,291045
PATELENG,20200323,7.8,10.8,7.8,8.25,226971
PATINTLOG,20200323,10,10.9,9.95,9.95,7256
PATSPINLTD,20200323,2.95,2.95,2.75,2.75,3672
PCJEWELLER,20200323,9,9,7.75,8.15,3453663
PDMJEPAPER,20200323,11.2,13.45,11.15,11.15,68062
PDSMFL,20200323,280,280,250.1,262.2,11929
PEARLPOLY,20200323,13.15,13.15,12.2,12.6,2449
PEL,20200323,616.35,678.9,616.35,644.3,1414557
PENIND,20200323,15.35,16.6,14.5,15.35,234669
PENINLAND,20200323,2.6,2.8,2.6,2.6,14867
PERSISTENT,20200323,480,504.55,420.05,469.3,67922
PETRONET,20200323,195,208.35,187,189.3,3549505
PFC,20200323,84.5,86.5,78.5,81.4,4417506
PFIZER,20200323,3575,3916,3575,3683.5,22837
PFOCUS,20200323,28.95,30.45,23.5,24.25,20273
PFS,20200323,7.5,8.2,7.35,7.45,922901
PGEL,20200323,33.45,33.45,33.45,33.45,4497
PGHH,20200323,8626,9800,8626,8917.65,6148
PGHL,20200323,3000,3395.65,2891.45,3110,22634
PGIL,20200323,101,101,82.05,93.5,3714
PHILIPCARB,20200323,61,63.7,60.1,60.1,253574
PHOENIXLTD,20200323,615,652.4,530,584.7,71131
PIDILITIND,20200323,1356,1463,1214,1271.2,1000516
PIIND,20200323,1036.05,1179.7,1000.5,1063.45,348808
PILANIINVS,20200323,1101,1145,928.25,931.9,2614
PILITA,20200323,3.1,3.75,3.1,3.4,11104
PIONDIST,20200323,102,102,97.85,97.85,258
PIONEEREMB,20200323,15.4,18.5,15,16.05,2180
PITTIENG,20200323,22,24.9,20.1,20.95,25024
PKTEA,20200323,83.6,83.65,83.6,83.6,283
PLASTIBLEN,20200323,105,128,101,104.7,5092
PNB,20200323,35.95,37.5,34.7,35.4,18562614
PNBGILTS,20200323,22.55,24,20.3,21.9,189825
PNBHOUSING,20200323,180,182,172.9,172.9,157408
PNC,20200323,8.3,9.8,8.2,8.65,5319
PNCINFRA,20200323,106,123,100,100,187931
PODDARHOUS,20200323,170.65,170.65,170.65,170.65,84
PODDARMENT,20200323,106,143.5,101,106.45,3242
POKARNA,20200323,51.9,51.9,51.9,51.9,2146
POLYCAB,20200323,693,750,617.6,617.6,315640
POLYMED,20200323,227.1,233.65,212.25,217.05,70701
POLYPLEX,20200323,349.6,349.6,292.8,294.2,98428
PONNIERODE,20200323,84.65,105,84.65,88.2,1776
POWERGRID,20200323,141.55,155.85,141.55,153,22311917
POWERMECH,20200323,375,375,339.05,339.9,10006
PPAP,20200323,102.1,124.95,102.05,112,11176
PPL,20200323,26.9,30,25.35,25.35,29674
PRABHAT,20200323,49,49.85,45.1,46.85,26098
PRADIP,20200323,0.4,0.4,0.3,0.35,3447
PRAENG,20200323,5.2,5.75,4.3,4.6,16048
PRAJIND,20200323,47.35,50,47.25,47.25,325390
PRAKASH,20200323,21.15,21.4,19.85,19.95,558370
PRECAM,20200323,24,24,24,24,4882
PRECOT,20200323,25.1,25.1,25.1,25.1,111
PRECWIRE,20200323,71.15,90.95,68,69.9,9119
PREMEXPLN,20200323,68.3,68.3,60.45,60.85,10551
PREMIERPOL,20200323,16.75,21.85,15.4,20.9,1964
PRESSMN,20200323,14.55,14.55,11.35,13,8825
PRESTIGE,20200323,141.9,169.55,141.9,161.4,420824
PRICOLLTD,20200323,31.95,34.7,30.25,30.25,289784
PRIMESECU,20200323,26.05,31.4,24.7,25.35,230745
PRINCEPIPE,20200323,100,103.95,98.05,98.2,78084
PROSEED,20200323,0.25,0.25,0.25,0.25,10000
PROZONINTU,20200323,8.8,9.7,8.8,8.8,27227
PRSMJOHNSN,20200323,34.7,35.8,30,30.15,380487
PSB,20200323,11.35,11.35,9.3,10.5,70851
PSL,20200323,0.3,0.35,0.3,0.35,10101
PSPPROJECT,20200323,350,350,289.75,289.75,38376
PSUBNKBEES,20200323,15.84,16.45,14,14.95,43681
PTC,20200323,33.7,35.3,32.5,32.9,709333
PTL,20200323,26,28.5,24.05,24.95,20121
PUNJABCHEM,20200323,341.2,341.2,287.55,304.65,814
PURVA,20200323,30.2,32.7,29.9,31.3,55440
PVR,20200323,1179.25,1298.45,1153.35,1214.1,1706827
QGOLDHALF,20200323,1798,1798,1736,1737.7,468
QNIFTY,20200323,1017,1017,810,836.5,180
QUESS,20200323,226,230.3,222.3,222.3,203503
QUICKHEAL,20200323,74,82,67.05,68.45,122693
RADICO,20200323,279,364,243.35,243.55,502365
RADIOCITY,20200323,13.2,16.95,12.9,14.45,225893
RAIN,20200323,50,53.55,49.7,49.7,674678
RAJESHEXPO,20200323,574,584.75,546,549.65,48357
RAJSREESUG,20200323,10.95,11.15,10,10.35,6552
RAJTV,20200323,28.15,35.75,27.5,30.15,7273
RALLIS,20200323,157,183,149.7,149.7,274040
RAMANEWS,20200323,11.7,11.7,9.8,10.25,44830
RAMASTEEL,20200323,19.5,23,19.2,20.55,3411
RAMCOCEM,20200323,550,580,475.1,499.65,588896
RAMCOIND,20200323,121,157.75,113.45,131.75,56478
RAMCOSYS,20200323,76,76,70.6,71.5,14775
RAMKY,20200323,18.4,19.1,16.35,17,150106
RANASUG,20200323,2.6,2.6,2.6,2.6,134918
RANEENGINE,20200323,126,129.95,125.25,125.85,365
RANEHOLDIN,20200323,359,359,325.1,325.1,4644
RATNAMANI,20200323,949.9,1000.3,856.55,898.85,34743
RAYMOND,20200323,250,260,247.15,247.15,70484
RBL,20200323,329.5,335,305,322.1,6280
RBLBANK,20200323,153.35,162.35,139.55,141.1,12126063
RCF,20200323,25,27,22.55,23.55,1646487
RCOM,20200323,0.65,0.7,0.65,0.65,11851796
RECLTD,20200323,86,100.65,80.45,81.15,5674403
REDINGTON,20200323,70,70,60.4,63.65,126025
REFEX,20200323,32.5,32.5,32.5,32.5,3123
RELAXO,20200323,528,590,501,506.75,442954
RELCAPITAL,20200323,4.05,4.1,4.05,4.05,684592
RELIANCE,20200323,916.2,950,875.65,884.05,18593713
RELIGARE,20200323,21.05,21.05,21.05,21.05,6176
RELINFRA,20200323,9.95,9.95,9.95,9.95,284752
REMSONSIND,20200323,53,53,45.7,46.2,87
RENUKA,20200323,3.75,3.8,3.35,3.45,1183874
REPCOHOME,20200323,137.15,148,136.8,136.8,28230
REPRO,20200323,379.9,379.9,310.65,311.8,4462
RESPONIND,20200323,81.1,84,80,80.7,110005
REVATHI,20200323,263.3,284,237.6,257.05,872
RGL,20200323,240,240,201.6,201.6,11847
RHFL,20200323,0.9,0.95,0.85,0.85,815078
RICOAUTO,20200323,18.95,19.2,17.7,17.75,159540
RIIL,20200323,188.9,201,178.5,178.55,91861
RITES,20200323,202,230,202,207.05,379736
RKDL,20200323,4.85,4.95,4.55,4.65,12276
RKFORGE,20200323,154.35,160,154.35,154.35,12926
RMCL,20200323,2.8,2.9,2.8,2.8,3422
RML,20200323,149.8,149.8,134.95,136.45,11320
RNAVAL,20200323,1.85,1.85,1.75,1.8,3641157
ROHITFERRO,20200323,0.3,0.35,0.3,0.3,5947
ROHLTD,20200323,36.9,36.9,33,33.9,13748
ROLLT,20200323,1.35,1.35,1.15,1.25,3859
ROLTA,20200323,2.05,2.2,2,2,234250
ROSSELLIND,20200323,41.35,41.35,41.35,41.35,71
RPGLIFE,20200323,152.2,160,148,150,22159
RPOWER,20200323,1.15,1.15,1.15,1.15,4070614
RPPINFRA,20200323,32.8,35.05,30.15,31.75,38033
RSSOFTWARE,20200323,10.95,10.95,10.95,10.95,3649
RSWM,20200323,63.5,67.95,55,59,118303
RSYSTEMS,20200323,84.95,90.7,76,86.35,84747
RTNPOWER,20200323,1.55,1.55,1.55,1.55,185771
RUBYMILLS,20200323,131,131,115,115,1938
RUCHI,20200323,128.55,128.55,128.55,128.55,9096
RUCHINFRA,20200323,2,2.2,2,2,5853
RUCHIRA,20200323,29,29,27.1,27.35,28126
RUPA,20200323,119,124.4,110.25,112.75,15911
RUSHIL,20200323,69.65,70,69.65,69.65,649
RVNL,20200323,12.75,13.25,11.1,11.1,7943671
SABTN,20200323,1.1,1.25,1.1,1.1,23223
SADBHAV,20200323,36,36,35.95,35.95,16904
SADBHIN,20200323,14.9,16.05,14.55,14.55,6345
SAFARI,20200323,384.05,395,320.7,321.75,6958
SAGARDEEP,20200323,58.15,58.15,58.15,58.15,177
SAGCEM,20200323,285,300,267,286.45,3265
SAIL,20200323,24.7,25.3,22.75,22.95,12938800
SAKAR,20200323,55.1,55.1,55.1,55.1,60
SAKHTISUG,20200323,7,7.5,5.95,6,56736
SAKSOFT,20200323,127,127,113.35,113.35,7232
SAKUMA,20200323,3.55,4.2,3.55,4,117056
SALASAR,20200323,113.7,113.7,85.2,86.4,27758
SALONA,20200323,40.5,40.5,40.5,40.5,176
SALSTEEL,20200323,1.95,2,1.9,2,15419
SALZERELEC,20200323,65.9,67,55.15,56.55,15335
SAMBHAAV,20200323,1.35,1.35,1.35,1.35,44
SANCO,20200323,7.75,9.2,7.5,7.5,102093
SANDESH,20200323,425,444,376.05,428.05,1082
SANDHAR,20200323,158,165,130,138.75,2270
SANGAMIND,20200323,39,41.15,37.6,37.6,2863
SANGHIIND,20200323,20.7,22.4,18.2,19.15,233732
SANGHVIFOR,20200323,15.3,15.3,15.3,15.3,1000
SANGHVIMOV,20200323,55.1,63.2,55.1,55.1,184981
SANGINITA,20200323,106,108.7,100.15,100.15,3909
SANOFI,20200323,6012,6432,5900,6062.45,14819
SANWARIA,20200323,1,1.05,1,1,2274618
SARDAEN,20200323,105.55,109.6,100,104.2,51310
SAREGAMA,20200323,188.3,240,187.5,222.25,8872
SARLAPOLY,20200323,13.5,13.95,12.1,12.4,33088
SASKEN,20200323,370,385.4,349.9,354.95,16878
SASTASUNDR,20200323,53.8,53.8,41,47.8,1776
SATHAISPAT,20200323,1.15,1.2,1.1,1.2,226
SATIA,20200323,75,77.75,62.5,62.5,8427
SATIN,20200323,90,90,84.65,84.65,25100
SBICARD,20200323,659,698,580,582.4,6260568
SBIETFQLTY,20200323,82.25,83,75.5,79.66,13190
SBILIFE,20200323,569.95,617,522.2,539.2,1652165
SBIN,20200323,190,199.5,180.25,181.6,61751758
SCAPDVR,20200323,0.2,0.2,0.15,0.15,117052
SCHAEFFLER,20200323,3799.95,3799.95,3311.5,3589.45,6839
SCHAND,20200323,43.6,45.8,43.55,43.55,10498
SCHNEIDER,20200323,60.25,65.5,60.25,60.65,109410
SCI,20200323,35,40,32.25,33.9,1667699
SDBL,20200323,59.75,59.75,56.8,56.8,7779
SEAMECLTD,20200323,245,272.1,231,235.85,2411
SELAN,20200323,63,75.7,62.1,65.8,38401
SELMCL,20200323,0.45,0.45,0.4,0.4,202357
SEPOWER,20200323,1.8,1.8,1.4,1.5,7816
SEQUENT,20200323,57,66.75,52.1,63,1051410
SESHAPAPER,20200323,96,96,80,83.2,24718
SETCO,20200323,6.2,6.7,6.2,6.2,38757
SETF10GILT,20200323,191.99,222.7,176.18,189.86,267
SETFGOLD,20200323,3652.5,3945,3651,3846.05,5709
SETFNIF50,20200323,89.5,102.03,79,83.95,1415799
SETFNIFBK,20200323,202,205,176.9,179.64,251511
SETFNN50,20200323,221,221,199,204.45,21785
SETUINFRA,20200323,0.45,0.5,0.4,0.45,129959
SEYAIND,20200323,52.8,52.8,52.8,52.8,450
SFL,20200323,1250,1349.85,1175,1250.25,7865
SGL,20200323,5.85,5.85,5.65,5.7,16186
SHAHALLOYS,20200323,6.5,6.5,6.2,6.2,335
SHAKTIPUMP,20200323,108.1,114.6,107.75,107.75,20411
SHALBY,20200323,45.95,50,44.4,44.4,56983
SHALPAINTS,20200323,47.95,53,42.35,46.1,82541
SHANKARA,20200323,268.45,268.45,268.45,268.45,2038
SHANTIGEAR,20200323,66.05,66.05,55.5,57.75,8194
SHARDACROP,20200323,111.55,117.8,99.4,111.2,10908
SHARDAMOTR,20200323,635,635,527,536.9,2726
SHARIABEES,20200323,157.95,232.49,157.95,220.23,69
SHEMAROO,20200323,55,57.7,52.25,54.7,26549
SHIL,20200323,67.95,67.95,66.05,66.05,2354
SHILPAMED,20200323,281.5,300,281.45,281.45,22454
SHIRPUR-G,20200323,5.7,5.7,5.7,5.7,2507
SHIVAMAUTO,20200323,8.7,10,8.5,9.2,91303
SHIVAMILLS,20200323,21.2,23.5,17,19.1,6525
SHIVATEX,20200323,52.15,59.9,48.85,50,495
SHK,20200323,81,83.45,69.2,70.15,147612
SHOPERSTOP,20200323,191,229,189.1,193.45,22560
SHREDIGCEM,20200323,20.7,23.6,20.7,21.95,417301
SHREECEM,20200323,17113,17579.95,16068.15,16959.4,64085
SHREEPUSHK,20200323,65,72.95,60.1,61.4,39874
SHREERAMA,20200323,3.9,3.9,3.9,3.9,100
SHRENIK,20200323,13.6,13.7,12.4,12.65,7133
SHREYANIND,20200323,64.9,64.95,56.6,59.25,15435
SHREYAS,20200323,40.2,42,38.2,38.25,19219
SHRIPISTON,20200323,449,449,441.75,445.35,33
SHRIRAMCIT,20200323,950,1000,845,921.1,3981
SHRIRAMEPC,20200323,2.25,2.25,2.25,2.25,14841
SHYAMCENT,20200323,1.9,1.9,1.9,1.9,3677
SICAGEN,20200323,8.85,8.95,7.8,8.45,13247
SICAL,20200323,5.85,5.95,5.85,5.85,17525
SIEMENS,20200323,1085,1157.45,947.9,996.05,313855
SIGIND,20200323,14.65,18.4,13.15,14.85,3367
SIL,20200323,9.85,9.85,9.85,9.85,210
SILINV,20200323,81,89.75,73.1,76.5,1866
SIMBHALS,20200323,4.1,4.1,3.9,3.9,1818
SIMPLEXINF,20200323,24.7,24.7,24.7,24.7,20396
SINTEX,20200323,0.6,0.65,0.6,0.6,1983766
SIRCA,20200323,181.6,181.6,181.6,181.6,590
SIS,20200323,393.15,393.15,349,362.65,41542
SITINET,20200323,0.65,0.65,0.6,0.6,190095
SIYSIL,20200323,144,144,116.15,120.15,16620
SJVN,20200323,19.1,19.6,18.05,18.45,2270901
SKFINDIA,20200323,1548,1565,1242.05,1244.1,19636
SKIL,20200323,3.05,3.05,2.9,2.9,303
SKIPPER,20200323,19.9,19.9,18.75,18.75,31847
SKMEGGPROD,20200323,28.1,31.95,23.8,29.7,96680
SMARTLINK,20200323,63,63,52.15,53.7,7229
SMLISUZU,20200323,289.25,323.9,282,288.2,33673
SMSLIFE,20200323,194,210,172.2,176.05,1333
SMSPHARMA,20200323,29,30.7,25.05,26.45,47433
SNOWMAN,20200323,32.75,40.4,32.75,38.45,1084181
SOBHA,20200323,165,165,148.2,150.3,193192
SOLARA,20200323,377,443,377,413.1,20251
SOLARINDS,20200323,930,930,773.05,876.05,28849
SOMANYCERA,20200323,111.6,111.6,89.35,89.4,90203
SOMATEX,20200323,1.85,1.95,1.85,1.85,2668
SOMICONVEY,20200323,11.5,11.5,11.3,11.3,1001
SONATSOFTW,20200323,178.65,178.65,163.6,163.6,83350
SORILINFRA,20200323,58.1,58.1,58.1,58.1,1892
SOTL,20200323,619,734.95,494.75,495.75,3465
SOUTHBANK,20200323,5.2,5.3,4.8,4.95,20384285
SOUTHWEST,20200323,11.4,12,11,12,3467
SPAL,20200323,65.25,72,65.25,65.25,3792
SPANDANA,20200323,700,711,597.3,597.3,12372
SPARC,20200323,93,99.05,86.1,87.1,482075
SPCENET,20200323,0.8,0.9,0.8,0.9,14189
SPECIALITY,20200323,26.1,26.1,24.8,24.8,34551
SPENCERS,20200323,56,62.8,55,55.6,629724
SPENTEX,20200323,0.15,0.25,0.15,0.2,60900
SPIC,20200323,11.95,11.95,10.25,10.35,75012
SPICEJET,20200323,33.75,33.75,33.75,33.75,560573
SPLIL,20200323,22,23.8,20.2,22.55,71035
SPMLINFRA,20200323,6,6,6,6,3845
SPTL,20200323,0.55,0.6,0.55,0.55,4084585
SPYL,20200323,0.2,0.25,0.15,0.15,28745
SREEL,20200323,104.15,115,99,99.75,24015
SREINFRA,20200323,4.7,4.7,3.9,4.1,975148
SRF,20200323,2901,3049,2605.05,2686.55,225599
SRHHYPOLTD,20200323,72.9,77.05,69,70.1,4616
SRIPIPES,20200323,121.25,135,115.25,115.5,222055
SRTRANSFIN,20200323,522.85,550,440,452.05,2208926
SSWL,20200323,530.05,544.85,462.1,479.45,4747
STAMPEDE,20200323,0.4,0.4,0.3,0.35,327312
STAR,20200323,289.95,296.95,274.05,274.05,159237
STARCEMENT,20200323,66,77,60.25,68,45005
STARPAPER,20200323,63.5,65.9,63.45,63.75,58078
STCINDIA,20200323,31,31.95,30.45,30.9,17124
STEELCITY,20200323,19.85,19.85,15.2,16.5,18847
STEELXIND,20200323,14.8,14.8,13.4,13.4,197
STEL,20200323,36.05,42,32.25,34.45,13293
STERTOOLS,20200323,127,144.95,126.45,126.45,7577
STINDIA,20200323,3.55,3.55,3.4,3.4,27
STRTECH,20200323,67,69.55,62.55,63.55,846246
SUBEX,20200323,3.3,3.7,3,3.05,872469
SUBROS,20200323,140,141.55,134.1,134.1,19015
SUDARSCHEM,20200323,350.5,350.5,300.5,304.4,257002
SUJANAUNI,20200323,0.1,0.15,0.1,0.15,117423
SUMEETINDS,20200323,1.5,1.5,1.5,1.5,11867
SUMICHEM,20200323,171,189.95,158.75,159.45,175005
SUMMITSEC,20200323,241.3,241.3,207.3,216.2,2284
SUNCLAYLTD,20200323,1382,1382,1129.9,1137.45,3030
SUNDARAM,20200323,1.25,1.3,1.25,1.25,144938
SUNDARMFIN,20200323,1050.1,1179.8,1050.1,1089.05,315276
SUNDARMHLD,20200323,45,45,35.05,37.35,37719
SUNDRMBRAK,20200323,175,217.8,146.4,151.5,3303
SUNDRMFAST,20200323,265,300,249,253.6,218455
SUNFLAG,20200323,25.4,29.7,21.5,22.35,115383
SUNPHARMA,20200323,345,354.7,315.05,324.5,8018903
SUNTECK,20200323,198.7,200,182.15,182.15,70359
SUNTV,20200323,300,313.05,277.1,283.45,857932
SUPERHOUSE,20200323,58,59,51.05,56.75,4146
SUPERSPIN,20200323,2.15,2.35,2.15,2.35,6614
SUPPETRO,20200323,120,128.5,116.55,120.6,15536
SUPRAJIT,20200323,113.35,128.75,113.35,117.2,58619
SUPREMEIND,20200323,910,923.9,773.3,843.6,124500
SUPREMEINF,20200323,10.35,10.35,10.35,10.35,29
SURANASOL,20200323,5.25,5.75,5.25,5.35,17249
SURANAT&P,20200323,2.3,3.3,2.2,2.6,3183
SURYALAXMI,20200323,14.5,14.95,11.65,13.85,5500
SURYAROSNI,20200323,77,85,72.5,72.5,45369
SUTLEJTEX,20200323,18,20,15.2,16.45,28953
SUVEN,20200323,28.9,28.9,28.9,28.9,29325
SUVENPHAR,20200323,219,219,219,219,13957
SUZLON,20200323,1.85,1.9,1.85,1.85,13711542
SWANENERGY,20200323,86,105.5,86,98.8,39351
SWARAJENG,20200323,961.1,1000,814.55,882.1,12776
SWELECTES,20200323,67,72.55,59.15,63.5,56074
SWSOLAR,20200323,94.7,94.95,94.7,94.7,55427
SYMPHONY,20200323,820,909.6,753.6,759.7,32539
SYNGENE,20200323,227.95,244,220.35,222.7,234931
TAINWALCHM,20200323,37.4,41.05,37.4,39.8,892
TAJGVK,20200323,82,88.8,82,86.25,19302
TAKE,20200323,39,40,38.5,38.5,83366
TALBROAUTO,20200323,75,91.7,64.75,69.85,10400
TALWALKARS,20200323,1.05,1.1,1,1.05,31395
TALWGYM,20200323,0.8,0.8,0.7,0.8,33574
TANLA,20200323,39.85,39.85,39.85,39.85,221839
TARMAT,20200323,23.1,23.1,23.1,23.1,605
TASTYBITE,20200323,8715,8884.6,8285.45,8285.45,853
TATACHEM,20200323,216,231,197,200.7,1115235
TATACOFFEE,20200323,56,56,48.15,51.65,367294
TATACOMM,20200323,233,257.8,215,234.25,125967
TATACONSUM,20200323,240,247.9,225,226.5,2922955
TATAELXSI,20200323,540,569,539,544.4,266156
TATAINVEST,20200323,665,704.6,594.3,601.3,37667
TATAMETALI,20200323,339.9,368.9,315.7,330.8,27205
TATAMOTORS,20200323,70,72,66,66.2,34184331
TATAMTRDVR,20200323,29.25,30.6,29.25,29.6,3917284
TATAPOWER,20200323,34.35,35,31.2,32.9,7632572
TATASTEEL,20200323,268,278,253.55,271.15,12100684
TATASTLBSL,20200323,16.95,17.4,15.15,15.85,2266722
TATASTLLP,20200323,180,180,169.15,171.7,35812
TBZ,20200323,18.9,20.5,17.1,17.5,94373
TCI,20200323,148,170,121.6,135.35,33376
TCIDEVELOP,20200323,232.25,298.95,232.25,233.4,164
TCIEXP,20200323,561,590,494,537.15,22441
TCIFINANCE,20200323,4.35,4.35,4.35,4.35,680
TCNSBRANDS,20200323,370,441,369.4,375.4,410824
TCPLPACK,20200323,141,171.75,139,142.8,10250
TCS,20200323,1620,1750,1617.75,1669.7,7003558
TDPOWERSYS,20200323,82.1,98.7,77.25,85.65,24827
TEAMLEASE,20200323,1740,1884.1,1572,1618.9,47515
TECHM,20200323,540,542,471.4,487.2,2912769
TECHNOE,20200323,190.5,224.5,175.05,194.7,1402
TECHNOFAB,20200323,5.3,5.75,5.3,5.3,4621
TEJASNET,20200323,35.4,37.9,33.85,34.2,104306
TERASOFT,20200323,14.95,15.6,13,13.5,13611
TEXINFRA,20200323,27.8,27.8,22.9,24.1,47459
TEXMOPIPES,20200323,8.45,8.45,6.8,7.1,76085
TEXRAIL,20200323,15,18.35,13.5,14.85,236547
TFCILTD,20200323,33.95,34,32.35,32.4,2693011
TFL,20200323,2.5,2.5,2.4,2.4,2205
TGBHOTELS,20200323,2.2,2.4,2.2,2.2,9686
THANGAMAYL,20200323,265.05,299,250.2,266.85,20960
THEINVEST,20200323,70.05,78.65,65,65,10154
THEMISMED,20200323,249,260.75,235.95,241.85,2182
THERMAX,20200323,669.95,849,570,677.75,87982
THOMASCOOK,20200323,24.05,25.85,23.3,24.5,432732
THOMASCOTT,20200323,3.5,3.5,3.5,3.5,12
THYROCARE,20200323,505.4,562.75,451.1,461.5,585696
TI,20200323,16.35,16.95,15.45,15.45,23582
TIDEWATER,20200323,3066,3066,2550,2822.9,5403
TIIL,20200323,185.1,206.95,180.55,180.55,9262
TIINDIA,20200323,320,360.8,309,346.2,48491
TIJARIA,20200323,3.8,4.05,3.8,3.8,6983
TIL,20200323,93,125.6,88.95,94.85,6520
TIMESGTY,20200323,14.85,17.95,14.85,17.45,1611
TIMETECHNO,20200323,28,34.35,24.5,24.85,208933
TIMKEN,20200323,715,780,663.65,726.4,38526
TINPLATE,20200323,68,72.9,60.75,61.45,265004
TIPSINDLTD,20200323,93.95,93.95,85.05,85.35,10281
TIRUMALCHM,20200323,42.85,42.85,36.3,39.15,221806
TITAN,20200323,839.65,841.05,771.25,800.95,4960949
TMRVL,20200323,5.4,5.9,5.4,5.6,23827
TNPETRO,20200323,23.65,24.1,21,21.55,66479
TNPL,20200323,107,107,90.35,91.1,74081
TNTELE,20200323,1.2,1.2,1.2,1.2,249
TOKYOPLAST,20200323,60,62.75,52.4,55.95,15033
TORNTPHARM,20200323,1707,1833.7,1707,1796.15,306205
TORNTPOWER,20200323,270.5,274,243.75,249.5,793699
TOUCHWOOD,20200323,59.8,59.8,53.95,55.55,7738
TPLPLASTEH,20200323,64.95,79.55,56.65,64.35,3716
TREEHOUSE,20200323,3.1,3.55,3.1,3.1,24782
TREJHARA,20200323,4.85,4.9,4.85,4.85,3653
TRENT,20200323,442,479.8,404.2,404.2,585178
TRF,20200323,52.75,53,50.2,50.4,16611
TRIDENT,20200323,3.4,3.5,3.2,3.3,7249629
TRIGYN,20200323,21.25,24.5,21,21.5,41162
TRIL,20200323,5.95,6.8,5,5.4,141168
TRITURBINE,20200323,49.5,55,45.6,49.1,22098
TRIVENI,20200323,35.2,38.6,35.2,35.2,162464
TTKHLTCARE,20200323,313,360,260,287.8,2255
TTKPRESTIG,20200323,4600,4600,4050,4109.7,5900
TTL,20200323,32.15,37.9,28,30.25,6057
TTML,20200323,2,2.1,2,2,240688
TV18BRDCST,20200323,13.5,14,13.25,13.25,1322724
TVSELECT,20200323,52.25,54.8,52.25,52.25,24858
TVSMOTOR,20200323,345,370,306,331.35,1619513
TVSSRICHAK,20200323,870,938.95,817.75,853.4,7151
TVTODAY,20200323,142.4,168,139,151.15,31790
TWL,20200323,24.3,24.3,21.6,21.65,499228
UBL,20200323,840,840,765,802.5,263423
UCALFUEL,20200323,72.2,72.2,63.25,65,12732
UCOBANK,20200323,9.5,10.75,9,9.2,748953
UFLEX,20200323,145,145,123.9,130.3,31293
UFO,20200323,70,72.75,67.05,69.3,61379
UGARSUGAR,20200323,10,11.35,8.65,8.85,169564
UJAAS,20200323,2.4,2.5,2.4,2.4,84390
UJJIVAN,20200323,166.1,166.1,138.45,146.6,1926408
UJJIVANSFB,20200323,27,28.65,25,25.4,2705682
ULTRACEMCO,20200323,3220,3290.4,3037.8,3054.85,883620
UMANGDAIRY,20200323,35.75,35.75,30,31.15,6047
UNICHEMLAB,20200323,86.1,90.8,80.4,81.9,31758
UNIENTER,20200323,36,41.8,33.05,33.05,18037
UNIONBANK,20200323,27.15,28,25.1,25.8,2375651
UNIPLY,20200323,4.4,4.4,4.25,4.25,28508
UNITEDTEA,20200323,175.05,190,175.05,189.5,54
UNIVCABLES,20200323,94.4,94.4,75,75,38170
UNIVPHOTO,20200323,40.2,60,40.2,57.25,2702
UPL,20200323,270.15,283,240.15,254.6,3029255
URJA,20200323,1.05,1.05,1,1,1435892
USHAMART,20200323,14.85,14.85,12.6,12.6,1982482
UTINEXT50,20200323,250.05,250.56,240.54,240.54,59
UTINIFTETF,20200323,900,1047.74,875.35,935.35,1422
UTISENSETF,20200323,350,358.51,315.48,358.51,1749
UTISXN50,20200323,240.26,269,190.67,250,55
UTTAMSTL,20200323,4.1,4.3,3.9,3.95,700118
UTTAMSUGAR,20200323,50,50,45.5,45.5,22955
UVSL,20200323,0.1,0.1,0.05,0.05,8814388
V2RETAIL,20200323,36,39,35.55,35.6,88547
VADILALIND,20200323,500,500,410.25,420.25,19089
VAIBHAVGBL,20200323,750,750,609.8,609.8,32791
VAISHALI,20200323,49.55,49.55,41,45.7,2700
VAKRANGEE,20200323,26.15,26.15,26.15,26.15,39962
VARDHACRLC,20200323,26.1,27.85,25.5,26.95,16560
VARDMNPOLY,20200323,4.1,4.25,3.85,4,5930
VARROC,20200323,175,185,164.55,164.55,29278
VASCONEQ,20200323,7.5,8,7.5,7.5,135863
VASWANI,20200323,2.7,2.8,2.5,2.5,11900
VBL,20200323,482.2,609,482.2,586.3,248464
VEDL,20200323,67.95,71.3,61.65,62.65,22554580
VENKEYS,20200323,644,644,617.2,620.45,55372
VENUSREM,20200323,25.3,25.3,25.3,25.3,2804
VESUVIUS,20200323,900,960,788.45,846.6,6995
VETO,20200323,28.75,31.75,28.75,28.75,4906
VGUARD,20200323,152,175,150,155.9,486026
VHL,20200323,850.05,948.8,800,820.5,741
VICEROY,20200323,0.85,0.85,0.8,0.8,13074
VIDHIING,20200323,45.4,47.55,38.8,41.65,158811
VIJIFIN,20200323,0.25,0.25,0.2,0.25,27176
VIKASECO,20200323,1.2,1.25,1.2,1.2,103648
VIKASMCORP,20200323,1.5,1.5,1.5,1.5,2549
VIKASPROP,20200323,7.5,7.5,7.5,7.5,9439
VIKASWSP,20200323,5,5.3,4.4,4.5,314132
VIMTALABS,20200323,56.05,61.95,51.5,56.25,14966
VINATIORGA,20200323,710,751.35,685,703.8,104946
VINDHYATEL,20200323,581,581,486.85,486.85,14171
VINYLINDIA,20200323,40,51.7,37.1,40.55,14500
VIPCLOTHNG,20200323,3.8,4.1,3.8,3.8,98894
VIPIND,20200323,210,218.85,208.5,208.5,256144
VIPULLTD,20200323,13.9,13.9,13.9,13.9,400
VISAKAIND,20200323,128,132.9,110.5,110.5,110391
VISASTEEL,20200323,2.95,3.05,2.55,2.85,11253
VISHNU,20200323,77.9,90,69.2,71.55,10519
VISHWARAJ,20200323,60,70,55,60.05,3302
VIVIDHA,20200323,0.15,0.2,0.1,0.15,884046
VIVIMEDLAB,20200323,6.25,7.45,6.25,7.1,116501
VLSFINANCE,20200323,34.15,34.15,27.45,27.5,28128
VMART,20200323,1649,1649,1358.7,1359.45,40138
VOLTAMP,20200323,950,969.95,805.8,820,10843
VOLTAS,20200323,527,539.45,475.55,488.7,780947
VRLLOG,20200323,143,145,131,133.95,20640
VSSL,20200323,52.3,52.3,42.2,45.15,11735
VSTIND,20200323,3050.5,3300,2804.15,2853.8,9998
VSTTILLERS,20200323,719.95,719.95,588.4,651.2,12581
VTL,20200323,845.3,880,696,832.05,299344
WABAG,20200323,94.9,96,91.6,91.6,99993
WABCOINDIA,20200323,5558,5850,5011,5628.6,5814
WALCHANNAG,20200323,25,27.65,24.6,24.6,48153
WANBURY,20200323,18.1,18.1,17.25,17.25,243
WATERBASE,20200323,76.55,82.9,74.4,77.4,120209
WEBELSOLAR,20200323,13.1,13.7,13,13,33291
WEIZMANIND,20200323,17.75,17.75,16.2,17.75,8976
WELCORP,20200323,68.4,68.4,68.4,68.4,39665
WELENT,20200323,38.75,40,38.7,38.7,123503
WELSPUNIND,20200323,24.5,24.5,20.45,20.45,1229498
WENDT,20200323,1831,1899.95,1700,1750.5,337
WESTLIFE,20200323,267,299.9,267,287,73021
WHEELS,20200323,310.35,340,279.35,298.25,4491
WHIRLPOOL,20200323,1605.1,1959,1605.1,1679.75,165234
WILLAMAGOR,20200323,9.45,9.45,9,9,1311
WINDMACHIN,20200323,8.5,8.9,8.1,8.1,9271
WIPRO,20200323,165,177,165,170.15,5360393
WOCKPHARMA,20200323,165,171,161.25,161.25,161071
WONDERLA,20200323,149.9,149.9,135,136.05,45978
WSTCSTPAPR,20200323,130.3,136.95,113.05,114.45,177553
XCHANGING,20200323,30,31.5,25.9,25.95,37070
XELPMOC,20200323,41,48.8,38,47.15,1486
XPROINDIA,20200323,14.05,15.85,12.45,12.7,2608
YESBANK,20200323,41.3,49.5,39.25,39.75,93894255
ZEEL,20200323,133,144.7,115.95,122,9695699
ZEELEARN,20200323,14,14,11.7,13.3,618498
ZEEMEDIA,20200323,3.1,3.1,3.1,3.1,185026
ZENITHBIR,20200323,0.4,0.4,0.4,0.4,9000
ZENITHEXPO,20200323,32.1,32.1,32.1,32.1,25
ZENSARTECH,20200323,87.5,87.5,70.3,70.3,56296
ZENTEC,20200323,28.5,28.7,27,27.05,29184
ZICOM,20200323,1.05,1.1,1,1.1,2069
ZODIACLOTH,20200323,102,119.8,95.95,96.1,5704
ZODJRDMKJ,20200323,22.05,23.9,18.4,23.9,228
ZOTA,20200323,121.1,148,121.1,129.6,4400
ZUARI,20200323,52,52,45,46.2,29045
ZUARIGLOB,20200323,25,28.45,24.4,24.85,13839
ZYDUSWELL,20200323,1230.55,1230.55,1142.1,1207.5,11509
NSENIFTY,20200323,7945.70,8159.25,7583.60,7610.25,654151814,0
NIFTYJUNIOR,20200323,19308.85,19803.30,18442.95,18524.65,570879654,0
NIFTYMIDCAPLIQ15,20200323,2705.50,2758.60,2511.25,2522.35,76401908,0
NSE100,20200323,8057.35,8272.35,7694.20,7719.10,1228948752,0
NIFTY200,20200323,4121.70,4230.85,3932.70,3944.80,1489332480,0
NSE500,20200323,6522.80,6692.85,6226.10,6243.00,1654280663,0
NSEMIDCAP150,20200323,4381.10,4504.05,4158.60,4165.90,273608001,0
MIDCAP50,20200323,3124.45,3185.00,2897.00,2905.15,233357989,0
NSEMIDCAP,20200323,11577.75,11876.10,10965.40,10990.80,260383728,0
NSESMLCAP100,20200323,3543.25,3603.65,3368.20,3372.65,-,0
NIFTYLARGEMIDCAP250,20200323,-,-,-,3894.57,1502556753,0
NIFTYAUTO,20200323,4908.15,5013.85,4593.05,4626.50,120637088,0
BANKNIFTY,20200323,18311.30,18895.65,16791.05,16917.65,307639369,0
NIFTYFINSERVICE,20200323,8898.40,9210.20,8239.15,8298.50,273309987,0
NIFTYFMGC,20200323,23950.55,24373.55,23082.20,23184.05,69667235,0
NSEIT,20200323,11328.25,11602.45,11108.65,11179.60,44666228,0
NIFTYMEDIA,20200323,1038.45,1088.00,1001.35,1015.40,16780168,0
NIFTYMETAL,20200323,1538.25,1587.45,1480.70,1496.45,109383947,0
NIFTYPHARMA,20200323,6518.00,6850.55,6380.10,6432.30,33278043,0
NIFTYPVTBANK,20200323,9859.85,10104.35,8906.05,8974.30,211859039,0
NIFTYPSUBANK,20200323,1349.85,1379.10,1270.95,1277.75,113161952,0
NIFTYREALTY,20200323,178.55,185.35,171.10,174.10,9352131,0
NIFTYCOMMODITIES,20200323,2159.10,2209.05,2082.80,2088.40,262512008,0
NIFTYCONSUMPTION,20200323,3767.65,3850.95,3631.85,3645.40,124566443,0
NIFTYCPSE,20200323,1163.90,1217.85,1159.00,1182.55,147648594,0
NIFTYENERGY,20200323,9904.15,10220.00,9799.95,9850.50,165671447,0
NIFTY100ESG,20200323,-,-,-,1452.49,1017373163,0
NIFTY100ENHESG,20200323,-,-,-,1464.37,994404405,0
NIFTYINFRA,20200323,2182.80,2236.40,2100.95,2107.95,291379193,0
NIFTYMNC,20200323,10120.45,10453.60,9648.20,9683.40,417579766,0
NIFTYPSE,20200323,2024.05,2087.25,2010.00,2028.15,229574541,0
NIFTYSMEEMERGE,20200323,-,-,-,1065.35,749670,0
NIFTYSERVSECTOR,20200323,11117.05,11480.70,10550.30,10603.50,454440332,0
NIFTYSHARIAH25,20200323,-,-,-,3140.78,115121144,0
NIFTY50SHARIAH,20200323,-,-,-,1844.65,137177204,0
NIFTY500SHARIAH,20200323,-,-,-,2169.33,284709371,0
NIFTYABGROUP,20200323,-,-,-,1822.93,334998263,0
NIFTYMAHINDRA,20200323,-,-,-,5656.05,12961635,0
NIFTYTATA,20200323,-,-,-,5042.22,77101558,0
NIFTYTATA25CAP,20200323,-,-,-,3174.67,72075799,0
NIFTYABGROUP,20200323,-,-,-,1822.93,334998263,0
NIFTYLIQ15,20200323,2120.60,2178.40,1938.00,1947.65,318270837,0
NIFTY500VALUE50,20200323,-,-,-,2135.52,347045476,0
NIFTYALPHALOWVOL30,20200323,-,-,-,8598.74,317689035,0
NIFTYQUALLOWVOL30,20200323,-,-,-,6166.15,176560048,0
NIFTYALPHAQUALLOWVOL30,20200323,-,-,-,7079.28,209120093,0
NIFTYALPHAQUALVALLOWVOL30,20200323,-,-,-,5348.93,282572868,0
NIFTY50EQUALWEIGHT,20200323,8132.20,8323.45,7802.35,7818.50,654151814,0
NIFTY100EQUALWEIGHT,20200323,8815.15,9040.85,8471.95,8492.90,1228948752,0
NIFTY100LOWVOL30,20200323,6468.05,6622.45,6300.60,6320.30,268192215,0
NSEDEFTY,20200323,-,-,-,3441.53,-,0
NIFTY50DIVPOINT,20200323,145.55,145.55,145.55,145.55,-,0
NIFTYDIVOPPS50,20200323,1759.25,1798.90,1720.00,1727.00,392977515,0
NIFTYALPHA50,20200323,9303.50,9704.00,8901.10,8932.65,190085596,0
NIFTY50ARBITRAGE,20200323,-,-,-,1904.84,-,0
NIFTY50FUTINDEX,20200323,-,-,-,2534.88,-,0
NIFTY50FUTTRINDEX,20200323,-,-,-,7696.43,-,0
NIFTYHIGHBETA50,20200323,-,-,-,711.06,879606488,0
NIFTYLOWVOL50,20200323,-,-,-,7836.42,281850452,0
NIFTY50VALUE20,20200323,3965.25,4042.55,3901.70,3918.40,301846643,0
NIFTYGROWSECT15,20200323,4251.70,4382.20,4034.70,4054.60,143551643,0
NIFTY50TR2XLEV,20200323,2790.90,2956.90,2509.05,2529.15,-,0
NIFTY50PR2XLEV,20200323,2134.25,2261.40,1918.40,1933.80,-,0
NIFTY50TR1XINV,20200323,501.35,520.35,490.20,519.00,-,0
NIFTY50PR1XINV,20200323,573.00,594.65,560.20,593.10,-,0
NIFTY-GS-COMPSITE,20200323,2121.45,2121.45,2111.83,2101.75,-,0
NIFTY-GS-4-8YR,20200323,2200.66,2200.66,2186.19,2175.30,-,0
NIFTY-GS-8-13YR,20200323,2088.35,2088.35,2081.58,2069.66,-,0
NIFTY-GS-10YR,20200323,1934.25,1936.57,1925.03,1918.50,-,0
NIFTY-GS-10YR-CLN,20200323,963.79,964.98,959.06,955.71,-,0
NIFTY-GS-11-15YR,20200323,2230.01,2231.24,2222.85,2208.20,-,0
NIFTY-GS-15YRPLUS,20200323,2439.78,2441.17,2439.78,2410.31,-,0
VIX,20200323,67.10,73.37,66.32,71.99,0,0
